epoch,trained_sample,time
1,0,1695619683.410208
1,32,1695619684.738099
1,64,1695619684.754966
1,96,1695619684.7780943
1,128,1695619684.7987099
1,160,1695619684.818531
1,192,1695619684.837509
1,224,1695619684.864208
1,256,1695619684.87854
1,288,1695619684.9010558
1,320,1695619684.9208548
1,352,1695619684.941762
1,384,1695619684.9650567
1,416,1695619684.9869795
1,448,1695619685.0017898
1,480,1695619685.0249681
1,512,1695619685.0444326
1,544,1695619685.065448
1,576,1695619685.0874119
1,608,1695619685.1129289
1,640,1695619685.1325057
1,672,1695619685.1534443
1,704,1695619685.1693048
1,736,1695619685.1870975
1,768,1695619685.2067995
1,800,1695619685.2262073
1,832,1695619685.2468624
1,864,1695619685.2673073
1,896,1695619685.2865605
1,928,1695619685.3048217
1,960,1695619685.3229115
1,992,1695619685.3430598
1,1024,1695619685.3625214
1,1056,1695619685.3830464
1,1088,1695619685.4031222
1,1120,1695619685.4226596
1,1152,1695619685.4426942
1,1184,1695619685.462949
1,1216,1695619685.4830148
1,1248,1695619685.5027554
1,1280,1695619685.5206165
1,1312,1695619685.5378366
1,1344,1695619685.5564559
1,1376,1695619685.576143
1,1408,1695619685.5950446
1,1440,1695619685.613718
1,1472,1695619685.631553
1,1504,1695619685.6487305
1,1536,1695619685.665901
1,1568,1695619685.684439
1,1600,1695619685.700979
1,1632,1695619685.719886
1,1664,1695619685.7391472
1,1696,1695619685.7564232
1,1728,1695619685.7762294
1,1760,1695619685.79881
1,1792,1695619685.8192303
1,1824,1695619685.8455222
1,1856,1695619685.8630188
1,1888,1695619685.8781507
1,1920,1695619685.8977497
1,1952,1695619685.9186926
1,1984,1695619685.938361
1,2016,1695619685.9582253
1,2048,1695619685.9787714
1,2080,1695619685.9984784
1,2112,1695619686.0137675
1,2144,1695619686.0327125
1,2176,1695619686.052987
1,2208,1695619686.0721543
1,2240,1695619686.0911005
1,2272,1695619686.1134534
1,2304,1695619686.1350868
1,2336,1695619686.1544774
1,2368,1695619686.1695626
1,2400,1695619686.1934326
1,2432,1695619686.2168474
1,2464,1695619686.236935
1,2496,1695619686.2546628
1,2528,1695619686.2775793
1,2560,1695619686.2984822
1,2592,1695619686.3183324
1,2624,1695619686.338351
1,2656,1695619686.3585358
1,2688,1695619686.378512
1,2720,1695619686.398282
1,2752,1695619686.4184895
1,2784,1695619686.4383166
1,2816,1695619686.4583502
1,2848,1695619686.4781668
1,2880,1695619686.4985209
1,2912,1695619686.5183547
1,2944,1695619686.5385313
1,2976,1695619686.5581403
1,3008,1695619686.5788038
1,3040,1695619686.5938416
1,3072,1695619686.6173663
1,3104,1695619686.6345968
1,3136,1695619686.653743
1,3168,1695619686.6747313
1,3200,1695619686.6949294
1,3232,1695619686.7162657
1,3264,1695619686.7350419
1,3296,1695619686.75294
1,3328,1695619686.7702906
1,3360,1695619686.7857428
1,3392,1695619686.8056765
1,3424,1695619686.8299222
1,3456,1695619686.8498278
1,3488,1695619686.873221
1,3520,1695619686.8931859
1,3552,1695619686.9106314
1,3584,1695619686.9326136
1,3616,1695619686.9525957
1,3648,1695619686.971957
1,3680,1695619686.990958
1,3712,1695619687.011137
1,3744,1695619687.027144
1,3776,1695619687.0476632
1,3808,1695619687.0677392
1,3840,1695619687.0890708
1,3872,1695619687.1086588
1,3904,1695619687.1325755
1,3936,1695619687.1524348
1,3968,1695619687.1721623
1,4000,1695619687.1923401
1,4032,1695619687.2148137
1,4064,1695619687.2356026
1,4096,1695619687.25689
1,4128,1695619687.2756476
1,4160,1695619687.295147
1,4192,1695619687.3186266
1,4224,1695619687.3402023
1,4256,1695619687.3602386
1,4288,1695619687.37947
1,4320,1695619687.4009914
1,4352,1695619687.4229686
1,4384,1695619687.4429984
1,4416,1695619687.4643168
1,4448,1695619687.4851124
1,4480,1695619687.5069146
1,4512,1695619687.5269425
1,4544,1695619687.5487978
1,4576,1695619687.5733876
1,4608,1695619687.5936782
1,4640,1695619687.613506
1,4672,1695619687.629966
1,4704,1695619687.6496072
1,4736,1695619687.6708567
1,4768,1695619687.69049
1,4800,1695619687.7109127
1,4832,1695619687.7327054
1,4864,1695619687.7542808
1,4896,1695619687.7737646
1,4928,1695619687.7946856
1,4960,1695619687.8197963
1,4992,1695619687.8412495
1,5024,1695619687.8613586
1,5056,1695619687.8810184
1,5088,1695619687.9009883
1,5120,1695619687.9243634
1,5152,1695619687.944815
1,5184,1695619687.964251
1,5216,1695619687.98722
1,5248,1695619688.0071955
1,5280,1695619688.028169
1,5312,1695619688.0470474
1,5344,1695619688.0658135
1,5376,1695619688.0868423
1,5408,1695619688.106425
1,5440,1695619688.1203897
1,5472,1695619688.1406136
1,5504,1695619688.1664803
1,5536,1695619688.1843207
1,5568,1695619688.201044
1,5600,1695619688.2291443
1,5632,1695619688.2431056
1,5664,1695619688.2592213
1,5696,1695619688.2792888
1,5728,1695619688.3000343
1,5760,1695619688.3212013
1,5792,1695619688.3407109
1,5824,1695619688.3589993
1,5856,1695619688.3798485
1,5888,1695619688.4014387
1,5920,1695619688.420813
1,5952,1695619688.4401839
1,5984,1695619688.4631016
1,6016,1695619688.4835682
1,6048,1695619688.499207
1,6080,1695619688.5196002
1,6112,1695619688.5425186
1,6144,1695619688.5625975
1,6176,1695619688.5820956
1,6208,1695619688.6028626
1,6240,1695619688.6218963
1,6272,1695619688.6476183
1,6304,1695619688.665993
1,6336,1695619688.6834476
1,6368,1695619688.7004652
1,6400,1695619688.71719
1,6432,1695619688.740985
1,6464,1695619688.7609773
1,6496,1695619688.7793207
1,6528,1695619688.8002517
1,6560,1695619688.8228447
1,6592,1695619688.8427713
1,6624,1695619688.862536
1,6656,1695619688.8827953
1,6688,1695619688.9019895
1,6720,1695619688.922703
1,6752,1695619688.9429386
1,6784,1695619688.9648337
1,6816,1695619688.9832137
1,6848,1695619689.0015163
1,6880,1695619689.022585
1,6912,1695619689.043169
1,6944,1695619689.0681481
1,6976,1695619689.0876732
1,7008,1695619689.1092696
1,7040,1695619689.130859
1,7072,1695619689.1507914
1,7104,1695619689.1702015
1,7136,1695619689.1943882
1,7168,1695619689.214417
1,7200,1695619689.2363243
1,7232,1695619689.256797
1,7264,1695619689.2760594
1,7296,1695619689.292788
1,7328,1695619689.3107207
1,7360,1695619689.3353782
1,7392,1695619689.3564494
1,7424,1695619689.3773756
1,7456,1695619689.397383
1,7488,1695619689.4205904
1,7520,1695619689.4427648
1,7552,1695619689.4626024
1,7584,1695619689.4826143
1,7616,1695619689.5024781
1,7648,1695619689.5225487
1,7680,1695619689.5423532
1,7712,1695619689.5623484
1,7744,1695619689.5827239
1,7776,1695619689.6022239
1,7808,1695619689.6224241
1,7840,1695619689.6419857
1,7872,1695619689.6627219
1,7904,1695619689.683264
1,7936,1695619689.699405
1,7968,1695619689.7150354
1,8000,1695619689.7354014
1,8032,1695619689.7587478
1,8064,1695619689.778649
1,8096,1695619689.8030534
1,8128,1695619689.8202064
1,8160,1695619689.838036
1,8192,1695619689.8554153
1,8224,1695619689.8811612
1,8256,1695619689.9048514
1,8288,1695619689.9236774
1,8320,1695619689.9430296
1,8352,1695619689.966455
1,8384,1695619689.991072
1,8416,1695619690.0067513
1,8448,1695619690.0285919
1,8480,1695619690.0488565
1,8512,1695619690.0670893
1,8544,1695619690.089049
1,8576,1695619690.1109326
1,8608,1695619690.1262531
1,8640,1695619690.1465251
1,8672,1695619690.1680026
1,8704,1695619690.1867259
1,8736,1695619690.2038968
1,8768,1695619690.222019
1,8800,1695619690.2399335
1,8832,1695619690.2587545
1,8864,1695619690.2833838
1,8896,1695619690.3046238
1,8928,1695619690.32705
1,8960,1695619690.3475711
1,8992,1695619690.367751
1,9024,1695619690.3864868
1,9056,1695619690.4113367
1,9088,1695619690.4319036
1,9120,1695619690.4521453
1,9152,1695619690.4711587
1,9184,1695619690.493368
1,9216,1695619690.5148337
1,9248,1695619690.5342484
1,9280,1695619690.5559926
1,9312,1695619690.5762608
1,9344,1695619690.5966382
1,9376,1695619690.6168392
1,9408,1695619690.636915
1,9440,1695619690.658721
1,9472,1695619690.6794171
1,9504,1695619690.7024333
1,9536,1695619690.7243314
1,9568,1695619690.7468827
1,9600,1695619690.7689586
1,9632,1695619690.7883751
1,9664,1695619690.807211
1,9696,1695619690.8292425
1,9728,1695619690.8511794
1,9760,1695619690.8701577
1,9792,1695619690.8925767
1,9824,1695619690.913526
1,9856,1695619690.935012
1,9888,1695619690.9534159
1,9920,1695619690.9734366
1,9952,1695619690.9890096
1,9984,1695619691.009406
1,10016,1695619691.0290453
1,10048,1695619691.0464005
1,10080,1695619691.0689886
1,10112,1695619691.0909412
1,10144,1695619691.1106412
1,10176,1695619691.1354218
1,10208,1695619691.1571143
1,10240,1695619691.179035
1,10272,1695619691.198638
1,10304,1695619691.220617
1,10336,1695619691.239955
1,10368,1695619691.2619236
1,10400,1695619691.277825
1,10432,1695619691.3008041
1,10464,1695619691.3223443
1,10496,1695619691.3416014
1,10528,1695619691.3571453
1,10560,1695619691.37844
1,10592,1695619691.3990672
1,10624,1695619691.421246
1,10656,1695619691.4430914
1,10688,1695619691.4621093
1,10720,1695619691.484355
1,10752,1695619691.5008452
1,10784,1695619691.5243933
1,10816,1695619691.541043
1,10848,1695619691.5702295
1,10880,1695619691.5924306
1,10912,1695619691.6148174
1,10944,1695619691.636086
1,10976,1695619691.6588795
1,11008,1695619691.6804867
1,11040,1695619691.70291
1,11072,1695619691.7230964
1,11104,1695619691.7471285
1,11136,1695619691.7682564
1,11168,1695619691.7909336
1,11200,1695619691.8115299
1,11232,1695619691.8321788
1,11264,1695619691.8579764
1,11296,1695619691.8774667
1,11328,1695619691.8991363
1,11360,1695619691.9141164
1,11392,1695619691.9333305
1,11424,1695619691.9529593
1,11456,1695619691.9705532
1,11488,1695619691.9955482
1,11520,1695619692.0162747
1,11552,1695619692.0391948
1,11584,1695619692.059886
1,11616,1695619692.0832012
1,11648,1695619692.0982475
1,11680,1695619692.1213899
1,11712,1695619692.145139
1,11744,1695619692.165704
1,11776,1695619692.188729
1,11808,1695619692.210964
1,11840,1695619692.2305596
1,11872,1695619692.2484252
1,11904,1695619692.2672691
1,11936,1695619692.2868586
1,11968,1695619692.3064475
1,12000,1695619692.3265333
1,12032,1695619692.3465521
1,12064,1695619692.3666675
1,12096,1695619692.386265
1,12128,1695619692.4044714
1,12160,1695619692.4214892
1,12192,1695619692.4395647
1,12224,1695619692.4565816
1,12256,1695619692.4748142
1,12288,1695619692.4941316
1,12320,1695619692.5122957
1,12352,1695619692.5290773
1,12384,1695619692.5469275
1,12416,1695619692.563585
1,12448,1695619692.582091
1,12480,1695619692.603145
1,12512,1695619692.6226375
1,12544,1695619692.6419537
1,12576,1695619692.663038
1,12608,1695619692.6821237
1,12640,1695619692.699761
1,12672,1695619692.7176716
1,12704,1695619692.7357295
1,12736,1695619692.7526493
1,12768,1695619692.7699146
1,12800,1695619692.7869334
1,12832,1695619692.8114166
1,12864,1695619692.8323355
1,12896,1695619692.853376
1,12928,1695619692.8770914
1,12960,1695619692.8965986
1,12992,1695619692.9173772
1,13024,1695619692.9406128
1,13056,1695619692.9604888
1,13088,1695619692.9813912
1,13120,1695619693.0016534
1,13152,1695619693.0222473
1,13184,1695619693.049321
1,13216,1695619693.0682762
1,13248,1695619693.0895104
1,13280,1695619693.1136513
1,13312,1695619693.1299343
1,13344,1695619693.1533399
1,13376,1695619693.176553
1,13408,1695619693.2009532
1,13440,1695619693.2210097
1,13472,1695619693.2449336
1,13504,1695619693.2665222
1,13536,1695619693.2863414
1,13568,1695619693.307994
1,13600,1695619693.329194
1,13632,1695619693.3533173
1,13664,1695619693.37285
1,13696,1695619693.3937275
1,13728,1695619693.4147718
1,13760,1695619693.4415607
1,13792,1695619693.462395
1,13824,1695619693.4848342
1,13856,1695619693.5056784
1,13888,1695619693.5293002
1,13920,1695619693.5507183
1,13952,1695619693.570861
1,13984,1695619693.5924711
1,14016,1695619693.6135209
1,14048,1695619693.6374226
1,14080,1695619693.6603706
1,14112,1695619693.6829405
1,14144,1695619693.7033398
1,14176,1695619693.7252684
1,14208,1695619693.7485197
1,14240,1695619693.7704341
1,14272,1695619693.7902782
1,14304,1695619693.810361
1,14336,1695619693.830361
1,14368,1695619693.850621
1,14400,1695619693.870657
1,14432,1695619693.8924022
1,14464,1695619693.912621
1,14496,1695619693.9382026
1,14528,1695619693.95441
1,14560,1695619693.9765015
1,14592,1695619693.9989154
1,14624,1695619694.0184433
1,14656,1695619694.0348084
1,14688,1695619694.0535443
1,14720,1695619694.0713272
1,14752,1695619694.0882027
1,14784,1695619694.104959
1,14816,1695619694.120623
1,14848,1695619694.1372654
1,14880,1695619694.1552675
1,14912,1695619694.1719658
1,14944,1695619694.1884472
1,14976,1695619694.2054913
1,15008,1695619694.223825
1,15040,1695619694.2408352
1,15072,1695619694.2564971
1,15104,1695619694.2730875
1,15136,1695619694.2910576
1,15168,1695619694.307313
1,15200,1695619694.3240151
1,15232,1695619694.3409057
1,15264,1695619694.357868
1,15296,1695619694.3754787
1,15328,1695619694.3945577
1,15360,1695619694.4145637
1,15392,1695619694.4327235
1,15424,1695619694.449454
1,15456,1695619694.4675543
1,15488,1695619694.4861553
1,15520,1695619694.5039759
1,15552,1695619694.520967
1,15584,1695619694.5379412
1,15616,1695619694.557224
1,15648,1695619694.5787218
1,15680,1695619694.5994265
1,15712,1695619694.615845
1,15744,1695619694.6346076
1,15776,1695619694.6548543
1,15808,1695619694.6745229
1,15840,1695619694.6920443
1,15872,1695619694.7090025
1,15904,1695619694.7247376
1,15936,1695619694.7412872
1,15968,1695619694.759148
1,16000,1695619694.7755075
1,16032,1695619694.796432
1,16064,1695619694.8189392
1,16096,1695619694.8383095
1,16128,1695619694.865562
1,16160,1695619694.8844113
1,16192,1695619694.900863
1,16224,1695619694.9215813
1,16256,1695619694.9429245
1,16288,1695619694.9626324
1,16320,1695619694.977587
1,16352,1695619694.9986553
1,16384,1695619695.0174198
1,16416,1695619695.0340443
1,16448,1695619695.0557766
1,16480,1695619695.0760007
1,16512,1695619695.0954037
1,16544,1695619695.1154363
1,16576,1695619695.1356149
1,16608,1695619695.15693
1,16640,1695619695.17651
1,16672,1695619695.1944711
1,16704,1695619695.2175627
1,16736,1695619695.236816
1,16768,1695619695.255216
1,16800,1695619695.2769759
1,16832,1695619695.299195
1,16864,1695619695.3176339
1,16896,1695619695.337451
1,16928,1695619695.357499
1,16960,1695619695.381492
1,16992,1695619695.4007452
1,17024,1695619695.4189343
1,17056,1695619695.4410896
1,17088,1695619695.4626381
1,17120,1695619695.4822583
1,17152,1695619695.5023975
1,17184,1695619695.5224035
1,17216,1695619695.5418108
1,17248,1695619695.5618706
1,17280,1695619695.588743
1,17312,1695619695.6088254
1,17344,1695619695.6238277
1,17376,1695619695.641009
1,17408,1695619695.6647897
1,17440,1695619695.6824996
1,17472,1695619695.702021
1,17504,1695619695.722747
1,17536,1695619695.7421224
1,17568,1695619695.7644634
1,17600,1695619695.7859528
1,17632,1695619695.8065212
1,17664,1695619695.8262906
1,17696,1695619695.846125
1,17728,1695619695.870035
1,17760,1695619695.8911057
1,17792,1695619695.9057906
1,17824,1695619695.9238763
1,17856,1695619695.9443457
1,17888,1695619695.9669545
1,17920,1695619695.986742
1,17952,1695619696.0087886
1,17984,1695619696.0296087
1,18016,1695619696.0508173
1,18048,1695619696.0656228
1,18080,1695619696.0894227
1,18112,1695619696.1091187
1,18144,1695619696.1312678
1,18176,1695619696.1487045
1,18208,1695619696.1775646
1,18240,1695619696.197465
1,18272,1695619696.2133672
1,18304,1695619696.232771
1,18336,1695619696.2528636
1,18368,1695619696.2721262
1,18400,1695619696.2905378
1,18432,1695619696.3101075
1,18464,1695619696.3353148
1,18496,1695619696.356523
1,18528,1695619696.379129
1,18560,1695619696.398702
1,18592,1695619696.4203598
1,18624,1695619696.43988
1,18656,1695619696.4595447
1,18688,1695619696.481346
1,18720,1695619696.5009882
1,18752,1695619696.520209
1,18784,1695619696.538567
1,18816,1695619696.5579345
1,18848,1695619696.5791209
1,18880,1695619696.598786
1,18912,1695619696.6235049
1,18944,1695619696.642169
1,18976,1695619696.661702
1,19008,1695619696.68506
1,19040,1695619696.7070625
1,19072,1695619696.726723
1,19104,1695619696.751248
1,19136,1695619696.7729018
1,19168,1695619696.7949097
1,19200,1695619696.8145552
1,19232,1695619696.84017
1,19264,1695619696.861138
1,19296,1695619696.8809013
1,19328,1695619696.8988242
1,19360,1695619696.9198966
1,19392,1695619696.9417648
1,19424,1695619696.9631174
1,19456,1695619696.981614
1,19488,1695619697.0075955
1,19520,1695619697.028359
1,19552,1695619697.0539095
1,19584,1695619697.0711432
1,19616,1695619697.0923905
1,19648,1695619697.1111944
1,19680,1695619697.12978
1,19712,1695619697.1457934
1,19744,1695619697.1689236
1,19776,1695619697.1901207
1,19808,1695619697.2109368
1,19840,1695619697.2311246
1,19872,1695619697.2527654
1,19904,1695619697.2718182
1,19936,1695619697.2921133
1,19968,1695619697.314846
1,20000,1695619697.330031
1,20032,1695619697.3535526
1,20064,1695619697.3743465
1,20096,1695619697.3939064
1,20128,1695619697.4163513
1,20160,1695619697.4374764
1,20192,1695619697.4587293
1,20224,1695619697.4786544
1,20256,1695619697.5008478
1,20288,1695619697.522427
1,20320,1695619697.5425456
1,20352,1695619697.5651264
1,20384,1695619697.585125
1,20416,1695619697.6043358
1,20448,1695619697.622853
1,20480,1695619697.6418998
1,20512,1695619697.667518
1,20544,1695619697.687716
1,20576,1695619697.71115
1,20608,1695619697.7306778
1,20640,1695619697.7522655
1,20672,1695619697.774094
1,20704,1695619697.794687
1,20736,1695619697.814302
1,20768,1695619697.834385
1,20800,1695619697.8553364
1,20832,1695619697.8791106
1,20864,1695619697.8945165
1,20896,1695619697.91168
1,20928,1695619697.929694
1,20960,1695619697.9476829
1,20992,1695619697.9732456
1,21024,1695619697.992606
1,21056,1695619698.0177004
1,21088,1695619698.0361264
1,21120,1695619698.0615706
1,21152,1695619698.0783484
1,21184,1695619698.1030824
1,21216,1695619698.12704
1,21248,1695619698.1457825
1,21280,1695619698.1649437
1,21312,1695619698.184725
1,21344,1695619698.2071812
1,21376,1695619698.2219691
1,21408,1695619698.2417748
1,21440,1695619698.263058
1,21472,1695619698.2829196
1,21504,1695619698.3068929
1,21536,1695619698.3270843
1,21568,1695619698.3495705
1,21600,1695619698.3708389
1,21632,1695619698.3897598
1,21664,1695619698.412034
1,21696,1695619698.4339633
1,21728,1695619698.4549012
1,21760,1695619698.474271
1,21792,1695619698.4945416
1,21824,1695619698.51428
1,21856,1695619698.5345168
1,21888,1695619698.5540257
1,21920,1695619698.574608
1,21952,1695619698.5943074
1,21984,1695619698.6144116
1,22016,1695619698.6343346
1,22048,1695619698.654544
1,22080,1695619698.6775773
1,22112,1695619698.6986544
1,22144,1695619698.7189827
1,22176,1695619698.740581
1,22208,1695619698.7611113
1,22240,1695619698.7830024
1,22272,1695619698.8022933
1,22304,1695619698.8247578
1,22336,1695619698.8441846
1,22368,1695619698.8630686
1,22400,1695619698.8857517
1,22432,1695619698.9052892
1,22464,1695619698.9274328
1,22496,1695619698.947647
1,22528,1695619698.9675858
1,22560,1695619698.9908917
1,22592,1695619699.0120604
1,22624,1695619699.0352323
1,22656,1695619699.0548244
1,22688,1695619699.0814328
1,22720,1695619699.1000419
1,22752,1695619699.1257846
1,22784,1695619699.1428936
1,22816,1695619699.1634998
1,22848,1695619699.1848845
1,22880,1695619699.2074268
1,22912,1695619699.2267804
1,22944,1695619699.2533746
1,22976,1695619699.273983
1,23008,1695619699.2886572
1,23040,1695619699.3060975
1,23072,1695619699.3256557
1,23104,1695619699.3485749
1,23136,1695619699.3709264
1,23168,1695619699.3903406
1,23200,1695619699.4168677
1,23232,1695619699.4351935
1,23264,1695619699.4508724
1,23296,1695619699.4696891
1,23328,1695619699.488047
1,23360,1695619699.5110364
1,23392,1695619699.5302904
1,23424,1695619699.5496168
1,23456,1695619699.5715194
1,23488,1695619699.5935838
1,23520,1695619699.6148236
1,23552,1695619699.6370535
1,23584,1695619699.658142
1,23616,1695619699.6784458
1,23648,1695619699.6982834
1,23680,1695619699.7183528
1,23712,1695619699.7398334
1,23744,1695619699.7629695
1,23776,1695619699.786896
1,23808,1695619699.8088348
1,23840,1695619699.8287065
1,23872,1695619699.8472195
1,23904,1695619699.8677142
1,23936,1695619699.8875363
1,23968,1695619699.9111843
1,24000,1695619699.9317605
1,24032,1695619699.955294
1,24064,1695619699.9701376
1,24096,1695619699.9902692
1,24128,1695619700.0090992
1,24160,1695619700.0278354
1,24192,1695619700.054325
1,24224,1695619700.0735543
1,24256,1695619700.0950596
1,24288,1695619700.1156604
1,24320,1695619700.135367
1,24352,1695619700.159072
1,24384,1695619700.173925
1,24416,1695619700.1937973
1,24448,1695619700.2133536
1,24480,1695619700.2334142
1,24512,1695619700.2533448
1,24544,1695619700.2779157
1,24576,1695619700.2970548
1,24608,1695619700.3188524
1,24640,1695619700.3411949
1,24672,1695619700.3658686
1,24704,1695619700.3834348
1,24736,1695619700.4019501
1,24768,1695619700.420182
1,24800,1695619700.4390213
1,24832,1695619700.4580226
1,24864,1695619700.483435
1,24896,1695619700.5046482
1,24928,1695619700.5271735
1,24960,1695619700.5466826
1,24992,1695619700.5684826
1,25024,1695619700.589239
1,25056,1695619700.6109312
1,25088,1695619700.631129
1,25120,1695619700.6525657
1,25152,1695619700.6715403
1,25184,1695619700.6929123
1,25216,1695619700.7127182
1,25248,1695619700.7310889
1,25280,1695619700.7531145
1,25312,1695619700.773095
1,25344,1695619700.790554
1,25376,1695619700.8121676
1,25408,1695619700.8325577
1,25440,1695619700.8527565
1,25472,1695619700.8747513
1,25504,1695619700.8941388
1,25536,1695619700.918708
1,25568,1695619700.941816
1,25600,1695619700.9627883
1,25632,1695619700.9815583
1,25664,1695619701.0022635
1,25696,1695619701.0289264
1,25728,1695619701.0472405
1,25760,1695619701.0677056
1,25792,1695619701.090718
1,25824,1695619701.1064117
1,25856,1695619701.126449
1,25888,1695619701.1453545
1,25920,1695619701.163835
1,25952,1695619701.1841357
1,25984,1695619701.204429
1,26016,1695619701.2271457
1,26048,1695619701.2480102
1,26080,1695619701.270731
1,26112,1695619701.2903602
1,26144,1695619701.3115914
1,26176,1695619701.3371375
1,26208,1695619701.3582556
1,26240,1695619701.385734
1,26272,1695619701.4095237
1,26304,1695619701.430725
1,26336,1695619701.4606802
1,26368,1695619701.4841409
1,26400,1695619701.503749
1,26432,1695619701.5249267
1,26464,1695619701.547272
1,26496,1695619701.569666
1,26528,1695619701.5889926
1,26560,1695619701.6073272
1,26592,1695619701.6312177
1,26624,1695619701.650481
1,26656,1695619701.6745858
1,26688,1695619701.690986
1,26720,1695619701.7130263
1,26752,1695619701.7349155
1,26784,1695619701.7537823
1,26816,1695619701.7754126
1,26848,1695619701.7989569
1,26880,1695619701.8139296
1,26912,1695619701.8343918
1,26944,1695619701.8544912
1,26976,1695619701.878023
1,27008,1695619701.897016
1,27040,1695619701.9148853
1,27072,1695619701.9357815
1,27104,1695619701.9577184
1,27136,1695619701.9770856
1,27168,1695619701.9953666
1,27200,1695619702.0168877
1,27232,1695619702.0391767
1,27264,1695619702.0582573
1,27296,1695619702.0811112
1,27328,1695619702.1014056
1,27360,1695619702.1228762
1,27392,1695619702.1378303
1,27424,1695619702.160845
1,27456,1695619702.1823974
1,27488,1695619702.2023752
1,27520,1695619702.2223132
1,27552,1695619702.2424166
1,27584,1695619702.2617671
1,27616,1695619702.2866256
1,27648,1695619702.3043435
1,27680,1695619702.3225477
1,27712,1695619702.3387632
1,27744,1695619702.3632796
1,27776,1695619702.3870568
1,27808,1695619702.4060874
1,27840,1695619702.430819
1,27872,1695619702.453093
1,27904,1695619702.4724908
1,27936,1695619702.491205
1,27968,1695619702.512642
1,28000,1695619702.5348287
1,28032,1695619702.5496898
1,28064,1695619702.5700982
1,28096,1695619702.5907648
1,28128,1695619702.6105056
1,28160,1695619702.6340928
1,28192,1695619702.6551812
1,28224,1695619702.677423
1,28256,1695619702.6988142
1,28288,1695619702.7220592
1,28320,1695619702.7412264
1,28352,1695619702.7599423
1,28384,1695619702.7783883
1,28416,1695619702.7957752
1,28448,1695619702.8135898
1,28480,1695619702.8386803
1,28512,1695619702.8543968
1,28544,1695619702.873617
1,28576,1695619702.8920052
1,28608,1695619702.9126635
1,28640,1695619702.9347963
1,28672,1695619702.9540756
1,28704,1695619702.9749913
1,28736,1695619702.9903398
1,28768,1695619703.0132556
1,28800,1695619703.0329857
1,28832,1695619703.0511258
1,28864,1695619703.0730588
1,28896,1695619703.0950365
1,28928,1695619703.1146939
1,28960,1695619703.138907
1,28992,1695619703.1542234
1,29024,1695619703.1738782
1,29056,1695619703.1945064
1,29088,1695619703.214272
1,29120,1695619703.2378447
1,29152,1695619703.2606852
1,29184,1695619703.280461
1,29216,1695619703.2992191
1,29248,1695619703.3194747
1,29280,1695619703.3416312
1,29312,1695619703.3612247
1,29344,1695619703.3791938
1,29376,1695619703.401786
1,29408,1695619703.4230883
1,29440,1695619703.4414334
1,29472,1695619703.461619
1,29504,1695619703.4822693
1,29536,1695619703.50263
1,29568,1695619703.5226874
1,29600,1695619703.5449414
1,29632,1695619703.565851
1,29664,1695619703.5866673
1,29696,1695619703.606108
1,29728,1695619703.6266894
1,29760,1695619703.6459
1,29792,1695619703.665461
1,29824,1695619703.6849768
1,29856,1695619703.7065566
1,29888,1695619703.7281425
1,29920,1695619703.752078
1,29952,1695619703.7792504
1,29984,1695619703.7987204
1,30016,1695619703.821708
1,30048,1695619703.8502011
1,30080,1695619703.8695135
1,30112,1695619703.893659
1,30144,1695619703.9157898
1,30176,1695619703.9408429
1,30208,1695619703.9613352
1,30240,1695619703.9825766
1,30272,1695619704.0108302
1,30304,1695619704.02704
1,30336,1695619704.047496
1,30368,1695619704.0678184
1,30400,1695619704.0928988
1,30432,1695619704.1159155
1,30464,1695619704.1410754
1,30496,1695619704.1637716
1,30528,1695619704.1941726
1,30560,1695619704.2104921
1,30592,1695619704.2291842
1,30624,1695619704.2535043
1,30656,1695619704.278906
1,30688,1695619704.3087907
1,30720,1695619704.3298478
1,30752,1695619704.3546925
1,30784,1695619704.385722
1,30816,1695619704.404548
1,30848,1695619704.4215748
1,30880,1695619704.4382284
1,30912,1695619704.4626343
1,30944,1695619704.4849544
1,30976,1695619704.5045006
1,31008,1695619704.5233326
1,31040,1695619704.5449247
1,31072,1695619704.5669637
1,31104,1695619704.5820405
1,31136,1695619704.6048312
1,31168,1695619704.6264248
1,31200,1695619704.6500092
1,31232,1695619704.6690364
1,31264,1695619704.6869972
1,31296,1695619704.7094095
1,31328,1695619704.730886
1,31360,1695619704.7502701
1,31392,1695619704.7758374
1,31424,1695619704.7987175
1,31456,1695619704.8192549
1,31488,1695619704.8430507
1,31520,1695619704.8630967
1,31552,1695619704.8846664
1,31584,1695619704.9071178
1,31616,1695619704.9269805
1,31648,1695619704.948386
1,31680,1695619704.9690022
1,31712,1695619704.9911728
1,31744,1695619705.0103726
1,31776,1695619705.0343816
1,31808,1695619705.0522327
1,31840,1695619705.0706983
1,31872,1695619705.0920005
1,31904,1695619705.115069
1,31936,1695619705.1353464
1,31968,1695619705.1587758
1,32000,1695619705.1802173
1,32032,1695619705.199497
1,32064,1695619705.2212524
1,32096,1695619705.2428603
1,32128,1695619705.2627714
1,32160,1695619705.2779942
1,32192,1695619705.2957525
1,32224,1695619705.3168106
1,32256,1695619705.3365803
1,32288,1695619705.3550513
1,32320,1695619705.3755474
1,32352,1695619705.3948185
1,32384,1695619705.419046
1,32416,1695619705.438807
1,32448,1695619705.461264
1,32480,1695619705.4832342
1,32512,1695619705.5021415
1,32544,1695619705.522313
1,32576,1695619705.5464194
1,32608,1695619705.5629778
1,32640,1695619705.581218
1,32672,1695619705.5991364
1,32704,1695619705.6198556
1,32736,1695619705.6422896
1,32768,1695619705.6641319
1,32800,1695619705.685573
1,32832,1695619705.7032223
1,32864,1695619705.722065
1,32896,1695619705.7472541
1,32928,1695619705.767036
1,32960,1695619705.7888818
1,32992,1695619705.810869
1,33024,1695619705.8309698
1,33056,1695619705.8529296
1,33088,1695619705.8737922
1,33120,1695619705.8949907
1,33152,1695619705.913476
1,33184,1695619705.9372332
1,33216,1695619705.956954
1,33248,1695619705.976042
1,33280,1695619705.9952474
1,33312,1695619706.0162787
1,33344,1695619706.0363505
1,33376,1695619706.0591617
1,33408,1695619706.0740545
1,33440,1695619706.0967855
1,33472,1695619706.1183333
1,33504,1695619706.1385546
1,33536,1695619706.1582408
1,33568,1695619706.1782095
1,33600,1695619706.1986868
1,33632,1695619706.2192297
1,33664,1695619706.245483
1,33696,1695619706.2628083
1,33728,1695619706.2877028
1,33760,1695619706.3100119
1,33792,1695619706.328955
1,33824,1695619706.350195
1,33856,1695619706.372719
1,33888,1695619706.395016
1,33920,1695619706.417901
1,33952,1695619706.4385517
1,33984,1695619706.4619617
1,34016,1695619706.4830112
1,34048,1695619706.5051935
1,34080,1695619706.5269034
1,34112,1695619706.5458593
1,34144,1695619706.5681398
1,34176,1695619706.5936518
1,34208,1695619706.6129196
1,34240,1695619706.6349983
1,34272,1695619706.6553605
1,34304,1695619706.6771784
1,34336,1695619706.6989393
1,34368,1695619706.7180624
1,34400,1695619706.7356544
1,34432,1695619706.7527187
1,34464,1695619706.7705767
1,34496,1695619706.7901816
1,34528,1695619706.810951
1,34560,1695619706.8306592
1,34592,1695619706.8505352
1,34624,1695619706.870404
1,34656,1695619706.8885663
1,34688,1695619706.905604
1,34720,1695619706.9236364
1,34752,1695619706.9404883
1,34784,1695619706.9587529
1,34816,1695619706.9763002
1,34848,1695619706.9931438
1,34880,1695619707.0109916
1,34912,1695619707.027764
1,34944,1695619707.046356
1,34976,1695619707.0667784
1,35008,1695619707.0864413
1,35040,1695619707.1066601
1,35072,1695619707.1266708
1,35104,1695619707.1471121
1,35136,1695619707.1666746
1,35168,1695619707.186677
1,35200,1695619707.2110083
1,35232,1695619707.2322347
1,35264,1695619707.2549849
1,35296,1695619707.269777
1,35328,1695619707.2895358
1,35360,1695619707.3095276
1,35392,1695619707.3270001
1,35424,1695619707.3461478
1,35456,1695619707.366618
1,35488,1695619707.3869135
1,35520,1695619707.4066355
1,35552,1695619707.4271348
1,35584,1695619707.4467351
1,35616,1695619707.4663029
1,35648,1695619707.4868531
1,35680,1695619707.506845
1,35712,1695619707.5269809
1,35744,1695619707.5467322
1,35776,1695619707.5668118
1,35808,1695619707.5873046
1,35840,1695619707.6065245
1,35872,1695619707.626407
1,35904,1695619707.6469858
1,35936,1695619707.666494
1,35968,1695619707.6860158
1,36000,1695619707.706749
1,36032,1695619707.7264216
1,36064,1695619707.7467172
1,36096,1695619707.7662961
1,36128,1695619707.7860513
1,36160,1695619707.8063931
1,36192,1695619707.8265057
1,36224,1695619707.8465164
1,36256,1695619707.8669147
1,36288,1695619707.8867207
1,36320,1695619707.906935
1,36352,1695619707.9264872
1,36384,1695619707.946493
1,36416,1695619707.9668722
1,36448,1695619707.9864113
1,36480,1695619708.0064394
1,36512,1695619708.0268755
1,36544,1695619708.0466769
1,36576,1695619708.0663831
1,36608,1695619708.0866766
1,36640,1695619708.1064534
1,36672,1695619708.1269052
1,36704,1695619708.1465144
1,36736,1695619708.1654944
1,36768,1695619708.186868
1,36800,1695619708.2066
1,36832,1695619708.2334883
1,36864,1695619708.2516932
1,36896,1695619708.2776911
1,36928,1695619708.2970152
1,36960,1695619708.3188488
1,36992,1695619708.3381414
1,37024,1695619708.36048
1,37056,1695619708.387124
1,37088,1695619708.4082668
1,37120,1695619708.4336464
1,37152,1695619708.4529521
1,37184,1695619708.4746711
1,37216,1695619708.4959238
1,37248,1695619708.5186257
1,37280,1695619708.5402474
1,37312,1695619708.5629392
1,37344,1695619708.5833254
1,37376,1695619708.6066573
1,37408,1695619708.6284966
1,37440,1695619708.6510231
1,37472,1695619708.671325
1,37504,1695619708.6954148
1,37536,1695619708.7166774
1,37568,1695619708.7388594
1,37600,1695619708.758505
1,37632,1695619708.7834477
1,37664,1695619708.8060677
1,37696,1695619708.8290296
1,37728,1695619708.8507438
1,37760,1695619708.8711917
1,37792,1695619708.8953424
1,37824,1695619708.9152093
1,37856,1695619708.9394064
1,37888,1695619708.960246
1,37920,1695619708.983061
1,37952,1695619709.0034015
1,37984,1695619709.0274575
1,38016,1695619709.0487537
1,38048,1695619709.0708792
1,38080,1695619709.085968
1,38112,1695619709.106051
1,38144,1695619709.1305134
1,38176,1695619709.1461031
1,38208,1695619709.1693392
1,38240,1695619709.1902132
1,38272,1695619709.210465
1,38304,1695619709.2301593
1,38336,1695619709.2507713
1,38368,1695619709.2659328
1,38400,1695619709.2861102
1,38432,1695619709.3064592
1,38464,1695619709.329721
1,38496,1695619709.3454964
1,38528,1695619709.3694873
1,38560,1695619709.3913908
1,38592,1695619709.4136143
1,38624,1695619709.4347112
1,38656,1695619709.455284
1,38688,1695619709.481556
1,38720,1695619709.5001147
1,38752,1695619709.5257325
1,38784,1695619709.5440772
1,38816,1695619709.5695899
1,38848,1695619709.5918765
1,38880,1695619709.6154935
1,38912,1695619709.6365826
1,38944,1695619709.657632
1,38976,1695619709.6730082
1,39008,1695619709.6929438
1,39040,1695619709.7135053
1,39072,1695619709.7374144
1,39104,1695619709.7540185
1,39136,1695619709.7714767
1,39168,1695619709.7909539
1,39200,1695619709.8112223
1,39232,1695619709.8306353
1,39264,1695619709.848156
1,39296,1695619709.8650796
1,39328,1695619709.8832974
1,39360,1695619709.9004397
1,39392,1695619709.9188848
1,39424,1695619709.9380956
1,39456,1695619709.9585695
1,39488,1695619709.9789124
1,39520,1695619709.9982994
1,39552,1695619710.0183792
1,39584,1695619710.0383658
1,39616,1695619710.0586855
1,39648,1695619710.0784338
1,39680,1695619710.0984852
1,39712,1695619710.1184397
1,39744,1695619710.1386855
1,39776,1695619710.15871
1,39808,1695619710.1790192
1,39840,1695619710.1986845
1,39872,1695619710.2185547
1,39904,1695619710.238237
1,39936,1695619710.2585926
1,39968,1695619710.2784503
1,40000,1695619710.298893
1,40032,1695619710.3186269
1,40064,1695619710.3384995
1,40096,1695619710.3586268
1,40128,1695619710.3788817
1,40160,1695619710.3983452
1,40192,1695619710.4189308
1,40224,1695619710.4390674
1,40256,1695619710.4583242
1,40288,1695619710.4761076
1,40320,1695619710.4930165
1,40352,1695619710.5107644
1,40384,1695619710.5276375
1,40416,1695619710.5460634
1,40448,1695619710.5665662
1,40480,1695619710.5867124
1,40512,1695619710.606279
1,40544,1695619710.6267943
1,40576,1695619710.6468334
1,40608,1695619710.6662107
1,40640,1695619710.6863701
1,40672,1695619710.7063177
1,40704,1695619710.7264967
1,40736,1695619710.746514
1,40768,1695619710.7666814
1,40800,1695619710.7863758
1,40832,1695619710.8065884
1,40864,1695619710.826647
1,40896,1695619710.8463912
1,40928,1695619710.8668876
1,40960,1695619710.8868098
1,40992,1695619710.9069474
1,41024,1695619710.923885
1,41056,1695619710.9425714
1,41088,1695619710.9626296
1,41120,1695619710.9824493
1,41152,1695619711.002747
1,41184,1695619711.0228872
1,41216,1695619711.0430887
1,41248,1695619711.062721
1,41280,1695619711.0822873
1,41312,1695619711.102776
1,41344,1695619711.1230984
1,41376,1695619711.1424546
1,41408,1695619711.162768
1,41440,1695619711.1830177
1,41472,1695619711.201895
1,41504,1695619711.226096
1,41536,1695619711.2483122
1,41568,1695619711.27082
1,41600,1695619711.2917588
1,41632,1695619711.3139918
1,41664,1695619711.3347478
1,41696,1695619711.3553905
1,41728,1695619711.3792405
1,41760,1695619711.4009087
1,41792,1695619711.4240568
1,41824,1695619711.4492328
1,41856,1695619711.4690971
1,41888,1695619711.4933915
1,41920,1695619711.5085995
1,41952,1695619711.5315294
1,41984,1695619711.553521
1,42016,1695619711.577088
1,42048,1695619711.5966494
1,42080,1695619711.6206446
1,42112,1695619711.642547
1,42144,1695619711.662518
1,42176,1695619711.6823466
1,42208,1695619711.702357
1,42240,1695619711.7225626
1,42272,1695619711.7416077
1,42304,1695619711.7630131
1,42336,1695619711.7825098
1,42368,1695619711.802689
1,42400,1695619711.8230484
1,42432,1695619711.8426418
1,42464,1695619711.8627512
1,42496,1695619711.8826358
1,42528,1695619711.9007342
1,42560,1695619711.9175892
1,42592,1695619711.9353175
1,42624,1695619711.9520578
1,42656,1695619711.9704278
1,42688,1695619711.9908934
1,42720,1695619712.0110402
1,42752,1695619712.0287027
1,42784,1695619712.0454564
1,42816,1695619712.063297
1,42848,1695619712.08019
1,42880,1695619712.098321
1,42912,1695619712.11647
1,42944,1695619712.1332698
1,42976,1695619712.150965
1,43008,1695619712.169172
1,43040,1695619712.1885035
1,43072,1695619712.2111316
1,43104,1695619712.2309034
1,43136,1695619712.252603
1,43168,1695619712.2728844
1,43200,1695619712.288665
1,43232,1695619712.3056617
1,43264,1695619712.330903
1,43296,1695619712.351063
1,43328,1695619712.36841
1,43360,1695619712.3852847
1,43392,1695619712.4034362
1,43424,1695619712.4203317
1,43456,1695619712.4377909
1,43488,1695619712.4569705
1,43520,1695619712.475413
1,43552,1695619712.4943273
1,43584,1695619712.5143924
1,43616,1695619712.534563
1,43648,1695619712.5593848
1,43680,1695619712.5809007
1,43712,1695619712.6030872
1,43744,1695619712.6231604
1,43776,1695619712.6449246
1,43808,1695619712.6670039
1,43840,1695619712.6872284
1,43872,1695619712.7115424
1,43904,1695619712.7325363
1,43936,1695619712.7552311
1,43968,1695619712.7753708
1,44000,1695619712.7979403
1,44032,1695619712.8184752
1,44064,1695619712.8385663
1,44096,1695619712.8580065
1,44128,1695619712.8819728
1,44160,1695619712.9046984
1,44192,1695619712.9272482
1,44224,1695619712.9476404
1,44256,1695619712.9709675
1,44288,1695619712.9920387
1,44320,1695619713.014725
1,44352,1695619713.0382104
1,44384,1695619713.0533879
1,44416,1695619713.0776715
1,44448,1695619713.1003685
1,44480,1695619713.1230762
1,44512,1695619713.1381493
1,44544,1695619713.1614795
1,44576,1695619713.1823282
1,44608,1695619713.2023308
1,44640,1695619713.222747
1,44672,1695619713.2368264
1,44704,1695619713.2561443
1,44736,1695619713.2817075
1,44768,1695619713.3004057
1,44800,1695619713.3231556
1,44832,1695619713.3441496
1,44864,1695619713.3670323
1,44896,1695619713.381724
1,44928,1695619713.4021354
1,44960,1695619713.4224424
1,44992,1695619713.4424865
1,45024,1695619713.4624412
1,45056,1695619713.4824412
1,45088,1695619713.5025773
1,45120,1695619713.5222228
1,45152,1695619713.5427296
1,45184,1695619713.563414
1,45216,1695619713.587156
1,45248,1695619713.6024854
1,45280,1695619713.6246474
1,45312,1695619713.6466696
1,45344,1695619713.6665356
1,45376,1695619713.6931505
1,45408,1695619713.7106388
1,45440,1695619713.729881
1,45472,1695619713.7479217
1,45504,1695619713.7664838
1,45536,1695619713.7861671
1,45568,1695619713.806432
1,45600,1695619713.8264894
1,45632,1695619713.8467982
1,45664,1695619713.8664758
1,45696,1695619713.8867886
1,45728,1695619713.9065595
1,45760,1695619713.9265358
1,45792,1695619713.9465318
1,45824,1695619713.9671807
1,45856,1695619713.9871333
1,45888,1695619714.006716
1,45920,1695619714.0269294
1,45952,1695619714.044625
1,45984,1695619714.0614202
1,46016,1695619714.0796032
1,46048,1695619714.0989573
1,46080,1695619714.1189187
1,46112,1695619714.138715
1,46144,1695619714.158525
1,46176,1695619714.1784449
1,46208,1695619714.2036097
1,46240,1695619714.224421
1,46272,1695619714.2469296
1,46304,1695619714.2676892
1,46336,1695619714.2908208
1,46368,1695619714.311939
1,46400,1695619714.335114
1,46432,1695619714.3556116
1,46464,1695619714.3787742
1,46496,1695619714.3941896
1,46528,1695619714.4175055
1,46560,1695619714.4338603
1,46592,1695619714.4577303
1,46624,1695619714.4740605
1,46656,1695619714.497335
1,46688,1695619714.5210803
1,46720,1695619714.5426588
1,46752,1695619714.5635734
1,46784,1695619714.587153
1,46816,1695619714.6086097
1,46848,1695619714.6266356
1,46880,1695619714.646291
1,46912,1695619714.6637077
1,46944,1695619714.6823556
1,46976,1695619714.7025902
1,47008,1695619714.7230103
1,47040,1695619714.7426176
1,47072,1695619714.7622068
1,47104,1695619714.782623
1,47136,1695619714.8026948
1,47168,1695619714.8227463
1,47200,1695619714.8428314
1,47232,1695619714.863191
1,47264,1695619714.8826644
1,47296,1695619714.9026392
1,47328,1695619714.9228761
1,47360,1695619714.9428525
1,47392,1695619714.9628015
1,47424,1695619714.982272
1,47456,1695619715.0029385
1,47488,1695619715.022417
1,47520,1695619715.0429044
1,47552,1695619715.060507
1,47584,1695619715.077379
1,47616,1695619715.0951896
1,47648,1695619715.1136029
1,47680,1695619715.1336725
1,47712,1695619715.1517773
1,47744,1695619715.1708488
1,47776,1695619715.191069
1,47808,1695619715.2106495
1,47840,1695619715.228342
1,47872,1695619715.2452626
1,47904,1695619715.263132
1,47936,1695619715.280028
1,47968,1695619715.2984722
1,48000,1695619715.3186262
1,48032,1695619715.3386405
1,48064,1695619715.359071
1,48096,1695619715.3788142
1,48128,1695619715.3990073
1,48160,1695619715.4184513
1,48192,1695619715.4384592
1,48224,1695619715.4585178
1,48256,1695619715.4784975
1,48288,1695619715.4985943
1,48320,1695619715.5183675
1,48352,1695619715.538622
1,48384,1695619715.5583315
1,48416,1695619715.5785282
1,48448,1695619715.5984561
1,48480,1695619715.6186883
1,48512,1695619715.638842
1,48544,1695619715.6590083
1,48576,1695619715.6788642
1,48608,1695619715.6988122
1,48640,1695619715.718699
1,48672,1695619715.7388587
1,48704,1695619715.75841
1,48736,1695619715.7834191
1,48768,1695619715.8026493
1,48800,1695619715.8273685
1,48832,1695619715.848663
1,48864,1695619715.865634
1,48896,1695619715.8858778
1,48928,1695619715.912642
1,48960,1695619715.9330692
1,48992,1695619715.9570878
1,49024,1695619715.9794092
1,49056,1695619716.0017486
1,49088,1695619716.0221436
1,49120,1695619716.047543
1,49152,1695619716.0723577
1,49184,1695619716.094337
1,49216,1695619716.1151326
1,49248,1695619716.1329737
1,49280,1695619716.1517851
1,49312,1695619716.1764996
1,49344,1695619716.2001932
1,49376,1695619716.215962
1,49408,1695619716.2308216
1,49440,1695619716.2456262
1,49472,1695619716.2606895
1,49504,1695619716.2755432
1,49536,1695619716.2902036
1,49568,1695619716.3091712
1,49600,1695619716.3253744
1,49632,1695619716.3402567
1,49664,1695619716.3549056
1,49696,1695619716.3699512
1,49728,1695619716.3888335
1,49760,1695619716.410878
1,49792,1695619716.427972
1,49824,1695619716.4521227
1,49856,1695619716.4716158
1,49888,1695619716.4906604
1,49920,1695619716.510757
1,49952,1695619716.5303545
1,49984,1695619716.5477045
1,50000,1695619716.5779269
2,32,1695619716.9094086
2,64,1695619716.929201
2,96,1695619716.9511662
2,128,1695619716.9702933
2,160,1695619716.9901717
2,192,1695619717.017076
2,224,1695619717.0390553
2,256,1695619717.0588431
2,288,1695619717.085659
2,320,1695619717.1094635
2,352,1695619717.1306505
2,384,1695619717.1467829
2,416,1695619717.170014
2,448,1695619717.1911247
2,480,1695619717.2152152
2,512,1695619717.2410407
2,544,1695619717.2627444
2,576,1695619717.284469
2,608,1695619717.3036742
2,640,1695619717.32385
2,672,1695619717.343326
2,704,1695619717.3632658
2,736,1695619717.3834672
2,768,1695619717.4036193
2,800,1695619717.4227955
2,832,1695619717.446462
2,864,1695619717.4688256
2,896,1695619717.4958622
2,928,1695619717.5177517
2,960,1695619717.5412428
2,992,1695619717.5619323
2,1024,1695619717.5831525
2,1056,1695619717.6044471
2,1088,1695619717.627657
2,1120,1695619717.6485224
2,1152,1695619717.6717584
2,1184,1695619717.692109
2,1216,1695619717.7156208
2,1248,1695619717.7363794
2,1280,1695619717.7592824
2,1312,1695619717.782295
2,1344,1695619717.8061414
2,1376,1695619717.829362
2,1408,1695619717.8512728
2,1440,1695619717.872008
2,1472,1695619717.895352
2,1504,1695619717.916572
2,1536,1695619717.9394577
2,1568,1695619717.9599469
2,1600,1695619717.9837189
2,1632,1695619718.0070086
2,1664,1695619718.0289395
2,1696,1695619718.051577
2,1728,1695619718.0746002
2,1760,1695619718.099886
2,1792,1695619718.1224566
2,1824,1695619718.1449957
2,1856,1695619718.1692972
2,1888,1695619718.1907659
2,1920,1695619718.2118497
2,1952,1695619718.235398
2,1984,1695619718.2566004
2,2016,1695619718.2781937
2,2048,1695619718.3024614
2,2080,1695619718.3263388
2,2112,1695619718.3467138
2,2144,1695619718.3648903
2,2176,1695619718.3898723
2,2208,1695619718.4143105
2,2240,1695619718.4328907
2,2272,1695619718.451847
2,2304,1695619718.4719398
2,2336,1695619718.4914193
2,2368,1695619718.5112333
2,2400,1695619718.530514
2,2432,1695619718.551205
2,2464,1695619718.5687964
2,2496,1695619718.5892212
2,2528,1695619718.6114616
2,2560,1695619718.6322308
2,2592,1695619718.6556551
2,2624,1695619718.6759598
2,2656,1695619718.6989737
2,2688,1695619718.7243552
2,2720,1695619718.7460995
2,2752,1695619718.7721941
2,2784,1695619718.7945192
2,2816,1695619718.815445
2,2848,1695619718.8358016
2,2880,1695619718.8560262
2,2912,1695619718.8752944
2,2944,1695619718.8931384
2,2976,1695619718.9112358
2,3008,1695619718.9292758
2,3040,1695619718.9477355
2,3072,1695619718.9673746
2,3104,1695619718.987354
2,3136,1695619719.0078804
2,3168,1695619719.0273454
2,3200,1695619719.0472968
2,3232,1695619719.0676954
2,3264,1695619719.087437
2,3296,1695619719.1072948
2,3328,1695619719.1278803
2,3360,1695619719.1477456
2,3392,1695619719.1678507
2,3424,1695619719.1873024
2,3456,1695619719.2072556
2,3488,1695619719.227283
2,3520,1695619719.2472465
2,3552,1695619719.2674034
2,3584,1695619719.2874486
2,3616,1695619719.3076491
2,3648,1695619719.3268547
2,3680,1695619719.3503428
2,3712,1695619719.3722765
2,3744,1695619719.395416
2,3776,1695619719.416602
2,3808,1695619719.4405138
2,3840,1695619719.4629166
2,3872,1695619719.4794774
2,3904,1695619719.5007062
2,3936,1695619719.527768
2,3968,1695619719.5492392
2,4000,1695619719.5708346
2,4032,1695619719.5950015
2,4064,1695619719.6184425
2,4096,1695619719.6408868
2,4128,1695619719.6629622
2,4160,1695619719.6875532
2,4192,1695619719.7132695
2,4224,1695619719.7339249
2,4256,1695619719.7601054
2,4288,1695619719.7853363
2,4320,1695619719.8059082
2,4352,1695619719.8297513
2,4384,1695619719.8530955
2,4416,1695619719.8745847
2,4448,1695619719.8986816
2,4480,1695619719.9221401
2,4512,1695619719.9412403
2,4544,1695619719.9608252
2,4576,1695619719.9803627
2,4608,1695619719.9999537
2,4640,1695619720.019322
2,4672,1695619720.0389168
2,4704,1695619720.0586815
2,4736,1695619720.0780811
2,4768,1695619720.097505
2,4800,1695619720.1168218
2,4832,1695619720.1350448
2,4864,1695619720.1579483
2,4896,1695619720.1821055
2,4928,1695619720.2070236
2,4960,1695619720.2340715
2,4992,1695619720.261045
2,5024,1695619720.2778149
2,5056,1695619720.2987297
2,5088,1695619720.318801
2,5120,1695619720.3428688
2,5152,1695619720.3727717
2,5184,1695619720.3886423
2,5216,1695619720.4101214
2,5248,1695619720.4391413
2,5280,1695619720.4554486
2,5312,1695619720.4753773
2,5344,1695619720.4939728
2,5376,1695619720.5172932
2,5408,1695619720.5451324
2,5440,1695619720.5632415
2,5472,1695619720.5862122
2,5504,1695619720.6102815
2,5536,1695619720.63767
2,5568,1695619720.6652896
2,5600,1695619720.6812701
2,5632,1695619720.701146
2,5664,1695619720.7241728
2,5696,1695619720.7489316
2,5728,1695619720.7715046
2,5760,1695619720.797271
2,5792,1695619720.8201277
2,5824,1695619720.8453104
2,5856,1695619720.8635595
2,5888,1695619720.8800085
2,5920,1695619720.9055867
2,5952,1695619720.9268556
2,5984,1695619720.948619
2,6016,1695619720.9729156
2,6048,1695619720.9929528
2,6080,1695619721.013808
2,6112,1695619721.0296307
2,6144,1695619721.0498462
2,6176,1695619721.0720592
2,6208,1695619721.097578
2,6240,1695619721.1168325
2,6272,1695619721.1388216
2,6304,1695619721.1584258
2,6336,1695619721.176314
2,6368,1695619721.1951177
2,6400,1695619721.2147377
2,6432,1695619721.232402
2,6464,1695619721.249593
2,6496,1695619721.2678964
2,6528,1695619721.284464
2,6560,1695619721.307388
2,6592,1695619721.3270044
2,6624,1695619721.349706
2,6656,1695619721.3708317
2,6688,1695619721.389846
2,6720,1695619721.4095378
2,6752,1695619721.4291396
2,6784,1695619721.4484718
2,6816,1695619721.4677782
2,6848,1695619721.48918
2,6880,1695619721.5091205
2,6912,1695619721.533014
2,6944,1695619721.5521715
2,6976,1695619721.5814717
2,7008,1695619721.5978851
2,7040,1695619721.6185155
2,7072,1695619721.6370814
2,7104,1695619721.6603162
2,7136,1695619721.684685
2,7168,1695619721.7074895
2,7200,1695619721.7349617
2,7232,1695619721.7520463
2,7264,1695619721.7737606
2,7296,1695619721.797717
2,7328,1695619721.8259017
2,7360,1695619721.847784
2,7392,1695619721.8729165
2,7424,1695619721.8951519
2,7456,1695619721.9232068
2,7488,1695619721.9386587
2,7520,1695619721.9595795
2,7552,1695619721.98177
2,7584,1695619722.0026586
2,7616,1695619722.0217938
2,7648,1695619722.0414596
2,7680,1695619722.0610693
2,7712,1695619722.080469
2,7744,1695619722.099961
2,7776,1695619722.1186194
2,7808,1695619722.140487
2,7840,1695619722.1621656
2,7872,1695619722.1828625
2,7904,1695619722.2029054
2,7936,1695619722.2231061
2,7968,1695619722.2454214
2,8000,1695619722.2651212
2,8032,1695619722.2845767
2,8064,1695619722.3040252
2,8096,1695619722.3235009
2,8128,1695619722.3428934
2,8160,1695619722.3621466
2,8192,1695619722.3814712
2,8224,1695619722.40181
2,8256,1695619722.4216228
2,8288,1695619722.441165
2,8320,1695619722.4638994
2,8352,1695619722.4836688
2,8384,1695619722.502388
2,8416,1695619722.5228534
2,8448,1695619722.544534
2,8480,1695619722.5681233
2,8512,1695619722.5882728
2,8544,1695619722.6075745
2,8576,1695619722.6259143
2,8608,1695619722.644936
2,8640,1695619722.6683109
2,8672,1695619722.6930313
2,8704,1695619722.715172
2,8736,1695619722.7416832
2,8768,1695619722.769496
2,8800,1695619722.7848344
2,8832,1695619722.806839
2,8864,1695619722.8273473
2,8896,1695619722.8470645
2,8928,1695619722.86709
2,8960,1695619722.8886895
2,8992,1695619722.9089046
2,9024,1695619722.9328887
2,9056,1695619722.952159
2,9088,1695619722.9714746
2,9120,1695619722.9910583
2,9152,1695619723.0111363
2,9184,1695619723.0308552
2,9216,1695619723.0503755
2,9248,1695619723.069405
2,9280,1695619723.090528
2,9312,1695619723.1188438
2,9344,1695619723.1445844
2,9376,1695619723.1676884
2,9408,1695619723.1934981
2,9440,1695619723.2211144
2,9472,1695619723.2368731
2,9504,1695619723.2569232
2,9536,1695619723.2763412
2,9568,1695619723.2975924
2,9600,1695619723.3167658
2,9632,1695619723.3360682
2,9664,1695619723.3555474
2,9696,1695619723.3748953
2,9728,1695619723.3937883
2,9760,1695619723.4130638
2,9792,1695619723.432475
2,9824,1695619723.453634
2,9856,1695619723.4728553
2,9888,1695619723.492175
2,9920,1695619723.5083148
2,9952,1695619723.5318356
2,9984,1695619723.54911
2,10016,1695619723.567355
2,10048,1695619723.5850909
2,10080,1695619723.6030116
2,10112,1695619723.620114
2,10144,1695619723.643285
2,10176,1695619723.6635523
2,10208,1695619723.6873975
2,10240,1695619723.7095368
2,10272,1695619723.7326815
2,10304,1695619723.7545302
2,10336,1695619723.7744334
2,10368,1695619723.794461
2,10400,1695619723.814529
2,10432,1695619723.834478
2,10464,1695619723.8544896
2,10496,1695619723.8743985
2,10528,1695619723.8937888
2,10560,1695619723.918418
2,10592,1695619723.9378498
2,10624,1695619723.9619834
2,10656,1695619723.9847033
2,10688,1695619724.0092685
2,10720,1695619724.0310822
2,10752,1695619724.0499825
2,10784,1695619724.0692785
2,10816,1695619724.0888164
2,10848,1695619724.1082582
2,10880,1695619724.127914
2,10912,1695619724.149677
2,10944,1695619724.1706648
2,10976,1695619724.189752
2,11008,1695619724.2091453
2,11040,1695619724.2290778
2,11072,1695619724.248604
2,11104,1695619724.2678797
2,11136,1695619724.287417
2,11168,1695619724.306112
2,11200,1695619724.325851
2,11232,1695619724.3459847
2,11264,1695619724.3659756
2,11296,1695619724.3854785
2,11328,1695619724.4094403
2,11360,1695619724.4316952
2,11392,1695619724.4489563
2,11424,1695619724.466194
2,11456,1695619724.4829895
2,11488,1695619724.499997
2,11520,1695619724.5167456
2,11552,1695619724.5339713
2,11584,1695619724.5509455
2,11616,1695619724.5681393
2,11648,1695619724.5849297
2,11680,1695619724.6023865
2,11712,1695619724.6190777
2,11744,1695619724.6436791
2,11776,1695619724.6642172
2,11808,1695619724.6854124
2,11840,1695619724.7056198
2,11872,1695619724.7258515
2,11904,1695619724.7436037
2,11936,1695619724.7603347
2,11968,1695619724.7783828
2,12000,1695619724.7985997
2,12032,1695619724.8167171
2,12064,1695619724.833191
2,12096,1695619724.8506866
2,12128,1695619724.8686569
2,12160,1695619724.888191
2,12192,1695619724.907263
2,12224,1695619724.924505
2,12256,1695619724.941346
2,12288,1695619724.9589686
2,12320,1695619724.9768353
2,12352,1695619724.9964247
2,12384,1695619725.015019
2,12416,1695619725.0321453
2,12448,1695619725.0489275
2,12480,1695619725.0659335
2,12512,1695619725.0834284
2,12544,1695619725.102373
2,12576,1695619725.1222212
2,12608,1695619725.1407487
2,12640,1695619725.1575022
2,12672,1695619725.1752841
2,12704,1695619725.1925092
2,12736,1695619725.2091873
2,12768,1695619725.2272635
2,12800,1695619725.2441754
2,12832,1695619725.2610214
2,12864,1695619725.2766762
2,12896,1695619725.2933187
2,12928,1695619725.3113894
2,12960,1695619725.3281512
2,12992,1695619725.3463025
2,13024,1695619725.3666878
2,13056,1695619725.3869581
2,13088,1695619725.4067254
2,13120,1695619725.4240522
2,13152,1695619725.4404857
2,13184,1695619725.4571526
2,13216,1695619725.47487
2,13248,1695619725.491566
2,13280,1695619725.510113
2,13312,1695619725.5283663
2,13344,1695619725.5451708
2,13376,1695619725.5633547
2,13408,1695619725.5803692
2,13440,1695619725.598882
2,13472,1695619725.618304
2,13504,1695619725.6357617
2,13536,1695619725.6567059
2,13568,1695619725.6818385
2,13600,1695619725.7046568
2,13632,1695619725.7257717
2,13664,1695619725.7495546
2,13696,1695619725.7728517
2,13728,1695619725.7968452
2,13760,1695619725.8190627
2,13792,1695619725.8381183
2,13824,1695619725.8603013
2,13856,1695619725.8813221
2,13888,1695619725.9089427
2,13920,1695619725.9248505
2,13952,1695619725.9448714
2,13984,1695619725.96477
2,14016,1695619725.986626
2,14048,1695619726.0070908
2,14080,1695619726.0270634
2,14112,1695619726.0470948
2,14144,1695619726.06683
2,14176,1695619726.086925
2,14208,1695619726.106783
2,14240,1695619726.1271477
2,14272,1695619726.1470006
2,14304,1695619726.1659195
2,14336,1695619726.1856568
2,14368,1695619726.2050774
2,14400,1695619726.2253366
2,14432,1695619726.2449043
2,14464,1695619726.2655425
2,14496,1695619726.2864206
2,14528,1695619726.306793
2,14560,1695619726.3285782
2,14592,1695619726.3455513
2,14624,1695619726.3626866
2,14656,1695619726.3799293
2,14688,1695619726.3968656
2,14720,1695619726.414138
2,14752,1695619726.4309444
2,14784,1695619726.4479947
2,14816,1695619726.4648392
2,14848,1695619726.482234
2,14880,1695619726.4990242
2,14912,1695619726.516004
2,14944,1695619726.5329046
2,14976,1695619726.5495398
2,15008,1695619726.567256
2,15040,1695619726.59047
2,15072,1695619726.611535
2,15104,1695619726.6385577
2,15136,1695619726.657034
2,15168,1695619726.6875098
2,15200,1695619726.7166407
2,15232,1695619726.7325506
2,15264,1695619726.7540107
2,15296,1695619726.7751212
2,15328,1695619726.795053
2,15360,1695619726.8141682
2,15392,1695619726.833445
2,15424,1695619726.8540294
2,15456,1695619726.8735893
2,15488,1695619726.8930378
2,15520,1695619726.9164221
2,15552,1695619726.9363253
2,15584,1695619726.9550204
2,15616,1695619726.97806
2,15648,1695619726.9979706
2,15680,1695619727.017445
2,15712,1695619727.0366654
2,15744,1695619727.0597396
2,15776,1695619727.0889773
2,15808,1695619727.104895
2,15840,1695619727.1261654
2,15872,1695619727.145838
2,15904,1695619727.1666496
2,15936,1695619727.1872475
2,15968,1695619727.2100294
2,16000,1695619727.2299263
2,16032,1695619727.2493074
2,16064,1695619727.2686791
2,16096,1695619727.2881265
2,16128,1695619727.3074782
2,16160,1695619727.3269248
2,16192,1695619727.3461418
2,16224,1695619727.365503
2,16256,1695619727.386639
2,16288,1695619727.4096885
2,16320,1695619727.4297519
2,16352,1695619727.45399
2,16384,1695619727.481003
2,16416,1695619727.5021453
2,16448,1695619727.5224586
2,16480,1695619727.5423384
2,16512,1695619727.5620322
2,16544,1695619727.5823607
2,16576,1695619727.6021392
2,16608,1695619727.6245134
2,16640,1695619727.6462605
2,16672,1695619727.6664832
2,16704,1695619727.6865833
2,16736,1695619727.7091372
2,16768,1695619727.730759
2,16800,1695619727.751001
2,16832,1695619727.775439
2,16864,1695619727.7895074
2,16896,1695619727.8023968
2,16928,1695619727.8176324
2,16960,1695619727.8313742
2,16992,1695619727.846786
2,17024,1695619727.8621688
2,17056,1695619727.87625
2,17088,1695619727.8914878
2,17120,1695619727.9069154
2,17152,1695619727.9210792
2,17184,1695619727.9360878
2,17216,1695619727.95056
2,17248,1695619727.9670262
2,17280,1695619727.9809034
2,17312,1695619727.9954767
2,17344,1695619728.011472
2,17376,1695619728.0326307
2,17408,1695619728.0578737
2,17440,1695619728.0805244
2,17472,1695619728.1022372
2,17504,1695619728.1257985
2,17536,1695619728.1436872
2,17568,1695619728.1603863
2,17600,1695619728.1770256
2,17632,1695619728.1926131
2,17664,1695619728.2091606
2,17696,1695619728.2270164
2,17728,1695619728.2438173
2,17760,1695619728.2602332
2,17792,1695619728.2770286
2,17824,1695619728.29424
2,17856,1695619728.3107104
2,17888,1695619728.3279192
2,17920,1695619728.3447134
2,17952,1695619728.3614032
2,17984,1695619728.3794007
2,18016,1695619728.3962147
2,18048,1695619728.4129863
2,18080,1695619728.428422
2,18112,1695619728.444988
2,18144,1695619728.4622753
2,18176,1695619728.47904
2,18208,1695619728.4960973
2,18240,1695619728.5127647
2,18272,1695619728.530021
2,18304,1695619728.546895
2,18336,1695619728.5660508
2,18368,1695619728.5913393
2,18400,1695619728.6122155
2,18432,1695619728.6335049
2,18464,1695619728.656708
2,18496,1695619728.6784036
2,18528,1695619728.6984572
2,18560,1695619728.718142
2,18592,1695619728.7385678
2,18624,1695619728.7583656
2,18656,1695619728.7784157
2,18688,1695619728.7983701
2,18720,1695619728.818591
2,18752,1695619728.8390503
2,18784,1695619728.8537586
2,18816,1695619728.8741128
2,18848,1695619728.8949227
2,18880,1695619728.9147022
2,18912,1695619728.9310975
2,18944,1695619728.9502566
2,18976,1695619728.9678304
2,19008,1695619728.9845026
2,19040,1695619729.0009875
2,19072,1695619729.017737
2,19104,1695619729.0355313
2,19136,1695619729.0542245
2,19168,1695619729.0746317
2,19200,1695619729.0923824
2,19232,1695619729.1090841
2,19264,1695619729.1268
2,19296,1695619729.1434493
2,19328,1695619729.162283
2,19360,1695619729.1797762
2,19392,1695619729.1964295
2,19424,1695619729.2132316
2,19456,1695619729.2312412
2,19488,1695619729.2479513
2,19520,1695619729.2642798
2,19552,1695619729.2810874
2,19584,1695619729.298312
2,19616,1695619729.316128
2,19648,1695619729.3339448
2,19680,1695619729.3544662
2,19712,1695619729.372738
2,19744,1695619729.3946283
2,19776,1695619729.4143083
2,19808,1695619729.4344027
2,19840,1695619729.4546993
2,19872,1695619729.471608
2,19904,1695619729.4922779
2,19936,1695619729.514936
2,19968,1695619729.5348735
2,20000,1695619729.551181
2,20032,1695619729.5700715
2,20064,1695619729.5875819
2,20096,1695619729.6042607
2,20128,1695619729.6210656
2,20160,1695619729.638926
2,20192,1695619729.6551976
2,20224,1695619729.671981
2,20256,1695619729.690358
