epoch,trained_sample,time
1,0,1696067177.1234896
1,128,1696067178.364817
1,256,1696067178.4438949
1,384,1696067178.5326352
1,512,1696067178.6213386
1,640,1696067178.7098956
1,768,1696067178.798651
1,896,1696067178.8875308
1,1024,1696067178.9765258
1,1152,1696067179.0656419
1,1280,1696067179.1545887
1,1408,1696067179.2433002
1,1536,1696067179.3322217
1,1664,1696067179.4209013
1,1792,1696067179.509758
1,1920,1696067179.598595
1,2048,1696067179.6875114
1,2176,1696067179.7764525
1,2304,1696067179.8653147
1,2432,1696067179.9542418
1,2560,1696067180.0429523
1,2688,1696067180.1318607
1,2816,1696067180.2204907
1,2944,1696067180.3093164
1,3072,1696067180.3981884
1,3200,1696067180.487071
1,3328,1696067180.5759637
1,3456,1696067180.664932
1,3584,1696067180.7538483
1,3712,1696067180.842619
1,3840,1696067180.931531
1,3968,1696067181.0202336
1,4096,1696067181.109049
1,4224,1696067181.197939
1,4352,1696067181.286921
1,4480,1696067181.3759103
1,4608,1696067181.4648883
1,4736,1696067181.55386
1,4864,1696067181.6425824
1,4992,1696067181.7314808
1,5120,1696067181.82032
1,5248,1696067181.909156
1,5376,1696067181.9980872
1,5504,1696067182.086949
1,5632,1696067182.1756833
1,5760,1696067182.2645733
1,5888,1696067182.3535645
1,6016,1696067182.4422836
1,6144,1696067182.531248
1,6272,1696067182.619932
1,6400,1696067182.708864
1,6528,1696067182.7978222
1,6656,1696067182.886726
1,6784,1696067182.9756436
1,6912,1696067183.0645893
1,7040,1696067183.1534986
1,7168,1696067183.2422674
1,7296,1696067183.331196
1,7424,1696067183.4247513
1,7552,1696067183.5252402
1,7680,1696067183.6247582
1,7808,1696067183.7247574
1,7936,1696067183.8241086
1,8064,1696067183.9228845
1,8192,1696067184.016206
1,8320,1696067184.112627
1,8448,1696067184.2102828
1,8576,1696067184.3074965
1,8704,1696067184.403796
1,8832,1696067184.5002759
1,8960,1696067184.5973513
1,9088,1696067184.695793
1,9216,1696067184.7916815
1,9344,1696067184.8895242
1,9472,1696067184.9861689
1,9600,1696067185.083281
1,9728,1696067185.180058
1,9856,1696067185.2766936
1,9984,1696067185.375786
1,10112,1696067185.4754412
1,10240,1696067185.574568
1,10368,1696067185.6732175
1,10496,1696067185.771396
1,10624,1696067185.8662374
1,10752,1696067185.9646547
1,10880,1696067186.0632136
1,11008,1696067186.1617444
1,11136,1696067186.261256
1,11264,1696067186.3589888
1,11392,1696067186.45728
1,11520,1696067186.5557144
1,11648,1696067186.6559694
1,11776,1696067186.7550468
1,11904,1696067186.8550267
1,12032,1696067186.9537008
1,12160,1696067187.052872
1,12288,1696067187.150383
1,12416,1696067187.2489088
1,12544,1696067187.3481085
1,12672,1696067187.447035
1,12800,1696067187.546222
1,12928,1696067187.6431775
1,13056,1696067187.7432828
1,13184,1696067187.8411512
1,13312,1696067187.9456236
1,13440,1696067188.0603747
1,13568,1696067188.174456
1,13696,1696067188.2887409
1,13824,1696067188.403805
1,13952,1696067188.519006
1,14080,1696067188.6352484
1,14208,1696067188.7492347
1,14336,1696067188.8638973
1,14464,1696067188.9788713
1,14592,1696067189.095169
1,14720,1696067189.2098837
1,14848,1696067189.3244135
1,14976,1696067189.4385047
1,15104,1696067189.5566866
1,15232,1696067189.6753185
1,15360,1696067189.7935584
1,15488,1696067189.9125614
1,15616,1696067190.0305855
1,15744,1696067190.148791
1,15872,1696067190.2648227
1,16000,1696067190.384146
1,16128,1696067190.5025313
1,16256,1696067190.6219606
1,16384,1696067190.7384636
1,16512,1696067190.8577316
1,16640,1696067190.9777095
1,16768,1696067191.095656
1,16896,1696067191.2144573
1,17024,1696067191.3315895
1,17152,1696067191.4501314
1,17280,1696067191.568759
1,17408,1696067191.6870437
1,17536,1696067191.8055346
1,17664,1696067191.923807
1,17792,1696067192.042747
1,17920,1696067192.1627789
1,18048,1696067192.2803092
1,18176,1696067192.3988872
1,18304,1696067192.517997
1,18432,1696067192.6374843
1,18560,1696067192.756856
1,18688,1696067192.8739839
1,18816,1696067192.9928331
1,18944,1696067193.1090004
1,19072,1696067193.226503
1,19200,1696067193.344532
1,19328,1696067193.4591835
1,19456,1696067193.5774598
1,19584,1696067193.6945808
1,19712,1696067193.8133671
1,19840,1696067193.9310079
1,19968,1696067194.0489495
1,20096,1696067194.1678777
1,20224,1696067194.2859693
1,20352,1696067194.4057188
1,20480,1696067194.5229726
1,20608,1696067194.640539
1,20736,1696067194.7602527
1,20864,1696067194.8778653
1,20992,1696067194.9968631
1,21120,1696067195.1155005
1,21248,1696067195.2335443
1,21376,1696067195.3521173
1,21504,1696067195.4706411
1,21632,1696067195.5883086
1,21760,1696067195.7080588
1,21888,1696067195.8258803
1,22016,1696067195.9439259
1,22144,1696067196.0608232
1,22272,1696067196.1784437
1,22400,1696067196.2956939
1,22528,1696067196.4146488
1,22656,1696067196.532384
1,22784,1696067196.650159
1,22912,1696067196.7671366
1,23040,1696067196.8846347
1,23168,1696067197.0024507
1,23296,1696067197.121311
1,23424,1696067197.2411838
1,23552,1696067197.3607914
1,23680,1696067197.477615
1,23808,1696067197.5971906
1,23936,1696067197.7159398
1,24064,1696067197.8349166
1,24192,1696067197.9531786
1,24320,1696067198.0723813
1,24448,1696067198.190253
1,24576,1696067198.3083332
1,24704,1696067198.426378
1,24832,1696067198.5450103
1,24960,1696067198.663452
1,25088,1696067198.7804842
1,25216,1696067198.8968117
1,25344,1696067199.0165477
1,25472,1696067199.1330867
1,25600,1696067199.2519038
1,25728,1696067199.369444
1,25856,1696067199.488826
1,25984,1696067199.6076539
1,26112,1696067199.7266166
1,26240,1696067199.8442814
1,26368,1696067199.9643393
1,26496,1696067200.082036
1,26624,1696067200.2009323
1,26752,1696067200.3189764
1,26880,1696067200.4374213
1,27008,1696067200.5555367
1,27136,1696067200.6749382
1,27264,1696067200.7937698
1,27392,1696067200.9124396
1,27520,1696067201.0315952
1,27648,1696067201.146004
1,27776,1696067201.2605782
1,27904,1696067201.3748822
1,28032,1696067201.4897316
1,28160,1696067201.605329
1,28288,1696067201.7206626
1,28416,1696067201.8371367
1,28544,1696067201.9519346
1,28672,1696067202.0681925
1,28800,1696067202.184408
1,28928,1696067202.298763
1,29056,1696067202.4138594
1,29184,1696067202.5312726
1,29312,1696067202.6468062
1,29440,1696067202.761072
1,29568,1696067202.8760464
1,29696,1696067202.9925406
1,29824,1696067203.1066031
1,29952,1696067203.221101
1,30080,1696067203.3371303
1,30208,1696067203.4512055
1,30336,1696067203.566116
1,30464,1696067203.6816595
1,30592,1696067203.798252
1,30720,1696067203.9128544
1,30848,1696067204.0298972
1,30976,1696067204.1452968
1,31104,1696067204.2602618
1,31232,1696067204.3744702
1,31360,1696067204.488932
1,31488,1696067204.60567
1,31616,1696067204.7218874
1,31744,1696067204.8366048
1,31872,1696067204.9513128
1,32000,1696067205.066541
1,32128,1696067205.18472
1,32256,1696067205.2989242
1,32384,1696067205.4136007
1,32512,1696067205.5287347
1,32640,1696067205.644585
1,32768,1696067205.7607987
1,32896,1696067205.8766932
1,33024,1696067205.9934363
1,33152,1696067206.107634
1,33280,1696067206.2219021
1,33408,1696067206.336946
1,33536,1696067206.4534597
1,33664,1696067206.569189
1,33792,1696067206.683071
1,33920,1696067206.7990806
1,34048,1696067206.9142501
1,34176,1696067207.028547
1,34304,1696067207.1429622
1,34432,1696067207.2585752
1,34560,1696067207.373238
1,34688,1696067207.4880602
1,34816,1696067207.605821
1,34944,1696067207.722667
1,35072,1696067207.8373039
1,35200,1696067207.952688
1,35328,1696067208.0680015
1,35456,1696067208.1840153
1,35584,1696067208.3015394
1,35712,1696067208.4157758
1,35840,1696067208.5299356
1,35968,1696067208.64489
1,36096,1696067208.7602546
1,36224,1696067208.8770573
1,36352,1696067208.9923663
1,36480,1696067209.107072
1,36608,1696067209.2214534
1,36736,1696067209.3353832
1,36864,1696067209.4514277
1,36992,1696067209.5655756
1,37120,1696067209.6814084
1,37248,1696067209.796439
1,37376,1696067209.9113252
1,37504,1696067210.0265088
1,37632,1696067210.142862
1,37760,1696067210.2578545
1,37888,1696067210.3726456
1,38016,1696067210.487914
1,38144,1696067210.6036518
1,38272,1696067210.7192366
1,38400,1696067210.8357532
1,38528,1696067210.9506967
1,38656,1696067211.0673273
1,38784,1696067211.1820042
1,38912,1696067211.298087
1,39040,1696067211.4140294
1,39168,1696067211.529883
1,39296,1696067211.645854
1,39424,1696067211.7600744
1,39552,1696067211.875771
1,39680,1696067211.9923234
1,39808,1696067212.1071262
1,39936,1696067212.222955
1,40064,1696067212.3381102
1,40192,1696067212.4532192
1,40320,1696067212.5700285
1,40448,1696067212.6849072
1,40576,1696067212.7998931
1,40704,1696067212.9156606
1,40832,1696067213.0315099
1,40960,1696067213.150499
1,41088,1696067213.2502728
1,41216,1696067213.3394802
1,41344,1696067213.4289315
1,41472,1696067213.5182827
1,41600,1696067213.6077883
1,41728,1696067213.6971164
1,41856,1696067213.7864902
1,41984,1696067213.876062
1,42112,1696067213.9654636
1,42240,1696067214.054992
1,42368,1696067214.1443648
1,42496,1696067214.2336407
1,42624,1696067214.3230867
1,42752,1696067214.4123197
1,42880,1696067214.5016632
1,43008,1696067214.5909247
1,43136,1696067214.6803358
1,43264,1696067214.7696261
1,43392,1696067214.8591654
1,43520,1696067214.9486077
1,43648,1696067215.0379653
1,43776,1696067215.1274483
1,43904,1696067215.216782
1,44032,1696067215.3061619
1,44160,1696067215.3957028
1,44288,1696067215.4850912
1,44416,1696067215.5746715
1,44544,1696067215.6640904
1,44672,1696067215.7533717
1,44800,1696067215.84279
1,44928,1696067215.9320402
1,45056,1696067216.0214617
1,45184,1696067216.1106741
1,45312,1696067216.2000933
1,45440,1696067216.2892926
1,45568,1696067216.3785787
1,45696,1696067216.4680097
1,45824,1696067216.5574152
1,45952,1696067216.6469336
1,46080,1696067216.7362487
1,46208,1696067216.8256607
1,46336,1696067216.9150515
1,46464,1696067217.004427
1,46592,1696067217.093765
1,46720,1696067217.1831675
1,46848,1696067217.2724311
1,46976,1696067217.361843
1,47104,1696067217.4509706
1,47232,1696067217.5404193
1,47360,1696067217.6295974
1,47488,1696067217.718908
1,47616,1696067217.8081713
1,47744,1696067217.8975267
1,47872,1696067217.9870055
1,48000,1696067218.0763698
1,48128,1696067218.167867
1,48256,1696067218.257238
1,48384,1696067218.3466823
1,48512,1696067218.435971
1,48640,1696067218.5254307
1,48768,1696067218.6148257
1,48896,1696067218.704218
1,49024,1696067218.7936394
1,49152,1696067218.8830504
1,49280,1696067218.972376
1,49408,1696067219.0618129
1,49536,1696067219.1510732
1,49664,1696067219.2404888
1,49792,1696067219.3296626
1,49920,1696067219.4190795
1,50000,1696067219.514372
2,128,1696067219.8100798
2,256,1696067219.8991776
2,384,1696067219.9887848
2,512,1696067220.0784614
2,640,1696067220.1680348
2,768,1696067220.2577102
2,896,1696067220.347271
2,1024,1696067220.4369347
2,1152,1696067220.5267262
2,1280,1696067220.6163425
2,1408,1696067220.7060835
2,1536,1696067220.7956867
2,1664,1696067220.8853881
2,1792,1696067220.9751968
2,1920,1696067221.064872
2,2048,1696067221.1544912
2,2176,1696067221.2441957
2,2304,1696067221.333778
2,2432,1696067221.423481
2,2560,1696067221.513091
2,2688,1696067221.6027515
2,2816,1696067221.6923897
2,2944,1696067221.7820544
2,3072,1696067221.871646
2,3200,1696067221.961291
2,3328,1696067222.0508225
2,3456,1696067222.1405046
2,3584,1696067222.2298894
2,3712,1696067222.3195312
2,3840,1696067222.408881
2,3968,1696067222.498535
2,4096,1696067222.5881715
2,4224,1696067222.677856
2,4352,1696067222.7674387
2,4480,1696067222.8571196
2,4608,1696067222.9467425
2,4736,1696067223.0363474
2,4864,1696067223.1260834
2,4992,1696067223.2157547
