epoch,trained_sample,time
1,0,1696065489.845969
1,32,1696065491.0658112
1,64,1696065491.1124172
1,96,1696065491.1525068
1,128,1696065491.1916986
1,160,1696065491.2293606
1,192,1696065491.275584
1,224,1696065491.3141704
1,256,1696065491.3499734
1,288,1696065491.3937778
1,320,1696065491.432546
1,352,1696065491.4698262
1,384,1696065491.5062833
1,416,1696065491.5505939
1,448,1696065491.5886257
1,480,1696065491.6258168
1,512,1696065491.662493
1,544,1696065491.7068026
1,576,1696065491.7420352
1,608,1696065491.779024
1,640,1696065491.815759
1,672,1696065491.8582745
1,704,1696065491.8954287
1,736,1696065491.9305525
1,768,1696065491.9675875
1,800,1696065492.0110035
1,832,1696065492.056257
1,864,1696065492.0934353
1,896,1696065492.1303437
1,928,1696065492.1747882
1,960,1696065492.2135887
1,992,1696065492.2493362
1,1024,1696065492.2862587
1,1056,1696065492.330556
1,1088,1696065492.368602
1,1120,1696065492.405323
1,1152,1696065492.4446373
1,1184,1696065492.4891365
1,1216,1696065492.5326378
1,1248,1696065492.5698204
1,1280,1696065492.6096854
1,1312,1696065492.6536176
1,1344,1696065492.6913016
1,1376,1696065492.7291605
1,1408,1696065492.7656019
1,1440,1696065492.8071883
1,1472,1696065492.8426533
1,1504,1696065492.8785238
1,1536,1696065492.9156833
1,1568,1696065492.9584732
1,1600,1696065492.9952285
1,1632,1696065493.0330186
1,1664,1696065493.0691583
1,1696,1696065493.1103632
1,1728,1696065493.1459746
1,1760,1696065493.1818771
1,1792,1696065493.2187586
1,1824,1696065493.2635338
1,1856,1696065493.3032353
1,1888,1696065493.3409648
1,1920,1696065493.3771682
1,1952,1696065493.4188838
1,1984,1696065493.45423
1,2016,1696065493.4913435
1,2048,1696065493.528153
1,2080,1696065493.5697556
1,2112,1696065493.6074357
1,2144,1696065493.6427822
1,2176,1696065493.6797726
1,2208,1696065493.7224476
1,2240,1696065493.7591631
1,2272,1696065493.7979078
1,2304,1696065493.833444
1,2336,1696065493.8798862
1,2368,1696065493.916783
1,2400,1696065493.953845
1,2432,1696065493.9914486
1,2464,1696065494.0359125
1,2496,1696065494.0761547
1,2528,1696065494.111426
1,2560,1696065494.1493747
1,2592,1696065494.1895185
1,2624,1696065494.22682
1,2656,1696065494.2621698
1,2688,1696065494.29794
1,2720,1696065494.3422227
1,2752,1696065494.3806508
1,2784,1696065494.4177833
1,2816,1696065494.4544005
1,2848,1696065494.4986668
1,2880,1696065494.5368412
1,2912,1696065494.5732307
1,2944,1696065494.6093547
1,2976,1696065494.6517086
1,3008,1696065494.6873302
1,3040,1696065494.7249606
1,3072,1696065494.7670965
1,3104,1696065494.804032
1,3136,1696065494.8387158
1,3168,1696065494.8760903
1,3200,1696065494.9132469
1,3232,1696065494.9550717
1,3264,1696065494.990276
1,3296,1696065495.027298
1,3328,1696065495.0643396
1,3360,1696065495.1081128
1,3392,1696065495.1437447
1,3424,1696065495.1816814
1,3456,1696065495.2145114
1,3488,1696065495.2499075
1,3520,1696065495.285832
1,3552,1696065495.3183436
1,3584,1696065495.3493013
1,3616,1696065495.3888295
1,3648,1696065495.4191303
1,3680,1696065495.4538655
1,3712,1696065495.4848304
1,3744,1696065495.526255
1,3776,1696065495.5573573
1,3808,1696065495.590856
1,3840,1696065495.6227732
1,3872,1696065495.6579528
1,3904,1696065495.6912396
1,3936,1696065495.7263947
1,3968,1696065495.760352
1,4000,1696065495.7988682
1,4032,1696065495.8389473
1,4064,1696065495.870628
1,4096,1696065495.903747
1,4128,1696065495.9400103
1,4160,1696065495.9720528
1,4192,1696065496.0044029
1,4224,1696065496.038712
1,4256,1696065496.0778964
1,4288,1696065496.1149757
1,4320,1696065496.1552372
1,4352,1696065496.1943257
1,4384,1696065496.2326581
1,4416,1696065496.2674358
1,4448,1696065496.3002346
1,4480,1696065496.332432
1,4512,1696065496.3695843
1,4544,1696065496.4029775
1,4576,1696065496.4350145
1,4608,1696065496.469925
1,4640,1696065496.5100062
1,4672,1696065496.5385606
1,4704,1696065496.5814373
1,4736,1696065496.6332312
1,4768,1696065496.6777806
1,4800,1696065496.7170258
1,4832,1696065496.754866
1,4864,1696065496.7927446
1,4896,1696065496.8311477
1,4928,1696065496.867568
1,4960,1696065496.9056344
1,4992,1696065496.9425216
1,5024,1696065496.9756029
1,5056,1696065497.013053
1,5088,1696065497.0449293
1,5120,1696065497.083857
1,5152,1696065497.1263623
1,5184,1696065497.1660645
1,5216,1696065497.2016268
1,5248,1696065497.2349005
1,5280,1696065497.2666264
1,5312,1696065497.2988374
1,5344,1696065497.3319921
1,5376,1696065497.370041
1,5408,1696065497.399752
1,5440,1696065497.435238
1,5472,1696065497.4662411
1,5504,1696065497.4997964
1,5536,1696065497.5318558
1,5568,1696065497.5632067
1,5600,1696065497.5982041
1,5632,1696065497.6307025
1,5664,1696065497.6699398
1,5696,1696065497.7027617
1,5728,1696065497.734777
1,5760,1696065497.7720635
1,5792,1696065497.8076568
1,5824,1696065497.8427496
1,5856,1696065497.874537
1,5888,1696065497.9099581
1,5920,1696065497.9488356
1,5952,1696065497.9788117
1,5984,1696065498.0177598
1,6016,1696065498.0582507
1,6048,1696065498.0937874
1,6080,1696065498.1271796
1,6112,1696065498.1587121
1,6144,1696065498.198302
1,6176,1696065498.2381868
1,6208,1696065498.2765713
1,6240,1696065498.310217
1,6272,1696065498.3459933
1,6304,1696065498.3826046
1,6336,1696065498.4157007
1,6368,1696065498.446961
1,6400,1696065498.4844663
1,6432,1696065498.523374
1,6464,1696065498.5653496
1,6496,1696065498.596976
1,6528,1696065498.6377702
1,6560,1696065498.674661
1,6592,1696065498.7077572
1,6624,1696065498.7387164
1,6656,1696065498.7770784
1,6688,1696065498.8163333
1,6720,1696065498.8491876
1,6752,1696065498.8808951
1,6784,1696065498.9178064
1,6816,1696065498.9545538
1,6848,1696065498.9876552
1,6880,1696065499.0190134
1,6912,1696065499.0564506
1,6944,1696065499.0999331
1,6976,1696065499.1309273
1,7008,1696065499.1663077
1,7040,1696065499.2020366
1,7072,1696065499.2389805
1,7104,1696065499.2802436
1,7136,1696065499.3110886
1,7168,1696065499.3487763
1,7200,1696065499.3857803
1,7232,1696065499.4222894
1,7264,1696065499.4582198
1,7296,1696065499.495064
1,7328,1696065499.530616
1,7360,1696065499.563759
1,7392,1696065499.5947673
1,7424,1696065499.633797
1,7456,1696065499.6709125
1,7488,1696065499.7037616
1,7520,1696065499.7348983
1,7552,1696065499.7730668
1,7584,1696065499.8135154
1,7616,1696065499.8446028
1,7648,1696065499.8814187
1,7680,1696065499.922684
1,7712,1696065499.959078
1,7744,1696065499.991861
1,7776,1696065500.023072
1,7808,1696065500.0626903
1,7840,1696065500.0979912
1,7872,1696065500.1368957
1,7904,1696065500.1713474
1,7936,1696065500.2077591
1,7968,1696065500.2495341
1,8000,1696065500.2810724
1,8032,1696065500.3111615
1,8064,1696065500.3521104
1,8096,1696065500.3909924
1,8128,1696065500.42329
1,8160,1696065500.4578204
1,8192,1696065500.4978364
1,8224,1696065500.5377016
1,8256,1696065500.5749257
1,8288,1696065500.6066132
1,8320,1696065500.6470065
1,8352,1696065500.6820674
1,8384,1696065500.7189357
1,8416,1696065500.759921
1,8448,1696065500.801345
1,8480,1696065500.8416927
1,8512,1696065500.8782134
1,8544,1696065500.9113872
1,8576,1696065500.9466453
1,8608,1696065500.9881597
1,8640,1696065501.0327294
1,8672,1696065501.0624986
1,8704,1696065501.1055233
1,8736,1696065501.1455536
1,8768,1696065501.1857095
1,8800,1696065501.2195554
1,8832,1696065501.256536
1,8864,1696065501.2948494
1,8896,1696065501.3319852
1,8928,1696065501.3641887
1,8960,1696065501.402848
1,8992,1696065501.437676
1,9024,1696065501.4712079
1,9056,1696065501.5027983
1,9088,1696065501.540885
1,9120,1696065501.5792422
1,9152,1696065501.619149
1,9184,1696065501.6508706
1,9216,1696065501.6896596
1,9248,1696065501.7258055
1,9280,1696065501.7644706
1,9312,1696065501.7985723
1,9344,1696065501.8340197
1,9376,1696065501.8698173
1,9408,1696065501.9022605
1,9440,1696065501.9378157
1,9472,1696065501.9720693
1,9504,1696065502.0104475
1,9536,1696065502.0479667
1,9568,1696065502.0797122
1,9600,1696065502.1178653
1,9632,1696065502.1552901
1,9664,1696065502.188549
1,9696,1696065502.221393
1,9728,1696065502.2597628
1,9760,1696065502.3016737
1,9792,1696065502.3401074
1,9824,1696065502.371105
1,9856,1696065502.409157
1,9888,1696065502.4467082
1,9920,1696065502.4795773
1,9952,1696065502.51092
1,9984,1696065502.5491605
1,10016,1696065502.5888603
1,10048,1696065502.62081
1,10080,1696065502.6571429
1,10112,1696065502.697788
1,10144,1696065502.7275515
1,10176,1696065502.7696586
1,10208,1696065502.8027809
1,10240,1696065502.8423245
1,10272,1696065502.87589
1,10304,1696065502.907774
1,10336,1696065502.9388797
1,10368,1696065502.9806209
1,10400,1696065503.0103464
1,10432,1696065503.0462477
1,10464,1696065503.0773647
1,10496,1696065503.1183364
1,10528,1696065503.1508152
1,10560,1696065503.1858654
1,10592,1696065503.2184649
1,10624,1696065503.2586656
1,10656,1696065503.2920854
1,10688,1696065503.323726
1,10720,1696065503.354784
1,10752,1696065503.3930871
1,10784,1696065503.4226508
1,10816,1696065503.4592528
1,10848,1696065503.4936526
1,10880,1696065503.533723
1,10912,1696065503.5668094
1,10944,1696065503.606113
1,10976,1696065503.6388342
1,11008,1696065503.6738865
1,11040,1696065503.7071662
1,11072,1696065503.7400317
1,11104,1696065503.7798421
1,11136,1696065503.8164756
1,11168,1696065503.84849
1,11200,1696065503.8783064
1,11232,1696065503.9146202
1,11264,1696065503.9554665
1,11296,1696065503.9970384
1,11328,1696065504.0316157
1,11360,1696065504.0640652
1,11392,1696065504.1020865
1,11424,1696065504.1430767
1,11456,1696065504.1756616
1,11488,1696065504.2068703
1,11520,1696065504.2447312
1,11552,1696065504.2748587
1,11584,1696065504.3109124
1,11616,1696065504.3425958
1,11648,1696065504.3747385
1,11680,1696065504.4097066
1,11712,1696065504.4427693
1,11744,1696065504.4780638
1,11776,1696065504.513487
1,11808,1696065504.5447617
1,11840,1696065504.5786588
1,11872,1696065504.610673
1,11904,1696065504.6457891
1,11936,1696065504.6788807
1,11968,1696065504.7110276
1,12000,1696065504.7463593
1,12032,1696065504.7786212
1,12064,1696065504.8108287
1,12096,1696065504.8455865
1,12128,1696065504.8769617
1,12160,1696065504.9063947
1,12192,1696065504.9453325
1,12224,1696065504.976862
1,12256,1696065505.011192
1,12288,1696065505.0464349
1,12320,1696065505.0780642
1,12352,1696065505.1103022
1,12384,1696065505.14742
1,12416,1696065505.1821089
1,12448,1696065505.214547
1,12480,1696065505.2491057
1,12512,1696065505.280711
1,12544,1696065505.3155134
1,12576,1696065505.3466468
1,12608,1696065505.3826628
1,12640,1696065505.4146488
1,12672,1696065505.4468584
1,12704,1696065505.4784143
1,12736,1696065505.5129778
1,12768,1696065505.5445464
1,12800,1696065505.5746982
1,12832,1696065505.6106606
1,12864,1696065505.6427577
1,12896,1696065505.6734803
1,12928,1696065505.7072299
1,12960,1696065505.7367887
1,12992,1696065505.7739863
1,13024,1696065505.8062797
1,13056,1696065505.8387132
1,13088,1696065505.8705761
1,13120,1696065505.9026322
1,13152,1696065505.9347594
1,13184,1696065505.9664536
1,13216,1696065505.9956467
1,13248,1696065506.0312924
1,13280,1696065506.065702
1,13312,1696065506.0970254
1,13344,1696065506.1264222
1,13376,1696065506.1588063
1,13408,1696065506.1953468
1,13440,1696065506.2258027
1,13472,1696065506.2595525
1,13504,1696065506.2907288
1,13536,1696065506.3226898
1,13568,1696065506.357939
1,13600,1696065506.3907633
1,13632,1696065506.4258192
1,13664,1696065506.4585536
1,13696,1696065506.4889433
1,13728,1696065506.522771
1,13760,1696065506.5544999
1,13792,1696065506.5868511
1,13824,1696065506.6158872
1,13856,1696065506.651102
1,13888,1696065506.685807
1,13920,1696065506.7184172
1,13952,1696065506.7507877
1,13984,1696065506.7854052
1,14016,1696065506.8166103
1,14048,1696065506.8514004
1,14080,1696065506.8827145
1,14112,1696065506.9176962
1,14144,1696065506.9470327
1,14176,1696065506.9781802
1,14208,1696065507.0149872
1,14240,1696065507.0465755
1,14272,1696065507.0785367
1,14304,1696065507.1137133
1,14336,1696065507.1467073
1,14368,1696065507.1802225
1,14400,1696065507.2110307
1,14432,1696065507.246227
1,14464,1696065507.2785442
1,14496,1696065507.3133705
1,14528,1696065507.3467488
1,14560,1696065507.378376
1,14592,1696065507.4129152
1,14624,1696065507.4447799
1,14656,1696065507.4746401
1,14688,1696065507.5069475
1,14720,1696065507.5433574
1,14752,1696065507.5747437
1,14784,1696065507.609926
1,14816,1696065507.6451333
1,14848,1696065507.6816869
1,14880,1696065507.7144802
1,14912,1696065507.750298
1,14944,1696065507.7865896
1,14976,1696065507.818729
1,15008,1696065507.8535278
1,15040,1696065507.8848152
1,15072,1696065507.914628
1,15104,1696065507.947097
1,15136,1696065507.985632
1,15168,1696065508.0169523
1,15200,1696065508.0505438
1,15232,1696065508.0825942
1,15264,1696065508.1131022
1,15296,1696065508.1433713
1,15328,1696065508.1792974
1,15360,1696065508.210658
1,15392,1696065508.2457778
1,15424,1696065508.2786303
1,15456,1696065508.3135395
1,15488,1696065508.3445807
1,15520,1696065508.3764808
1,15552,1696065508.4065528
1,15584,1696065508.4429722
1,15616,1696065508.475306
1,15648,1696065508.5067546
1,15680,1696065508.537343
1,15712,1696065508.5788314
1,15744,1696065508.6106544
1,15776,1696065508.642378
1,15808,1696065508.677298
1,15840,1696065508.707308
1,15872,1696065508.742637
1,15904,1696065508.774535
1,15936,1696065508.8064845
1,15968,1696065508.8385837
1,16000,1696065508.8706605
1,16032,1696065508.902498
1,16064,1696065508.9345763
1,16096,1696065508.9664671
1,16128,1696065508.9986877
1,16160,1696065509.033705
1,16192,1696065509.0653908
1,16224,1696065509.0994022
1,16256,1696065509.130784
1,16288,1696065509.1626537
1,16320,1696065509.1946664
1,16352,1696065509.2257543
1,16384,1696065509.2597842
1,16416,1696065509.2908926
1,16448,1696065509.3229535
1,16480,1696065509.3558908
1,16512,1696065509.3870502
1,16544,1696065509.4197896
1,16576,1696065509.4541721
1,16608,1696065509.4853008
1,16640,1696065509.5190144
1,16672,1696065509.5506167
1,16704,1696065509.5825818
1,16736,1696065509.6160398
1,16768,1696065509.6575015
1,16800,1696065509.6875296
1,16832,1696065509.718571
1,16864,1696065509.7551174
1,16896,1696065509.7895124
1,16928,1696065509.8210025
1,16960,1696065509.8553367
1,16992,1696065509.8867636
1,17024,1696065509.921702
1,17056,1696065509.9530072
1,17088,1696065509.982433
1,17120,1696065510.0192602
1,17152,1696065510.0509999
1,17184,1696065510.0858455
1,17216,1696065510.1186795
1,17248,1696065510.1541343
1,17280,1696065510.1872203
1,17312,1696065510.2186716
1,17344,1696065510.2508242
1,17376,1696065510.282636
1,17408,1696065510.3178823
1,17440,1696065510.3507266
1,17472,1696065510.3825219
1,17504,1696065510.4122849
1,17536,1696065510.4501898
1,17568,1696065510.4827414
1,17600,1696065510.5145898
1,17632,1696065510.5464854
1,17664,1696065510.5785267
1,17696,1696065510.6106634
1,17728,1696065510.6458719
1,17760,1696065510.6784842
1,17792,1696065510.713667
1,17824,1696065510.7470374
1,17856,1696065510.781916
1,17888,1696065510.8144782
1,17920,1696065510.8466587
1,17952,1696065510.8836706
1,17984,1696065510.9165306
1,18016,1696065510.950293
1,18048,1696065510.98267
1,18080,1696065511.0123525
1,18112,1696065511.0474482
1,18144,1696065511.079784
1,18176,1696065511.110903
1,18208,1696065511.142922
1,18240,1696065511.1751091
1,18272,1696065511.2106938
1,18304,1696065511.2425358
1,18336,1696065511.2746384
1,18368,1696065511.3095157
1,18400,1696065511.3408463
1,18432,1696065511.374554
1,18464,1696065511.4066772
1,18496,1696065511.4386394
1,18528,1696065511.4727216
1,18560,1696065511.5120008
1,18592,1696065511.5441232
1,18624,1696065511.5751038
1,18656,1696065511.610392
1,18688,1696065511.6399257
1,18720,1696065511.6778927
1,18752,1696065511.7107165
1,18784,1696065511.742549
1,18816,1696065511.774623
1,18848,1696065511.8067002
1,18880,1696065511.8361857
1,18912,1696065511.871379
1,18944,1696065511.9037526
1,18976,1696065511.9348178
1,19008,1696065511.970008
1,19040,1696065512.0025475
1,19072,1696065512.0360527
1,19104,1696065512.0669875
1,19136,1696065512.0991266
1,19168,1696065512.134183
1,19200,1696065512.163276
1,19232,1696065512.19984
1,19264,1696065512.2307186
1,19296,1696065512.2627354
1,19328,1696065512.3051913
1,19360,1696065512.3367383
1,19392,1696065512.3706124
1,19424,1696065512.4028633
1,19456,1696065512.4347992
1,19488,1696065512.4664216
1,19520,1696065512.4961643
1,19552,1696065512.5311265
1,19584,1696065512.56286
1,19616,1696065512.594534
1,19648,1696065512.6267416
1,19680,1696065512.6584845
1,19712,1696065512.6882312
1,19744,1696065512.723128
1,19776,1696065512.7546463
1,19808,1696065512.7897906
1,19840,1696065512.8227704
1,19872,1696065512.859456
1,19904,1696065512.8907695
1,19936,1696065512.922739
1,19968,1696065512.9546554
1,20000,1696065512.9866915
1,20032,1696065513.0188403
1,20064,1696065513.050612
1,20096,1696065513.082466
1,20128,1696065513.1145658
1,20160,1696065513.146422
1,20192,1696065513.1786366
1,20224,1696065513.2106142
1,20256,1696065513.244308
1,20288,1696065513.2786334
1,20320,1696065513.3108196
1,20352,1696065513.3428621
1,20384,1696065513.3744516
1,20416,1696065513.4065375
1,20448,1696065513.4388885
1,20480,1696065513.4723816
1,20512,1696065513.5031407
1,20544,1696065513.5385246
1,20576,1696065513.5746453
1,20608,1696065513.6085677
1,20640,1696065513.6398153
1,20672,1696065513.670891
1,20704,1696065513.7062507
1,20736,1696065513.7386155
1,20768,1696065513.7677302
1,20800,1696065513.802156
1,20832,1696065513.8348205
1,20864,1696065513.8700972
1,20896,1696065513.9024017
1,20928,1696065513.9363306
1,20960,1696065513.9668741
1,20992,1696065514.003356
1,21024,1696065514.0341718
1,21056,1696065514.0659354
1,21088,1696065514.0977602
1,21120,1696065514.1346865
1,21152,1696065514.1668258
1,21184,1696065514.1987014
1,21216,1696065514.230828
1,21248,1696065514.262746
1,21280,1696065514.294757
1,21312,1696065514.3298416
1,21344,1696065514.3628173
1,21376,1696065514.3946636
1,21408,1696065514.4281337
1,21440,1696065514.4597561
1,21472,1696065514.4914966
1,21504,1696065514.5229275
1,21536,1696065514.5584097
1,21568,1696065514.5873961
1,21600,1696065514.6232302
1,21632,1696065514.6545486
1,21664,1696065514.689503
1,21696,1696065514.719227
1,21728,1696065514.750252
1,21760,1696065514.7871234
1,21792,1696065514.8186994
1,21824,1696065514.8505518
1,21856,1696065514.8853831
1,21888,1696065514.916772
1,21920,1696065514.9510148
1,21952,1696065514.9825823
1,21984,1696065515.0144327
1,22016,1696065515.0437965
1,22048,1696065515.0774825
1,22080,1696065515.1075826
1,22112,1696065515.1431158
1,22144,1696065515.1745672
1,22176,1696065515.206643
1,22208,1696065515.2356308
1,22240,1696065515.2711
1,22272,1696065515.3028362
1,22304,1696065515.3377688
1,22336,1696065515.37173
1,22368,1696065515.4029489
1,22400,1696065515.438868
1,22432,1696065515.4706786
1,22464,1696065515.5014224
1,22496,1696065515.5354645
1,22528,1696065515.5667126
1,22560,1696065515.6017306
1,22592,1696065515.634402
1,22624,1696065515.6664965
1,22656,1696065515.7014391
1,22688,1696065515.7327363
1,22720,1696065515.7668517
1,22752,1696065515.801868
1,22784,1696065515.834963
1,22816,1696065515.866658
1,22848,1696065515.8985538
1,22880,1696065515.9305038
1,22912,1696065515.9628346
1,22944,1696065515.9945352
1,22976,1696065516.0265718
1,23008,1696065516.0585501
1,23040,1696065516.0908546
1,23072,1696065516.1225007
1,23104,1696065516.1545281
1,23136,1696065516.1848824
1,23168,1696065516.2195
1,23200,1696065516.2573178
1,23232,1696065516.2903109
1,23264,1696065516.3237212
1,23296,1696065516.3579133
1,23328,1696065516.3956506
1,23360,1696065516.4276729
1,23392,1696065516.4597902
1,23424,1696065516.4989562
1,23456,1696065516.532301
1,23488,1696065516.5735488
1,23520,1696065516.6089482
1,23552,1696065516.6494966
1,23584,1696065516.6810775
1,23616,1696065516.7147715
1,23648,1696065516.7465868
1,23680,1696065516.7860203
1,23712,1696065516.8170216
1,23744,1696065516.8551106
1,23776,1696065516.8857653
1,23808,1696065516.9234073
1,23840,1696065516.9561708
1,23872,1696065516.9876866
1,23904,1696065517.0178752
1,23936,1696065517.0582933
1,23968,1696065517.0928097
1,24000,1696065517.1228452
1,24032,1696065517.1587646
1,24064,1696065517.193618
1,24096,1696065517.2296615
1,24128,1696065517.262546
1,24160,1696065517.2946308
1,24192,1696065517.325258
1,24224,1696065517.3606174
1,24256,1696065517.3963072
1,24288,1696065517.4316938
1,24320,1696065517.4642553
1,24352,1696065517.5002618
1,24384,1696065517.5342953
1,24416,1696065517.5669422
1,24448,1696065517.601702
1,24480,1696065517.6377425
1,24512,1696065517.673814
1,24544,1696065517.7070925
1,24576,1696065517.7434237
1,24608,1696065517.782195
1,24640,1696065517.8164299
1,24672,1696065517.8472412
1,24704,1696065517.8823671
1,24736,1696065517.918684
1,24768,1696065517.9537823
1,24800,1696065517.9889925
1,24832,1696065518.0230439
1,24864,1696065518.0624232
1,24896,1696065518.098139
1,24928,1696065518.1336524
1,24960,1696065518.1667833
1,24992,1696065518.2024941
1,25024,1696065518.237768
1,25056,1696065518.271487
1,25088,1696065518.3027687
1,25120,1696065518.3417351
1,25152,1696065518.3748562
1,25184,1696065518.4099672
1,25216,1696065518.4455214
1,25248,1696065518.4810047
1,25280,1696065518.5130963
1,25312,1696065518.542549
1,25344,1696065518.5817876
1,25376,1696065518.6185648
1,25408,1696065518.650087
1,25440,1696065518.685552
1,25472,1696065518.717174
1,25504,1696065518.7546847
1,25536,1696065518.7865686
1,25568,1696065518.821569
1,25600,1696065518.8575208
1,25632,1696065518.8938696
1,25664,1696065518.928179
1,25696,1696065518.960332
1,25728,1696065518.991173
1,25760,1696065519.0284631
1,25792,1696065519.064328
1,25824,1696065519.1010845
1,25856,1696065519.1327703
1,25888,1696065519.1710021
1,25920,1696065519.203967
1,25952,1696065519.2428548
1,25984,1696065519.2748656
1,26016,1696065519.313702
1,26048,1696065519.3542888
1,26080,1696065519.3866534
1,26112,1696065519.417334
1,26144,1696065519.4576557
1,26176,1696065519.491072
1,26208,1696065519.526409
1,26240,1696065519.55921
1,26272,1696065519.5948305
1,26304,1696065519.6320028
1,26336,1696065519.6727064
1,26368,1696065519.7027423
1,26400,1696065519.7433383
1,26432,1696065519.778121
1,26464,1696065519.8135796
1,26496,1696065519.8446016
1,26528,1696065519.8858416
1,26560,1696065519.9208515
1,26592,1696065519.9615524
1,26624,1696065519.9915717
1,26656,1696065520.0341816
1,26688,1696065520.0719616
1,26720,1696065520.1064231
1,26752,1696065520.1400142
1,26784,1696065520.177282
1,26816,1696065520.2089756
1,26848,1696065520.244627
1,26880,1696065520.2750864
1,26912,1696065520.3153775
1,26944,1696065520.3497462
1,26976,1696065520.3792064
1,27008,1696065520.414952
1,27040,1696065520.455022
1,27072,1696065520.4861507
1,27104,1696065520.5196724
1,27136,1696065520.5559387
1,27168,1696065520.593697
1,27200,1696065520.6317372
1,27232,1696065520.6631014
1,27264,1696065520.7019584
1,27296,1696065520.7378933
1,27328,1696065520.7742429
1,27360,1696065520.8067486
1,27392,1696065520.8425639
1,27424,1696065520.8798945
1,27456,1696065520.914735
1,27488,1696065520.9467695
1,27520,1696065520.978734
1,27552,1696065521.0165274
1,27584,1696065521.050367
1,27616,1696065521.082687
1,27648,1696065521.1146715
1,27680,1696065521.1513162
1,27712,1696065521.193303
1,27744,1696065521.2276382
1,27776,1696065521.2600644
1,27808,1696065521.2989821
1,27840,1696065521.3313928
1,27872,1696065521.3628292
1,27904,1696065521.3985288
1,27936,1696065521.4338844
1,27968,1696065521.4680755
1,28000,1696065521.4992049
1,28032,1696065521.5348089
1,28064,1696065521.5701847
1,28096,1696065521.603319
1,28128,1696065521.6440456
1,28160,1696065521.6759596
1,28192,1696065521.713808
1,28224,1696065521.7469497
1,28256,1696065521.7788157
1,28288,1696065521.8106754
1,28320,1696065521.8465943
1,28352,1696065521.8893833
1,28384,1696065521.921129
1,28416,1696065521.954891
1,28448,1696065521.9901605
1,28480,1696065522.023538
1,28512,1696065522.0641198
1,28544,1696065522.0970428
1,28576,1696065522.1351714
1,28608,1696065522.1699922
1,28640,1696065522.2028089
1,28672,1696065522.238288
1,28704,1696065522.2751122
1,28736,1696065522.3105414
1,28768,1696065522.3457642
1,28800,1696065522.3784618
1,28832,1696065522.4155169
1,28864,1696065522.4470365
1,28896,1696065522.482127
1,28928,1696065522.5147002
1,28960,1696065522.55002
1,28992,1696065522.5922098
1,29024,1696065522.628025
1,29056,1696065522.6659517
1,29088,1696065522.7063646
1,29120,1696065522.7423077
1,29152,1696065522.785192
1,29184,1696065522.824873
1,29216,1696065522.8657472
1,29248,1696065522.8970308
1,29280,1696065522.930496
1,29312,1696065522.9659762
1,29344,1696065523.002679
1,29376,1696065523.0356622
1,29408,1696065523.0699687
1,29440,1696065523.1109884
1,29472,1696065523.1519992
1,29504,1696065523.1835113
1,29536,1696065523.2146761
1,29568,1696065523.2564273
1,29600,1696065523.2946644
1,29632,1696065523.326502
1,29664,1696065523.3602374
1,29696,1696065523.3978624
1,29728,1696065523.4341774
1,29760,1696065523.4679558
1,29792,1696065523.4991195
1,29824,1696065523.5417812
1,29856,1696065523.5815327
1,29888,1696065523.6128426
1,29920,1696065523.642983
1,29952,1696065523.685802
1,29984,1696065523.7257752
1,30016,1696065523.7598138
1,30048,1696065523.792655
1,30080,1696065523.8309164
1,30112,1696065523.8698645
1,30144,1696065523.89918
1,30176,1696065523.9349985
1,30208,1696065523.9705415
1,30240,1696065524.0071576
1,30272,1696065524.0399187
1,30304,1696065524.0711992
1,30336,1696065524.1142707
1,30368,1696065524.1474538
1,30400,1696065524.1804042
1,30432,1696065524.2119129
1,30464,1696065524.243042
1,30496,1696065524.2831564
1,30528,1696065524.3148928
1,30560,1696065524.3497715
1,30592,1696065524.3812258
1,30624,1696065524.417085
1,30656,1696065524.4489498
1,30688,1696065524.478545
1,30720,1696065524.5212615
1,30752,1696065524.5528238
1,30784,1696065524.5872774
1,30816,1696065524.6189303
1,30848,1696065524.6509087
1,30880,1696065524.685837
1,30912,1696065524.7189686
1,30944,1696065524.7505493
1,30976,1696065524.7825713
1,31008,1696065524.8119164
1,31040,1696065524.8495696
1,31072,1696065524.8810627
1,31104,1696065524.9147167
1,31136,1696065524.9467921
1,31168,1696065524.9804766
1,31200,1696065525.0111105
1,31232,1696065525.0460072
1,31264,1696065525.081457
1,31296,1696065525.117993
1,31328,1696065525.1512918
1,31360,1696065525.18301
1,31392,1696065525.2178295
1,31424,1696065525.252515
1,31456,1696065525.286513
1,31488,1696065525.321489
1,31520,1696065525.3556015
1,31552,1696065525.393543
1,31584,1696065525.4252555
1,31616,1696065525.460959
1,31648,1696065525.4975212
1,31680,1696065525.5291016
1,31712,1696065525.562798
1,31744,1696065525.5937529
1,31776,1696065525.627461
1,31808,1696065525.6587982
1,31840,1696065525.6938884
1,31872,1696065525.7266417
1,31904,1696065525.7588534
1,31936,1696065525.7904897
1,31968,1696065525.8226771
1,32000,1696065525.8548818
1,32032,1696065525.8866746
1,32064,1696065525.9187763
1,32096,1696065525.9505281
1,32128,1696065525.9828427
1,32160,1696065526.017391
1,32192,1696065526.0487406
1,32224,1696065526.0820549
1,32256,1696065526.1133754
1,32288,1696065526.146714
1,32320,1696065526.1759262
1,32352,1696065526.2046099
1,32384,1696065526.23341
1,32416,1696065526.2688353
1,32448,1696065526.3051746
1,32480,1696065526.3360784
1,32512,1696065526.3687422
1,32544,1696065526.400354
1,32576,1696065526.4343307
1,32608,1696065526.466784
1,32640,1696065526.498838
1,32672,1696065526.5308478
1,32704,1696065526.56278
1,32736,1696065526.5947716
1,32768,1696065526.626871
1,32800,1696065526.6586082
1,32832,1696065526.6885743
1,32864,1696065526.7248292
1,32896,1696065526.756654
1,32928,1696065526.790589
1,32960,1696065526.8227806
1,32992,1696065526.854892
1,33024,1696065526.8866334
1,33056,1696065526.920868
1,33088,1696065526.9513285
1,33120,1696065526.9859934
1,33152,1696065527.01562
1,33184,1696065527.047609
1,33216,1696065527.0798092
1,33248,1696065527.1140938
1,33280,1696065527.1469657
1,33312,1696065527.176516
1,33344,1696065527.210699
1,33376,1696065527.248355
1,33408,1696065527.279488
1,33440,1696065527.3143091
1,33472,1696065527.343893
1,33504,1696065527.3782883
1,33536,1696065527.426018
1,33568,1696065527.4698405
1,33600,1696065527.5062768
1,33632,1696065527.540831
1,33664,1696065527.5775342
1,33696,1696065527.611874
1,33728,1696065527.6456082
1,33760,1696065527.6827917
1,33792,1696065527.7164972
1,33824,1696065527.7517354
1,33856,1696065527.784689
1,33888,1696065527.8223286
1,33920,1696065527.8559585
1,33952,1696065527.8894582
1,33984,1696065527.9242318
1,34016,1696065527.9592166
1,34048,1696065527.9924815
1,34080,1696065528.027561
1,34112,1696065528.0606
1,34144,1696065528.0958474
1,34176,1696065528.1312242
1,34208,1696065528.1645992
1,34240,1696065528.202044
1,34272,1696065528.2356226
1,34304,1696065528.2690203
1,34336,1696065528.3062215
1,34368,1696065528.3422937
1,34400,1696065528.3760397
1,34432,1696065528.4114845
1,34464,1696065528.4445848
1,34496,1696065528.4794934
1,34528,1696065528.5125768
1,34560,1696065528.546006
1,34592,1696065528.5811849
1,34624,1696065528.6179278
1,34656,1696065528.6516516
1,34688,1696065528.684827
1,34720,1696065528.7221878
1,34752,1696065528.7553854
1,34784,1696065528.7900627
1,34816,1696065528.8245726
1,34848,1696065528.8619921
1,34880,1696065528.8957026
1,34912,1696065528.9290957
1,34944,1696065528.964143
1,34976,1696065528.9980004
1,35008,1696065529.0345938
1,35040,1696065529.07067
1,35072,1696065529.1042395
1,35104,1696065529.1382854
1,35136,1696065529.1730626
1,35168,1696065529.209986
1,35200,1696065529.2438834
1,35232,1696065529.2771957
1,35264,1696065529.3120158
1,35296,1696065529.3463342
1,35328,1696065529.3822246
1,35360,1696065529.4181912
1,35392,1696065529.4522738
1,35424,1696065529.4923584
1,35456,1696065529.52723
1,35488,1696065529.5604262
1,35520,1696065529.5954676
1,35552,1696065529.628612
1,35584,1696065529.6659942
1,35616,1696065529.6996841
1,35648,1696065529.7330444
1,35680,1696065529.7702384
1,35712,1696065529.8039963
1,35744,1696065529.8375905
1,35776,1696065529.873183
1,35808,1696065529.9131052
1,35840,1696065529.9471338
1,35872,1696065529.981331
1,35904,1696065530.0180666
1,35936,1696065530.0532823
1,35968,1696065530.0896313
1,36000,1696065530.1245587
1,36032,1696065530.1618044
1,36064,1696065530.1958983
1,36096,1696065530.2333848
1,36128,1696065530.267488
1,36160,1696065530.3037848
1,36192,1696065530.3370829
1,36224,1696065530.3742154
1,36256,1696065530.4102294
1,36288,1696065530.4438457
1,36320,1696065530.4776459
1,36352,1696065530.5145752
1,36384,1696065530.548009
1,36416,1696065530.5834868
1,36448,1696065530.6243858
1,36480,1696065530.660112
1,36512,1696065530.6978095
1,36544,1696065530.7319632
1,36576,1696065530.7662263
1,36608,1696065530.8005111
1,36640,1696065530.8354251
1,36672,1696065530.8779573
1,36704,1696065530.9191413
1,36736,1696065530.9620097
1,36768,1696065531.0033906
1,36800,1696065531.0362232
1,36832,1696065531.0723069
1,36864,1696065531.1062765
1,36896,1696065531.140496
1,36928,1696065531.1753602
1,36960,1696065531.2084618
1,36992,1696065531.246591
1,37024,1696065531.2896256
1,37056,1696065531.323362
1,37088,1696065531.3622136
1,37120,1696065531.3959446
1,37152,1696065531.4387534
1,37184,1696065531.4743636
1,37216,1696065531.5066388
1,37248,1696065531.5425375
1,37280,1696065531.5758657
1,37312,1696065531.6095338
1,37344,1696065531.644564
1,37376,1696065531.6819215
1,37408,1696065531.7158895
1,37440,1696065531.7535105
1,37472,1696065531.7873232
1,37504,1696065531.821347
1,37536,1696065531.8580456
1,37568,1696065531.8918543
1,37600,1696065531.9237416
1,37632,1696065531.9597995
1,37664,1696065531.9929862
1,37696,1696065532.030322
1,37728,1696065532.0662737
1,37760,1696065532.1001012
1,37792,1696065532.1382222
1,37824,1696065532.1743872
1,37856,1696065532.2082748
1,37888,1696065532.2434974
1,37920,1696065532.2768748
1,37952,1696065532.3140206
1,37984,1696065532.347709
1,38016,1696065532.3830216
1,38048,1696065532.4160094
1,38080,1696065532.4499812
1,38112,1696065532.484958
1,38144,1696065532.5220141
1,38176,1696065532.5579474
1,38208,1696065532.594314
1,38240,1696065532.6281118
1,38272,1696065532.6619592
1,38304,1696065532.6959727
1,38336,1696065532.730298
1,38368,1696065532.7654545
1,38400,1696065532.8021715
1,38432,1696065532.8381622
1,38464,1696065532.8742297
1,38496,1696065532.907939
1,38528,1696065532.9430428
1,38560,1696065532.975973
1,38592,1696065533.009984
1,38624,1696065533.0445302
1,38656,1696065533.079581
1,38688,1696065533.1125505
1,38720,1696065533.1475148
1,38752,1696065533.180891
1,38784,1696065533.2182019
1,38816,1696065533.2542565
1,38848,1696065533.2903962
1,38880,1696065533.3258605
1,38912,1696065533.360113
1,38944,1696065533.3938673
1,38976,1696065533.4285796
1,39008,1696065533.4689224
1,39040,1696065533.5062122
1,39072,1696065533.53969
1,39104,1696065533.5730546
1,39136,1696065533.6081994
1,39168,1696065533.6418505
1,39200,1696065533.6788194
1,39232,1696065533.721476
1,39264,1696065533.7553515
1,39296,1696065533.7895374
1,39328,1696065533.8264916
1,39360,1696065533.8616772
1,39392,1696065533.898177
1,39424,1696065533.932205
1,39456,1696065533.9659631
1,39488,1696065534.0024242
1,39520,1696065534.0380263
1,39552,1696065534.0719366
1,39584,1696065534.1054966
1,39616,1696065534.1472917
1,39648,1696065534.1856673
1,39680,1696065534.2190068
1,39712,1696065534.2532852
1,39744,1696065534.2903497
1,39776,1696065534.3240464
1,39808,1696065534.3575675
1,39840,1696065534.3923295
1,39872,1696065534.4261584
1,39904,1696065534.4607763
1,39936,1696065534.4981554
1,39968,1696065534.5318727
1,40000,1696065534.565201
1,40032,1696065534.6099372
1,40064,1696065534.6459043
1,40096,1696065534.6798432
1,40128,1696065534.713485
1,40160,1696065534.74853
1,40192,1696065534.785854
1,40224,1696065534.8199399
1,40256,1696065534.8556619
1,40288,1696065534.8892817
1,40320,1696065534.9243524
1,40352,1696065534.961977
1,40384,1696065534.9980009
1,40416,1696065535.0320292
1,40448,1696065535.0659256
1,40480,1696065535.1006527
1,40512,1696065535.1355605
1,40544,1696065535.1688447
1,40576,1696065535.20616
1,40608,1696065535.2418776
1,40640,1696065535.28254
1,40672,1696065535.3217409
1,40704,1696065535.3559334
1,40736,1696065535.3893623
1,40768,1696065535.4241393
1,40800,1696065535.4576058
1,40832,1696065535.4926457
1,40864,1696065535.5277925
1,40896,1696065535.5648518
1,40928,1696065535.598951
1,40960,1696065535.633243
1,40992,1696065535.677744
1,41024,1696065535.7183754
1,41056,1696065535.7519689
1,41088,1696065535.789816
1,41120,1696065535.822674
1,41152,1696065535.8568978
1,41184,1696065535.895478
1,41216,1696065535.9310122
1,41248,1696065535.9657388
