epoch,trained_sample,time
1,0,1695608355.2887309
1,16,1695608356.479289
1,32,1695608356.4941297
1,48,1695608356.5083532
1,64,1695608356.520676
1,80,1695608356.535212
1,96,1695608356.5484428
1,112,1695608356.5617466
1,128,1695608356.573953
1,144,1695608356.5879424
1,160,1695608356.5999696
1,176,1695608356.6135414
1,192,1695608356.626215
1,208,1695608356.6389217
1,224,1695608356.65242
1,240,1695608356.6643128
1,256,1695608356.6763825
1,272,1695608356.6897898
1,288,1695608356.702086
1,304,1695608356.7156367
1,320,1695608356.7276304
1,336,1695608356.7409763
1,352,1695608356.7543032
1,368,1695608356.7665546
1,384,1695608356.7808945
1,400,1695608356.793116
1,416,1695608356.8063622
1,432,1695608356.8189633
1,448,1695608356.8339472
1,464,1695608356.8464093
1,480,1695608356.85997
1,496,1695608356.8725212
1,512,1695608356.8846564
1,528,1695608356.8989706
1,544,1695608356.911763
1,560,1695608356.9238496
1,576,1695608357.0055244
1,592,1695608357.0220451
1,608,1695608357.0367208
1,624,1695608357.049547
1,640,1695608357.0618594
1,656,1695608357.0758364
1,672,1695608357.0884974
1,688,1695608357.1006665
1,704,1695608357.1153777
1,720,1695608357.128213
1,736,1695608357.1420746
1,752,1695608357.154436
1,768,1695608357.1680322
1,784,1695608357.1806738
1,800,1695608357.1928425
1,816,1695608357.206822
1,832,1695608357.2195182
1,848,1695608357.2327158
1,864,1695608357.2452593
1,880,1695608357.259277
1,896,1695608357.2719815
1,912,1695608357.284125
1,928,1695608357.3012943
1,944,1695608357.3152835
1,960,1695608357.330739
1,976,1695608357.3467765
1,992,1695608357.3589044
1,1008,1695608357.372802
1,1024,1695608357.4103162
1,1040,1695608357.42502
1,1056,1695608357.4380503
1,1072,1695608357.4527287
1,1088,1695608357.5227454
1,1104,1695608357.5393372
1,1120,1695608357.559674
1,1136,1695608357.5955071
1,1152,1695608357.608633
1,1168,1695608357.6209984
1,1184,1695608357.635637
1,1200,1695608357.6490664
1,1216,1695608357.6624799
1,1232,1695608357.6767337
1,1248,1695608357.6892722
1,1264,1695608357.701518
1,1280,1695608357.7164738
1,1296,1695608357.7290516
1,1312,1695608357.7434814
1,1328,1695608357.7561226
1,1344,1695608357.7683103
1,1360,1695608357.781651
1,1376,1695608357.795042
1,1392,1695608357.808789
1,1408,1695608357.821226
1,1424,1695608357.8355265
1,1440,1695608357.8480792
1,1456,1695608357.8604436
1,1472,1695608357.87499
1,1488,1695608357.887042
1,1504,1695608357.8994763
1,1520,1695608357.9126103
1,1536,1695608357.9253974
1,1552,1695608357.9396656
1,1568,1695608357.9524195
1,1584,1695608357.9646459
1,1600,1695608357.9769807
1,1616,1695608357.9908042
1,1632,1695608358.0034757
1,1648,1695608358.0167305
1,1664,1695608358.0293152
1,1680,1695608358.0430024
1,1696,1695608358.055843
1,1712,1695608358.0688324
1,1728,1695608358.0813868
1,1744,1695608358.0954442
1,1760,1695608358.1078684
1,1776,1695608358.1219451
1,1792,1695608358.1348994
1,1808,1695608358.1479697
1,1824,1695608358.1611414
1,1840,1695608358.1733587
1,1856,1695608358.19004
1,1872,1695608358.2045546
1,1888,1695608358.2166433
1,1904,1695608358.2288907
1,1920,1695608358.2432637
1,1936,1695608358.255821
1,1952,1695608358.2697196
1,1968,1695608358.282756
1,1984,1695608358.2958992
1,2000,1695608358.3093073
1,2016,1695608358.3216145
1,2032,1695608358.3359048
1,2048,1695608358.3485913
1,2064,1695608358.3628013
1,2080,1695608358.3755083
1,2096,1695608358.3888113
1,2112,1695608358.4014769
1,2128,1695608358.415563
1,2144,1695608358.4279904
1,2160,1695608358.4401567
1,2176,1695608358.4538891
1,2192,1695608358.466137
1,2208,1695608358.4796853
1,2224,1695608358.49162
1,2240,1695608358.5052354
1,2256,1695608358.517743
1,2272,1695608358.530559
1,2288,1695608358.5448878
1,2304,1695608358.5571816
1,2320,1695608358.5736644
1,2336,1695608358.5899022
1,2352,1695608358.6037993
1,2368,1695608358.6162524
1,2384,1695608358.6287527
1,2400,1695608358.641043
1,2416,1695608358.6567435
1,2432,1695608358.6703947
1,2448,1695608358.68359
1,2464,1695608358.6977026
1,2480,1695608358.710199
1,2496,1695608358.724549
1,2512,1695608358.736589
1,2528,1695608358.7487667
1,2544,1695608358.7628887
1,2560,1695608358.776082
1,2576,1695608358.7896962
1,2592,1695608358.8040743
1,2608,1695608358.8166013
1,2624,1695608358.8287745
1,2640,1695608358.8416438
1,2656,1695608358.854246
1,2672,1695608358.8689897
1,2688,1695608358.8815894
1,2704,1695608358.8953319
1,2720,1695608358.9086094
1,2736,1695608358.9219472
1,2752,1695608358.9363377
1,2768,1695608358.948522
1,2784,1695608358.9624648
1,2800,1695608358.977536
1,2816,1695608358.9919934
1,2832,1695608359.0040898
1,2848,1695608359.016257
1,2864,1695608359.030178
1,2880,1695608359.0429723
1,2896,1695608359.0567784
1,2912,1695608359.070518
1,2928,1695608359.0846562
1,2944,1695608359.0970607
1,2960,1695608359.1113636
1,2976,1695608359.1238227
1,2992,1695608359.1376941
1,3008,1695608359.1518536
1,3024,1695608359.1674454
1,3040,1695608359.1806185
1,3056,1695608359.1945906
1,3072,1695608359.207142
1,3088,1695608359.2198758
1,3104,1695608359.237741
1,3120,1695608359.2547965
1,3136,1695608359.26787
1,3152,1695608359.2814765
1,3168,1695608359.2958722
1,3184,1695608359.3083405
1,3200,1695608359.3205032
1,3216,1695608359.3345165
1,3232,1695608359.3470578
1,3248,1695608359.3604987
1,3264,1695608359.3730319
1,3280,1695608359.3874862
1,3296,1695608359.40005
1,3312,1695608359.4139538
1,3328,1695608359.4268148
1,3344,1695608359.4398127
1,3360,1695608359.453467
1,3376,1695608359.4678745
1,3392,1695608359.4865992
1,3408,1695608359.5046153
1,3424,1695608359.519413
1,3440,1695608359.5336416
1,3456,1695608359.5470695
1,3472,1695608359.5609238
1,3488,1695608359.573226
1,3504,1695608359.587628
1,3520,1695608359.6002436
1,3536,1695608359.6126003
1,3552,1695608359.6268582
1,3568,1695608359.639632
1,3584,1695608359.6526427
1,3600,1695608359.6685495
1,3616,1695608359.6826968
1,3632,1695608359.6949873
1,3648,1695608359.707828
1,3664,1695608359.7200563
1,3680,1695608359.741055
1,3696,1695608359.7574136
1,3712,1695608359.7759886
1,3728,1695608359.7883096
1,3744,1695608359.8040922
1,3760,1695608359.816337
1,3776,1695608359.83018
1,3792,1695608359.8425598
1,3808,1695608359.8560853
1,3824,1695608359.8687236
1,3840,1695608359.8830435
1,3856,1695608359.8954895
1,3872,1695608359.9090955
1,3888,1695608359.9224706
1,3904,1695608359.935731
1,3920,1695608359.9496377
1,3936,1695608359.962261
1,3952,1695608359.9763005
1,3968,1695608359.9883027
1,3984,1695608360.0057578
1,4000,1695608360.0200915
1,4016,1695608360.0379567
1,4032,1695608360.0537236
1,4048,1695608360.0677927
1,4064,1695608360.086711
1,4080,1695608360.1060731
1,4096,1695608360.1265814
1,4112,1695608360.1469579
1,4128,1695608360.1611269
1,4144,1695608360.1746995
1,4160,1695608360.186923
1,4176,1695608360.1983104
1,4192,1695608360.2111697
1,4208,1695608360.2242637
1,4224,1695608360.2377074
1,4240,1695608360.249527
1,4256,1695608360.2626774
1,4272,1695608360.275009
1,4288,1695608360.2873342
1,4304,1695608360.299903
1,4320,1695608360.3123708
1,4336,1695608360.324147
1,4352,1695608360.3388388
1,4368,1695608360.3510325
1,4384,1695608360.3637326
1,4400,1695608360.3759124
1,4416,1695608360.3893273
1,4432,1695608360.4018443
1,4448,1695608360.4136398
1,4464,1695608360.4266686
1,4480,1695608360.438863
1,4496,1695608360.4509432
1,4512,1695608360.464794
1,4528,1695608360.476913
1,4544,1695608360.4902961
1,4560,1695608360.5024548
1,4576,1695608360.514574
1,4592,1695608360.527766
1,4608,1695608360.540214
1,4624,1695608360.5534787
1,4640,1695608360.567067
1,4656,1695608360.5797808
1,4672,1695608360.5926986
1,4688,1695608360.6046233
1,4704,1695608360.6182652
1,4720,1695608360.630647
1,4736,1695608360.6428149
1,4752,1695608360.6555967
1,4768,1695608360.667888
1,4784,1695608360.679419
1,4800,1695608360.6925886
1,4816,1695608360.705316
1,4832,1695608360.717007
1,4848,1695608360.7345054
1,4864,1695608360.7482076
1,4880,1695608360.75991
1,4896,1695608360.772976
1,4912,1695608360.7851908
1,4928,1695608360.7983377
1,4944,1695608360.810497
1,4960,1695608360.8225145
1,4976,1695608360.8355205
1,4992,1695608360.847515
1,5008,1695608360.8605494
1,5024,1695608360.8743286
1,5040,1695608360.8865583
1,5056,1695608360.8988254
1,5072,1695608360.911786
1,5088,1695608360.92439
1,5104,1695608360.9365747
1,5120,1695608360.9496713
1,5136,1695608360.9635444
1,5152,1695608360.9755223
1,5168,1695608360.9884684
1,5184,1695608361.0009968
1,5200,1695608361.0125494
1,5216,1695608361.0253465
1,5232,1695608361.037407
1,5248,1695608361.050643
1,5264,1695608361.0628388
1,5280,1695608361.0749764
1,5296,1695608361.087785
1,5312,1695608361.1004174
1,5328,1695608361.1120367
1,5344,1695608361.1238678
1,5360,1695608361.1371663
1,5376,1695608361.1490946
1,5392,1695608361.1622849
1,5408,1695608361.174549
1,5424,1695608361.1861672
1,5440,1695608361.199017
1,5456,1695608361.2133904
1,5472,1695608361.2264962
1,5488,1695608361.2394166
1,5504,1695608361.2598855
1,5520,1695608361.2779217
1,5536,1695608361.2985551
1,5552,1695608361.314102
1,5568,1695608361.3284068
1,5584,1695608361.3419454
1,5600,1695608361.3575668
1,5616,1695608361.3728395
1,5632,1695608361.38604
1,5648,1695608361.4006062
1,5664,1695608361.413919
1,5680,1695608361.4293122
1,5696,1695608361.443103
1,5712,1695608361.4575753
1,5728,1695608361.4715543
1,5744,1695608361.4869735
1,5760,1695608361.5011833
1,5776,1695608361.5156765
1,5792,1695608361.529854
1,5808,1695608361.5442832
1,5824,1695608361.5604582
1,5840,1695608361.575544
1,5856,1695608361.590045
1,5872,1695608361.6042614
1,5888,1695608361.619374
1,5904,1695608361.6337473
1,5920,1695608361.6479132
1,5936,1695608361.6636498
1,5952,1695608361.6770856
1,5968,1695608361.6920927
1,5984,1695608361.705333
1,6000,1695608361.724261
1,6016,1695608361.7399294
1,6032,1695608361.754801
1,6048,1695608361.7762108
1,6064,1695608361.7917783
1,6080,1695608361.8062015
1,6096,1695608361.8218758
1,6112,1695608361.836455
1,6128,1695608361.8517454
1,6144,1695608361.867142
1,6160,1695608361.881522
1,6176,1695608361.8963792
1,6192,1695608361.9117885
1,6208,1695608361.9255233
1,6224,1695608361.9408224
1,6240,1695608361.9569087
1,6256,1695608361.9724326
1,6272,1695608361.9885952
1,6288,1695608362.004298
1,6304,1695608362.0214746
1,6320,1695608362.0366154
1,6336,1695608362.0522065
1,6352,1695608362.0676908
1,6368,1695608362.0833251
1,6384,1695608362.0964067
1,6400,1695608362.112194
1,6416,1695608362.1242986
1,6432,1695608362.1401172
1,6448,1695608362.1551483
1,6464,1695608362.1703796
1,6480,1695608362.1840649
1,6496,1695608362.1972623
1,6512,1695608362.2109084
1,6528,1695608362.2273383
1,6544,1695608362.2448153
1,6560,1695608362.261367
1,6576,1695608362.2760637
1,6592,1695608362.2872853
1,6608,1695608362.3004344
1,6624,1695608362.3125653
1,6640,1695608362.3239245
1,6656,1695608362.3365698
1,6672,1695608362.3485627
1,6688,1695608362.3600628
1,6704,1695608362.372858
1,6720,1695608362.385074
1,6736,1695608362.3965335
1,6752,1695608362.408241
1,6768,1695608362.4205308
1,6784,1695608362.4326744
1,6800,1695608362.4450738
1,6816,1695608362.456915
1,6832,1695608362.4697087
1,6848,1695608362.4830315
1,6864,1695608362.4950032
1,6880,1695608362.507489
1,6896,1695608362.5215478
1,6912,1695608362.5343723
1,6928,1695608362.5464215
1,6944,1695608362.5594218
1,6960,1695608362.5721226
1,6976,1695608362.5846903
1,6992,1695608362.596049
1,7008,1695608362.6090999
1,7024,1695608362.6212878
1,7040,1695608362.6326418
1,7056,1695608362.644267
1,7072,1695608362.6598783
1,7088,1695608362.6735091
1,7104,1695608362.6863115
1,7120,1695608362.697463
1,7136,1695608362.7089286
1,7152,1695608362.7224371
1,7168,1695608362.735621
1,7184,1695608362.7480083
1,7200,1695608362.7599547
1,7216,1695608362.7718062
1,7232,1695608362.7837489
1,7248,1695608362.7957983
1,7264,1695608362.807762
1,7280,1695608362.819321
1,7296,1695608362.831923
1,7312,1695608362.8436255
1,7328,1695608362.8570414
1,7344,1695608362.8690398
1,7360,1695608362.8818924
1,7376,1695608362.893393
1,7392,1695608362.9045472
1,7408,1695608362.9191532
1,7424,1695608362.9302773
1,7440,1695608362.9430702
1,7456,1695608362.955869
1,7472,1695608362.9708645
1,7488,1695608362.9833634
1,7504,1695608362.9954808
1,7520,1695608363.0085683
1,7536,1695608363.0201435
1,7552,1695608363.0343115
1,7568,1695608363.045769
1,7584,1695608363.0589674
1,7600,1695608363.0720105
1,7616,1695608363.0853481
1,7632,1695608363.1024156
1,7648,1695608363.1165233
1,7664,1695608363.131225
1,7680,1695608363.1492295
1,7696,1695608363.1602368
1,7712,1695608363.1713095
1,7728,1695608363.1866136
1,7744,1695608363.1993906
1,7760,1695608363.212115
1,7776,1695608363.2244124
1,7792,1695608363.2355034
1,7808,1695608363.247727
1,7824,1695608363.2611191
1,7840,1695608363.2727244
1,7856,1695608363.2840774
1,7872,1695608363.2954235
1,7888,1695608363.310146
1,7904,1695608363.3228154
1,7920,1695608363.3351922
1,7936,1695608363.3480625
1,7952,1695608363.3591127
1,7968,1695608363.3716595
1,7984,1695608363.3853004
1,8000,1695608363.3982787
1,8016,1695608363.41044
1,8032,1695608363.4230285
1,8048,1695608363.4347157
1,8064,1695608363.4473577
1,8080,1695608363.4595225
1,8096,1695608363.4725358
1,8112,1695608363.4837832
1,8128,1695608363.496999
1,8144,1695608363.5084107
1,8160,1695608363.5192664
1,8176,1695608363.5339928
1,8192,1695608363.5468786
1,8208,1695608363.5593371
1,8224,1695608363.5718646
1,8240,1695608363.584779
1,8256,1695608363.5985544
1,8272,1695608363.6098628
1,8288,1695608363.6215372
1,8304,1695608363.6354823
1,8320,1695608363.6480207
1,8336,1695608363.6592662
1,8352,1695608363.6707861
1,8368,1695608363.683725
1,8384,1695608363.696598
1,8400,1695608363.708635
1,8416,1695608363.720193
1,8432,1695608363.7349806
1,8448,1695608363.7476208
1,8464,1695608363.7596214
1,8480,1695608363.772573
1,8496,1695608363.785942
1,8512,1695608363.7973073
1,8528,1695608363.809364
1,8544,1695608363.8225207
1,8560,1695608363.834354
1,8576,1695608363.8459723
1,8592,1695608363.858194
1,8608,1695608363.8704484
1,8624,1695608363.8821416
1,8640,1695608363.8946137
1,8656,1695608363.9064546
1,8672,1695608363.9189587
1,8688,1695608363.9324698
1,8704,1695608363.9458969
1,8720,1695608363.9592757
1,8736,1695608363.9770625
1,8752,1695608363.9968991
1,8768,1695608364.0141964
1,8784,1695608364.027909
1,8800,1695608364.0406563
1,8816,1695608364.052296
1,8832,1695608364.0637133
1,8848,1695608364.0764668
1,8864,1695608364.0888073
1,8880,1695608364.100158
1,8896,1695608364.1117747
1,8912,1695608364.1243575
1,8928,1695608364.1364336
1,8944,1695608364.149133
1,8960,1695608364.162723
1,8976,1695608364.1747546
1,8992,1695608364.187767
1,9008,1695608364.200312
1,9024,1695608364.2137227
1,9040,1695608364.2269168
1,9056,1695608364.2408576
1,9072,1695608364.254193
1,9088,1695608364.266965
1,9104,1695608364.2804468
1,9120,1695608364.2921698
1,9136,1695608364.3034766
1,9152,1695608364.3154695
1,9168,1695608364.3297772
1,9184,1695608364.3416278
1,9200,1695608364.3529012
1,9216,1695608364.3653917
1,9232,1695608364.3781452
1,9248,1695608364.389698
1,9264,1695608364.402918
1,9280,1695608364.4137566
1,9296,1695608364.4249153
1,9312,1695608364.4378934
1,9328,1695608364.4495306
1,9344,1695608364.4605775
1,9360,1695608364.479419
1,9376,1695608364.4942143
1,9392,1695608364.5091777
1,9408,1695608364.5242639
1,9424,1695608364.541812
1,9440,1695608364.554586
1,9456,1695608364.5667222
1,9472,1695608364.5778017
1,9488,1695608364.590326
1,9504,1695608364.6024396
1,9520,1695608364.6142564
1,9536,1695608364.6263871
1,9552,1695608364.6381378
1,9568,1695608364.6535385
1,9584,1695608364.6677105
1,9600,1695608364.679637
1,9616,1695608364.6915
1,9632,1695608364.7038293
1,9648,1695608364.7166362
1,9664,1695608364.7283392
1,9680,1695608364.740693
1,9696,1695608364.7526062
1,9712,1695608364.7638867
1,9728,1695608364.780335
1,9744,1695608364.7917974
1,9760,1695608364.8029063
1,9776,1695608364.816892
1,9792,1695608364.8300214
1,9808,1695608364.841675
1,9824,1695608364.854244
1,9840,1695608364.86579
1,9856,1695608364.8785806
1,9872,1695608364.890424
1,9888,1695608364.90203
1,9904,1695608364.9148097
1,9920,1695608364.9269998
1,9936,1695608364.939351
1,9952,1695608364.9517136
1,9968,1695608364.9669838
1,9984,1695608364.9799566
1,10000,1695608364.9924417
1,10016,1695608365.0038304
1,10032,1695608365.0172632
1,10048,1695608365.0296352
1,10064,1695608365.0409791
1,10080,1695608365.0525017
1,10096,1695608365.069835
1,10112,1695608365.081531
1,10128,1695608365.0942342
1,10144,1695608365.1059654
1,10160,1695608365.1184616
1,10176,1695608365.1304035
1,10192,1695608365.1421096
1,10208,1695608365.154665
1,10224,1695608365.1667511
1,10240,1695608365.1789157
1,10256,1695608365.191559
1,10272,1695608365.2035823
1,10288,1695608365.2150028
1,10304,1695608365.2287157
1,10320,1695608365.2412293
1,10336,1695608365.252817
1,10352,1695608365.2659707
1,10368,1695608365.277944
1,10384,1695608365.2905486
1,10400,1695608365.3036714
1,10416,1695608365.315362
1,10432,1695608365.3281157
1,10448,1695608365.3405638
1,10464,1695608365.3519208
1,10480,1695608365.3643174
1,10496,1695608365.3780568
1,10512,1695608365.3899262
1,10528,1695608365.4032614
1,10544,1695608365.4150472
1,10560,1695608365.427762
1,10576,1695608365.440585
1,10592,1695608365.4524612
1,10608,1695608365.4656005
1,10624,1695608365.479364
1,10640,1695608365.49066
1,10656,1695608365.503464
1,10672,1695608365.5160422
1,10688,1695608365.5284054
1,10704,1695608365.5397944
1,10720,1695608365.5512075
1,10736,1695608365.5639722
1,10752,1695608365.5770962
1,10768,1695608365.588565
1,10784,1695608365.60156
1,10800,1695608365.613077
1,10816,1695608365.6245668
1,10832,1695608365.6375542
1,10848,1695608365.6497808
1,10864,1695608365.6610663
1,10880,1695608365.6729374
1,10896,1695608365.6861894
1,10912,1695608365.6982038
1,10928,1695608365.7098784
1,10944,1695608365.7225099
1,10960,1695608365.736156
1,10976,1695608365.747762
1,10992,1695608365.761024
1,11008,1695608365.77325
1,11024,1695608365.7846005
1,11040,1695608365.7964885
1,11056,1695608365.8084667
1,11072,1695608365.8211174
1,11088,1695608365.832486
1,11104,1695608365.8455536
1,11120,1695608365.857853
1,11136,1695608365.8693993
1,11152,1695608365.8826902
1,11168,1695608365.8945863
1,11184,1695608365.9064546
1,11200,1695608365.9191756
1,11216,1695608365.931278
1,11232,1695608365.944074
1,11248,1695608365.9565294
1,11264,1695608365.9678504
1,11280,1695608365.980416
1,11296,1695608365.9942665
1,11312,1695608366.0056977
1,11328,1695608366.0178132
1,11344,1695608366.0302215
1,11360,1695608366.0417755
1,11376,1695608366.0547764
1,11392,1695608366.0670583
1,11408,1695608366.0818326
1,11424,1695608366.0978491
1,11440,1695608366.11113
1,11456,1695608366.1228006
1,11472,1695608366.1348832
1,11488,1695608366.1481345
1,11504,1695608366.1597486
1,11520,1695608366.172315
1,11536,1695608366.18493
1,11552,1695608366.1975992
1,11568,1695608366.2116077
1,11584,1695608366.223963
1,11600,1695608366.2359064
1,11616,1695608366.2476156
1,11632,1695608366.2603707
1,11648,1695608366.2728505
1,11664,1695608366.2844903
1,11680,1695608366.2993982
1,11696,1695608366.3111138
1,11712,1695608366.3242133
1,11728,1695608366.3357193
1,11744,1695608366.3484848
1,11760,1695608366.3616426
1,11776,1695608366.3731017
1,11792,1695608366.3863747
1,11808,1695608366.3981907
1,11824,1695608366.4100106
1,11840,1695608366.423239
1,11856,1695608366.4352386
1,11872,1695608366.4467475
1,11888,1695608366.4593673
1,11904,1695608366.4721603
1,11920,1695608366.4834287
1,11936,1695608366.4973836
1,11952,1695608366.5101764
1,11968,1695608366.5226681
1,11984,1695608366.5357838
1,12000,1695608366.5472493
1,12016,1695608366.5589895
1,12032,1695608366.572746
1,12048,1695608366.5860746
1,12064,1695608366.598215
1,12080,1695608366.6108522
1,12096,1695608366.6228158
1,12112,1695608366.635586
1,12128,1695608366.6487763
1,12144,1695608366.6611338
1,12160,1695608366.6782236
1,12176,1695608366.6974192
1,12192,1695608366.7174218
1,12208,1695608366.7377589
1,12224,1695608366.756466
1,12240,1695608366.7709656
1,12256,1695608366.7830274
1,12272,1695608366.7959266
1,12288,1695608366.8074796
1,12304,1695608366.818841
1,12320,1695608366.8320851
1,12336,1695608366.844916
1,12352,1695608366.856155
1,12368,1695608366.8676019
1,12384,1695608366.8836591
1,12400,1695608366.8959236
1,12416,1695608366.9094021
1,12432,1695608366.9207644
1,12448,1695608366.9320984
1,12464,1695608366.9466217
1,12480,1695608366.958569
1,12496,1695608366.970814
1,12512,1695608366.9827857
1,12528,1695608366.9946077
1,12544,1695608367.006927
1,12560,1695608367.0188477
1,12576,1695608367.0307157
1,12592,1695608367.043367
1,12608,1695608367.0558174
1,12624,1695608367.0677142
1,12640,1695608367.0796094
1,12656,1695608367.0914886
1,12672,1695608367.1034482
1,12688,1695608367.1153555
1,12704,1695608367.1273167
1,12720,1695608367.1385248
1,12736,1695608367.1501768
1,12752,1695608367.1616628
1,12768,1695608367.1770747
1,12784,1695608367.1906445
1,12800,1695608367.2032096
1,12816,1695608367.215074
1,12832,1695608367.2272644
1,12848,1695608367.2397718
1,12864,1695608367.2511957
1,12880,1695608367.264287
1,12896,1695608367.2767031
1,12912,1695608367.2879262
1,12928,1695608367.3006816
1,12944,1695608367.3140342
1,12960,1695608367.3253272
1,12976,1695608367.3372793
1,12992,1695608367.3500776
1,13008,1695608367.3618243
1,13024,1695608367.3731763
1,13040,1695608367.3864582
1,13056,1695608367.3982306
1,13072,1695608367.4099705
1,13088,1695608367.4230387
1,13104,1695608367.4346788
1,13120,1695608367.4468791
1,13136,1695608367.4594536
1,13152,1695608367.4715922
1,13168,1695608367.4828885
1,13184,1695608367.4955125
1,13200,1695608367.508193
1,13216,1695608367.5198963
1,13232,1695608367.5320423
1,13248,1695608367.5441673
1,13264,1695608367.5556278
1,13280,1695608367.5682583
1,13296,1695608367.5825963
1,13312,1695608367.5944808
1,13328,1695608367.607151
1,13344,1695608367.618984
1,13360,1695608367.6313217
1,13376,1695608367.6437378
1,13392,1695608367.6559267
1,13408,1695608367.6696804
1,13424,1695608367.684516
1,13440,1695608367.6957932
1,13456,1695608367.7071881
1,13472,1695608367.7204242
1,13488,1695608367.732979
1,13504,1695608367.7442465
1,13520,1695608367.755606
1,13536,1695608367.7682855
1,13552,1695608367.7805972
1,13568,1695608367.7917726
1,13584,1695608367.8031
1,13600,1695608367.8157492
1,13616,1695608367.827892
1,13632,1695608367.8400211
1,13648,1695608367.851893
1,13664,1695608367.8634334
1,13680,1695608367.8761032
1,13696,1695608367.8883584
1,13712,1695608367.901353
1,13728,1695608367.9161174
1,13744,1695608367.9309785
1,13760,1695608367.9438453
1,13776,1695608367.9560757
1,13792,1695608367.9680333
1,13808,1695608367.9794407
1,13824,1695608367.9909987
1,13840,1695608368.0044837
1,13856,1695608368.0159202
1,13872,1695608368.0286994
1,13888,1695608368.040375
1,13904,1695608368.052899
1,13920,1695608368.0662978
1,13936,1695608368.078093
1,13952,1695608368.0912228
1,13968,1695608368.1032119
1,13984,1695608368.115677
1,14000,1695608368.1278877
1,14016,1695608368.1400719
1,14032,1695608368.1529448
1,14048,1695608368.1665447
1,14064,1695608368.1782777
1,14080,1695608368.1898284
1,14096,1695608368.2028096
1,14112,1695608368.2149246
1,14128,1695608368.2273533
1,14144,1695608368.2398236
1,14160,1695608368.25204
1,14176,1695608368.2640314
1,14192,1695608368.275984
1,14208,1695608368.2880375
1,14224,1695608368.3022304
1,14240,1695608368.3172576
1,14256,1695608368.3312583
1,14272,1695608368.3438008
1,14288,1695608368.3562524
1,14304,1695608368.3676305
1,14320,1695608368.380882
1,14336,1695608368.393243
1,14352,1695608368.4045491
1,14368,1695608368.4174216
1,14384,1695608368.4293134
1,14400,1695608368.440811
1,14416,1695608368.4528303
1,14432,1695608368.4657917
1,14448,1695608368.4778175
1,14464,1695608368.489127
1,14480,1695608368.5025268
1,14496,1695608368.5145352
1,14512,1695608368.5262525
1,14528,1695608368.5391817
1,14544,1695608368.551022
1,14560,1695608368.5631595
1,14576,1695608368.5758379
1,14592,1695608368.5882633
1,14608,1695608368.6000075
1,14624,1695608368.6113722
1,14640,1695608368.6239533
1,14656,1695608368.6369858
1,14672,1695608368.6486967
1,14688,1695608368.6617777
1,14704,1695608368.6737425
1,14720,1695608368.6851168
1,14736,1695608368.6983912
1,14752,1695608368.7104945
1,14768,1695608368.7223408
1,14784,1695608368.7347336
1,14800,1695608368.7464616
1,14816,1695608368.758516
1,14832,1695608368.7710712
1,14848,1695608368.7831879
1,14864,1695608368.795685
1,14880,1695608368.8081768
1,14896,1695608368.8192782
1,14912,1695608368.832413
1,14928,1695608368.844729
1,14944,1695608368.856044
1,14960,1695608368.868033
1,14976,1695608368.880909
1,14992,1695608368.892952
1,15008,1695608368.9043128
1,15024,1695608368.9159312
1,15040,1695608368.9284737
1,15056,1695608368.9419498
1,15072,1695608368.9553332
1,15088,1695608368.9673367
1,15104,1695608368.979237
1,15120,1695608368.9910777
1,15136,1695608369.0032282
1,15152,1695608369.0160635
1,15168,1695608369.02848
1,15184,1695608369.041235
1,15200,1695608369.0547493
1,15216,1695608369.0664725
1,15232,1695608369.0781703
1,15248,1695608369.0910728
1,15264,1695608369.1032407
1,15280,1695608369.1156907
1,15296,1695608369.1283338
1,15312,1695608369.1397173
1,15328,1695608369.1510303
1,15344,1695608369.1637948
1,15360,1695608369.1762564
1,15376,1695608369.1874025
1,15392,1695608369.204559
1,15408,1695608369.2157629
1,15424,1695608369.2284586
1,15440,1695608369.242511
1,15456,1695608369.2541888
1,15472,1695608369.2669559
1,15488,1695608369.2785654
1,15504,1695608369.2905107
1,15520,1695608369.3036296
1,15536,1695608369.3155005
1,15552,1695608369.3274283
1,15568,1695608369.339346
1,15584,1695608369.351182
1,15600,1695608369.3627467
1,15616,1695608369.3747692
1,15632,1695608369.3872056
1,15648,1695608369.3983417
1,15664,1695608369.4105856
1,15680,1695608369.4230163
1,15696,1695608369.4343588
1,15712,1695608369.4466844
1,15728,1695608369.4596174
1,15744,1695608369.4718637
1,15760,1695608369.483988
1,15776,1695608369.495705
1,15792,1695608369.5082872
1,15808,1695608369.520392
1,15824,1695608369.5318751
1,15840,1695608369.543235
1,15856,1695608369.5563273
1,15872,1695608369.568671
1,15888,1695608369.5798442
1,15904,1695608369.59124
1,15920,1695608369.6044
1,15936,1695608369.6168208
1,15952,1695608369.6280184
1,15968,1695608369.6392841
1,15984,1695608369.6519542
1,16000,1695608369.664498
1,16016,1695608369.6757534
1,16032,1695608369.6871593
1,16048,1695608369.6996925
1,16064,1695608369.7119362
1,16080,1695608369.7237644
1,16096,1695608369.7358987
1,16112,1695608369.7473764
1,16128,1695608369.759831
1,16144,1695608369.7721956
1,16160,1695608369.7841506
1,16176,1695608369.7954319
1,16192,1695608369.8080127
1,16208,1695608369.8202624
1,16224,1695608369.8320901
1,16240,1695608369.8439932
1,16256,1695608369.8568852
1,16272,1695608369.8691185
1,16288,1695608369.8802404
1,16304,1695608369.8912146
1,16320,1695608369.905995
1,16336,1695608369.918931
1,16352,1695608369.931394
1,16368,1695608369.9435787
1,16384,1695608369.9551961
1,16400,1695608369.9678936
1,16416,1695608369.9801993
1,16432,1695608369.9946373
1,16448,1695608370.0056884
1,16464,1695608370.0180385
1,16480,1695608370.0308383
1,16496,1695608370.0427113
1,16512,1695608370.0556998
1,16528,1695608370.067949
1,16544,1695608370.080037
1,16560,1695608370.0914066
1,16576,1695608370.1082025
1,16592,1695608370.1212735
1,16608,1695608370.1325471
1,16624,1695608370.1454036
1,16640,1695608370.1576014
1,16656,1695608370.1689072
1,16672,1695608370.180545
1,16688,1695608370.1935406
1,16704,1695608370.205079
1,16720,1695608370.2177825
1,16736,1695608370.2298386
1,16752,1695608370.2411835
1,16768,1695608370.2534192
1,16784,1695608370.2655923
1,16800,1695608370.2768922
1,16816,1695608370.2897327
1,16832,1695608370.3016405
1,16848,1695608370.3128884
1,16864,1695608370.3247182
1,16880,1695608370.3376799
1,16896,1695608370.3497446
1,16912,1695608370.361126
1,16928,1695608370.3741353
1,16944,1695608370.3859866
1,16960,1695608370.397706
1,16976,1695608370.4108777
1,16992,1695608370.4226222
1,17008,1695608370.4343436
1,17024,1695608370.4468613
1,17040,1695608370.4589393
1,17056,1695608370.4708943
1,17072,1695608370.483337
1,17088,1695608370.4954743
1,17104,1695608370.5073113
1,17120,1695608370.5194836
1,17136,1695608370.531286
1,17152,1695608370.544404
1,17168,1695608370.5566773
1,17184,1695608370.5682118
1,17200,1695608370.5809274
1,17216,1695608370.5944405
1,17232,1695608370.6061132
1,17248,1695608370.619092
1,17264,1695608370.6308217
1,17280,1695608370.6428554
1,17296,1695608370.6552591
1,17312,1695608370.6675107
1,17328,1695608370.6802552
1,17344,1695608370.692609
1,17360,1695608370.7037303
1,17376,1695608370.7164133
1,17392,1695608370.7283983
1,17408,1695608370.7397678
1,17424,1695608370.7523215
1,17440,1695608370.76401
1,17456,1695608370.7753532
1,17472,1695608370.7885182
1,17488,1695608370.8010538
1,17504,1695608370.8122988
1,17520,1695608370.8236613
1,17536,1695608370.8362384
1,17552,1695608370.8483822
1,17568,1695608370.8612788
1,17584,1695608370.8744233
1,17600,1695608370.8864958
1,17616,1695608370.898345
1,17632,1695608370.9106867
1,17648,1695608370.9225185
1,17664,1695608370.9370112
1,17680,1695608370.9492655
1,17696,1695608370.9607282
1,17712,1695608370.9719644
1,17728,1695608370.9888246
1,17744,1695608370.999691
1,17760,1695608371.0114
1,17776,1695608371.0240817
1,17792,1695608371.0390868
1,17808,1695608371.0499988
1,17824,1695608371.0625122
1,17840,1695608371.0743153
1,17856,1695608371.0882244
1,17872,1695608371.099252
1,17888,1695608371.110909
1,17904,1695608371.1229055
1,17920,1695608371.1371207
1,17936,1695608371.1481802
1,17952,1695608371.1620858
1,17968,1695608371.173767
1,17984,1695608371.1888494
1,18000,1695608371.2002263
1,18016,1695608371.2116358
1,18032,1695608371.224195
1,18048,1695608371.240784
1,18064,1695608371.251911
1,18080,1695608371.2632105
1,18096,1695608371.2756228
1,18112,1695608371.2908661
1,18128,1695608371.3016615
1,18144,1695608371.3140361
1,18160,1695608371.3258572
1,18176,1695608371.3408499
1,18192,1695608371.3522193
1,18208,1695608371.363623
1,18224,1695608371.3763182
1,18240,1695608371.390952
1,18256,1695608371.4020495
1,18272,1695608371.4145622
1,18288,1695608371.4263525
1,18304,1695608371.4406416
1,18320,1695608371.4528496
1,18336,1695608371.4641776
1,18352,1695608371.4755204
1,18368,1695608371.4904282
1,18384,1695608371.5010905
1,18400,1695608371.513699
1,18416,1695608371.5258422
1,18432,1695608371.539479
1,18448,1695608371.5498888
1,18464,1695608371.5656414
1,18480,1695608371.5769744
1,18496,1695608371.5898743
1,18512,1695608371.6019022
1,18528,1695608371.6132042
1,18544,1695608371.6258032
1,18560,1695608371.6377068
1,18576,1695608371.6488962
1,18592,1695608371.6607327
1,18608,1695608371.6741612
1,18624,1695608371.6861002
1,18640,1695608371.6975014
1,18656,1695608371.7100189
1,18672,1695608371.7216926
1,18688,1695608371.7330701
1,18704,1695608371.7458787
1,18720,1695608371.7621102
1,18736,1695608371.7793863
1,18752,1695608371.7907176
1,18768,1695608371.8048568
1,18784,1695608371.816716
1,18800,1695608371.8280368
1,18816,1695608371.83944
1,18832,1695608371.8522916
1,18848,1695608371.8644593
1,18864,1695608371.875633
1,18880,1695608371.8885498
1,18896,1695608371.9007685
1,18912,1695608371.9119823
1,18928,1695608371.9234245
1,18944,1695608371.9361718
1,18960,1695608371.9489322
1,18976,1695608371.9597666
1,18992,1695608371.9726381
1,19008,1695608371.984965
1,19024,1695608371.9962227
1,19040,1695608372.007684
1,19056,1695608372.020376
1,19072,1695608372.0321355
1,19088,1695608372.043442
1,19104,1695608372.0555413
1,19120,1695608372.0683029
1,19136,1695608372.0796947
1,19152,1695608372.0927534
1,19168,1695608372.1049764
1,19184,1695608372.116318
1,19200,1695608372.1278298
1,19216,1695608372.1409535
1,19232,1695608372.1524224
1,19248,1695608372.1637366
1,19264,1695608372.1763363
1,19280,1695608372.1881597
1,19296,1695608372.2008116
1,19312,1695608372.2144103
1,19328,1695608372.2262242
1,19344,1695608372.2386992
1,19360,1695608372.250391
1,19376,1695608372.2614179
1,19392,1695608372.2747347
1,19408,1695608372.2865195
1,19424,1695608372.2977347
1,19440,1695608372.3110209
1,19456,1695608372.3230963
1,19472,1695608372.335423
1,19488,1695608372.3477886
1,19504,1695608372.3598244
1,19520,1695608372.3718605
1,19536,1695608372.3840935
1,19552,1695608372.3953621
1,19568,1695608372.4080153
1,19584,1695608372.4204462
1,19600,1695608372.4320517
1,19616,1695608372.4436722
1,19632,1695608372.455903
1,19648,1695608372.4706485
1,19664,1695608372.4824688
1,19680,1695608372.494589
1,19696,1695608372.5063417
1,19712,1695608372.5179424
1,19728,1695608372.530728
1,19744,1695608372.5423682
1,19760,1695608372.5538738
1,19776,1695608372.5663235
1,19792,1695608372.5784879
1,19808,1695608372.5903301
1,19824,1695608372.6030872
1,19840,1695608372.6151547
1,19856,1695608372.6272929
1,19872,1695608372.6394966
1,19888,1695608372.651855
1,19904,1695608372.663424
1,19920,1695608372.6757262
1,19936,1695608372.6874683
1,19952,1695608372.6989036
1,19968,1695608372.7112591
1,19984,1695608372.7237551
1,20000,1695608372.7358775
1,20016,1695608372.7477038
1,20032,1695608372.7591271
1,20048,1695608372.7716913
1,20064,1695608372.7840357
1,20080,1695608372.7955394
1,20096,1695608372.8083186
1,20112,1695608372.8205833
1,20128,1695608372.8319519
1,20144,1695608372.843343
1,20160,1695608372.8566098
1,20176,1695608372.8690474
1,20192,1695608372.8803337
1,20208,1695608372.895491
1,20224,1695608372.9077568
1,20240,1695608372.920617
1,20256,1695608372.9325984
1,20272,1695608372.9437597
1,20288,1695608372.958235
1,20304,1695608372.9726577
1,20320,1695608372.9853227
1,20336,1695608372.9966888
1,20352,1695608373.0095909
1,20368,1695608373.021507
1,20384,1695608373.0327861
1,20400,1695608373.0456574
1,20416,1695608373.057805
1,20432,1695608373.0692592
1,20448,1695608373.0817494
1,20464,1695608373.093574
1,20480,1695608373.1051543
1,20496,1695608373.118045
1,20512,1695608373.1298568
1,20528,1695608373.1410427
1,20544,1695608373.1527865
1,20560,1695608373.1658542
1,20576,1695608373.1774395
1,20592,1695608373.1903872
1,20608,1695608373.2025485
1,20624,1695608373.2143445
1,20640,1695608373.2267098
1,20656,1695608373.2387614
1,20672,1695608373.250824
1,20688,1695608373.263263
1,20704,1695608373.2748306
1,20720,1695608373.2857819
1,20736,1695608373.2993116
1,20752,1695608373.3101087
1,20768,1695608373.3209522
1,20784,1695608373.3346863
1,20800,1695608373.3477511
1,20816,1695608373.3588505
1,20832,1695608373.3710206
1,20848,1695608373.3833895
1,20864,1695608373.3979948
1,20880,1695608373.4089978
1,20896,1695608373.4213703
1,20912,1695608373.4327981
1,20928,1695608373.4461546
1,20944,1695608373.4574995
1,20960,1695608373.469784
1,20976,1695608373.481313
1,20992,1695608373.4966106
1,21008,1695608373.5073972
1,21024,1695608373.518279
1,21040,1695608373.529233
1,21056,1695608373.5427861
1,21072,1695608373.5536172
1,21088,1695608373.5658872
1,21104,1695608373.5773182
1,21120,1695608373.5923681
1,21136,1695608373.6037152
1,21152,1695608373.6152327
1,21168,1695608373.628166
1,21184,1695608373.6433768
1,21200,1695608373.6543539
1,21216,1695608373.6672444
1,21232,1695608373.6792824
1,21248,1695608373.6931212
1,21264,1695608373.7052171
1,21280,1695608373.7162306
1,21296,1695608373.7270658
1,21312,1695608373.740662
1,21328,1695608373.7515008
1,21344,1695608373.7624824
1,21360,1695608373.773306
1,21376,1695608373.7868621
1,21392,1695608373.7976923
1,21408,1695608373.8086827
1,21424,1695608373.8195138
1,21440,1695608373.8331122
1,21456,1695608373.843994
1,21472,1695608373.8549523
1,21488,1695608373.8658102
1,21504,1695608373.8804157
1,21520,1695608373.891172
1,21536,1695608373.9021792
1,21552,1695608373.9130297
1,21568,1695608373.9263737
1,21584,1695608373.9370933
1,21600,1695608373.9480698
1,21616,1695608373.959095
1,21632,1695608373.9724844
1,21648,1695608373.983663
1,21664,1695608373.9960105
1,21680,1695608374.0107527
1,21696,1695608374.0242074
1,21712,1695608374.0352721
1,21728,1695608374.046201
1,21744,1695608374.0571954
1,21760,1695608374.0707958
1,21776,1695608374.0826705
1,21792,1695608374.0945063
1,21808,1695608374.1059513
1,21824,1695608374.119128
1,21840,1695608374.13034
1,21856,1695608374.1414557
1,21872,1695608374.1523952
1,21888,1695608374.1657717
1,21904,1695608374.1764739
1,21920,1695608374.187358
1,21936,1695608374.198386
1,21952,1695608374.2118213
1,21968,1695608374.22273
1,21984,1695608374.233682
1,22000,1695608374.244739
1,22016,1695608374.2582085
1,22032,1695608374.2690487
1,22048,1695608374.2844403
1,22064,1695608374.2971194
1,22080,1695608374.3105316
1,22096,1695608374.3221548
1,22112,1695608374.3343995
1,22128,1695608374.3463762
1,22144,1695608374.3582516
1,22160,1695608374.3713624
1,22176,1695608374.3832815
1,22192,1695608374.3952954
1,22208,1695608374.407511
1,22224,1695608374.4194884
1,22240,1695608374.4313354
1,22256,1695608374.4436607
1,22272,1695608374.455854
1,22288,1695608374.467254
1,22304,1695608374.4798763
1,22320,1695608374.4922955
1,22336,1695608374.5041375
1,22352,1695608374.5164056
1,22368,1695608374.529176
1,22384,1695608374.5405803
1,22400,1695608374.5520627
1,22416,1695608374.5677686
1,22432,1695608374.5803397
1,22448,1695608374.5917609
1,22464,1695608374.603107
1,22480,1695608374.61575
1,22496,1695608374.628344
1,22512,1695608374.639617
1,22528,1695608374.652712
1,22544,1695608374.6644695
1,22560,1695608374.6757793
1,22576,1695608374.688681
1,22592,1695608374.7009773
1,22608,1695608374.7122777
1,22624,1695608374.7256339
1,22640,1695608374.7396202
1,22656,1695608374.7507527
1,22672,1695608374.7633574
1,22688,1695608374.7762136
1,22704,1695608374.7875912
1,22720,1695608374.7990632
1,22736,1695608374.8120258
1,22752,1695608374.8245435
1,22768,1695608374.8357508
1,22784,1695608374.8487883
1,22800,1695608374.8609042
1,22816,1695608374.8723767
1,22832,1695608374.885187
1,22848,1695608374.8972497
1,22864,1695608374.9085596
1,22880,1695608374.9221346
1,22896,1695608374.937101
1,22912,1695608374.9493988
1,22928,1695608374.9626777
1,22944,1695608374.9744177
1,22960,1695608374.9860291
1,22976,1695608374.9984753
1,22992,1695608375.0105116
1,23008,1695608375.0223854
1,23024,1695608375.0348003
1,23040,1695608375.0467424
1,23056,1695608375.058673
1,23072,1695608375.072108
1,23088,1695608375.0838962
1,23104,1695608375.0958729
1,23120,1695608375.107734
1,23136,1695608375.1195498
1,23152,1695608375.1315293
1,23168,1695608375.1434932
1,23184,1695608375.1549566
1,23200,1695608375.1678016
1,23216,1695608375.1832955
1,23232,1695608375.1961243
1,23248,1695608375.2082646
1,23264,1695608375.219859
1,23280,1695608375.2316513
1,23296,1695608375.2448218
1,23312,1695608375.2567809
1,23328,1695608375.2681873
1,23344,1695608375.2795742
1,23360,1695608375.292317
1,23376,1695608375.3048637
1,23392,1695608375.3160546
1,23408,1695608375.32892
1,23424,1695608375.3404176
1,23440,1695608375.3533103
1,23456,1695608375.365622
1,23472,1695608375.3770032
1,23488,1695608375.3898578
1,23504,1695608375.4015894
1,23520,1695608375.4130316
1,23536,1695608375.4259121
1,23552,1695608375.437945
1,23568,1695608375.4493937
1,23584,1695608375.461958
1,23600,1695608375.4735048
1,23616,1695608375.4860818
1,23632,1695608375.4979389
1,23648,1695608375.5093434
1,23664,1695608375.5220082
1,23680,1695608375.5340972
1,23696,1695608375.5455837
1,23712,1695608375.5588422
1,23728,1695608375.5711548
1,23744,1695608375.583484
1,23760,1695608375.5959985
1,23776,1695608375.6077864
1,23792,1695608375.6200817
1,23808,1695608375.6319196
1,23824,1695608375.644996
1,23840,1695608375.656509
1,23856,1695608375.6679933
1,23872,1695608375.681231
1,23888,1695608375.6926918
1,23904,1695608375.7042513
1,23920,1695608375.7158246
1,23936,1695608375.728704
1,23952,1695608375.7407486
1,23968,1695608375.7519398
1,23984,1695608375.763372
1,24000,1695608375.7762039
1,24016,1695608375.7883146
1,24032,1695608375.802113
1,24048,1695608375.814197
1,24064,1695608375.8266404
1,24080,1695608375.8383899
1,24096,1695608375.8501084
1,24112,1695608375.8629549
1,24128,1695608375.8749814
1,24144,1695608375.8871217
1,24160,1695608375.9028978
1,24176,1695608375.9156313
1,24192,1695608375.927368
1,24208,1695608375.9401724
1,24224,1695608375.952776
1,24240,1695608375.9640763
1,24256,1695608375.976817
1,24272,1695608375.988894
1,24288,1695608376.0003104
1,24304,1695608376.0118747
1,24320,1695608376.023833
1,24336,1695608376.0363343
1,24352,1695608376.0484881
1,24368,1695608376.0601027
1,24384,1695608376.0724947
1,24400,1695608376.086494
1,24416,1695608376.098745
1,24432,1695608376.1107972
1,24448,1695608376.1216996
1,24464,1695608376.1327505
1,24480,1695608376.1440177
1,24496,1695608376.1549313
1,24512,1695608376.1658843
1,24528,1695608376.1771894
1,24544,1695608376.1889114
1,24560,1695608376.20256
1,24576,1695608376.2143638
1,24592,1695608376.2266927
1,24608,1695608376.2400177
1,24624,1695608376.2519426
1,24640,1695608376.263482
1,24656,1695608376.2761698
1,24672,1695608376.287416
1,24688,1695608376.299375
1,24704,1695608376.3115642
1,24720,1695608376.3267171
1,24736,1695608376.3383696
1,24752,1695608376.3513327
1,24768,1695608376.3632867
1,24784,1695608376.3757405
1,24800,1695608376.3879175
1,24816,1695608376.4003408
1,24832,1695608376.412023
1,24848,1695608376.4238515
1,24864,1695608376.436776
1,24880,1695608376.4490013
1,24896,1695608376.4603214
1,24912,1695608376.4717975
1,24928,1695608376.4844446
1,24944,1695608376.4962099
1,24960,1695608376.507597
1,24976,1695608376.5201988
1,24992,1695608376.5324147
1,25008,1695608376.5438607
1,25024,1695608376.5567803
1,25040,1695608376.56985
1,25056,1695608376.5812626
1,25072,1695608376.593362
1,25088,1695608376.606366
1,25104,1695608376.618069
1,25120,1695608376.6296449
1,25136,1695608376.643105
1,25152,1695608376.6548615
1,25168,1695608376.6672509
1,25184,1695608376.6793127
1,25200,1695608376.691383
1,25216,1695608376.7043715
1,25232,1695608376.7170858
1,25248,1695608376.7286372
1,25264,1695608376.7419162
1,25280,1695608376.7537863
1,25296,1695608376.765533
1,25312,1695608376.778471
1,25328,1695608376.7904546
1,25344,1695608376.8032799
1,25360,1695608376.815056
1,25376,1695608376.8271177
1,25392,1695608376.839724
1,25408,1695608376.8515456
1,25424,1695608376.8643475
1,25440,1695608376.8765788
1,25456,1695608376.8878815
1,25472,1695608376.8992941
1,25488,1695608376.9119866
1,25504,1695608376.9247289
1,25520,1695608376.936146
1,25536,1695608376.9476411
1,25552,1695608376.9603856
1,25568,1695608376.9725246
1,25584,1695608376.9839206
1,25600,1695608376.9954638
1,25616,1695608377.0080335
1,25632,1695608377.0202923
1,25648,1695608377.0306728
1,25664,1695608377.0408835
1,25680,1695608377.051924
1,25696,1695608377.0628016
1,25712,1695608377.0736387
1,25728,1695608377.084103
1,25744,1695608377.094258
1,25760,1695608377.1048965
1,25776,1695608377.1160452
1,25792,1695608377.1267135
1,25808,1695608377.1372535
1,25824,1695608377.1473293
1,25840,1695608377.157867
1,25856,1695608377.168634
1,25872,1695608377.1794605
1,25888,1695608377.1902475
1,25904,1695608377.2006712
1,25920,1695608377.210781
1,25936,1695608377.2217712
1,25952,1695608377.2324996
1,25968,1695608377.2433424
1,25984,1695608377.2535455
1,26000,1695608377.2689292
1,26016,1695608377.2788596
1,26032,1695608377.290956
1,26048,1695608377.302083
1,26064,1695608377.3129454
1,26080,1695608377.3239563
1,26096,1695608377.3349645
1,26112,1695608377.3458233
1,26128,1695608377.3566418
1,26144,1695608377.367469
1,26160,1695608377.3789623
1,26176,1695608377.39009
1,26192,1695608377.4011528
1,26208,1695608377.4119918
1,26224,1695608377.4229786
1,26240,1695608377.4338691
1,26256,1695608377.4448497
1,26272,1695608377.4558089
1,26288,1695608377.4666293
1,26304,1695608377.4776027
1,26320,1695608377.4885583
1,26336,1695608377.4994617
1,26352,1695608377.5103908
1,26368,1695608377.5214407
1,26384,1695608377.5322635
1,26400,1695608377.5432374
1,26416,1695608377.5542228
1,26432,1695608377.5651107
1,26448,1695608377.5759141
1,26464,1695608377.5868096
1,26480,1695608377.5976465
1,26496,1695608377.6084888
1,26512,1695608377.6193488
1,26528,1695608377.6303208
1,26544,1695608377.6411312
1,26560,1695608377.6519501
1,26576,1695608377.6630714
1,26592,1695608377.673921
1,26608,1695608377.684704
1,26624,1695608377.6955771
1,26640,1695608377.7065206
1,26656,1695608377.7171257
1,26672,1695608377.7282538
1,26688,1695608377.7391555
1,26704,1695608377.7500055
1,26720,1695608377.7609432
1,26736,1695608377.7717543
1,26752,1695608377.7826672
1,26768,1695608377.795643
1,26784,1695608377.8096814
1,26800,1695608377.820481
1,26816,1695608377.8314304
1,26832,1695608377.8422463
1,26848,1695608377.8530784
1,26864,1695608377.8639245
1,26880,1695608377.874762
1,26896,1695608377.8856094
1,26912,1695608377.8965864
1,26928,1695608377.9075437
1,26944,1695608377.9183943
1,26960,1695608377.9294062
1,26976,1695608377.9401467
1,26992,1695608377.951964
1,27008,1695608377.9628158
1,27024,1695608377.973755
1,27040,1695608377.9846056
1,27056,1695608377.9954002
1,27072,1695608378.0063536
1,27088,1695608378.0171692
1,27104,1695608378.0279453
1,27120,1695608378.0396729
1,27136,1695608378.050419
1,27152,1695608378.061317
1,27168,1695608378.0721347
1,27184,1695608378.0829256
1,27200,1695608378.0939462
1,27216,1695608378.104924
1,27232,1695608378.115887
1,27248,1695608378.1279953
1,27264,1695608378.1389163
1,27280,1695608378.1499033
1,27296,1695608378.160831
1,27312,1695608378.1716452
1,27328,1695608378.1826656
1,27344,1695608378.1934788
1,27360,1695608378.2043
1,27376,1695608378.2146676
1,27392,1695608378.225432
1,27408,1695608378.236035
1,27424,1695608378.2481782
1,27440,1695608378.2590394
1,27456,1695608378.2699978
1,27472,1695608378.280887
1,27488,1695608378.2918618
1,27504,1695608378.3026617
1,27520,1695608378.3136902
1,27536,1695608378.3245358
1,27552,1695608378.3354025
1,27568,1695608378.3462083
1,27584,1695608378.3572042
1,27600,1695608378.3680904
1,27616,1695608378.378959
1,27632,1695608378.3897705
1,27648,1695608378.400724
1,27664,1695608378.4117281
1,27680,1695608378.4225597
1,27696,1695608378.433399
1,27712,1695608378.444211
1,27728,1695608378.4551094
1,27744,1695608378.465986
1,27760,1695608378.476796
1,27776,1695608378.4877894
1,27792,1695608378.4986591
1,27808,1695608378.5094833
1,27824,1695608378.520468
1,27840,1695608378.5314598
1,27856,1695608378.5424151
1,27872,1695608378.5532377
1,27888,1695608378.5640469
1,27904,1695608378.5749528
1,27920,1695608378.5855107
1,27936,1695608378.596808
1,27952,1695608378.6081865
1,27968,1695608378.6202893
1,27984,1695608378.631107
1,28000,1695608378.6419258
1,28016,1695608378.6528563
1,28032,1695608378.663828
1,28048,1695608378.67478
1,28064,1695608378.6856017
1,28080,1695608378.696555
1,28096,1695608378.707427
1,28112,1695608378.7182584
1,28128,1695608378.72927
1,28144,1695608378.7401328
1,28160,1695608378.7509396
1,28176,1695608378.7618368
1,28192,1695608378.7726784
1,28208,1695608378.783478
1,28224,1695608378.794477
1,28240,1695608378.805551
1,28256,1695608378.8165112
1,28272,1695608378.8273036
1,28288,1695608378.8382387
1,28304,1695608378.8490534
1,28320,1695608378.8598828
1,28336,1695608378.8707762
1,28352,1695608378.8817425
1,28368,1695608378.8925507
1,28384,1695608378.9033523
1,28400,1695608378.9143069
1,28416,1695608378.925146
1,28432,1695608378.9359622
1,28448,1695608378.9467943
1,28464,1695608378.9577975
1,28480,1695608378.9683516
1,28496,1695608378.9796042
1,28512,1695608378.99035
1,28528,1695608379.0012963
1,28544,1695608379.012134
1,28560,1695608379.0229335
1,28576,1695608379.0337644
1,28592,1695608379.044625
1,28608,1695608379.055413
1,28624,1695608379.0663989
1,28640,1695608379.0774376
1,28656,1695608379.088368
1,28672,1695608379.0991855
1,28688,1695608379.1101272
1,28704,1695608379.1210892
1,28720,1695608379.1319313
1,28736,1695608379.1427567
1,28752,1695608379.158214
1,28768,1695608379.1714911
1,28784,1695608379.1823878
1,28800,1695608379.1933775
1,28816,1695608379.204384
1,28832,1695608379.2149148
1,28848,1695608379.2261915
1,28864,1695608379.2370636
1,28880,1695608379.2478952
1,28896,1695608379.2588682
1,28912,1695608379.2698338
1,28928,1695608379.2808628
1,28944,1695608379.2916076
1,28960,1695608379.3033066
1,28976,1695608379.3141913
1,28992,1695608379.3251383
1,29008,1695608379.3359406
1,29024,1695608379.347754
1,29040,1695608379.358868
1,29056,1695608379.3698034
1,29072,1695608379.3806055
1,29088,1695608379.3914988
1,29104,1695608379.4031959
1,29120,1695608379.4142115
1,29136,1695608379.4250083
1,29152,1695608379.436023
1,29168,1695608379.4468753
1,29184,1695608379.457723
1,29200,1695608379.468509
1,29216,1695608379.479355
1,29232,1695608379.4901695
1,29248,1695608379.5009604
1,29264,1695608379.5121925
1,29280,1695608379.5232315
1,29296,1695608379.5348558
1,29312,1695608379.5468428
1,29328,1695608379.559518
1,29344,1695608379.5712771
1,29360,1695608379.584154
1,29376,1695608379.5959747
1,29392,1695608379.6085348
1,29408,1695608379.620051
1,29424,1695608379.6334183
1,29440,1695608379.6449115
1,29456,1695608379.6560206
1,29472,1695608379.6696792
1,29488,1695608379.6835191
1,29504,1695608379.6963148
1,29520,1695608379.7083688
1,29536,1695608379.7202158
1,29552,1695608379.7341607
1,29568,1695608379.746969
1,29584,1695608379.7595928
1,29600,1695608379.7725623
1,29616,1695608379.7849672
1,29632,1695608379.7965133
1,29648,1695608379.809896
1,29664,1695608379.8220434
1,29680,1695608379.8332806
1,29696,1695608379.8453152
1,29712,1695608379.8582606
1,29728,1695608379.8699892
1,29744,1695608379.8827116
1,29760,1695608379.8945558
1,29776,1695608379.9062672
1,29792,1695608379.9190912
1,29808,1695608379.931187
1,29824,1695608379.9437299
1,29840,1695608379.955943
1,29856,1695608379.9669213
1,29872,1695608379.9813042
1,29888,1695608379.9934542
1,29904,1695608380.0051508
1,29920,1695608380.0193594
1,29936,1695608380.0316982
1,29952,1695608380.0440314
1,29968,1695608380.0557556
1,29984,1695608380.0683377
1,30000,1695608380.0803516
1,30016,1695608380.0916588
1,30032,1695608380.1043165
1,30048,1695608380.1163368
1,30064,1695608380.1275778
1,30080,1695608380.140169
1,30096,1695608380.1523132
1,30112,1695608380.1650522
1,30128,1695608380.1767516
1,30144,1695608380.1882682
1,30160,1695608380.2029262
1,30176,1695608380.214976
1,30192,1695608380.2274652
1,30208,1695608380.2387853
1,30224,1695608380.2519104
1,30240,1695608380.265045
1,30256,1695608380.276547
1,30272,1695608380.2889798
1,30288,1695608380.3013616
1,30304,1695608380.3138466
1,30320,1695608380.3271751
1,30336,1695608380.3390026
1,30352,1695608380.3514614
1,30368,1695608380.3638728
1,30384,1695608380.375969
1,30400,1695608380.3889067
1,30416,1695608380.4011118
1,30432,1695608380.4124236
1,30448,1695608380.4242697
1,30464,1695608380.4379013
1,30480,1695608380.4498801
1,30496,1695608380.461373
1,30512,1695608380.4740417
1,30528,1695608380.4854226
1,30544,1695608380.49674
1,30560,1695608380.5139399
1,30576,1695608380.5357864
1,30592,1695608380.5511956
1,30608,1695608380.5619364
1,30624,1695608380.5728636
1,30640,1695608380.5837197
1,30656,1695608380.5945792
1,30672,1695608380.6055636
1,30688,1695608380.6165671
1,30704,1695608380.62734
1,30720,1695608380.6383631
1,30736,1695608380.6492531
1,30752,1695608380.6600475
1,30768,1695608380.6709383
1,30784,1695608380.6818013
1,30800,1695608380.6926193
1,30816,1695608380.7034256
1,30832,1695608380.7187626
1,30848,1695608380.7299685
1,30864,1695608380.741466
1,30880,1695608380.7521431
1,30896,1695608380.7633157
1,30912,1695608380.7742777
1,30928,1695608380.7850947
1,30944,1695608380.7960937
1,30960,1695608380.8070214
1,30976,1695608380.817817
1,30992,1695608380.8285804
1,31008,1695608380.8393612
1,31024,1695608380.850174
1,31040,1695608380.8610039
1,31056,1695608380.8720436
1,31072,1695608380.8829815
1,31088,1695608380.8936393
1,31104,1695608380.904935
1,31120,1695608380.915894
1,31136,1695608380.926827
1,31152,1695608380.937644
1,31168,1695608380.948447
1,31184,1695608380.9592097
1,31200,1695608380.9700193
1,31216,1695608380.9810474
1,31232,1695608380.9920256
1,31248,1695608381.0029585
1,31264,1695608381.014081
1,31280,1695608381.0250227
1,31296,1695608381.0359287
1,31312,1695608381.0467844
1,31328,1695608381.057702
1,31344,1695608381.0684936
1,31360,1695608381.0792506
1,31376,1695608381.0900524
1,31392,1695608381.1008725
1,31408,1695608381.1117601
1,31424,1695608381.1227908
1,31440,1695608381.1336615
1,31456,1695608381.144523
1,31472,1695608381.1554737
1,31488,1695608381.1664345
1,31504,1695608381.1772509
1,31520,1695608381.188056
1,31536,1695608381.198858
1,31552,1695608381.2097857
1,31568,1695608381.2206154
1,31584,1695608381.2315385
1,31600,1695608381.2424877
1,31616,1695608381.2535002
1,31632,1695608381.2644355
1,31648,1695608381.275387
1,31664,1695608381.2863116
1,31680,1695608381.2971296
1,31696,1695608381.3079255
1,31712,1695608381.3187416
1,31728,1695608381.3296125
1,31744,1695608381.3404531
1,31760,1695608381.351418
1,31776,1695608381.3623016
1,31792,1695608381.3732197
1,31808,1695608381.3840804
1,31824,1695608381.3948674
1,31840,1695608381.4057019
1,31856,1695608381.4164643
1,31872,1695608381.4272578
1,31888,1695608381.4406078
1,31904,1695608381.4511256
1,31920,1695608381.4622333
1,31936,1695608381.473112
1,31952,1695608381.4839842
1,31968,1695608381.4958744
1,31984,1695608381.5069122
1,32000,1695608381.5178854
1,32016,1695608381.52887
1,32032,1695608381.5396895
1,32048,1695608381.5517216
1,32064,1695608381.5626926
1,32080,1695608381.573532
1,32096,1695608381.5844502
1,32112,1695608381.5952315
1,32128,1695608381.6060703
1,32144,1695608381.6167932
1,32160,1695608381.6276395
1,32176,1695608381.6384735
1,32192,1695608381.6495008
1,32208,1695608381.6604068
1,32224,1695608381.6713266
1,32240,1695608381.682313
1,32256,1695608381.6933064
1,32272,1695608381.703963
1,32288,1695608381.7151499
1,32304,1695608381.7258966
1,32320,1695608381.7367136
1,32336,1695608381.7475228
1,32352,1695608381.7583969
1,32368,1695608381.769399
1,32384,1695608381.780195
1,32400,1695608381.791151
1,32416,1695608381.8020167
1,32432,1695608381.812908
1,32448,1695608381.8237667
1,32464,1695608381.835725
1,32480,1695608381.846768
1,32496,1695608381.8605146
1,32512,1695608381.8710167
1,32528,1695608381.8820405
1,32544,1695608381.8956282
1,32560,1695608381.9100175
1,32576,1695608381.920774
1,32592,1695608381.9317262
1,32608,1695608381.9425685
1,32624,1695608381.953416
1,32640,1695608381.9642103
1,32656,1695608381.9762678
1,32672,1695608381.9863899
1,32688,1695608381.9979937
1,32704,1695608382.0086188
1,32720,1695608382.019688
1,32736,1695608382.0307827
1,32752,1695608382.0416746
1,32768,1695608382.0525923
1,32784,1695608382.0634155
1,32800,1695608382.074295
1,32816,1695608382.0850985
1,32832,1695608382.0958912
1,32848,1695608382.1066852
1,32864,1695608382.117553
1,32880,1695608382.128317
1,32896,1695608382.139208
1,32912,1695608382.1501966
1,32928,1695608382.1612034
1,32944,1695608382.1720126
1,32960,1695608382.1828916
1,32976,1695608382.1938932
1,32992,1695608382.2047927
1,33008,1695608382.2155802
1,33024,1695608382.2263832
1,33040,1695608382.237158
1,33056,1695608382.2482212
1,33072,1695608382.2590687
1,33088,1695608382.2712345
1,33104,1695608382.2821972
1,33120,1695608382.293197
1,33136,1695608382.3040056
1,33152,1695608382.314987
1,33168,1695608382.326004
1,33184,1695608382.3368528
1,33200,1695608382.3476481
1,33216,1695608382.3584924
1,33232,1695608382.3693988
1,33248,1695608382.3801522
1,33264,1695608382.3909173
1,33280,1695608382.401889
1,33296,1695608382.4125462
1,33312,1695608382.4237883
1,33328,1695608382.4347816
1,33344,1695608382.4455867
1,33360,1695608382.4564965
1,33376,1695608382.4673986
1,33392,1695608382.4782708
1,33408,1695608382.4892256
1,33424,1695608382.5000103
1,33440,1695608382.5107894
1,33456,1695608382.5215917
1,33472,1695608382.5323818
1,33488,1695608382.5431623
1,33504,1695608382.5541308
1,33520,1695608382.5649593
1,33536,1695608382.5759084
1,33552,1695608382.5867517
1,33568,1695608382.5976985
1,33584,1695608382.6085186
1,33600,1695608382.6194453
1,33616,1695608382.630267
1,33632,1695608382.641031
1,33648,1695608382.6519864
1,33664,1695608382.6627681
1,33680,1695608382.6735985
1,33696,1695608382.6845856
1,33712,1695608382.6954935
1,33728,1695608382.706368
1,33744,1695608382.7173924
1,33760,1695608382.7281861
1,33776,1695608382.7390518
1,33792,1695608382.7498598
1,33808,1695608382.760636
1,33824,1695608382.7714279
1,33840,1695608382.7822163
1,33856,1695608382.7930086
1,33872,1695608382.8037984
1,33888,1695608382.8147507
1,33904,1695608382.825709
1,33920,1695608382.836602
1,33936,1695608382.847553
1,33952,1695608382.8585238
1,33968,1695608382.8693185
1,33984,1695608382.8800828
1,34000,1695608382.8908632
1,34016,1695608382.9018393
1,34032,1695608382.913543
1,34048,1695608382.9263048
1,34064,1695608382.9383368
1,34080,1695608382.9498956
1,34096,1695608382.9624016
1,34112,1695608382.9743211
1,34128,1695608382.9859118
1,34144,1695608382.9986892
1,34160,1695608383.0106103
1,34176,1695608383.0228007
1,34192,1695608383.0354311
1,34208,1695608383.047871
1,34224,1695608383.061066
1,34240,1695608383.0736628
1,34256,1695608383.0852642
1,34272,1695608383.0985863
1,34288,1695608383.1110613
1,34304,1695608383.1240473
1,34320,1695608383.1366007
1,34336,1695608383.1480439
1,34352,1695608383.1594467
1,34368,1695608383.1723065
1,34384,1695608383.1846364
1,34400,1695608383.1958976
1,34416,1695608383.2072415
1,34432,1695608383.2202232
1,34448,1695608383.2325647
1,34464,1695608383.2437956
1,34480,1695608383.259115
1,34496,1695608383.271627
1,34512,1695608383.282585
1,34528,1695608383.2934558
1,34544,1695608383.3042185
1,34560,1695608383.3150032
1,34576,1695608383.3258493
1,34592,1695608383.3367796
1,34608,1695608383.3477015
1,34624,1695608383.358638
1,34640,1695608383.3695464
1,34656,1695608383.380595
1,34672,1695608383.3913739
1,34688,1695608383.4021497
1,34704,1695608383.412927
1,34720,1695608383.4232824
1,34736,1695608383.4348419
1,34752,1695608383.4456432
1,34768,1695608383.456764
1,34784,1695608383.4678504
1,34800,1695608383.4786797
1,34816,1695608383.4896276
1,34832,1695608383.5004616
1,34848,1695608383.5114677
1,34864,1695608383.5224285
1,34880,1695608383.533321
1,34896,1695608383.544074
1,34912,1695608383.5548425
1,34928,1695608383.5656316
1,34944,1695608383.576501
1,34960,1695608383.5875058
1,34976,1695608383.5991063
1,34992,1695608383.6104212
1,35008,1695608383.6214497
1,35024,1695608383.6324184
1,35040,1695608383.6433444
1,35056,1695608383.6543622
1,35072,1695608383.665239
1,35088,1695608383.6760855
1,35104,1695608383.6868773
1,35120,1695608383.6976547
1,35136,1695608383.7084317
1,35152,1695608383.7192051
1,35168,1695608383.730265
1,35184,1695608383.7411096
1,35200,1695608383.7520745
1,35216,1695608383.762913
1,35232,1695608383.7738078
1,35248,1695608383.7846382
1,35264,1695608383.7955627
1,35280,1695608383.8065429
1,35296,1695608383.8179076
1,35312,1695608383.828802
1,35328,1695608383.83962
1,35344,1695608383.8504295
1,35360,1695608383.8612556
1,35376,1695608383.872042
1,35392,1695608383.8828387
1,35408,1695608383.8938856
1,35424,1695608383.9047616
1,35440,1695608383.9157157
1,35456,1695608383.9266117
1,35472,1695608383.9437065
1,35488,1695608383.956773
1,35504,1695608383.968896
1,35520,1695608383.9802115
1,35536,1695608383.9928124
1,35552,1695608384.0064898
1,35568,1695608384.0179791
1,35584,1695608384.0305054
1,35600,1695608384.0425122
1,35616,1695608384.054249
1,35632,1695608384.0662894
1,35648,1695608384.0784597
1,35664,1695608384.0900905
1,35680,1695608384.10251
1,35696,1695608384.114382
1,35712,1695608384.1259322
1,35728,1695608384.1385608
1,35744,1695608384.149978
1,35760,1695608384.1620889
1,35776,1695608384.1747766
1,35792,1695608384.1864963
1,35808,1695608384.1981225
1,35824,1695608384.210618
1,35840,1695608384.2223897
1,35856,1695608384.2339427
1,35872,1695608384.2457163
1,35888,1695608384.2577507
1,35904,1695608384.2699738
1,35920,1695608384.2828925
1,35936,1695608384.2949793
1,35952,1695608384.3073194
1,35968,1695608384.3197205
1,35984,1695608384.332066
1,36000,1695608384.343837
1,36016,1695608384.355764
1,36032,1695608384.367054
1,36048,1695608384.3794997
1,36064,1695608384.3921914
1,36080,1695608384.4035904
1,36096,1695608384.416736
1,36112,1695608384.428762
1,36128,1695608384.441533
1,36144,1695608384.4528437
1,36160,1695608384.4643397
1,36176,1695608384.4795036
1,36192,1695608384.4914005
1,36208,1695608384.5039585
1,36224,1695608384.5161679
1,36240,1695608384.5283484
1,36256,1695608384.5394998
1,36272,1695608384.5520444
1,36288,1695608384.5643587
1,36304,1695608384.5758123
1,36320,1695608384.5872967
1,36336,1695608384.5998425
1,36352,1695608384.612244
1,36368,1695608384.6238174
1,36384,1695608384.6354709
1,36400,1695608384.648101
1,36416,1695608384.6606407
1,36432,1695608384.6717112
1,36448,1695608384.6844294
1,36464,1695608384.6963115
1,36480,1695608384.707481
1,36496,1695608384.7200387
1,36512,1695608384.7324975
1,36528,1695608384.743806
1,36544,1695608384.755126
1,36560,1695608384.767694
1,36576,1695608384.7797775
1,36592,1695608384.7924187
1,36608,1695608384.8045847
1,36624,1695608384.81568
1,36640,1695608384.8269653
1,36656,1695608384.8394542
1,36672,1695608384.8519795
1,36688,1695608384.8653886
1,36704,1695608384.877532
1,36720,1695608384.8888102
1,36736,1695608384.9004576
1,36752,1695608384.9133966
1,36768,1695608384.9247453
1,36784,1695608384.936241
1,36800,1695608384.948102
1,36816,1695608384.9627655
1,36832,1695608384.9747767
1,36848,1695608384.986891
1,36864,1695608384.9989278
1,36880,1695608385.0108998
1,36896,1695608385.0235069
1,36912,1695608385.034872
1,36928,1695608385.0470238
1,36944,1695608385.0596035
1,36960,1695608385.07143
1,36976,1695608385.0838237
1,36992,1695608385.0959485
1,37008,1695608385.1076875
1,37024,1695608385.1204937
1,37040,1695608385.1328259
1,37056,1695608385.1439996
1,37072,1695608385.155267
1,37088,1695608385.1678667
1,37104,1695608385.1799648
1,37120,1695608385.19189
1,37136,1695608385.2043214
1,37152,1695608385.2177267
1,37168,1695608385.2313356
1,37184,1695608385.2428794
1,37200,1695608385.2550964
1,37216,1695608385.2673416
1,37232,1695608385.27947
1,37248,1695608385.292026
1,37264,1695608385.304312
1,37280,1695608385.3154926
1,37296,1695608385.3282478
1,37312,1695608385.340625
1,37328,1695608385.352429
1,37344,1695608385.3636837
1,37360,1695608385.3763871
1,37376,1695608385.388728
1,37392,1695608385.399917
1,37408,1695608385.4112616
1,37424,1695608385.4237766
1,37440,1695608385.4363284
1,37456,1695608385.4493287
1,37472,1695608385.460608
1,37488,1695608385.4748178
1,37504,1695608385.4867742
1,37520,1695608385.4992285
1,37536,1695608385.5120215
1,37552,1695608385.5226874
1,37568,1695608385.5353968
1,37584,1695608385.5480914
1,37600,1695608385.5597622
1,37616,1695608385.5723698
1,37632,1695608385.584067
1,37648,1695608385.5954814
1,37664,1695608385.6080515
1,37680,1695608385.6199114
1,37696,1695608385.6311815
1,37712,1695608385.643741
1,37728,1695608385.6561213
1,37744,1695608385.6680074
1,37760,1695608385.6805623
1,37776,1695608385.692083
1,37792,1695608385.7034807
1,37808,1695608385.7161255
1,37824,1695608385.7280977
1,37840,1695608385.740769
1,37856,1695608385.7522867
1,37872,1695608385.7636664
1,37888,1695608385.7762725
1,37904,1695608385.7908452
1,37920,1695608385.8027842
1,37936,1695608385.8153481
1,37952,1695608385.8273106
1,37968,1695608385.8399196
1,37984,1695608385.8521237
1,38000,1695608385.8641634
1,38016,1695608385.8759925
1,38032,1695608385.887357
1,38048,1695608385.8998363
1,38064,1695608385.911979
1,38080,1695608385.9237723
1,38096,1695608385.9367714
1,38112,1695608385.949177
1,38128,1695608385.9607985
1,38144,1695608385.9750965
1,38160,1695608385.987041
1,38176,1695608385.9992142
1,38192,1695608386.011318
1,38208,1695608386.0225031
1,38224,1695608386.0349298
1,38240,1695608386.0474937
1,38256,1695608386.0603268
1,38272,1695608386.0722654
1,38288,1695608386.0842245
1,38304,1695608386.0955374
1,38320,1695608386.1081128
1,38336,1695608386.1221626
1,38352,1695608386.1355524
1,38368,1695608386.1469631
1,38384,1695608386.1595118
1,38400,1695608386.1721127
1,38416,1695608386.1849527
1,38432,1695608386.1967766
1,38448,1695608386.2091417
1,38464,1695608386.2205663
1,38480,1695608386.2319777
1,38496,1695608386.2441556
1,38512,1695608386.2568653
1,38528,1695608386.2684476
1,38544,1695608386.2797399
1,38560,1695608386.2921216
1,38576,1695608386.3068855
1,38592,1695608386.318488
1,38608,1695608386.3311906
1,38624,1695608386.343304
1,38640,1695608386.3559496
1,38656,1695608386.3681524
1,38672,1695608386.3798273
1,38688,1695608386.3924062
1,38704,1695608386.4041483
1,38720,1695608386.4167008
1,38736,1695608386.4298215
1,38752,1695608386.4411862
1,38768,1695608386.454264
1,38784,1695608386.4660852
1,38800,1695608386.4775226
1,38816,1695608386.4899294
1,38832,1695608386.5018322
1,38848,1695608386.5130298
1,38864,1695608386.5256376
1,38880,1695608386.5377066
1,38896,1695608386.5490878
1,38912,1695608386.5620759
1,38928,1695608386.5738606
1,38944,1695608386.585102
1,38960,1695608386.5976684
1,38976,1695608386.6098247
1,38992,1695608386.6211936
1,39008,1695608386.633755
1,39024,1695608386.6455872
1,39040,1695608386.6569479
1,39056,1695608386.6701128
1,39072,1695608386.681938
1,39088,1695608386.693303
1,39104,1695608386.705837
1,39120,1695608386.717904
1,39136,1695608386.729389
1,39152,1695608386.7418814
1,39168,1695608386.7537973
1,39184,1695608386.7651026
1,39200,1695608386.7781496
1,39216,1695608386.790213
1,39232,1695608386.801935
1,39248,1695608386.8143463
1,39264,1695608386.8261216
1,39280,1695608386.8376448
1,39296,1695608386.8500617
1,39312,1695608386.8620868
1,39328,1695608386.8737144
1,39344,1695608386.886547
1,39360,1695608386.8984842
1,39376,1695608386.9101121
1,39392,1695608386.9228175
1,39408,1695608386.9347782
1,39424,1695608386.9466662
1,39440,1695608386.9593053
1,39456,1695608386.9713662
1,39472,1695608386.9827616
1,39488,1695608386.9952338
1,39504,1695608387.0080009
1,39520,1695608387.019204
1,39536,1695608387.031837
1,39552,1695608387.044073
1,39568,1695608387.0556939
1,39584,1695608387.068249
1,39600,1695608387.0802388
1,39616,1695608387.0914721
1,39632,1695608387.1035306
1,39648,1695608387.1171744
1,39664,1695608387.1289544
1,39680,1695608387.1413703
1,39696,1695608387.1531982
1,39712,1695608387.1658864
1,39728,1695608387.1779861
1,39744,1695608387.189441
1,39760,1695608387.201995
1,39776,1695608387.213935
1,39792,1695608387.2256482
1,39808,1695608387.2387984
1,39824,1695608387.2504563
1,39840,1695608387.262294
1,39856,1695608387.2745454
1,39872,1695608387.2864404
1,39888,1695608387.2982001
1,39904,1695608387.3112805
1,39920,1695608387.3228695
1,39936,1695608387.334914
1,39952,1695608387.3470752
1,39968,1695608387.3593855
1,39984,1695608387.3720908
1,40000,1695608387.384191
1,40016,1695608387.3957717
1,40032,1695608387.408651
1,40048,1695608387.4208338
1,40064,1695608387.4320343
1,40080,1695608387.4436817
1,40096,1695608387.4563847
1,40112,1695608387.4685636
1,40128,1695608387.4797628
1,40144,1695608387.4944718
1,40160,1695608387.506123
1,40176,1695608387.5180466
1,40192,1695608387.5304904
1,40208,1695608387.5423138
1,40224,1695608387.5545695
1,40240,1695608387.5663126
1,40256,1695608387.5780325
1,40272,1695608387.5909178
1,40288,1695608387.6028652
1,40304,1695608387.6146946
1,40320,1695608387.626941
1,40336,1695608387.6388202
1,40352,1695608387.6507893
1,40368,1695608387.6630306
1,40384,1695608387.675102
1,40400,1695608387.6877425
1,40416,1695608387.7000623
1,40432,1695608387.7148292
1,40448,1695608387.7286236
1,40464,1695608387.7398534
1,40480,1695608387.7525764
1,40496,1695608387.7643661
1,40512,1695608387.7780259
1,40528,1695608387.789725
1,40544,1695608387.8011312
1,40560,1695608387.814333
1,40576,1695608387.8262992
1,40592,1695608387.8382082
1,40608,1695608387.8506694
1,40624,1695608387.8624218
1,40640,1695608387.874063
1,40656,1695608387.886504
1,40672,1695608387.8985627
1,40688,1695608387.9097457
1,40704,1695608387.921878
1,40720,1695608387.9343235
1,40736,1695608387.9460196
1,40752,1695608387.9590352
1,40768,1695608387.9711344
1,40784,1695608387.9836633
1,40800,1695608387.9958944
1,40816,1695608388.0077639
1,40832,1695608388.020889
1,40848,1695608388.0322363
1,40864,1695608388.0436413
1,40880,1695608388.0558562
1,40896,1695608388.0674372
1,40912,1695608388.0825434
1,40928,1695608388.0974386
1,40944,1695608388.1087685
1,40960,1695608388.121574
1,40976,1695608388.133099
1,40992,1695608388.1463463
1,41008,1695608388.1582596
1,41024,1695608388.1697376
1,41040,1695608388.1818511
1,41056,1695608388.194369
1,41072,1695608388.2062051
1,41088,1695608388.2191927
1,41104,1695608388.2304406
1,41120,1695608388.242215
1,41136,1695608388.2552707
1,41152,1695608388.2668827
1,41168,1695608388.279105
1,41184,1695608388.2913508
1,41200,1695608388.3036082
1,41216,1695608388.3162632
1,41232,1695608388.3281443
1,41248,1695608388.3423207
1,41264,1695608388.3544004
1,41280,1695608388.366681
1,41296,1695608388.378634
1,41312,1695608388.3902528
1,41328,1695608388.4026613
1,41344,1695608388.4151053
1,41360,1695608388.4279928
1,41376,1695608388.4402027
1,41392,1695608388.454659
1,41408,1695608388.466339
1,41424,1695608388.4788811
1,41440,1695608388.4907115
1,41456,1695608388.5026133
1,41472,1695608388.515348
1,41488,1695608388.5274277
1,41504,1695608388.5400832
1,41520,1695608388.5520906
1,41536,1695608388.563638
1,41552,1695608388.5760884
1,41568,1695608388.5939775
1,41584,1695608388.6142871
1,41600,1695608388.6335406
1,41616,1695608388.651613
1,41632,1695608388.6650622
1,41648,1695608388.6768725
1,41664,1695608388.6896646
1,41680,1695608388.7037878
1,41696,1695608388.717228
1,41712,1695608388.7280552
1,41728,1695608388.738639
1,41744,1695608388.7494178
1,41760,1695608388.7605572
1,41776,1695608388.7712607
1,41792,1695608388.7815297
1,41808,1695608388.7918003
1,41824,1695608388.8023345
1,41840,1695608388.8130155
1,41856,1695608388.8237748
1,41872,1695608388.8341575
1,41888,1695608388.8445945
1,41904,1695608388.8557777
1,41920,1695608388.8663142
1,41936,1695608388.876265
1,41952,1695608388.8865054
1,41968,1695608388.8973207
1,41984,1695608388.9079614
1,42000,1695608388.91852
1,42016,1695608388.9289522
1,42032,1695608388.9390364
1,42048,1695608388.9499004
1,42064,1695608388.9607494
1,42080,1695608388.9717143
1,42096,1695608388.9822257
1,42112,1695608388.9926262
1,42128,1695608389.002737
1,42144,1695608389.0129845
1,42160,1695608389.0235853
1,42176,1695608389.0347373
1,42192,1695608389.0455024
1,42208,1695608389.0558944
1,42224,1695608389.066298
1,42240,1695608389.076925
1,42256,1695608389.086988
1,42272,1695608389.097919
1,42288,1695608389.1087248
1,42304,1695608389.1194866
1,42320,1695608389.129594
1,42336,1695608389.1398323
1,42352,1695608389.1505368
1,42368,1695608389.1617408
1,42384,1695608389.1723487
1,42400,1695608389.182911
1,42416,1695608389.1933792
1,42432,1695608389.2035108
1,42448,1695608389.2138102
1,42464,1695608389.2244139
1,42480,1695608389.2354536
1,42496,1695608389.2462187
1,42512,1695608389.2603896
1,42528,1695608389.273882
1,42544,1695608389.285964
1,42560,1695608389.2975082
1,42576,1695608389.310582
1,42592,1695608389.322422
1,42608,1695608389.3341098
1,42624,1695608389.3471541
1,42640,1695608389.3590217
1,42656,1695608389.3714795
1,42672,1695608389.3838232
1,42688,1695608389.3955917
1,42704,1695608389.4082563
1,42720,1695608389.4203365
1,42736,1695608389.43429
1,42752,1695608389.4501116
1,42768,1695608389.4658456
1,42784,1695608389.4788578
1,42800,1695608389.4908078
1,42816,1695608389.5021696
1,42832,1695608389.51439
1,42848,1695608389.5268972
1,42864,1695608389.5391412
1,42880,1695608389.5516932
1,42896,1695608389.5635152
1,42912,1695608389.5763593
1,42928,1695608389.5890088
1,42944,1695608389.600329
1,42960,1695608389.6116889
1,42976,1695608389.6243737
1,42992,1695608389.636816
1,43008,1695608389.6479895
1,43024,1695608389.6607385
1,43040,1695608389.6725376
1,43056,1695608389.6839716
1,43072,1695608389.6972835
1,43088,1695608389.709052
1,43104,1695608389.7233205
1,43120,1695608389.7352452
1,43136,1695608389.7465
1,43152,1695608389.759228
1,43168,1695608389.772129
1,43184,1695608389.783501
1,43200,1695608389.7962306
1,43216,1695608389.8084624
1,43232,1695608389.8197453
1,43248,1695608389.8311968
1,43264,1695608389.844299
1,43280,1695608389.8565784
1,43296,1695608389.8676746
1,43312,1695608389.8806138
1,43328,1695608389.892984
1,43344,1695608389.904206
1,43360,1695608389.9159677
1,43376,1695608389.928828
1,43392,1695608389.9402173
1,43408,1695608389.9527266
1,43424,1695608389.9663117
1,43440,1695608389.9776547
1,43456,1695608389.989635
1,43472,1695608390.0023296
1,43488,1695608390.0143375
1,43504,1695608390.026054
1,43520,1695608390.0390613
1,43536,1695608390.0506651
1,43552,1695608390.066425
1,43568,1695608390.079443
1,43584,1695608390.0905478
1,43600,1695608390.1016085
1,43616,1695608390.112318
1,43632,1695608390.1223652
1,43648,1695608390.1329765
1,43664,1695608390.1438737
1,43680,1695608390.158442
1,43696,1695608390.1690822
1,43712,1695608390.1800084
1,43728,1695608390.1908524
1,43744,1695608390.201381
1,43760,1695608390.211451
1,43776,1695608390.2224572
1,43792,1695608390.2329342
1,43808,1695608390.2435749
1,43824,1695608390.2556825
1,43840,1695608390.2704825
1,43856,1695608390.2858102
1,43872,1695608390.2988648
1,43888,1695608390.310427
1,43904,1695608390.322059
1,43920,1695608390.3341713
1,43936,1695608390.3461316
1,43952,1695608390.3582149
1,43968,1695608390.371408
1,43984,1695608390.3829932
1,44000,1695608390.3955774
1,44016,1695608390.408428
1,44032,1695608390.4200773
1,44048,1695608390.4320598
1,44064,1695608390.4432778
1,44080,1695608390.455856
1,44096,1695608390.4684505
1,44112,1695608390.4795794
1,44128,1695608390.4925632
1,44144,1695608390.5049584
1,44160,1695608390.5164511
1,44176,1695608390.528838
1,44192,1695608390.5417764
1,44208,1695608390.5536094
1,44224,1695608390.5649192
1,44240,1695608390.5766556
1,44256,1695608390.5901737
1,44272,1695608390.6020143
1,44288,1695608390.6135848
1,44304,1695608390.6262517
1,44320,1695608390.6379247
1,44336,1695608390.6494815
1,44352,1695608390.6623373
1,44368,1695608390.6745236
1,44384,1695608390.6873007
1,44400,1695608390.700122
1,44416,1695608390.7113378
1,44432,1695608390.7227747
1,44448,1695608390.7353082
1,44464,1695608390.7481632
1,44480,1695608390.7594485
1,44496,1695608390.7719867
1,44512,1695608390.7840111
1,44528,1695608390.7955918
1,44544,1695608390.8077934
1,44560,1695608390.8226914
1,44576,1695608390.8347797
1,44592,1695608390.8477066
1,44608,1695608390.8591375
1,44624,1695608390.871549
1,44640,1695608390.8839426
1,44656,1695608390.8955574
1,44672,1695608390.9084587
1,44688,1695608390.9227536
1,44704,1695608390.9345334
1,44720,1695608390.9472578
1,44736,1695608390.958816
1,44752,1695608390.9710727
1,44768,1695608390.9839513
1,44784,1695608390.9952743
1,44800,1695608391.0078635
1,44816,1695608391.0199852
1,44832,1695608391.0320349
1,44848,1695608391.0445242
1,44864,1695608391.057935
1,44880,1695608391.071459
1,44896,1695608391.0830758
1,44912,1695608391.0952766
1,44928,1695608391.1076186
1,44944,1695608391.11959
1,44960,1695608391.132519
1,44976,1695608391.1447005
1,44992,1695608391.1558838
1,45008,1695608391.1673465
1,45024,1695608391.17998
1,45040,1695608391.1919847
1,45056,1695608391.204116
1,45072,1695608391.2153971
1,45088,1695608391.2289846
1,45104,1695608391.240225
1,45120,1695608391.2518456
1,45136,1695608391.2674189
1,45152,1695608391.279097
1,45168,1695608391.2927744
1,45184,1695608391.305749
1,45200,1695608391.3172047
1,45216,1695608391.3297124
1,45232,1695608391.3410823
1,45248,1695608391.3537755
1,45264,1695608391.3655992
1,45280,1695608391.37688
1,45296,1695608391.388534
1,45312,1695608391.4025993
1,45328,1695608391.413529
1,45344,1695608391.4326067
1,45360,1695608391.4490347
1,45376,1695608391.4600277
1,45392,1695608391.470968
1,45408,1695608391.481815
1,45424,1695608391.49211
1,45440,1695608391.50215
1,45456,1695608391.5125427
1,45472,1695608391.5236237
1,45488,1695608391.5340612
1,45504,1695608391.5445504
1,45520,1695608391.5545604
1,45536,1695608391.5650852
1,45552,1695608391.5759175
1,45568,1695608391.5864499
1,45584,1695608391.5968363
1,45600,1695608391.6068685
1,45616,1695608391.617069
1,45632,1695608391.6275005
1,45648,1695608391.6383674
1,45664,1695608391.6490479
1,45680,1695608391.659543
1,45696,1695608391.669698
1,45712,1695608391.6798835
1,45728,1695608391.6910415
1,45744,1695608391.7014647
1,45760,1695608391.7120104
1,45776,1695608391.7222922
1,45792,1695608391.7327163
1,45808,1695608391.7432313
1,45824,1695608391.7535255
1,45840,1695608391.7640967
1,45856,1695608391.7750657
1,45872,1695608391.785508
1,45888,1695608391.8002894
1,45904,1695608391.8105524
1,45920,1695608391.8209827
1,45936,1695608391.83099
1,45952,1695608391.8412845
1,45968,1695608391.8518298
1,45984,1695608391.8627765
1,46000,1695608391.8733869
1,46016,1695608391.8836958
1,46032,1695608391.8941085
1,46048,1695608391.9043665
1,46064,1695608391.9144077
1,46080,1695608391.9255347
1,46096,1695608391.9362593
1,46112,1695608391.9470801
1,46128,1695608391.9579601
1,46144,1695608391.9707813
1,46160,1695608391.9833963
1,46176,1695608391.9945135
1,46192,1695608392.005106
1,46208,1695608392.0155017
1,46224,1695608392.027515
1,46240,1695608392.0395994
1,46256,1695608392.0498405
1,46272,1695608392.0602815
1,46288,1695608392.0710835
1,46304,1695608392.0831504
1,46320,1695608392.095369
1,46336,1695608392.1055892
1,46352,1695608392.116005
1,46368,1695608392.1268618
1,46384,1695608392.1390247
1,46400,1695608392.1513755
1,46416,1695608392.161608
1,46432,1695608392.172208
1,46448,1695608392.1830142
1,46464,1695608392.194899
1,46480,1695608392.2071235
1,46496,1695608392.2174618
1,46512,1695608392.227885
1,46528,1695608392.2386882
1,46544,1695608392.2502902
1,46560,1695608392.2622635
1,46576,1695608392.2729511
1,46592,1695608392.2832103
1,46608,1695608392.2939181
1,46624,1695608392.305234
1,46640,1695608392.3172045
1,46656,1695608392.3283134
1,46672,1695608392.3384602
1,46688,1695608392.3496914
1,46704,1695608392.3617153
1,46720,1695608392.3775313
1,46736,1695608392.3889225
1,46752,1695608392.4024239
1,46768,1695608392.4132223
1,46784,1695608392.4253938
1,46800,1695608392.4386356
1,46816,1695608392.449611
1,46832,1695608392.4623091
1,46848,1695608392.4748037
1,46864,1695608392.48677
1,46880,1695608392.4995854
1,46896,1695608392.510925
1,46912,1695608392.522787
1,46928,1695608392.5350974
1,46944,1695608392.5464056
1,46960,1695608392.5579123
1,46976,1695608392.5711117
1,46992,1695608392.5833113
1,47008,1695608392.5957897
1,47024,1695608392.6079862
1,47040,1695608392.6196969
1,47056,1695608392.6326234
1,47072,1695608392.6445534
1,47088,1695608392.6561005
1,47104,1695608392.6681166
1,47120,1695608392.6809134
1,47136,1695608392.6926372
1,47152,1695608392.7034135
1,47168,1695608392.715616
1,47184,1695608392.7296078
1,47200,1695608392.74051
1,47216,1695608392.752945
1,47232,1695608392.7663593
1,47248,1695608392.777159
1,47264,1695608392.7893133
1,47280,1695608392.8058677
1,47296,1695608392.8191307
1,47312,1695608392.829445
1,47328,1695608392.8395355
1,47344,1695608392.849878
1,47360,1695608392.8603826
1,47376,1695608392.8713853
1,47392,1695608392.8820913
1,47408,1695608392.8927248
1,47424,1695608392.902647
1,47440,1695608392.9134314
1,47456,1695608392.9242084
1,47472,1695608392.9347641
1,47488,1695608392.944902
1,47504,1695608392.954902
1,47520,1695608392.9651608
1,47536,1695608392.975645
1,47552,1695608392.9865308
1,47568,1695608392.9972327
1,47584,1695608393.007633
1,47600,1695608393.017775
1,47616,1695608393.0280535
1,47632,1695608393.0384393
1,47648,1695608393.0490887
1,47664,1695608393.0599806
1,47680,1695608393.0704927
1,47696,1695608393.0808911
1,47712,1695608393.0909169
1,47728,1695608393.1017342
1,47744,1695608393.1124794
1,47760,1695608393.1229966
1,47776,1695608393.1331367
1,47792,1695608393.1431854
1,47808,1695608393.1540346
1,47824,1695608393.1647756
1,47840,1695608393.1752226
1,47856,1695608393.1856222
1,47872,1695608393.1959195
1,47888,1695608393.206349
1,47904,1695608393.2167237
1,47920,1695608393.2267325
1,47936,1695608393.23691
1,47952,1695608393.2474332
1,47968,1695608393.2583258
1,47984,1695608393.2690775
1,48000,1695608393.2794802
1,48016,1695608393.2898526
1,48032,1695608393.3001785
1,48048,1695608393.3105807
1,48064,1695608393.3209999
1,48080,1695608393.3309886
1,48096,1695608393.3418193
1,48112,1695608393.3525603
1,48128,1695608393.363198
1,48144,1695608393.3735733
1,48160,1695608393.383898
1,48176,1695608393.3939774
1,48192,1695608393.4042706
1,48208,1695608393.4146874
1,48224,1695608393.4254878
1,48240,1695608393.436153
1,48256,1695608393.4466007
1,48272,1695608393.456948
1,48288,1695608393.4670095
1,48304,1695608393.4787164
1,48320,1695608393.49109
1,48336,1695608393.5035102
1,48352,1695608393.5159922
1,48368,1695608393.5280426
1,48384,1695608393.539761
1,48400,1695608393.552702
1,48416,1695608393.5649493
1,48432,1695608393.5761452
1,48448,1695608393.5875025
1,48464,1695608393.6002
1,48480,1695608393.6121464
1,48496,1695608393.624099
1,48512,1695608393.6355598
1,48528,1695608393.648372
1,48544,1695608393.6606116
1,48560,1695608393.671804
1,48576,1695608393.6831694
1,48592,1695608393.6959708
1,48608,1695608393.708246
1,48624,1695608393.7197962
1,48640,1695608393.7313778
1,48656,1695608393.74391
1,48672,1695608393.7560198
1,48688,1695608393.767605
1,48704,1695608393.7802691
1,48720,1695608393.7924867
1,48736,1695608393.803993
1,48752,1695608393.8155575
1,48768,1695608393.82623
1,48784,1695608393.8380492
1,48800,1695608393.8509393
1,48816,1695608393.8633342
1,48832,1695608393.8756108
1,48848,1695608393.8873203
1,48864,1695608393.8999104
1,48880,1695608393.9120438
1,48896,1695608393.9237537
1,48912,1695608393.936197
1,48928,1695608393.9534957
1,48944,1695608393.966543
1,48960,1695608393.9782608
1,48976,1695608393.990071
1,48992,1695608394.0031059
1,49008,1695608394.0147789
1,49024,1695608394.0269125
1,49040,1695608394.0397406
1,49056,1695608394.0510807
1,49072,1695608394.0634944
1,49088,1695608394.0762284
1,49104,1695608394.087899
1,49120,1695608394.099561
1,49136,1695608394.112507
1,49152,1695608394.124669
1,49168,1695608394.1386738
1,49184,1695608394.1536086
1,49200,1695608394.169732
1,49216,1695608394.1828017
1,49232,1695608394.193105
1,49248,1695608394.203211
1,49264,1695608394.2140684
1,49280,1695608394.2247057
1,49296,1695608394.2354193
1,49312,1695608394.245871
1,49328,1695608394.256246
1,49344,1695608394.2662945
1,49360,1695608394.2768574
1,49376,1695608394.2875314
1,49392,1695608394.2984498
1,49408,1695608394.309401
1,49424,1695608394.3199553
1,49440,1695608394.330351
1,49456,1695608394.340775
1,49472,1695608394.3508027
1,49488,1695608394.3615577
1,49504,1695608394.3723373
1,49520,1695608394.3830945
1,49536,1695608394.39327
1,49552,1695608394.4033458
1,49568,1695608394.4142802
1,49584,1695608394.4295018
1,49600,1695608394.4397368
1,49616,1695608394.450778
1,49632,1695608394.461597
1,49648,1695608394.4720528
1,49664,1695608394.4824736
1,49680,1695608394.492842
1,49696,1695608394.502929
1,49712,1695608394.513823
1,49728,1695608394.524622
1,49744,1695608394.5353677
1,49760,1695608394.5455496
1,49776,1695608394.5557015
1,49792,1695608394.5666993
1,49808,1695608394.5773654
1,49824,1695608394.5880036
1,49840,1695608394.5984309
1,49856,1695608394.6089263
1,49872,1695608394.6190069
1,49888,1695608394.6375372
1,49904,1695608394.6473382
1,49920,1695608394.6571283
1,49936,1695608394.6669118
1,49952,1695608394.6767375
1,49968,1695608394.6865482
1,49984,1695608394.6963446
1,50000,1695608394.7061276
2,16,1695608394.972236
2,32,1695608394.9835699
2,48,1695608394.994524
2,64,1695608395.0054247
2,80,1695608395.0176055
2,96,1695608395.0290086
2,112,1695608395.0407097
2,128,1695608395.0523953
2,144,1695608395.0652485
2,160,1695608395.0773551
2,176,1695608395.092739
2,192,1695608395.1054726
2,208,1695608395.1187649
2,224,1695608395.1299236
2,240,1695608395.1417742
2,256,1695608395.1542675
2,272,1695608395.1659615
2,288,1695608395.1772933
2,304,1695608395.1897213
2,320,1695608395.2014043
2,336,1695608395.212598
2,352,1695608395.2252395
2,368,1695608395.236915
2,384,1695608395.248041
2,400,1695608395.2593157
2,416,1695608395.2717025
2,432,1695608395.2841744
2,448,1695608395.2967637
2,464,1695608395.308219
2,480,1695608395.319586
2,496,1695608395.3320317
2,512,1695608395.3440568
2,528,1695608395.3552825
2,544,1695608395.3677342
2,560,1695608395.3801177
2,576,1695608395.391195
2,592,1695608395.4036705
2,608,1695608395.4158695
2,624,1695608395.4275584
2,640,1695608395.4401963
2,656,1695608395.4523275
2,672,1695608395.4653225
2,688,1695608395.4767673
2,704,1695608395.4895103
2,720,1695608395.5013866
2,736,1695608395.5126283
2,752,1695608395.5241864
2,768,1695608395.5367095
2,784,1695608395.5480266
2,800,1695608395.5594084
2,816,1695608395.572073
2,832,1695608395.5840616
2,848,1695608395.5956988
2,864,1695608395.6069312
2,880,1695608395.6193633
2,896,1695608395.6320024
2,912,1695608395.6431947
2,928,1695608395.6554406
2,944,1695608395.6675193
2,960,1695608395.6791878
2,976,1695608395.6916494
2,992,1695608395.7042964
2,1008,1695608395.7157767
2,1024,1695608395.7273283
2,1040,1695608395.7397852
2,1056,1695608395.7512033
2,1072,1695608395.7652009
2,1088,1695608395.778542
2,1104,1695608395.7901983
2,1120,1695608395.80242
2,1136,1695608395.8142815
2,1152,1695608395.8259838
2,1168,1695608395.8389099
2,1184,1695608395.8505313
2,1200,1695608395.8623292
2,1216,1695608395.87475
2,1232,1695608395.885909
2,1248,1695608395.9001708
2,1264,1695608395.913158
2,1280,1695608395.9329221
2,1296,1695608395.9487677
2,1312,1695608395.9636974
2,1328,1695608395.9762328
2,1344,1695608395.9880033
2,1360,1695608396.0027833
2,1376,1695608396.013886
2,1392,1695608396.02646
2,1408,1695608396.038977
2,1424,1695608396.0510497
2,1440,1695608396.0631583
2,1456,1695608396.0756
2,1472,1695608396.0878723
2,1488,1695608396.0993557
2,1504,1695608396.112994
2,1520,1695608396.1275387
2,1536,1695608396.140295
2,1552,1695608396.1522918
2,1568,1695608396.1661642
2,1584,1695608396.1776726
2,1600,1695608396.1901944
2,1616,1695608396.202028
2,1632,1695608396.2131367
2,1648,1695608396.2258124
2,1664,1695608396.2376947
2,1680,1695608396.24979
2,1696,1695608396.2616746
2,1712,1695608396.2732406
2,1728,1695608396.2873175
2,1744,1695608396.2991548
2,1760,1695608396.310861
2,1776,1695608396.3236127
2,1792,1695608396.3348374
2,1808,1695608396.347173
2,1824,1695608396.359041
2,1840,1695608396.3724866
2,1856,1695608396.384767
2,1872,1695608396.396208
2,1888,1695608396.4089763
2,1904,1695608396.421246
2,1920,1695608396.4326484
2,1936,1695608396.4459233
2,1952,1695608396.4588835
2,1968,1695608396.4712286
2,1984,1695608396.483063
2,2000,1695608396.495801
2,2016,1695608396.5069816
2,2032,1695608396.5188053
2,2048,1695608396.5324538
2,2064,1695608396.5430286
2,2080,1695608396.555497
2,2096,1695608396.5712848
2,2112,1695608396.5881095
2,2128,1695608396.598826
2,2144,1695608396.6114733
2,2160,1695608396.6275566
2,2176,1695608396.6391149
2,2192,1695608396.6524796
2,2208,1695608396.663788
2,2224,1695608396.676338
2,2240,1695608396.6906714
2,2256,1695608396.7025077
2,2272,1695608396.7144845
2,2288,1695608396.7263203
2,2304,1695608396.7383616
2,2320,1695608396.7508826
2,2336,1695608396.7620614
2,2352,1695608396.7734902
2,2368,1695608396.787341
2,2384,1695608396.7992218
2,2400,1695608396.81088
2,2416,1695608396.824262
2,2432,1695608396.8354504
2,2448,1695608396.8479292
2,2464,1695608396.8597233
2,2480,1695608396.8731313
2,2496,1695608396.885507
2,2512,1695608396.897075
2,2528,1695608396.9107432
2,2544,1695608396.9234877
2,2560,1695608396.9362793
2,2576,1695608396.9484358
2,2592,1695608396.9599698
2,2608,1695608396.9712317
2,2624,1695608396.9867425
2,2640,1695608397.0059288
2,2656,1695608397.02242
2,2672,1695608397.0341492
2,2688,1695608397.046842
2,2704,1695608397.0607157
2,2720,1695608397.0717704
2,2736,1695608397.0826821
2,2752,1695608397.095433
2,2768,1695608397.1072035
2,2784,1695608397.1200502
2,2800,1695608397.1313548
2,2816,1695608397.1433938
2,2832,1695608397.1570857
2,2848,1695608397.1681232
2,2864,1695608397.1792653
2,2880,1695608397.1939692
2,2896,1695608397.205581
2,2912,1695608397.2172925
2,2928,1695608397.2310085
2,2944,1695608397.2424915
2,2960,1695608397.255766
2,2976,1695608397.2674668
2,2992,1695608397.2793097
2,3008,1695608397.2924058
2,3024,1695608397.302972
2,3040,1695608397.3148782
2,3056,1695608397.3295116
2,3072,1695608397.3403444
2,3088,1695608397.354678
2,3104,1695608397.3659716
2,3120,1695608397.3776476
2,3136,1695608397.3911397
2,3152,1695608397.403359
2,3168,1695608397.4147449
2,3184,1695608397.4266524
2,3200,1695608397.4397488
2,3216,1695608397.4529994
2,3232,1695608397.4640443
2,3248,1695608397.4762716
2,3264,1695608397.490395
2,3280,1695608397.5048683
2,3296,1695608397.5210884
2,3312,1695608397.5337698
2,3328,1695608397.5457761
2,3344,1695608397.5595298
2,3360,1695608397.5704956
2,3376,1695608397.5829835
2,3392,1695608397.5959105
2,3408,1695608397.6077564
2,3424,1695608397.6205266
2,3440,1695608397.6326864
2,3456,1695608397.6442904
2,3472,1695608397.655686
2,3488,1695608397.6678166
2,3504,1695608397.6793833
2,3520,1695608397.6933355
2,3536,1695608397.7074254
2,3552,1695608397.718166
2,3568,1695608397.7298234
2,3584,1695608397.743098
2,3600,1695608397.755011
2,3616,1695608397.7666154
2,3632,1695608397.781593
2,3648,1695608397.797851
2,3664,1695608397.8162334
2,3680,1695608397.834043
2,3696,1695608397.8464885
2,3712,1695608397.8597074
2,3728,1695608397.8735154
2,3744,1695608397.8844666
2,3760,1695608397.8962872
2,3776,1695608397.9079535
2,3792,1695608397.9198992
2,3808,1695608397.931168
2,3824,1695608397.9449656
2,3840,1695608397.9566875
2,3856,1695608397.9679778
2,3872,1695608397.982765
2,3888,1695608397.9941308
2,3904,1695608398.0061007
2,3920,1695608398.0194523
2,3936,1695608398.0310612
2,3952,1695608398.0460846
2,3968,1695608398.0566766
2,3984,1695608398.0689683
2,4000,1695608398.0819187
2,4016,1695608398.0929804
2,4032,1695608398.1067057
2,4048,1695608398.1181943
2,4064,1695608398.1295996
2,4080,1695608398.1424737
2,4096,1695608398.1549125
2,4112,1695608398.166473
2,4128,1695608398.178516
2,4144,1695608398.1905994
2,4160,1695608398.2027597
2,4176,1695608398.2152295
2,4192,1695608398.2263076
2,4208,1695608398.2378104
2,4224,1695608398.2511952
2,4240,1695608398.2631898
2,4256,1695608398.2748554
2,4272,1695608398.2869508
2,4288,1695608398.3004036
2,4304,1695608398.3115833
2,4320,1695608398.3233871
2,4336,1695608398.3355641
2,4352,1695608398.347608
2,4368,1695608398.3627691
2,4384,1695608398.373603
2,4400,1695608398.385967
2,4416,1695608398.3978477
2,4432,1695608398.4109077
2,4448,1695608398.4229727
2,4464,1695608398.434651
2,4480,1695608398.4509192
2,4496,1695608398.4636314
2,4512,1695608398.4753096
2,4528,1695608398.4881866
2,4544,1695608398.4989426
2,4560,1695608398.5125277
2,4576,1695608398.524388
2,4592,1695608398.5366464
2,4608,1695608398.549337
2,4624,1695608398.560957
2,4640,1695608398.5737185
2,4656,1695608398.5865831
2,4672,1695608398.5982757
2,4688,1695608398.6103468
2,4704,1695608398.62173
2,4720,1695608398.6330748
2,4736,1695608398.6468933
2,4752,1695608398.6588306
2,4768,1695608398.6702878
2,4784,1695608398.6830704
2,4800,1695608398.694985
2,4816,1695608398.7067204
2,4832,1695608398.7185934
2,4848,1695608398.7314758
2,4864,1695608398.7435062
2,4880,1695608398.7560508
2,4896,1695608398.7691488
2,4912,1695608398.7799323
2,4928,1695608398.7919724
2,4944,1695608398.80613
2,4960,1695608398.817144
2,4976,1695608398.8293214
2,4992,1695608398.8423777
2,5008,1695608398.8536608
2,5024,1695608398.8659565
2,5040,1695608398.8783736
2,5056,1695608398.889726
2,5072,1695608398.902306
2,5088,1695608398.9142659
2,5104,1695608398.925583
2,5120,1695608398.9379237
2,5136,1695608398.950594
2,5152,1695608398.961949
2,5168,1695608398.974198
2,5184,1695608398.9863229
2,5200,1695608398.998571
2,5216,1695608399.0103993
2,5232,1695608399.0220907
2,5248,1695608399.0357428
2,5264,1695608399.047446
2,5280,1695608399.0594032
2,5296,1695608399.0729544
2,5312,1695608399.083958
2,5328,1695608399.0967596
2,5344,1695608399.1107836
2,5360,1695608399.1218746
2,5376,1695608399.1343908
2,5392,1695608399.1469154
2,5408,1695608399.1583953
2,5424,1695608399.1707988
2,5440,1695608399.1835558
2,5456,1695608399.196227
2,5472,1695608399.2078936
2,5488,1695608399.2200527
2,5504,1695608399.2331176
2,5520,1695608399.2445457
2,5536,1695608399.2558272
2,5552,1695608399.2679234
2,5568,1695608399.2796023
2,5584,1695608399.2945077
2,5600,1695608399.3078887
2,5616,1695608399.3220563
2,5632,1695608399.3327117
2,5648,1695608399.3445084
2,5664,1695608399.3571277
2,5680,1695608399.3697462
2,5696,1695608399.3816497
2,5712,1695608399.3940005
2,5728,1695608399.4063447
2,5744,1695608399.4184294
2,5760,1695608399.4301944
2,5776,1695608399.4438887
2,5792,1695608399.45553
2,5808,1695608399.4675791
2,5824,1695608399.4816973
2,5840,1695608399.4937313
2,5856,1695608399.5059757
2,5872,1695608399.5174417
2,5888,1695608399.5280871
2,5904,1695608399.5397134
2,5920,1695608399.55407
2,5936,1695608399.565043
2,5952,1695608399.5772307
2,5968,1695608399.590317
2,5984,1695608399.6012545
2,6000,1695608399.6133947
2,6016,1695608399.6262102
2,6032,1695608399.6384134
2,6048,1695608399.6503465
2,6064,1695608399.6617186
2,6080,1695608399.6724927
2,6096,1695608399.6860647
2,6112,1695608399.6985133
2,6128,1695608399.7107651
2,6144,1695608399.7226577
2,6160,1695608399.7364662
2,6176,1695608399.7471876
2,6192,1695608399.759611
2,6208,1695608399.7742617
2,6224,1695608399.7850244
2,6240,1695608399.7972605
2,6256,1695608399.8097951
2,6272,1695608399.8227162
2,6288,1695608399.833936
2,6304,1695608399.8452814
2,6320,1695608399.8591506
2,6336,1695608399.8710012
2,6352,1695608399.8827384
2,6368,1695608399.8946903
2,6384,1695608399.9073863
2,6400,1695608399.9194236
2,6416,1695608399.931724
2,6432,1695608399.9455402
2,6448,1695608399.9590728
2,6464,1695608399.971929
2,6480,1695608399.984034
2,6496,1695608399.9954715
2,6512,1695608400.0075762
2,6528,1695608400.0206537
2,6544,1695608400.0320125
2,6560,1695608400.0427315
2,6576,1695608400.0551171
2,6592,1695608400.0713346
2,6608,1695608400.0825498
2,6624,1695608400.0954678
2,6640,1695608400.1065404
2,6656,1695608400.1190062
2,6672,1695608400.1325274
2,6688,1695608400.1430194
2,6704,1695608400.1567173
2,6720,1695608400.170395
2,6736,1695608400.1834219
2,6752,1695608400.195871
2,6768,1695608400.2074249
2,6784,1695608400.2209544
2,6800,1695608400.2335901
2,6816,1695608400.2446897
2,6832,1695608400.2568696
2,6848,1695608400.2701623
2,6864,1695608400.2817912
2,6880,1695608400.293463
2,6896,1695608400.3044956
2,6912,1695608400.3155854
2,6928,1695608400.3313148
2,6944,1695608400.342638
2,6960,1695608400.3532805
2,6976,1695608400.3640907
2,6992,1695608400.374769
2,7008,1695608400.3849406
2,7024,1695608400.3949568
2,7040,1695608400.4052465
2,7056,1695608400.4172735
2,7072,1695608400.4293
2,7088,1695608400.4402697
2,7104,1695608400.4531164
2,7120,1695608400.4664865
2,7136,1695608400.4777112
2,7152,1695608400.4899774
2,7168,1695608400.5025086
2,7184,1695608400.514106
2,7200,1695608400.526028
2,7216,1695608400.537639
2,7232,1695608400.549766
2,7248,1695608400.5627787
2,7264,1695608400.5738468
2,7280,1695608400.5849762
2,7296,1695608400.603243
2,7312,1695608400.6256092
2,7328,1695608400.643144
2,7344,1695608400.6604674
2,7360,1695608400.6799743
2,7376,1695608400.6998508
2,7392,1695608400.7179418
2,7408,1695608400.730672
2,7424,1695608400.748368
2,7440,1695608400.7651072
2,7456,1695608400.782055
2,7472,1695608400.7947316
2,7488,1695608400.812587
2,7504,1695608400.8315291
2,7520,1695608400.8470447
2,7536,1695608400.8619978
2,7552,1695608400.8742678
2,7568,1695608400.8920803
2,7584,1695608400.9097314
2,7600,1695608400.9237416
2,7616,1695608400.9382796
2,7632,1695608400.9525473
2,7648,1695608400.9664736
2,7664,1695608400.9795787
2,7680,1695608400.9970303
2,7696,1695608401.0144691
2,7712,1695608401.0273807
2,7728,1695608401.0485835
2,7744,1695608401.0694375
2,7760,1695608401.0899723
2,7776,1695608401.1074233
2,7792,1695608401.1280203
2,7808,1695608401.1488292
2,7824,1695608401.1686718
2,7840,1695608401.1879356
2,7856,1695608401.2071443
2,7872,1695608401.2248766
2,7888,1695608401.2388058
2,7904,1695608401.2503312
2,7920,1695608401.2630346
2,7936,1695608401.2755277
2,7952,1695608401.2879314
2,7968,1695608401.299268
2,7984,1695608401.3104827
2,8000,1695608401.3226585
2,8016,1695608401.3342795
