epoch,trained_sample,time
1,0,1696067719.3538368
1,128,1696067720.6066608
1,256,1696067720.6850443
1,384,1696067720.774924
1,512,1696067720.8636932
1,640,1696067720.9526386
1,768,1696067721.0415702
1,896,1696067721.1311774
1,1024,1696067721.2200878
1,1152,1696067721.3089042
1,1280,1696067721.3976905
1,1408,1696067721.4872787
1,1536,1696067721.576149
1,1664,1696067721.6651402
1,1792,1696067721.7540643
1,1920,1696067721.8438387
1,2048,1696067721.9327915
1,2176,1696067722.0218465
1,2304,1696067722.1106083
1,2432,1696067722.2003756
1,2560,1696067722.289157
1,2688,1696067722.3779426
1,2816,1696067722.466853
1,2944,1696067722.5566192
1,3072,1696067722.6455986
1,3200,1696067722.7344952
1,3328,1696067722.823449
1,3456,1696067722.9132028
1,3584,1696067723.002101
1,3712,1696067723.0910861
1,3840,1696067723.1801784
1,3968,1696067723.2698317
1,4096,1696067723.3588738
1,4224,1696067723.4478383
1,4352,1696067723.5367572
1,4480,1696067723.6264796
1,4608,1696067723.715523
1,4736,1696067723.804566
1,4864,1696067723.8934915
1,4992,1696067723.98326
1,5120,1696067724.0722945
1,5248,1696067724.1613894
1,5376,1696067724.250181
1,5504,1696067724.3399618
1,5632,1696067724.4287436
1,5760,1696067724.5176528
1,5888,1696067724.6063628
1,6016,1696067724.6952448
1,6144,1696067724.7841878
1,6272,1696067724.8731146
1,6400,1696067724.9620688
1,6528,1696067725.0509608
1,6656,1696067725.1400483
1,6784,1696067725.2288578
1,6912,1696067725.317901
1,7040,1696067725.4068398
1,7168,1696067725.4958925
1,7296,1696067725.5850766
1,7424,1696067725.6756546
1,7552,1696067725.764689
1,7680,1696067725.8541083
1,7808,1696067725.9433024
1,7936,1696067726.0334513
1,8064,1696067726.122592
1,8192,1696067726.2116413
1,8320,1696067726.3007898
1,8448,1696067726.39096
1,8576,1696067726.4803307
1,8704,1696067726.569443
1,8832,1696067726.6584718
1,8960,1696067726.7481866
1,9088,1696067726.8375373
1,9216,1696067726.926591
1,9344,1696067727.0157773
1,9472,1696067727.1099448
1,9600,1696067727.2084098
1,9728,1696067727.304836
1,9856,1696067727.4030612
1,9984,1696067727.5013008
1,10112,1696067727.6001742
1,10240,1696067727.6987972
1,10368,1696067727.7973952
1,10496,1696067727.8975303
1,10624,1696067727.9959047
1,10752,1696067728.0946143
1,10880,1696067728.1929903
1,11008,1696067728.2920737
1,11136,1696067728.390229
1,11264,1696067728.4899607
1,11392,1696067728.5869598
1,11520,1696067728.6854744
1,11648,1696067728.7831056
1,11776,1696067728.8806267
1,11904,1696067728.979145
1,12032,1696067729.0780387
1,12160,1696067729.2044847
1,12288,1696067729.3433318
1,12416,1696067729.4845238
1,12544,1696067729.6302297
1,12672,1696067729.7627864
1,12800,1696067729.9029589
1,12928,1696067730.049663
1,13056,1696067730.1896057
1,13184,1696067730.3292265
1,13312,1696067730.4615548
1,13440,1696067730.6070724
1,13568,1696067730.7472415
1,13696,1696067730.8883848
1,13824,1696067731.0283873
1,13952,1696067731.167676
1,14080,1696067731.312658
1,14208,1696067731.4525251
1,14336,1696067731.593927
1,14464,1696067731.7316935
1,14592,1696067731.8715935
1,14720,1696067732.0123827
1,14848,1696067732.1523082
1,14976,1696067732.2912545
1,15104,1696067732.430643
1,15232,1696067732.5715954
1,15360,1696067732.7168818
1,15488,1696067732.8568401
1,15616,1696067732.9898973
1,15744,1696067733.130126
1,15872,1696067733.2753747
1,16000,1696067733.415336
1,16128,1696067733.5508692
1,16256,1696067733.6946127
1,16384,1696067733.8348813
1,16512,1696067733.9759474
1,16640,1696067734.1198351
1,16768,1696067734.254938
1,16896,1696067734.3947518
1,17024,1696067734.5352023
1,17152,1696067734.680745
1,17280,1696067734.8157277
1,17408,1696067734.960622
1,17536,1696067735.1005976
1,17664,1696067735.2417765
1,17792,1696067735.3874514
1,17920,1696067735.5208724
1,18048,1696067735.6615636
1,18176,1696067735.8065393
1,18304,1696067735.946559
1,18432,1696067736.0814729
1,18560,1696067736.2254999
1,18688,1696067736.3653505
1,18816,1696067736.5067322
1,18944,1696067736.6523676
1,19072,1696067736.7859666
1,19200,1696067736.926466
1,19328,1696067737.072226
1,19456,1696067737.2126906
1,19584,1696067737.3490853
1,19712,1696067737.491578
1,19840,1696067737.6314187
1,19968,1696067737.77276
1,20096,1696067737.9186847
1,20224,1696067738.0526092
1,20352,1696067738.1929753
1,20480,1696067738.3380373
1,20608,1696067738.4785252
1,20736,1696067738.6146455
1,20864,1696067738.758464
1,20992,1696067738.8984745
1,21120,1696067739.0394077
1,21248,1696067739.1856642
1,21376,1696067739.320329
1,21504,1696067739.4662552
1,21632,1696067739.6070285
1,21760,1696067739.7504144
1,21888,1696067739.88882
1,22016,1696067740.0285397
1,22144,1696067740.1741984
1,22272,1696067740.3159223
1,22400,1696067740.4641743
1,22528,1696067740.5989273
1,22656,1696067740.744282
1,22784,1696067740.88507
1,22912,1696067741.0326035
1,23040,1696067741.1684341
1,23168,1696067741.3135078
1,23296,1696067741.4541988
1,23424,1696067741.5975642
1,23552,1696067741.7425733
1,23680,1696067741.8773735
1,23808,1696067742.0229657
1,23936,1696067742.163616
1,24064,1696067742.3114183
1,24192,1696067742.4477608
1,24320,1696067742.5926845
1,24448,1696067742.7334743
1,24576,1696067742.881312
1,24704,1696067743.0176213
1,24832,1696067743.1634173
1,24960,1696067743.30394
1,25088,1696067743.452145
1,25216,1696067743.5935965
1,25344,1696067743.734033
1,25472,1696067743.8741467
1,25600,1696067744.0152533
1,25728,1696067744.1622953
1,25856,1696067744.2980578
1,25984,1696067744.4435558
1,26112,1696067744.5839043
1,26240,1696067744.7250154
1,26368,1696067744.8720968
1,26496,1696067745.0071042
1,26624,1696067745.1527581
1,26752,1696067745.2933364
1,26880,1696067745.4407687
1,27008,1696067745.575737
1,27136,1696067745.720779
1,27264,1696067745.8623536
1,27392,1696067746.0089188
1,27520,1696067746.1505532
1,27648,1696067746.2900052
1,27776,1696067746.4311569
1,27904,1696067746.5788355
1,28032,1696067746.7210135
1,28160,1696067746.8594236
1,28288,1696067747.0006964
1,28416,1696067747.1477458
1,28544,1696067747.289039
1,28672,1696067747.43066
1,28800,1696067747.5708208
1,28928,1696067747.716014
1,29056,1696067747.8575535
1,29184,1696067748.0049422
1,29312,1696067748.141685
1,29440,1696067748.285126
1,29568,1696067748.4259489
1,29696,1696067748.5736697
1,29824,1696067748.7090497
1,29952,1696067748.854679
1,30080,1696067748.9964178
1,30208,1696067749.1434987
1,30336,1696067749.284932
1,30464,1696067749.4187605
1,30592,1696067749.5646398
1,30720,1696067749.707374
1,30848,1696067749.8533373
1,30976,1696067749.9897795
1,31104,1696067750.1348798
1,31232,1696067750.2756658
1,31360,1696067750.4168603
1,31488,1696067750.556974
1,31616,1696067750.7031002
1,31744,1696067750.8440528
1,31872,1696067750.9917014
1,32000,1696067751.1340373
1,32128,1696067751.272892
1,32256,1696067751.4142187
1,32384,1696067751.5601668
1,32512,1696067751.7015128
1,32640,1696067751.8427362
1,32768,1696067751.984877
1,32896,1696067752.1292682
1,33024,1696067752.2707713
1,33152,1696067752.4186604
1,33280,1696067752.5593581
1,33408,1696067752.699907
1,33536,1696067752.8470614
1,33664,1696067752.9884424
1,33792,1696067753.1283042
1,33920,1696067753.2692401
1,34048,1696067753.4102182
1,34176,1696067753.5568109
1,34304,1696067753.6960258
1,34432,1696067753.8382182
1,34560,1696067753.9795668
1,34688,1696067754.1256106
1,34816,1696067754.267077
1,34944,1696067754.4075477
1,35072,1696067754.54893
1,35200,1696067754.696261
1,35328,1696067754.8374298
1,35456,1696067754.972489
1,35584,1696067755.1179075
1,35712,1696067755.2587273
1,35840,1696067755.4063435
1,35968,1696067755.549126
1,36096,1696067755.644906
1,36224,1696067755.7343533
1,36352,1696067755.8236914
1,36480,1696067755.9130862
1,36608,1696067756.0024543
1,36736,1696067756.0918784
1,36864,1696067756.1812382
1,36992,1696067756.2706428
1,37120,1696067756.3599527
1,37248,1696067756.4493124
1,37376,1696067756.5385714
1,37504,1696067756.628265
1,37632,1696067756.7176132
1,37760,1696067756.807046
1,37888,1696067756.896359
1,38016,1696067756.985714
1,38144,1696067757.075176
1,38272,1696067757.1645482
1,38400,1696067757.253956
1,38528,1696067757.3433223
1,38656,1696067757.4327307
1,38784,1696067757.522143
1,38912,1696067757.6115847
1,39040,1696067757.7008348
1,39168,1696067757.7902527
1,39296,1696067757.8795657
1,39424,1696067757.9690316
1,39552,1696067758.058319
1,39680,1696067758.1477127
1,39808,1696067758.236986
1,39936,1696067758.3263724
1,40064,1696067758.4157343
1,40192,1696067758.5051053
1,40320,1696067758.5958998
1,40448,1696067758.683892
1,40576,1696067758.7733629
1,40704,1696067758.8627157
1,40832,1696067758.954782
1,40960,1696067759.0447495
1,41088,1696067759.1347892
1,41216,1696067759.2246675
1,41344,1696067759.314733
1,41472,1696067759.4046643
1,41600,1696067759.4947321
1,41728,1696067759.5846393
1,41856,1696067759.674673
1,41984,1696067759.764586
1,42112,1696067759.8545632
1,42240,1696067759.9444485
1,42368,1696067760.0345128
1,42496,1696067760.124453
1,42624,1696067760.2144792
1,42752,1696067760.3043644
1,42880,1696067760.3943472
1,43008,1696067760.484237
1,43136,1696067760.5742545
1,43264,1696067760.6641934
1,43392,1696067760.7542481
1,43520,1696067760.8441417
1,43648,1696067760.9342296
1,43776,1696067761.024099
1,43904,1696067761.1140902
1,44032,1696067761.2040253
1,44160,1696067761.2940347
1,44288,1696067761.3839455
1,44416,1696067761.4740407
1,44544,1696067761.5639803
1,44672,1696067761.654267
1,44800,1696067761.7442117
1,44928,1696067761.8342264
1,45056,1696067761.9241786
1,45184,1696067762.014212
1,45312,1696067762.104137
1,45440,1696067762.1941774
1,45568,1696067762.2841008
1,45696,1696067762.374144
1,45824,1696067762.464126
1,45952,1696067762.554222
1,46080,1696067762.6441128
1,46208,1696067762.7342858
1,46336,1696067762.8241599
1,46464,1696067762.9141946
1,46592,1696067763.0041406
1,46720,1696067763.0942745
1,46848,1696067763.1842132
1,46976,1696067763.2741075
1,47104,1696067763.3640153
1,47232,1696067763.4540424
1,47360,1696067763.544002
1,47488,1696067763.634016
1,47616,1696067763.7239764
1,47744,1696067763.8140302
1,47872,1696067763.9039826
1,48000,1696067763.9941204
1,48128,1696067764.0840495
1,48256,1696067764.173501
1,48384,1696067764.2629027
1,48512,1696067764.3524365
1,48640,1696067764.4417565
1,48768,1696067764.5311959
1,48896,1696067764.6205587
1,49024,1696067764.7100103
1,49152,1696067764.7994547
1,49280,1696067764.8889256
1,49408,1696067764.9782953
1,49536,1696067765.0676703
1,49664,1696067765.1570094
1,49792,1696067765.2464087
1,49920,1696067765.3357317
1,50000,1696067765.430993
