epoch,trained_sample,time
1,0,1696068201.283014
1,16,1696068202.5107505
1,32,1696068202.5333896
1,48,1696068202.558354
1,64,1696068202.583372
1,80,1696068202.6059275
1,96,1696068202.6262746
1,112,1696068202.6511552
1,128,1696068202.6677854
1,144,1696068202.6893752
1,160,1696068202.7117133
1,176,1696068202.7322724
1,192,1696068202.753951
1,208,1696068202.7759562
1,224,1696068202.8018773
1,240,1696068202.8241813
1,256,1696068202.847374
1,272,1696068202.8676882
1,288,1696068202.8902602
1,304,1696068202.916134
1,320,1696068202.9379358
1,336,1696068202.9544168
1,352,1696068202.9747438
1,368,1696068202.9953227
1,384,1696068203.016238
1,400,1696068203.0381086
1,416,1696068203.0595226
1,432,1696068203.086067
1,448,1696068203.1084728
1,464,1696068203.131238
1,480,1696068203.1517296
1,496,1696068203.1741593
1,512,1696068203.198821
1,528,1696068203.2251353
1,544,1696068203.2456968
1,560,1696068203.2691479
1,576,1696068203.2910058
1,592,1696068203.3125148
1,608,1696068203.334671
1,624,1696068203.3592408
1,640,1696068203.3759232
1,656,1696068203.397518
1,672,1696068203.4198093
1,688,1696068203.4397814
1,704,1696068203.4622269
1,720,1696068203.4855525
1,736,1696068203.5055327
1,752,1696068203.5292444
1,768,1696068203.5498002
1,784,1696068203.5739508
1,800,1696068203.5962937
1,816,1696068203.6183841
1,832,1696068203.6432257
1,848,1696068203.662983
1,864,1696068203.6812432
1,880,1696068203.6997058
1,896,1696068203.719256
1,912,1696068203.7365088
1,928,1696068203.761452
1,944,1696068203.7830462
1,960,1696068203.7990677
1,976,1696068203.8219972
1,992,1696068203.8440804
1,1008,1696068203.86365
1,1024,1696068203.886388
1,1040,1696068203.9125426
1,1056,1696068203.9340332
1,1072,1696068203.9558475
1,1088,1696068203.981803
1,1104,1696068204.0011103
1,1120,1696068204.025072
1,1136,1696068204.0472796
1,1152,1696068204.0677505
1,1168,1696068204.0903046
1,1184,1696068204.116667
1,1200,1696068204.1377497
1,1216,1696068204.1619697
1,1232,1696068204.1818697
1,1248,1696068204.1988368
1,1264,1696068204.2184317
1,1280,1696068204.239283
1,1296,1696068204.2599208
1,1312,1696068204.2888014
1,1328,1696068204.3096724
1,1344,1696068204.328851
1,1360,1696068204.3554025
1,1376,1696068204.3763156
1,1392,1696068204.3959098
1,1408,1696068204.415925
1,1424,1696068204.43549
1,1440,1696068204.455585
1,1456,1696068204.4758775
1,1472,1696068204.4955182
1,1488,1696068204.5155513
1,1504,1696068204.5373673
1,1520,1696068204.5596569
1,1536,1696068204.5798419
1,1552,1696068204.6022928
1,1568,1696068204.6281133
1,1584,1696068204.650606
1,1600,1696068204.6746027
1,1616,1696068204.6981149
1,1632,1696068204.7200003
1,1648,1696068204.7457523
1,1664,1696068204.7645185
1,1680,1696068204.7897232
1,1696,1696068204.8085692
1,1712,1696068204.8337038
1,1728,1696068204.8524654
1,1744,1696068204.877853
1,1760,1696068204.8966696
1,1776,1696068204.9218278
1,1792,1696068204.9406183
1,1808,1696068204.965714
1,1824,1696068204.9850397
1,1840,1696068205.009611
1,1856,1696068205.031109
1,1872,1696068205.052298
1,1888,1696068205.0758193
1,1904,1696068205.096342
1,1920,1696068205.1184177
1,1936,1696068205.1431894
1,1952,1696068205.1660502
1,1968,1696068205.19085
1,1984,1696068205.2077627
1,2000,1696068205.2294896
1,2016,1696068205.2518804
1,2032,1696068205.2719114
1,2048,1696068205.2942252
1,2064,1696068205.3188505
1,2080,1696068205.341811
1,2096,1696068205.3658109
1,2112,1696068205.3869069
1,2128,1696068205.406889
1,2144,1696068205.4270532
1,2160,1696068205.447635
1,2176,1696068205.4704993
1,2192,1696068205.4967873
1,2208,1696068205.5180473
1,2224,1696068205.5372076
1,2240,1696068205.5559282
1,2256,1696068205.5754986
1,2272,1696068205.5959234
1,2288,1696068205.6156807
1,2304,1696068205.6360993
1,2320,1696068205.655979
1,2336,1696068205.6757562
1,2352,1696068205.6958692
1,2368,1696068205.7157898
1,2384,1696068205.7358537
1,2400,1696068205.7557921
1,2416,1696068205.7757602
1,2432,1696068205.79606
1,2448,1696068205.8159213
1,2464,1696068205.835863
1,2480,1696068205.855827
1,2496,1696068205.8754802
1,2512,1696068205.89545
1,2528,1696068205.915563
1,2544,1696068205.9355664
1,2560,1696068205.9558394
1,2576,1696068205.9755883
1,2592,1696068205.9957106
1,2608,1696068206.019969
1,2624,1696068206.0403697
1,2640,1696068206.0655258
1,2656,1696068206.0884917
1,2672,1696068206.110608
1,2688,1696068206.1369965
1,2704,1696068206.161028
1,2720,1696068206.1832461
1,2736,1696068206.2037678
1,2752,1696068206.229008
1,2768,1696068206.251032
1,2784,1696068206.2716682
1,2800,1696068206.2941642
1,2816,1696068206.318812
1,2832,1696068206.3425188
1,2848,1696068206.3664896
1,2864,1696068206.3930233
1,2880,1696068206.415512
1,2896,1696068206.436227
1,2912,1696068206.4583073
1,2928,1696068206.4835625
1,2944,1696068206.5064816
1,2960,1696068206.5309908
1,2976,1696068206.553976
1,2992,1696068206.571135
1,3008,1696068206.5945287
1,3024,1696068206.6142807
1,3040,1696068206.6333869
1,3056,1696068206.6558516
1,3072,1696068206.676417
1,3088,1696068206.698348
1,3104,1696068206.7230997
1,3120,1696068206.7427971
1,3136,1696068206.7612064
1,3152,1696068206.7797382
1,3168,1696068206.7995536
1,3184,1696068206.8195353
1,3200,1696068206.8441265
1,3216,1696068206.8645947
1,3232,1696068206.889378
1,3248,1696068206.909978
1,3264,1696068206.9353511
1,3280,1696068206.9580083
1,3296,1696068206.9829264
1,3312,1696068207.0060997
1,3328,1696068207.0282679
1,3344,1696068207.0535076
1,3360,1696068207.0750182
1,3376,1696068207.0965874
1,3392,1696068207.119776
1,3408,1696068207.1397479
1,3424,1696068207.162437
1,3440,1696068207.1842322
1,3456,1696068207.2100234
1,3472,1696068207.232477
1,3488,1696068207.2554073
1,3504,1696068207.276302
1,3520,1696068207.2984219
1,3536,1696068207.3238907
1,3552,1696068207.3464322
1,3568,1696068207.3706758
1,3584,1696068207.3876865
1,3600,1696068207.4096048
1,3616,1696068207.431594
1,3632,1696068207.4535692
1,3648,1696068207.4759352
1,3664,1696068207.4960012
1,3680,1696068207.5182824
1,3696,1696068207.542515
1,3712,1696068207.5660434
1,3728,1696068207.591388
1,3744,1696068207.6144502
1,3760,1696068207.6390529
1,3776,1696068207.6621373
1,3792,1696068207.6878784
1,3808,1696068207.710237
1,3824,1696068207.736528
1,3840,1696068207.7582057
1,3856,1696068207.782825
1,3872,1696068207.7999554
1,3888,1696068207.8218539
1,3904,1696068207.8435755
1,3920,1696068207.8640814
1,3936,1696068207.8860614
1,3952,1696068207.911043
1,3968,1696068207.9284403
1,3984,1696068207.949295
1,4000,1696068207.9714909
1,4016,1696068207.994069
1,4032,1696068208.0181403
1,4048,1696068208.0447595
1,4064,1696068208.0659106
1,4080,1696068208.0836933
1,4096,1696068208.1029787
1,4112,1696068208.1262076
1,4128,1696068208.152765
1,4144,1696068208.1722188
1,4160,1696068208.190431
1,4176,1696068208.2084506
1,4192,1696068208.228102
1,4208,1696068208.249064
1,4224,1696068208.268734
1,4240,1696068208.2880316
1,4256,1696068208.3081307
1,4272,1696068208.3279119
1,4288,1696068208.3478298
1,4304,1696068208.3658552
1,4320,1696068208.3841512
1,4336,1696068208.4040353
1,4352,1696068208.4240165
1,4368,1696068208.4440222
1,4384,1696068208.4636724
1,4400,1696068208.4839768
1,4416,1696068208.5039096
1,4432,1696068208.5240011
1,4448,1696068208.544386
1,4464,1696068208.5680933
1,4480,1696068208.5884986
1,4496,1696068208.61052
1,4512,1696068208.6356466
1,4528,1696068208.6579351
1,4544,1696068208.6842165
1,4560,1696068208.7089925
1,4576,1696068208.7310724
1,4592,1696068208.7509744
1,4608,1696068208.7719078
1,4624,1696068208.800477
1,4640,1696068208.823442
1,4656,1696068208.8441758
1,4672,1696068208.8664622
1,4688,1696068208.8913198
1,4704,1696068208.9138272
1,4720,1696068208.9403872
1,4736,1696068208.9585614
1,4752,1696068208.9788294
1,4768,1696068208.999254
1,4784,1696068209.0213177
1,4800,1696068209.0439463
1,4816,1696068209.0654395
1,4832,1696068209.0891125
1,4848,1696068209.1087093
1,4864,1696068209.1290052
1,4880,1696068209.158787
1,4896,1696068209.172516
1,4912,1696068209.1929095
1,4928,1696068209.2146187
1,4944,1696068209.234073
1,4960,1696068209.2544508
1,4976,1696068209.2744405
1,4992,1696068209.294142
1,5008,1696068209.3146553
1,5024,1696068209.3340626
1,5040,1696068209.3544285
1,5056,1696068209.3741932
1,5072,1696068209.394648
1,5088,1696068209.4138691
1,5104,1696068209.4343696
1,5120,1696068209.4540122
1,5136,1696068209.474206
1,5152,1696068209.494368
1,5168,1696068209.5144596
1,5184,1696068209.534187
1,5200,1696068209.5537915
1,5216,1696068209.5740497
1,5232,1696068209.591048
1,5248,1696068209.608385
1,5264,1696068209.6244862
1,5280,1696068209.6424527
1,5296,1696068209.6614077
1,5312,1696068209.6787655
1,5328,1696068209.697397
1,5344,1696068209.714743
1,5360,1696068209.7336695
1,5376,1696068209.7510536
1,5392,1696068209.7694705
1,5408,1696068209.7871501
1,5424,1696068209.803763
1,5440,1696068209.820222
1,5456,1696068209.8361237
1,5472,1696068209.8543086
1,5488,1696068209.8716996
1,5504,1696068209.888101
1,5520,1696068209.9035215
1,5536,1696068209.9218202
1,5552,1696068209.9411547
1,5568,1696068209.958861
1,5584,1696068209.9754522
1,5600,1696068209.9920535
1,5616,1696068210.0076168
1,5632,1696068210.026159
1,5648,1696068210.0466428
1,5664,1696068210.0663428
1,5680,1696068210.0836403
1,5696,1696068210.0999906
1,5712,1696068210.1165338
1,5728,1696068210.1319575
1,5744,1696068210.1481125
1,5760,1696068210.165498
1,5776,1696068210.1829617
1,5792,1696068210.1996644
1,5808,1696068210.2162068
1,5824,1696068210.2321477
1,5840,1696068210.2502215
1,5856,1696068210.269452
1,5872,1696068210.2869174
1,5888,1696068210.3033316
1,5904,1696068210.3201349
1,5920,1696068210.3357942
1,5936,1696068210.3541741
1,5952,1696068210.3716757
1,5968,1696068210.396311
1,5984,1696068210.4161923
1,6000,1696068210.4367812
1,6016,1696068210.4575257
1,6032,1696068210.4807055
1,6048,1696068210.5025854
1,6064,1696068210.5219023
1,6080,1696068210.5421748
1,6096,1696068210.562461
1,6112,1696068210.5820892
1,6128,1696068210.6024458
1,6144,1696068210.622234
1,6160,1696068210.642316
1,6176,1696068210.6623876
1,6192,1696068210.6823056
1,6208,1696068210.7023845
1,6224,1696068210.722293
1,6240,1696068210.7424452
1,6256,1696068210.7623122
1,6272,1696068210.7822144
1,6288,1696068210.8024924
1,6304,1696068210.8222313
1,6320,1696068210.8424754
1,6336,1696068210.8622744
1,6352,1696068210.8821895
1,6368,1696068210.9023502
1,6384,1696068210.9219728
1,6400,1696068210.9423153
1,6416,1696068210.9689457
1,6432,1696068210.9886498
1,6448,1696068211.0092068
1,6464,1696068211.0325243
1,6480,1696068211.0572417
1,6496,1696068211.0765889
1,6512,1696068211.0986006
1,6528,1696068211.1192875
1,6544,1696068211.142796
1,6560,1696068211.1625528
1,6576,1696068211.1852756
1,6592,1696068211.2067604
1,6608,1696068211.2260957
1,6624,1696068211.2460887
1,6640,1696068211.2658076
1,6656,1696068211.2856681
1,6672,1696068211.3055716
1,6688,1696068211.3244026
1,6704,1696068211.341833
1,6720,1696068211.3648922
1,6736,1696068211.382724
1,6752,1696068211.4018347
1,6768,1696068211.42432
1,6784,1696068211.446736
1,6800,1696068211.465931
1,6816,1696068211.4864838
1,6832,1696068211.5055053
1,6848,1696068211.5253937
1,6864,1696068211.5455604
1,6880,1696068211.5644186
1,6896,1696068211.583537
1,6912,1696068211.6019592
1,6928,1696068211.6264482
1,6944,1696068211.6450195
1,6960,1696068211.663136
1,6976,1696068211.6821692
1,6992,1696068211.705996
1,7008,1696068211.7267609
1,7024,1696068211.7456148
1,7040,1696068211.7664485
1,7056,1696068211.7859695
1,7072,1696068211.8063438
1,7088,1696068211.8301554
1,7104,1696068211.8502295
1,7120,1696068211.8676834
1,7136,1696068211.8850265
1,7152,1696068211.909444
1,7168,1696068211.9281476
1,7184,1696068211.9486625
1,7200,1696068211.967199
1,7216,1696068211.9888957
1,7232,1696068212.0106049
1,7248,1696068212.032082
1,7264,1696068212.0512948
1,7280,1696068212.0723774
1,7296,1696068212.0948513
1,7312,1696068212.1140947
1,7328,1696068212.1340313
1,7344,1696068212.1542103
1,7360,1696068212.1745195
1,7376,1696068212.1937747
1,7392,1696068212.2146122
1,7408,1696068212.2339764
1,7424,1696068212.2542233
1,7440,1696068212.2742352
1,7456,1696068212.2943642
1,7472,1696068212.3173645
1,7488,1696068212.3389783
1,7504,1696068212.3579583
1,7520,1696068212.3784502
1,7536,1696068212.403771
1,7552,1696068212.4209564
1,7568,1696068212.4380674
1,7584,1696068212.4585762
1,7600,1696068212.4788644
1,7616,1696068212.4979184
1,7632,1696068212.518143
1,7648,1696068212.5384116
1,7664,1696068212.558069
1,7680,1696068212.5786383
1,7696,1696068212.5966585
1,7712,1696068212.6130602
1,7728,1696068212.6308498
1,7744,1696068212.6471472
1,7760,1696068212.6717253
1,7776,1696068212.6867576
1,7792,1696068212.7076962
1,7808,1696068212.726946
1,7824,1696068212.7446687
1,7840,1696068212.7628002
1,7856,1696068212.7835088
1,7872,1696068212.8024764
1,7888,1696068212.8196526
1,7904,1696068212.8396454
1,7920,1696068212.8590908
1,7936,1696068212.8786378
1,7952,1696068212.899728
1,7968,1696068212.9198043
1,7984,1696068212.9395268
1,8000,1696068212.9583488
1,8016,1696068212.979553
1,8032,1696068212.9998088
1,8048,1696068213.01965
1,8064,1696068213.039596
1,8080,1696068213.0584626
1,8096,1696068213.0794153
1,8112,1696068213.09976
1,8128,1696068213.119485
1,8144,1696068213.1379673
1,8160,1696068213.158702
1,8176,1696068213.179569
1,8192,1696068213.1983714
1,8208,1696068213.2165895
1,8224,1696068213.2351406
1,8240,1696068213.2571294
1,8256,1696068213.2789328
1,8272,1696068213.2976997
1,8288,1696068213.3186073
1,8304,1696068213.3380003
1,8320,1696068213.358262
1,8336,1696068213.3782926
1,8352,1696068213.398268
1,8368,1696068213.4184813
1,8384,1696068213.4379773
1,8400,1696068213.458052
1,8416,1696068213.478309
1,8432,1696068213.4980352
1,8448,1696068213.518344
1,8464,1696068213.5380116
1,8480,1696068213.5582745
1,8496,1696068213.5784357
1,8512,1696068213.59826
1,8528,1696068213.6183057
1,8544,1696068213.6382601
1,8560,1696068213.6586366
1,8576,1696068213.678446
1,8592,1696068213.7018151
1,8608,1696068213.7228134
1,8624,1696068213.7422912
1,8640,1696068213.7589517
1,8656,1696068213.7748764
1,8672,1696068213.79158
1,8688,1696068213.81779
1,8704,1696068213.835317
1,8720,1696068213.860873
1,8736,1696068213.8801653
1,8752,1696068213.8993664
1,8768,1696068213.9182847
1,8784,1696068213.9361806
1,8800,1696068213.954816
1,8816,1696068213.9757798
1,8832,1696068213.9971018
1,8848,1696068214.016019
1,8864,1696068214.035013
1,8880,1696068214.0567894
1,8896,1696068214.0788717
1,8912,1696068214.0979743
1,8928,1696068214.1204216
1,8944,1696068214.141595
1,8960,1696068214.1625876
1,8976,1696068214.181672
1,8992,1696068214.2014687
1,9008,1696068214.2225513
1,9024,1696068214.2422671
1,9040,1696068214.2615867
1,9056,1696068214.2828498
1,9072,1696068214.3024228
1,9088,1696068214.326388
1,9104,1696068214.347173
1,9120,1696068214.3730888
1,9136,1696068214.3927574
1,9152,1696068214.4148083
1,9168,1696068214.434309
1,9184,1696068214.4543269
1,9200,1696068214.4744322
1,9216,1696068214.4967582
1,9232,1696068214.516225
1,9248,1696068214.5348773
1,9264,1696068214.5565777
1,9280,1696068214.5787728
1,9296,1696068214.5980535
1,9312,1696068214.6183593
1,9328,1696068214.6379402
1,9344,1696068214.6582367
1,9360,1696068214.6780107
1,9376,1696068214.700015
1,9392,1696068214.7215896
1,9408,1696068214.7405655
1,9424,1696068214.7542963
1,9440,1696068214.7727683
1,9456,1696068214.7944415
1,9472,1696068214.8201842
1,9488,1696068214.843693
1,9504,1696068214.8669045
1,9520,1696068214.8898003
1,9536,1696068214.913656
1,9552,1696068214.9350257
1,9568,1696068214.9555087
1,9584,1696068214.981908
1,9600,1696068215.0005877
1,9616,1696068215.019013
1,9632,1696068215.04513
1,9648,1696068215.0660706
1,9664,1696068215.086237
1,9680,1696068215.106176
1,9696,1696068215.1265693
1,9712,1696068215.1461318
1,9728,1696068215.166131
1,9744,1696068215.1860633
1,9760,1696068215.20793
1,9776,1696068215.228939
1,9792,1696068215.2507503
1,9808,1696068215.2702494
1,9824,1696068215.2903254
1,9840,1696068215.310244
1,9856,1696068215.3306413
1,9872,1696068215.3502672
1,9888,1696068215.3703678
1,9904,1696068215.390335
1,9920,1696068215.4103274
1,9936,1696068215.4302075
1,9952,1696068215.450347
1,9968,1696068215.4698248
1,9984,1696068215.487639
1,10000,1696068215.5041513
1,10016,1696068215.5206199
1,10032,1696068215.543168
1,10048,1696068215.5626385
1,10064,1696068215.5855222
1,10080,1696068215.6047664
1,10096,1696068215.62376
1,10112,1696068215.642148
1,10128,1696068215.659612
1,10144,1696068215.6830454
1,10160,1696068215.7007067
1,10176,1696068215.7184186
1,10192,1696068215.7333996
1,10208,1696068215.7515295
1,10224,1696068215.7685905
1,10240,1696068215.7841337
1,10256,1696068215.8000033
1,10272,1696068215.8154864
1,10288,1696068215.8388007
1,10304,1696068215.8585
1,10320,1696068215.8775713
1,10336,1696068215.8985014
1,10352,1696068215.9182472
1,10368,1696068215.9381719
1,10384,1696068215.9581897
1,10400,1696068215.978251
1,10416,1696068215.9985797
1,10432,1696068216.0183735
1,10448,1696068216.0377972
1,10464,1696068216.058763
1,10480,1696068216.0812201
1,10496,1696068216.1027346
1,10512,1696068216.1220434
1,10528,1696068216.1458929
1,10544,1696068216.1644316
1,10560,1696068216.1892817
1,10576,1696068216.2074344
1,10592,1696068216.2244105
1,10608,1696068216.2428255
1,10624,1696068216.266305
1,10640,1696068216.2845757
1,10656,1696068216.302404
1,10672,1696068216.3180175
1,10688,1696068216.3335311
1,10704,1696068216.347722
1,10720,1696068216.3650064
1,10736,1696068216.3840008
1,10752,1696068216.402641
1,10768,1696068216.4197383
1,10784,1696068216.4363868
1,10800,1696068216.4526913
1,10816,1696068216.4705737
1,10832,1696068216.4894261
1,10848,1696068216.506906
1,10864,1696068216.523452
1,10880,1696068216.548376
1,10896,1696068216.5697346
1,10912,1696068216.589529
1,10928,1696068216.6101308
1,10944,1696068216.6305573
1,10960,1696068216.6528962
1,10976,1696068216.674522
1,10992,1696068216.6941779
1,11008,1696068216.718336
1,11024,1696068216.7383885
1,11040,1696068216.7571177
1,11056,1696068216.7768693
1,11072,1696068216.800825
1,11088,1696068216.8206365
1,11104,1696068216.8421268
1,11120,1696068216.8623526
1,11136,1696068216.8818977
1,11152,1696068216.9031827
1,11168,1696068216.9211898
1,11184,1696068216.9417014
1,11200,1696068216.9615571
1,11216,1696068216.9826446
1,11232,1696068217.0021775
1,11248,1696068217.0224786
1,11264,1696068217.042327
1,11280,1696068217.062295
1,11296,1696068217.0819945
1,11312,1696068217.1027284
1,11328,1696068217.1218767
1,11344,1696068217.1421058
1,11360,1696068217.1620471
1,11376,1696068217.1820376
1,11392,1696068217.202375
1,11408,1696068217.2221727
1,11424,1696068217.2421072
1,11440,1696068217.2626863
1,11456,1696068217.2822106
1,11472,1696068217.3023386
1,11488,1696068217.3218906
1,11504,1696068217.3441184
1,11520,1696068217.365198
1,11536,1696068217.3865569
1,11552,1696068217.406169
1,11568,1696068217.4261448
1,11584,1696068217.4457505
1,11600,1696068217.4657905
1,11616,1696068217.485205
1,11632,1696068217.50451
1,11648,1696068217.5236354
1,11664,1696068217.546834
1,11680,1696068217.5661478
1,11696,1696068217.5860837
1,11712,1696068217.6095822
1,11728,1696068217.631011
1,11744,1696068217.6454535
1,11760,1696068217.666159
1,11776,1696068217.6865582
1,11792,1696068217.7063253
1,11808,1696068217.7259667
1,11824,1696068217.7463832
1,11840,1696068217.7662704
1,11856,1696068217.7865436
1,11872,1696068217.8088129
1,11888,1696068217.8286664
1,11904,1696068217.8469598
1,11920,1696068217.868808
1,11936,1696068217.8882117
1,11952,1696068217.9067044
1,11968,1696068217.9287696
1,11984,1696068217.948643
1,12000,1696068217.9690084
1,12016,1696068217.988584
1,12032,1696068218.0064743
1,12048,1696068218.0237703
1,12064,1696068218.0402849
1,12080,1696068218.057963
1,12096,1696068218.075561
1,12112,1696068218.094431
1,12128,1696068218.1113274
1,12144,1696068218.1275759
1,12160,1696068218.1453543
1,12176,1696068218.1622846
1,12192,1696068218.1794114
1,12208,1696068218.197407
1,12224,1696068218.2201715
1,12240,1696068218.2427187
1,12256,1696068218.2619903
1,12272,1696068218.2823186
1,12288,1696068218.3021514
1,12304,1696068218.3248594
1,12320,1696068218.3430533
1,12336,1696068218.3609703
1,12352,1696068218.3825748
1,12368,1696068218.402287
1,12384,1696068218.421736
1,12400,1696068218.4423351
1,12416,1696068218.4623272
1,12432,1696068218.4821854
1,12448,1696068218.5021725
1,12464,1696068218.5224288
1,12480,1696068218.542152
1,12496,1696068218.5620263
1,12512,1696068218.5821984
1,12528,1696068218.6057832
1,12544,1696068218.6248467
1,12560,1696068218.6435168
1,12576,1696068218.66215
1,12592,1696068218.686406
1,12608,1696068218.7082505
1,12624,1696068218.729787
1,12640,1696068218.7498071
1,12656,1696068218.770864
1,12672,1696068218.7902117
1,12688,1696068218.8144813
1,12704,1696068218.832927
1,12720,1696068218.8504388
1,12736,1696068218.873011
1,12752,1696068218.8946023
1,12768,1696068218.9134521
1,12784,1696068218.9369707
1,12800,1696068218.9581149
1,12816,1696068218.978545
1,12832,1696068218.9975207
1,12848,1696068219.017802
1,12864,1696068219.0381136
1,12880,1696068219.0581813
1,12896,1696068219.0796502
1,12912,1696068219.101148
1,12928,1696068219.1228032
1,12944,1696068219.1420872
1,12960,1696068219.1624289
1,12976,1696068219.1825194
1,12992,1696068219.2018635
1,13008,1696068219.2221305
1,13024,1696068219.2421672
1,13040,1696068219.2624016
1,13056,1696068219.2822034
1,13072,1696068219.3022144
1,13088,1696068219.3247173
1,13104,1696068219.3443627
1,13120,1696068219.3636265
1,13136,1696068219.3825347
1,13152,1696068219.401511
1,13168,1696068219.4188066
1,13184,1696068219.4409268
1,13200,1696068219.4626973
1,13216,1696068219.481885
1,13232,1696068219.50231
1,13248,1696068219.5261478
1,13264,1696068219.5466511
1,13280,1696068219.5661678
1,13296,1696068219.5862794
1,13312,1696068219.608246
1,13328,1696068219.629149
1,13344,1696068219.6479747
1,13360,1696068219.666903
1,13376,1696068219.6885216
1,13392,1696068219.710276
1,13408,1696068219.7302022
1,13424,1696068219.7568724
1,13440,1696068219.776505
1,13456,1696068219.79891
1,13472,1696068219.8184857
1,13488,1696068219.8446088
1,13504,1696068219.8627336
1,13520,1696068219.8842123
1,13536,1696068219.9040644
1,13552,1696068219.92291
1,13568,1696068219.9466648
1,13584,1696068219.967754
1,13600,1696068219.991016
1,13616,1696068220.0107036
1,13632,1696068220.0325599
1,13648,1696068220.0547538
1,13664,1696068220.0770917
1,13680,1696068220.0967424
1,13696,1696068220.1158
1,13712,1696068220.1389031
1,13728,1696068220.1581228
1,13744,1696068220.180028
1,13760,1696068220.201857
1,13776,1696068220.2207038
1,13792,1696068220.2420437
1,13808,1696068220.2662313
1,13824,1696068220.2921627
1,13840,1696068220.3131356
1,13856,1696068220.3347268
1,13872,1696068220.3544135
1,13888,1696068220.3743284
1,13904,1696068220.3941305
1,13920,1696068220.4142544
1,13936,1696068220.4374912
1,13952,1696068220.458796
1,13968,1696068220.4777265
1,13984,1696068220.501636
1,14000,1696068220.5227983
1,14016,1696068220.5414462
1,14032,1696068220.561857
1,14048,1696068220.5813634
1,14064,1696068220.60183
1,14080,1696068220.621889
1,14096,1696068220.6425962
1,14112,1696068220.665494
1,14128,1696068220.6867304
1,14144,1696068220.7060921
1,14160,1696068220.7261326
1,14176,1696068220.7461715
1,14192,1696068220.7688015
1,14208,1696068220.7907856
1,14224,1696068220.8052359
1,14240,1696068220.8291667
1,14256,1696068220.8475542
1,14272,1696068220.8687713
1,14288,1696068220.8894923
1,14304,1696068220.9130085
1,14320,1696068220.9326875
1,14336,1696068220.952619
1,14352,1696068220.977398
1,14368,1696068220.9988256
1,14384,1696068221.0183048
1,14400,1696068221.0345042
1,14416,1696068221.0527184
1,14432,1696068221.0705879
1,14448,1696068221.0891747
1,14464,1696068221.1068313
1,14480,1696068221.1256218
1,14496,1696068221.1430016
1,14512,1696068221.161454
1,14528,1696068221.1790056
1,14544,1696068221.1956246
1,14560,1696068221.2121856
1,14576,1696068221.2279017
1,14592,1696068221.246282
1,14608,1696068221.263878
1,14624,1696068221.28064
1,14640,1696068221.2976055
1,14656,1696068221.3144062
1,14672,1696068221.3337572
1,14688,1696068221.3510003
1,14704,1696068221.3698602
1,14720,1696068221.3871636
1,14736,1696068221.4057612
1,14752,1696068221.423202
1,14768,1696068221.439738
1,14784,1696068221.4561133
1,14800,1696068221.4727178
1,14816,1696068221.4897747
1,14832,1696068221.5084596
1,14848,1696068221.5264783
1,14864,1696068221.5439613
1,14880,1696068221.560453
1,14896,1696068221.576292
1,14912,1696068221.5942569
1,14928,1696068221.6128943
1,14944,1696068221.6307201
1,14960,1696068221.6491525
1,14976,1696068221.66711
1,14992,1696068221.6838155
1,15008,1696068221.7003827
1,15024,1696068221.716362
1,15040,1696068221.7343283
1,15056,1696068221.7531087
1,15072,1696068221.770899
1,15088,1696068221.7893167
1,15104,1696068221.8072374
1,15120,1696068221.8253152
1,15136,1696068221.8428786
1,15152,1696068221.8621309
1,15168,1696068221.8788834
1,15184,1696068221.8956666
1,15200,1696068221.9150634
1,15216,1696068221.934256
1,15232,1696068221.9519143
1,15248,1696068221.9686162
1,15264,1696068221.985719
1,15280,1696068222.0023003
1,15296,1696068222.0196772
1,15312,1696068222.0362842
1,15328,1696068222.0505025
1,15344,1696068222.0757267
1,15360,1696068222.0965674
1,15376,1696068222.1151648
1,15392,1696068222.1330652
1,15408,1696068222.1499104
1,15424,1696068222.1691206
1,15440,1696068222.1870005
1,15456,1696068222.2056935
1,15472,1696068222.2231789
1,15488,1696068222.2395284
1,15504,1696068222.256035
1,15520,1696068222.272181
1,15536,1696068222.2904527
1,15552,1696068222.3094625
1,15568,1696068222.3268518
1,15584,1696068222.3453395
1,15600,1696068222.3628726
1,15616,1696068222.3816044
1,15632,1696068222.398896
1,15648,1696068222.4175937
1,15664,1696068222.434898
1,15680,1696068222.4534295
1,15696,1696068222.4709892
1,15712,1696068222.4896457
1,15728,1696068222.506902
1,15744,1696068222.525262
1,15760,1696068222.5427995
1,15776,1696068222.559323
1,15792,1696068222.576158
1,15808,1696068222.592202
1,15824,1696068222.6079404
1,15840,1696068222.6260915
1,15856,1696068222.6454136
1,15872,1696068222.662975
1,15888,1696068222.6810892
1,15904,1696068222.6991203
1,15920,1696068222.7178714
1,15936,1696068222.7351582
1,15952,1696068222.7538693
1,15968,1696068222.7710137
1,15984,1696068222.787475
1,16000,1696068222.8037348
1,16016,1696068222.8201468
1,16032,1696068222.8363605
1,16048,1696068222.8546362
1,16064,1696068222.8738632
1,16080,1696068222.8909695
1,16096,1696068222.9093435
1,16112,1696068222.927109
1,16128,1696068222.9454405
1,16144,1696068222.9629607
1,16160,1696068222.979665
1,16176,1696068222.996245
1,16192,1696068223.012019
1,16208,1696068223.0278974
1,16224,1696068223.044684
1,16240,1696068223.0617073
1,16256,1696068223.078332
1,16272,1696068223.1043403
1,16288,1696068223.125288
1,16304,1696068223.1495166
1,16320,1696068223.170944
1,16336,1696068223.1872625
1,16352,1696068223.2100396
1,16368,1696068223.23167
1,16384,1696068223.2519577
1,16400,1696068223.2758853
1,16416,1696068223.2964396
1,16432,1696068223.3185866
1,16448,1696068223.3427408
1,16464,1696068223.3636775
1,16480,1696068223.3836317
1,16496,1696068223.4091144
1,16512,1696068223.431114
1,16528,1696068223.4516373
1,16544,1696068223.4745424
1,16560,1696068223.498045
1,16576,1696068223.5243115
1,16592,1696068223.545414
1,16608,1696068223.5664866
1,16624,1696068223.5883284
1,16640,1696068223.613998
1,16656,1696068223.6361573
1,16672,1696068223.6594963
1,16688,1696068223.6800332
1,16704,1696068223.7024188
1,16720,1696068223.7230933
1,16736,1696068223.7443721
1,16752,1696068223.7676501
1,16768,1696068223.7893672
1,16784,1696068223.8117049
1,16800,1696068223.83239
1,16816,1696068223.8543918
1,16832,1696068223.8791487
1,16848,1696068223.895843
1,16864,1696068223.9173665
1,16880,1696068223.939522
1,16896,1696068223.9602716
1,16912,1696068223.982263
1,16928,1696068224.007235
1,16944,1696068224.0233605
1,16960,1696068224.0432358
1,16976,1696068224.066192
1,16992,1696068224.0880332
1,17008,1696068224.1136925
1,17024,1696068224.1330366
1,17040,1696068224.1577678
1,17056,1696068224.1778202
1,17072,1696068224.2041292
1,17088,1696068224.2259881
1,17104,1696068224.2516599
1,17120,1696068224.2739742
1,17136,1696068224.294767
1,17152,1696068224.3208654
1,17168,1696068224.3419833
1,17184,1696068224.3641086
1,17200,1696068224.3897502
1,17216,1696068224.4085639
1,17232,1696068224.4263754
1,17248,1696068224.45292
1,17264,1696068224.4730883
1,17280,1696068224.4974983
1,17296,1696068224.5186424
1,17312,1696068224.5389159
1,17328,1696068224.5627358
1,17344,1696068224.5858672
1,17360,1696068224.606363
1,17376,1696068224.6265047
1,17392,1696068224.6517096
1,17408,1696068224.6742847
1,17424,1696068224.69526
1,17440,1696068224.716453
1,17456,1696068224.7395616
1,17472,1696068224.7629952
1,17488,1696068224.779487
1,17504,1696068224.7994642
1,17520,1696068224.8238242
1,17536,1696068224.8452551
1,17552,1696068224.867578
1,17568,1696068224.8883483
1,17584,1696068224.9119387
1,17600,1696068224.9334543
1,17616,1696068224.9555821
1,17632,1696068224.9762468
1,17648,1696068224.999709
1,17664,1696068225.020942
1,17680,1696068225.0453267
1,17696,1696068225.067144
1,17712,1696068225.091109
1,17728,1696068225.1140132
1,17744,1696068225.1315546
1,17760,1696068225.1541073
1,17776,1696068225.1756697
1,17792,1696068225.1962261
1,17808,1696068225.21966
1,17824,1696068225.2419558
1,17840,1696068225.26665
1,17856,1696068225.2870975
1,17872,1696068225.3034534
1,17888,1696068225.32552
1,17904,1696068225.3476343
1,17920,1696068225.367938
1,17936,1696068225.3920023
1,17952,1696068225.413523
1,17968,1696068225.4356456
1,17984,1696068225.457281
1,18000,1696068225.4795988
1,18016,1696068225.499982
1,18032,1696068225.5225232
1,18048,1696068225.548222
1,18064,1696068225.5730822
1,18080,1696068225.5957835
1,18096,1696068225.6127934
1,18112,1696068225.6371963
1,18128,1696068225.656563
1,18144,1696068225.678763
1,18160,1696068225.698111
1,18176,1696068225.718025
1,18192,1696068225.739866
1,18208,1696068225.7627125
1,18224,1696068225.7823808
1,18240,1696068225.8019433
1,18256,1696068225.8224893
1,18272,1696068225.842419
1,18288,1696068225.8621972
1,18304,1696068225.882691
1,18320,1696068225.9021568
1,18336,1696068225.9223976
1,18352,1696068225.9424112
1,18368,1696068225.9621205
1,18384,1696068225.9822588
1,18400,1696068226.0022888
1,18416,1696068226.022621
1,18432,1696068226.0423553
1,18448,1696068226.0619671
1,18464,1696068226.0821602
1,18480,1696068226.1027496
1,18496,1696068226.122137
1,18512,1696068226.1421578
1,18528,1696068226.1623814
1,18544,1696068226.182159
1,18560,1696068226.2024243
1,18576,1696068226.2219849
1,18592,1696068226.2423692
1,18608,1696068226.262156
1,18624,1696068226.282675
1,18640,1696068226.3022304
1,18656,1696068226.3223798
1,18672,1696068226.342502
1,18688,1696068226.362124
1,18704,1696068226.3825572
1,18720,1696068226.4022505
1,18736,1696068226.4221776
1,18752,1696068226.442748
1,18768,1696068226.4619477
1,18784,1696068226.4822826
1,18800,1696068226.5025606
1,18816,1696068226.522112
1,18832,1696068226.542188
1,18848,1696068226.5624177
1,18864,1696068226.5823271
1,18880,1696068226.6023085
1,18896,1696068226.6224318
1,18912,1696068226.6415832
1,18928,1696068226.660888
1,18944,1696068226.6844954
1,18960,1696068226.704862
1,18976,1696068226.725361
1,18992,1696068226.7489407
1,19008,1696068226.7687342
1,19024,1696068226.793036
1,19040,1696068226.8128824
1,19056,1696068226.833177
1,19072,1696068226.856634
1,19088,1696068226.8782253
1,19104,1696068226.8980303
1,19120,1696068226.918401
1,19136,1696068226.9379072
1,19152,1696068226.9586394
1,19168,1696068226.9781365
1,19184,1696068226.9986308
1,19200,1696068227.0180478
1,19216,1696068227.038754
1,19232,1696068227.0582728
1,19248,1696068227.0780888
1,19264,1696068227.098343
1,19280,1696068227.1182485
1,19296,1696068227.1382968
1,19312,1696068227.1583831
1,19328,1696068227.1782753
1,19344,1696068227.1984274
1,19360,1696068227.2181115
1,19376,1696068227.2379613
1,19392,1696068227.2570677
1,19408,1696068227.2763555
1,19424,1696068227.3012552
1,19440,1696068227.318365
1,19456,1696068227.3422496
1,19472,1696068227.364063
1,19488,1696068227.3869915
1,19504,1696068227.4012816
1,19520,1696068227.4219105
1,19536,1696068227.441847
1,19552,1696068227.4617147
1,19568,1696068227.4824908
1,19584,1696068227.5065339
1,19600,1696068227.5283613
1,19616,1696068227.551005
1,19632,1696068227.5706465
1,19648,1696068227.5950732
1,19664,1696068227.6095738
1,19680,1696068227.632988
1,19696,1696068227.6534624
1,19712,1696068227.6747828
1,19728,1696068227.6941233
1,19744,1696068227.7141218
1,19760,1696068227.7341585
1,19776,1696068227.75447
1,19792,1696068227.7744684
1,19808,1696068227.7942953
1,19824,1696068227.8144963
1,19840,1696068227.8338375
1,19856,1696068227.854473
1,19872,1696068227.8743076
1,19888,1696068227.8973284
1,19904,1696068227.9187562
1,19920,1696068227.938051
1,19936,1696068227.9583657
1,19952,1696068227.9782515
1,19968,1696068227.998289
1,19984,1696068228.018368
1,20000,1696068228.0382235
1,20016,1696068228.0586362
1,20032,1696068228.0780883
1,20048,1696068228.098454
1,20064,1696068228.1183493
1,20080,1696068228.1382184
1,20096,1696068228.158246
1,20112,1696068228.1786504
1,20128,1696068228.1980817
1,20144,1696068228.2184465
1,20160,1696068228.2382975
1,20176,1696068228.2607555
1,20192,1696068228.2826064
1,20208,1696068228.3051586
1,20224,1696068228.3264472
1,20240,1696068228.3459609
1,20256,1696068228.3691518
1,20272,1696068228.3901255
1,20288,1696068228.4133997
1,20304,1696068228.4348614
1,20320,1696068228.4494283
1,20336,1696068228.4731991
1,20352,1696068228.4916046
1,20368,1696068228.512431
1,20384,1696068228.5336685
1,20400,1696068228.5540493
1,20416,1696068228.5773616
1,20432,1696068228.5987504
1,20448,1696068228.6180286
1,20464,1696068228.6384661
1,20480,1696068228.661621
1,20496,1696068228.6826124
1,20512,1696068228.702037
1,20528,1696068228.7223356
1,20544,1696068228.7422457
1,20560,1696068228.7625103
1,20576,1696068228.7821653
1,20592,1696068228.8019793
1,20608,1696068228.8224943
1,20624,1696068228.8421226
1,20640,1696068228.8626287
1,20656,1696068228.8819604
1,20672,1696068228.902505
1,20688,1696068228.9253423
1,20704,1696068228.9458342
1,20720,1696068228.9649734
1,20736,1696068228.9855907
1,20752,1696068229.0054154
1,20768,1696068229.0247526
1,20784,1696068229.0455272
1,20800,1696068229.0655642
1,20816,1696068229.0848672
1,20832,1696068229.1056716
1,20848,1696068229.1264267
1,20864,1696068229.145649
1,20880,1696068229.1645713
1,20896,1696068229.1827466
1,20912,1696068229.2018888
1,20928,1696068229.2255173
1,20944,1696068229.2446113
1,20960,1696068229.2651417
1,20976,1696068229.2862463
1,20992,1696068229.3057058
1,21008,1696068229.3282206
1,21024,1696068229.3498852
1,21040,1696068229.376553
1,21056,1696068229.400081
1,21072,1696068229.422789
1,21088,1696068229.445343
1,21104,1696068229.473611
1,21120,1696068229.5011125
1,21136,1696068229.51655
1,21152,1696068229.5372257
1,21168,1696068229.5573444
1,21184,1696068229.578207
1,21200,1696068229.5982027
1,21216,1696068229.6189845
1,21232,1696068229.6382174
1,21248,1696068229.6612728
1,21264,1696068229.680477
1,21280,1696068229.7012763
1,21296,1696068229.7224872
1,21312,1696068229.741483
1,21328,1696068229.7608302
1,21344,1696068229.7789452
1,21360,1696068229.7985234
1,21376,1696068229.8214846
1,21392,1696068229.841113
1,21408,1696068229.8612905
1,21424,1696068229.8820887
1,21440,1696068229.901689
1,21456,1696068229.9209995
1,21472,1696068229.941864
1,21488,1696068229.961589
1,21504,1696068229.9810004
1,21520,1696068230.0017414
1,21536,1696068230.0215073
1,21552,1696068230.041025
1,21568,1696068230.0618222
1,21584,1696068230.0814855
1,21600,1696068230.1008863
1,21616,1696068230.1215467
1,21632,1696068230.1413133
1,21648,1696068230.1622653
1,21664,1696068230.17942
1,21680,1696068230.2023327
1,21696,1696068230.2276626
1,21712,1696068230.2567346
1,21728,1696068230.272346
1,21744,1696068230.2935257
1,21760,1696068230.31294
1,21776,1696068230.333611
1,21792,1696068230.3533864
1,21808,1696068230.372862
1,21824,1696068230.3936937
1,21840,1696068230.4134974
1,21856,1696068230.4328983
1,21872,1696068230.453758
1,21888,1696068230.473662
1,21904,1696068230.493114
1,21920,1696068230.5139108
1,21936,1696068230.533644
1,21952,1696068230.5525112
1,21968,1696068230.5739841
1,21984,1696068230.5940504
1,22000,1696068230.6146176
1,22016,1696068230.6340783
1,22032,1696068230.6543612
1,22048,1696068230.6743793
1,22064,1696068230.69436
1,22080,1696068230.7140949
1,22096,1696068230.7378542
1,22112,1696068230.7589474
1,22128,1696068230.777568
1,22144,1696068230.7992733
1,22160,1696068230.8186605
1,22176,1696068230.8372731
1,22192,1696068230.8551464
1,22208,1696068230.871745
1,22224,1696068230.8880932
1,22240,1696068230.9037106
1,22256,1696068230.9223123
1,22272,1696068230.9423537
1,22288,1696068230.9646096
1,22304,1696068230.9835238
1,22320,1696068231.0043354
1,22336,1696068231.0266497
1,22352,1696068231.0468612
1,22368,1696068231.0731335
1,22384,1696068231.0923638
1,22400,1696068231.1142128
1,22416,1696068231.1344469
1,22432,1696068231.1541996
1,22448,1696068231.1742787
1,22464,1696068231.1945114
1,22480,1696068231.213414
1,22496,1696068231.239461
1,22512,1696068231.260215
1,22528,1696068231.2780123
1,22544,1696068231.3028853
1,22560,1696068231.3229704
1,22576,1696068231.3415933
1,22592,1696068231.3640172
1,22608,1696068231.3859
1,22624,1696068231.4092388
1,22640,1696068231.434419
1,22656,1696068231.4596217
1,22672,1696068231.4831252
1,22688,1696068231.5073671
1,22704,1696068231.5315747
1,22720,1696068231.5576088
1,22736,1696068231.5801258
1,22752,1696068231.6034935
1,22768,1696068231.6272023
1,22784,1696068231.6494749
1,22800,1696068231.6777725
1,22816,1696068231.7050278
1,22832,1696068231.7204816
1,22848,1696068231.7412865
1,22864,1696068231.7603881
1,22880,1696068231.78115
1,22896,1696068231.8002453
1,22912,1696068231.8215132
1,22928,1696068231.841472
1,22944,1696068231.860704
1,22960,1696068231.8797808
1,22976,1696068231.898829
1,22992,1696068231.91771
1,23008,1696068231.9365144
1,23024,1696068231.9588141
1,23040,1696068231.9777117
1,23056,1696068231.9978478
1,23072,1696068232.0171573
1,23088,1696068232.0372484
1,23104,1696068232.056397
1,23120,1696068232.075467
1,23136,1696068232.094469
1,23152,1696068232.1135566
1,23168,1696068232.1326516
1,23184,1696068232.1503682
1,23200,1696068232.178939
1,23216,1696068232.2033992
1,23232,1696068232.228908
1,23248,1696068232.245913
1,23264,1696068232.258548
1,23280,1696068232.2739794
1,23296,1696068232.2875092
1,23312,1696068232.3023798
1,23328,1696068232.3157907
1,23344,1696068232.3309572
1,23360,1696068232.3445585
1,23376,1696068232.363154
1,23392,1696068232.3859196
1,23408,1696068232.4055886
1,23424,1696068232.4257188
1,23440,1696068232.4453764
1,23456,1696068232.4647405
1,23472,1696068232.4853747
1,23488,1696068232.5054328
1,23504,1696068232.5243008
1,23520,1696068232.5432944
1,23536,1696068232.562311
1,23552,1696068232.5811632
1,23568,1696068232.6015143
1,23584,1696068232.624112
1,23600,1696068232.6459823
1,23616,1696068232.6727884
1,23632,1696068232.6959784
1,23648,1696068232.7187266
1,23664,1696068232.7413805
1,23680,1696068232.7698588
1,23696,1696068232.7973228
1,23712,1696068232.8124893
1,23728,1696068232.833464
1,23744,1696068232.854113
1,23760,1696068232.8735938
1,23776,1696068232.8924055
1,23792,1696068232.9114575
1,23808,1696068232.933679
1,23824,1696068232.9526749
1,23840,1696068232.9806554
1,23856,1696068233.0025818
1,23872,1696068233.0213954
1,23888,1696068233.0416057
1,23904,1696068233.0616705
1,23920,1696068233.0841918
1,23936,1696068233.10208
1,23952,1696068233.1212363
1,23968,1696068233.1389673
1,23984,1696068233.157409
1,24000,1696068233.175006
1,24016,1696068233.1935554
1,24032,1696068233.2110095
1,24048,1696068233.2290776
1,24064,1696068233.2469385
1,24080,1696068233.263666
1,24096,1696068233.2800312
1,24112,1696068233.2967584
1,24128,1696068233.3149621
1,24144,1696068233.3336785
1,24160,1696068233.3510835
1,24176,1696068233.375581
1,24192,1696068233.3957562
1,24208,1696068233.41904
1,24224,1696068233.4396966
1,24240,1696068233.463001
1,24256,1696068233.4766536
1,24272,1696068233.4954114
1,24288,1696068233.5165658
1,24304,1696068233.542311
1,24320,1696068233.5648742
1,24336,1696068233.5870533
1,24352,1696068233.6089041
1,24368,1696068233.6306205
1,24384,1696068233.6503298
1,24400,1696068233.6703496
1,24416,1696068233.6902304
1,24432,1696068233.7103236
1,24448,1696068233.7303686
1,24464,1696068233.7503603
1,24480,1696068233.770154
1,24496,1696068233.7906191
1,24512,1696068233.8101
1,24528,1696068233.8305123
1,24544,1696068233.8500617
1,24560,1696068233.8702676
1,24576,1696068233.890463
1,24592,1696068233.9098904
1,24608,1696068233.930306
1,24624,1696068233.950475
1,24640,1696068233.970452
1,24656,1696068233.989994
1,24672,1696068234.0103235
1,24688,1696068234.0302525
1,24704,1696068234.050418
1,24720,1696068234.070209
1,24736,1696068234.0903323
1,24752,1696068234.1102395
1,24768,1696068234.1305597
1,24784,1696068234.1500204
1,24800,1696068234.170202
1,24816,1696068234.1905339
1,24832,1696068234.2099874
1,24848,1696068234.2308197
1,24864,1696068234.2530959
1,24880,1696068234.2744975
1,24896,1696068234.29807
1,24912,1696068234.3205214
1,24928,1696068234.3402736
1,24944,1696068234.359995
1,24960,1696068234.3783338
1,24976,1696068234.3957772
1,24992,1696068234.4125059
1,25008,1696068234.4282165
1,25024,1696068234.4461744
1,25040,1696068234.465067
1,25056,1696068234.4830997
1,25072,1696068234.5022845
1,25088,1696068234.5192742
1,25104,1696068234.5377944
1,25120,1696068234.5549607
1,25136,1696068234.5730996
1,25152,1696068234.590864
1,25168,1696068234.6094205
1,25184,1696068234.6270146
1,25200,1696068234.6455724
1,25216,1696068234.663139
1,25232,1696068234.6816409
1,25248,1696068234.699176
1,25264,1696068234.7180493
1,25280,1696068234.7352693
1,25296,1696068234.7535481
1,25312,1696068234.770919
1,25328,1696068234.7895448
1,25344,1696068234.8067834
1,25360,1696068234.8250353
1,25376,1696068234.842924
1,25392,1696068234.8596368
1,25408,1696068234.8761017
1,25424,1696068234.8927636
1,25440,1696068234.9107435
1,25456,1696068234.9276347
1,25472,1696068234.9441307
1,25488,1696068234.960143
1,25504,1696068234.9783745
1,25520,1696068234.9969256
1,25536,1696068235.0149014
1,25552,1696068235.0337508
1,25568,1696068235.0510366
1,25584,1696068235.0695848
1,25600,1696068235.0869017
1,25616,1696068235.1050107
1,25632,1696068235.1228693
1,25648,1696068235.1417913
1,25664,1696068235.1591148
1,25680,1696068235.1777275
1,25696,1696068235.1950266
1,25712,1696068235.2115235
1,25728,1696068235.2280302
1,25744,1696068235.244459
1,25760,1696068235.262571
1,25776,1696068235.2812767
1,25792,1696068235.2987783
1,25808,1696068235.3170907
1,25824,1696068235.3332794
1,25840,1696068235.3573945
1,25856,1696068235.375696
1,25872,1696068235.4027183
1,25888,1696068235.4222014
1,25904,1696068235.4420953
1,25920,1696068235.462491
1,25936,1696068235.482344
1,25952,1696068235.5020452
1,25968,1696068235.5222566
1,25984,1696068235.5423048
1,26000,1696068235.5622034
1,26016,1696068235.5825343
1,26032,1696068235.6021605
1,26048,1696068235.622512
1,26064,1696068235.6423166
1,26080,1696068235.66225
1,26096,1696068235.682647
1,26112,1696068235.7022548
1,26128,1696068235.7224147
1,26144,1696068235.741859
1,26160,1696068235.76253
1,26176,1696068235.7824056
1,26192,1696068235.8022556
1,26208,1696068235.8222501
1,26224,1696068235.8426557
1,26240,1696068235.8629613
1,26256,1696068235.886335
1,26272,1696068235.9084144
1,26288,1696068235.9307659
1,26304,1696068235.951835
1,26320,1696068235.9750657
1,26336,1696068235.995958
1,26352,1696068236.0188475
1,26368,1696068236.0396726
1,26384,1696068236.0632515
1,26400,1696068236.083599
1,26416,1696068236.1069221
1,26432,1696068236.1280103
1,26448,1696068236.150958
1,26464,1696068236.171578
1,26480,1696068236.1975229
1,26496,1696068236.2158203
1,26512,1696068236.2423809
1,26528,1696068236.256388
1,26544,1696068236.2766006
1,26560,1696068236.2985694
1,26576,1696068236.3179624
1,26592,1696068236.3384156
1,26608,1696068236.3616004
1,26624,1696068236.382634
1,26640,1696068236.402049
1,26656,1696068236.4224615
1,26672,1696068236.442261
1,26688,1696068236.462412
1,26704,1696068236.4822083
1,26720,1696068236.5024786
1,26736,1696068236.5223362
1,26752,1696068236.5421672
1,26768,1696068236.5622694
1,26784,1696068236.5860302
1,26800,1696068236.6069043
1,26816,1696068236.6259298
1,26832,1696068236.643785
1,26848,1696068236.6629627
1,26864,1696068236.6823397
1,26880,1696068236.702519
1,26896,1696068236.722188
1,26912,1696068236.742134
1,26928,1696068236.7622528
1,26944,1696068236.7874463
1,26960,1696068236.8080838
1,26976,1696068236.8310707
1,26992,1696068236.8517792
1,27008,1696068236.874748
1,27024,1696068236.889118
1,27040,1696068236.913318
1,27056,1696068236.9321232
1,27072,1696068236.954815
1,27088,1696068236.9742117
1,27104,1696068236.9941745
1,27120,1696068237.014389
1,27136,1696068237.0339117
1,27152,1696068237.0570261
1,27168,1696068237.0789182
1,27184,1696068237.098114
1,27200,1696068237.1182618
1,27216,1696068237.138497
1,27232,1696068237.158146
1,27248,1696068237.1784644
1,27264,1696068237.198257
1,27280,1696068237.2182193
1,27296,1696068237.2419088
1,27312,1696068237.2627375
1,27328,1696068237.2819045
1,27344,1696068237.30235
1,27360,1696068237.3221805
1,27376,1696068237.3419738
1,27392,1696068237.3628814
1,27408,1696068237.3813324
1,27424,1696068237.401892
1,27440,1696068237.421664
1,27456,1696068237.4430048
1,27472,1696068237.4619892
1,27488,1696068237.4866686
1,27504,1696068237.5077462
1,27520,1696068237.5306208
1,27536,1696068237.5504398
1,27552,1696068237.5700676
1,27568,1696068237.5904367
1,27584,1696068237.6101348
1,27600,1696068237.6303625
1,27616,1696068237.6502104
1,27632,1696068237.6701777
1,27648,1696068237.6903822
1,27664,1696068237.7100766
1,27680,1696068237.7306278
1,27696,1696068237.7503397
1,27712,1696068237.7703307
1,27728,1696068237.7899535
1,27744,1696068237.809787
1,27760,1696068237.8296084
1,27776,1696068237.8526998
1,27792,1696068237.8747172
1,27808,1696068237.8939316
1,27824,1696068237.9158661
1,27840,1696068237.9361987
1,27856,1696068237.9583397
1,27872,1696068237.983554
1,27888,1696068238.0059018
1,27904,1696068238.0302248
1,27920,1696068238.049823
1,27936,1696068238.0761495
1,27952,1696068238.0980403
1,27968,1696068238.1241686
1,27984,1696068238.1461504
1,28000,1696068238.1719253
1,28016,1696068238.1942794
1,28032,1696068238.2196956
1,28048,1696068238.241904
1,28064,1696068238.266028
1,28080,1696068238.2917893
1,28096,1696068238.3128722
1,28112,1696068238.3399374
1,28128,1696068238.3579385
1,28144,1696068238.3758068
1,28160,1696068238.3954203
1,28176,1696068238.4158268
1,28192,1696068238.435752
1,28208,1696068238.455988
1,28224,1696068238.47576
1,28240,1696068238.4954844
1,28256,1696068238.5191193
1,28272,1696068238.5414712
1,28288,1696068238.556607
1,28304,1696068238.5711114
1,28320,1696068238.5870562
1,28336,1696068238.6030805
1,28352,1696068238.6189425
1,28368,1696068238.6341612
1,28384,1696068238.6496787
1,28400,1696068238.6660461
1,28416,1696068238.681309
1,28432,1696068238.6973054
1,28448,1696068238.7137365
1,28464,1696068238.7277362
1,28480,1696068238.7427275
1,28496,1696068238.7581925
1,28512,1696068238.778708
1,28528,1696068238.7978034
1,28544,1696068238.8177955
1,28560,1696068238.8378742
1,28576,1696068238.858041
1,28592,1696068238.8776355
1,28608,1696068238.89756
1,28624,1696068238.9179387
1,28640,1696068238.9377882
1,28656,1696068238.9577801
1,28672,1696068238.9810688
1,28688,1696068239.0023441
1,28704,1696068239.029482
1,28720,1696068239.050656
1,28736,1696068239.0768075
1,28752,1696068239.0991611
1,28768,1696068239.123109
1,28784,1696068239.1414082
1,28800,1696068239.160203
1,28816,1696068239.178893
1,28832,1696068239.1971345
1,28848,1696068239.215853
1,28864,1696068239.233618
1,28880,1696068239.2530508
1,28896,1696068239.272529
1,28912,1696068239.2936583
1,28928,1696068239.312195
1,28944,1696068239.3328793
1,28960,1696068239.3525171
1,28976,1696068239.373181
1,28992,1696068239.3928967
1,29008,1696068239.4106266
1,29024,1696068239.4344404
1,29040,1696068239.456718
1,29056,1696068239.4753506
1,29072,1696068239.4935982
1,29088,1696068239.5176833
1,29104,1696068239.5404449
1,29120,1696068239.560789
1,29136,1696068239.580056
1,29152,1696068239.6034398
1,29168,1696068239.6306
1,29184,1696068239.6568077
1,29200,1696068239.6766038
1,29216,1696068239.6961448
1,29232,1696068239.7154403
1,29248,1696068239.7345786
1,29264,1696068239.7527666
1,29280,1696068239.77226
1,29296,1696068239.7922623
1,29312,1696068239.8191192
1,29328,1696068239.8376431
1,29344,1696068239.8578641
1,29360,1696068239.8768833
1,29376,1696068239.8959637
1,29392,1696068239.914522
1,29408,1696068239.9416256
1,29424,1696068239.9632783
1,29440,1696068239.984995
1,29456,1696068240.0031056
1,29472,1696068240.0285327
1,29488,1696068240.0514147
1,29504,1696068240.0776021
1,29520,1696068240.099479
1,29536,1696068240.1195588
1,29552,1696068240.1434221
1,29568,1696068240.169487
1,29584,1696068240.1931586
1,29600,1696068240.2137744
1,29616,1696068240.2345798
1,29632,1696068240.2619238
1,29648,1696068240.2884707
1,29664,1696068240.3040707
1,29680,1696068240.3223882
1,29696,1696068240.3496494
1,29712,1696068240.3694053
1,29728,1696068240.3972497
1,29744,1696068240.4247794
1,29760,1696068240.451134
1,29776,1696068240.4727437
1,29792,1696068240.4903483
1,29808,1696068240.5073326
1,29824,1696068240.523622
1,29840,1696068240.5398457
1,29856,1696068240.5596442
1,29872,1696068240.5785468
1,29888,1696068240.5959585
1,29904,1696068240.6211216
1,29920,1696068240.6368432
1,29936,1696068240.6522436
1,29952,1696068240.6680512
1,29968,1696068240.6845415
1,29984,1696068240.7026541
1,30000,1696068240.7222946
1,30016,1696068240.7464454
1,30032,1696068240.7650788
1,30048,1696068240.783559
1,30064,1696068240.8004577
1,30080,1696068240.8165383
1,30096,1696068240.8316529
1,30112,1696068240.8545907
1,30128,1696068240.8774981
1,30144,1696068240.8928318
1,30160,1696068240.9119124
1,30176,1696068240.9328213
1,30192,1696068240.9548602
1,30208,1696068240.9733062
1,30224,1696068240.9969134
1,30240,1696068241.016294
1,30256,1696068241.0373151
1,30272,1696068241.0561223
1,30288,1696068241.080919
1,30304,1696068241.100549
1,30320,1696068241.1243806
1,30336,1696068241.1465464
1,30352,1696068241.1660914
1,30368,1696068241.1863117
1,30384,1696068241.206238
1,30400,1696068241.2262506
1,30416,1696068241.2464874
1,30432,1696068241.2663937
1,30448,1696068241.2864702
1,30464,1696068241.3059125
1,30480,1696068241.3263535
1,30496,1696068241.3465068
1,30512,1696068241.3663223
1,30528,1696068241.3859966
1,30544,1696068241.406403
1,30560,1696068241.426246
1,30576,1696068241.446513
1,30592,1696068241.465858
1,30608,1696068241.486413
1,30624,1696068241.5064585
1,30640,1696068241.5262148
1,30656,1696068241.5460277
1,30672,1696068241.5656776
1,30688,1696068241.5856135
1,30704,1696068241.6087677
1,30720,1696068241.6270368
1,30736,1696068241.6459794
1,30752,1696068241.6663568
1,30768,1696068241.686261
1,30784,1696068241.7063563
1,30800,1696068241.72563
1,30816,1696068241.7452393
1,30832,1696068241.7648554
1,30848,1696068241.7840328
1,30864,1696068241.8090737
1,30880,1696068241.828083
1,30896,1696068241.8528976
1,30912,1696068241.8707287
1,30928,1696068241.8895555
1,30944,1696068241.9107716
1,30960,1696068241.9299808
1,30976,1696068241.9503138
1,30992,1696068241.9705322
1,31008,1696068241.9903042
1,31024,1696068242.010404
1,31040,1696068242.029946
1,31056,1696068242.048234
1,31072,1696068242.0676756
1,31088,1696068242.0863996
1,31104,1696068242.1046212
1,31120,1696068242.1246638
1,31136,1696068242.14274
1,31152,1696068242.1613624
1,31168,1696068242.1778216
1,31184,1696068242.1984339
1,31200,1696068242.215559
1,31216,1696068242.236129
1,31232,1696068242.2584767
1,31248,1696068242.2785075
1,31264,1696068242.2982957
1,31280,1696068242.3184764
1,31296,1696068242.338302
1,31312,1696068242.357392
1,31328,1696068242.378676
1,31344,1696068242.3983374
1,31360,1696068242.4182642
1,31376,1696068242.4381502
1,31392,1696068242.4585485
1,31408,1696068242.478102
1,31424,1696068242.4983475
1,31440,1696068242.5183773
1,31456,1696068242.5381448
1,31472,1696068242.5584052
1,31488,1696068242.5783079
1,31504,1696068242.598278
1,31520,1696068242.618379
1,31536,1696068242.6382577
1,31552,1696068242.6583648
1,31568,1696068242.6780927
1,31584,1696068242.6985025
1,31600,1696068242.7181432
1,31616,1696068242.7384183
1,31632,1696068242.7582915
1,31648,1696068242.778332
1,31664,1696068242.798228
1,31680,1696068242.8183177
1,31696,1696068242.838364
1,31712,1696068242.8583267
1,31728,1696068242.878418
1,31744,1696068242.898096
1,31760,1696068242.9182737
1,31776,1696068242.938692
1,31792,1696068242.95798
1,31808,1696068242.978574
1,31824,1696068242.9982412
1,31840,1696068243.0184548
1,31856,1696068243.0376933
1,31872,1696068243.0570028
1,31888,1696068243.07597
1,31904,1696068243.1012578
1,31920,1696068243.1200974
1,31936,1696068243.1425297
1,31952,1696068243.162246
1,31968,1696068243.1822495
1,31984,1696068243.202491
1,32000,1696068243.2221715
1,32016,1696068243.242419
1,32032,1696068243.2625341
1,32048,1696068243.2758517
1,32064,1696068243.2894807
1,32080,1696068243.3023355
1,32096,1696068243.3180172
1,32112,1696068243.3368545
1,32128,1696068243.3562853
1,32144,1696068243.376114
1,32160,1696068243.3925936
1,32176,1696068243.4085221
1,32192,1696068243.4229963
1,32208,1696068243.4407885
1,32224,1696068243.4581194
1,32240,1696068243.4747784
1,32256,1696068243.4919071
1,32272,1696068243.5169733
1,32288,1696068243.5372748
1,32304,1696068243.5603683
1,32320,1696068243.5808642
1,32336,1696068243.5987496
1,32352,1696068243.6206706
1,32368,1696068243.6424499
1,32384,1696068243.6620808
1,32400,1696068243.6825159
1,32416,1696068243.7020946
1,32432,1696068243.722018
1,32448,1696068243.7415128
1,32464,1696068243.7610974
1,32480,1696068243.7803853
1,32496,1696068243.8054888
1,32512,1696068243.8226583
1,32528,1696068243.8416777
1,32544,1696068243.8627534
1,32560,1696068243.8819592
1,32576,1696068243.9020188
1,32592,1696068243.922574
1,32608,1696068243.9421222
1,32624,1696068243.9624236
1,32640,1696068243.9820826
1,32656,1696068244.002726
1,32672,1696068244.0220964
1,32688,1696068244.0422816
1,32704,1696068244.062069
1,32720,1696068244.0826871
1,32736,1696068244.1020577
1,32752,1696068244.1222029
1,32768,1696068244.1420994
1,32784,1696068244.1625285
1,32800,1696068244.181964
1,32816,1696068244.2021978
1,32832,1696068244.2207825
1,32848,1696068244.2411594
1,32864,1696068244.2648833
1,32880,1696068244.2866516
1,32896,1696068244.3049736
1,32912,1696068244.3253996
1,32928,1696068244.3449783
1,32944,1696068244.3651052
1,32960,1696068244.384492
1,32976,1696068244.409328
1,32992,1696068244.427333
1,33008,1696068244.4484885
1,33024,1696068244.4729445
1,33040,1696068244.4901268
1,33056,1696068244.5104947
1,33072,1696068244.5364108
1,33088,1696068244.5545216
1,33104,1696068244.5760906
1,33120,1696068244.5961607
1,33136,1696068244.6162603
1,33152,1696068244.6382775
1,33168,1696068244.6588137
1,33184,1696068244.6779568
1,33200,1696068244.698431
1,33216,1696068244.7181573
1,33232,1696068244.7381544
1,33248,1696068244.7577283
1,33264,1696068244.7806342
1,33280,1696068244.8007317
1,33296,1696068244.8191888
1,33312,1696068244.8430672
1,33328,1696068244.8633387
1,33344,1696068244.8782096
1,33360,1696068244.8953183
1,33376,1696068244.9156532
1,33392,1696068244.936677
1,33408,1696068244.9564097
1,33424,1696068244.9765315
1,33440,1696068244.9985936
1,33456,1696068245.0184348
1,33472,1696068245.0379589
1,33488,1696068245.0586455
1,33504,1696068245.0780182
1,33520,1696068245.098764
1,33536,1696068245.117846
1,33552,1696068245.1385622
1,33568,1696068245.1581285
1,33584,1696068245.1785252
1,33600,1696068245.1981447
1,33616,1696068245.2184575
1,33632,1696068245.237584
1,33648,1696068245.2605598
1,33664,1696068245.278747
1,33680,1696068245.2977288
1,33696,1696068245.3190048
1,33712,1696068245.3380919
1,33728,1696068245.352193
1,33744,1696068245.3706186
1,33760,1696068245.3914275
1,33776,1696068245.4130857
1,33792,1696068245.432384
1,33808,1696068245.4509418
1,33824,1696068245.4730773
1,33840,1696068245.4947748
1,33856,1696068245.5140107
1,33872,1696068245.53476
1,33888,1696068245.5540004
1,33904,1696068245.5744677
1,33920,1696068245.5939436
1,33936,1696068245.6144097
1,33952,1696068245.634415
1,33968,1696068245.6542127
1,33984,1696068245.6738176
1,34000,1696068245.6959345
1,34016,1696068245.7177546
1,34032,1696068245.7385347
1,34048,1696068245.7581897
1,34064,1696068245.7783186
1,34080,1696068245.7983198
1,34096,1696068245.818264
1,34112,1696068245.838388
1,34128,1696068245.8579888
1,34144,1696068245.8814774
1,34160,1696068245.9025133
1,34176,1696068245.9219356
1,34192,1696068245.9457335
1,34208,1696068245.9665525
1,34224,1696068245.9859648
1,34240,1696068246.008095
1,34256,1696068246.0279503
1,34272,1696068246.0480375
1,34288,1696068246.0703871
1,34304,1696068246.0903065
1,34320,1696068246.1119382
1,34336,1696068246.1328402
1,34352,1696068246.154611
1,34368,1696068246.1736748
1,34384,1696068246.1945875
1,34400,1696068246.2133214
1,34416,1696068246.2305188
1,34432,1696068246.252594
1,34448,1696068246.2718341
1,34464,1696068246.2926037
1,34480,1696068246.3146079
1,34496,1696068246.3343608
1,34512,1696068246.3543575
1,34528,1696068246.3740408
1,34544,1696068246.398435
1,34560,1696068246.4168231
1,34576,1696068246.435759
1,34592,1696068246.4591727
1,34608,1696068246.4736009
1,34624,1696068246.4912422
1,34640,1696068246.511117
1,34656,1696068246.5327275
1,34672,1696068246.5549226
1,34688,1696068246.5889795
1,34704,1696068246.6100266
1,34720,1696068246.6292946
1,34736,1696068246.6526499
1,34752,1696068246.6717598
1,34768,1696068246.6974924
1,34784,1696068246.7189624
1,34800,1696068246.7465174
1,34816,1696068246.7651055
1,34832,1696068246.7853422
1,34848,1696068246.804236
1,34864,1696068246.822171
1,34880,1696068246.841188
1,34896,1696068246.869115
1,34912,1696068246.8897142
1,34928,1696068246.9085665
1,34944,1696068246.9286628
1,34960,1696068246.9481778
1,34976,1696068246.9733162
1,34992,1696068246.9932795
1,35008,1696068247.021364
1,35024,1696068247.0437946
1,35040,1696068247.0638502
1,35056,1696068247.0833642
1,35072,1696068247.1016645
1,35088,1696068247.1197371
1,35104,1696068247.1395853
1,35120,1696068247.163048
1,35136,1696068247.1906247
1,35152,1696068247.2093863
1,35168,1696068247.2286212
1,35184,1696068247.252658
1,35200,1696068247.2736106
1,35216,1696068247.2955978
1,35232,1696068247.3164544
1,35248,1696068247.3401155
1,35264,1696068247.3604255
1,35280,1696068247.3825564
1,35296,1696068247.4088392
1,35312,1696068247.4300454
1,35328,1696068247.4474995
1,35344,1696068247.4732988
1,35360,1696068247.4965925
1,35376,1696068247.530127
1,35392,1696068247.5575314
1,35408,1696068247.5725474
1,35424,1696068247.5923858
