epoch,trained_sample,time
1,0,1695614320.347353
1,32,1695614321.6173236
1,64,1695614321.6567073
1,96,1695614321.6884303
1,128,1695614321.7293732
1,160,1695614321.7631178
1,192,1695614321.805302
1,224,1695614321.8401105
1,256,1695614321.881695
1,288,1695614321.9151163
1,320,1695614321.9553134
1,352,1695614321.9950418
1,384,1695614322.0339794
1,416,1695614322.0734959
1,448,1695614322.1163585
1,480,1695614322.1571856
1,512,1695614322.1942918
1,544,1695614322.2374907
1,576,1695614322.2771015
1,608,1695614322.3201828
1,640,1695614322.3592331
1,672,1695614322.3988817
1,704,1695614322.4407763
1,736,1695614322.4828603
1,768,1695614322.5195441
1,800,1695614322.5614274
1,832,1695614322.6009657
1,864,1695614322.6414354
1,896,1695614322.6821852
1,928,1695614322.7250273
1,960,1695614322.7621047
1,992,1695614322.8046942
1,1024,1695614322.8431146
1,1056,1695614322.8854327
1,1088,1695614322.9252775
1,1120,1695614322.967999
1,1152,1695614323.0074475
1,1184,1695614323.0495858
1,1216,1695614323.089343
1,1248,1695614323.132053
1,1280,1695614323.1733015
1,1312,1695614323.214744
1,1344,1695614323.2572982
1,1376,1695614323.2970192
1,1408,1695614323.33561
1,1440,1695614323.3753276
1,1472,1695614323.4174972
1,1504,1695614323.4599671
1,1536,1695614323.49902
1,1568,1695614323.5455115
1,1600,1695614323.5871642
1,1632,1695614323.6220748
1,1664,1695614323.6625705
1,1696,1695614323.6979558
1,1728,1695614323.739923
1,1760,1695614323.7791402
1,1792,1695614323.813546
1,1824,1695614323.850657
1,1856,1695614323.8884315
1,1888,1695614323.9297717
1,1920,1695614323.9628153
1,1952,1695614323.9977927
1,1984,1695614324.0384476
1,2016,1695614324.077728
1,2048,1695614324.1177654
1,2080,1695614324.1572318
1,2112,1695614324.194274
1,2144,1695614324.2347658
1,2176,1695614324.2703586
1,2208,1695614324.3038874
1,2240,1695614324.343143
1,2272,1695614324.3811092
1,2304,1695614324.4196553
1,2336,1695614324.4618266
1,2368,1695614324.5069163
1,2400,1695614324.5472922
1,2432,1695614324.5839968
1,2464,1695614324.6289172
1,2496,1695614324.6665125
1,2528,1695614324.7094376
1,2560,1695614324.7463632
1,2592,1695614324.789316
1,2624,1695614324.8298595
1,2656,1695614324.8721511
1,2688,1695614324.915495
1,2720,1695614324.948954
1,2752,1695614324.9890153
1,2784,1695614325.0306165
1,2816,1695614325.0666804
1,2848,1695614325.1095161
1,2880,1695614325.1504788
1,2912,1695614325.1908886
1,2944,1695614325.226356
1,2976,1695614325.2688441
1,3008,1695614325.3112075
1,3040,1695614325.3478043
1,3072,1695614325.385028
1,3104,1695614325.418435
1,3136,1695614325.4508731
1,3168,1695614325.4859707
1,3200,1695614325.5187736
1,3232,1695614325.5507767
1,3264,1695614325.5828593
1,3296,1695614325.614986
1,3328,1695614325.6500762
1,3360,1695614325.6852832
1,3392,1695614325.7185862
1,3424,1695614325.7536871
1,3456,1695614325.7879705
1,3488,1695614325.820435
1,3520,1695614325.8522959
1,3552,1695614325.888525
1,3584,1695614325.9274063
1,3616,1695614325.958956
1,3648,1695614325.992239
1,3680,1695614326.0266366
1,3712,1695614326.0590076
1,3744,1695614326.0919206
1,3776,1695614326.1231606
1,3808,1695614326.1584637
1,3840,1695614326.1938226
1,3872,1695614326.2267113
1,3904,1695614326.2588303
1,3936,1695614326.291166
1,3968,1695614326.3262677
1,4000,1695614326.3666837
1,4032,1695614326.4091005
1,4064,1695614326.455187
1,4096,1695614326.4874089
1,4128,1695614326.5196898
1,4160,1695614326.557509
1,4192,1695614326.5909479
1,4224,1695614326.6240766
1,4256,1695614326.6561067
1,4288,1695614326.6880827
1,4320,1695614326.7201526
1,4352,1695614326.757377
1,4384,1695614326.7896614
1,4416,1695614326.8236344
1,4448,1695614326.8560016
1,4480,1695614326.8888304
1,4512,1695614326.919546
1,4544,1695614326.957757
1,4576,1695614326.9886544
1,4608,1695614327.0266752
1,4640,1695614327.0631444
1,4672,1695614327.1016974
1,4704,1695614327.136427
1,4736,1695614327.1677747
1,4768,1695614327.203199
1,4800,1695614327.2396538
1,4832,1695614327.2723038
1,4864,1695614327.3215957
1,4896,1695614327.3579264
1,4928,1695614327.3900867
1,4960,1695614327.4240825
1,4992,1695614327.4585812
1,5024,1695614327.4902673
1,5056,1695614327.5241725
1,5088,1695614327.5588412
1,5120,1695614327.5910325
1,5152,1695614327.6254482
1,5184,1695614327.657639
1,5216,1695614327.6925392
1,5248,1695614327.7284853
1,5280,1695614327.7594926
1,5312,1695614327.794598
1,5344,1695614327.8284428
1,5376,1695614327.8625698
1,5408,1695614327.8949625
1,5440,1695614327.929864
1,5472,1695614327.961729
1,5504,1695614327.9958105
1,5536,1695614328.0305681
1,5568,1695614328.0622988
1,5600,1695614328.0960116
1,5632,1695614328.1265423
1,5664,1695614328.1596317
1,5696,1695614328.1952064
1,5728,1695614328.2281215
1,5760,1695614328.2595978
1,5792,1695614328.2944722
1,5824,1695614328.326777
1,5856,1695614328.364557
1,5888,1695614328.4051118
1,5920,1695614328.4394312
1,5952,1695614328.470916
1,5984,1695614328.506337
1,6016,1695614328.538971
1,6048,1695614328.5722156
1,6080,1695614328.60341
1,6112,1695614328.638541
1,6144,1695614328.6707983
1,6176,1695614328.7038877
1,6208,1695614328.7356827
1,6240,1695614328.7680042
1,6272,1695614328.8056283
1,6304,1695614328.8363824
1,6336,1695614328.8713837
1,6368,1695614328.903834
1,6400,1695614328.946435
1,6432,1695614328.9825034
1,6464,1695614329.0178337
1,6496,1695614329.0508423
1,6528,1695614329.0828385
1,6560,1695614329.1185377
1,6592,1695614329.153883
1,6624,1695614329.1880355
1,6656,1695614329.2224681
1,6688,1695614329.265614
1,6720,1695614329.3015988
1,6752,1695614329.336999
1,6784,1695614329.3712027
1,6816,1695614329.4034595
1,6848,1695614329.4353461
1,6880,1695614329.4716594
1,6912,1695614329.5034459
1,6944,1695614329.5413935
1,6976,1695614329.5749462
1,7008,1695614329.6069899
1,7040,1695614329.641981
1,7072,1695614329.676859
1,7104,1695614329.710753
1,7136,1695614329.7429812
1,7168,1695614329.7785652
1,7200,1695614329.8171003
1,7232,1695614329.851281
1,7264,1695614329.8829377
1,7296,1695614329.9180708
1,7328,1695614329.957869
1,7360,1695614329.9907024
1,7392,1695614330.0258474
1,7424,1695614330.0590312
1,7456,1695614330.101644
1,7488,1695614330.1357207
1,7520,1695614330.1674995
1,7552,1695614330.2112505
1,7584,1695614330.2442238
1,7616,1695614330.2767575
1,7648,1695614330.307522
1,7680,1695614330.3430717
1,7712,1695614330.3751507
1,7744,1695614330.408288
1,7776,1695614330.4430666
1,7808,1695614330.4761727
1,7840,1695614330.513721
1,7872,1695614330.5485547
1,7904,1695614330.589632
1,7936,1695614330.6228979
1,7968,1695614330.6549978
1,8000,1695614330.6901476
1,8032,1695614330.7227993
1,8064,1695614330.7581122
1,8096,1695614330.7981238
1,8128,1695614330.8390331
1,8160,1695614330.8724263
1,8192,1695614330.9041145
1,8224,1695614330.935861
1,8256,1695614330.9708796
1,8288,1695614331.00417
1,8320,1695614331.0420597
1,8352,1695614331.0734048
1,8384,1695614331.1076927
1,8416,1695614331.1434236
1,8448,1695614331.1751797
1,8480,1695614331.2060468
1,8512,1695614331.2460034
1,8544,1695614331.2780848
1,8576,1695614331.3106592
1,8608,1695614331.3427815
1,8640,1695614331.3856578
1,8672,1695614331.4211025
1,8704,1695614331.454956
1,8736,1695614331.4882488
1,8768,1695614331.526391
1,8800,1695614331.5603848
1,8832,1695614331.5972667
1,8864,1695614331.6326225
1,8896,1695614331.6752036
1,8928,1695614331.7070408
1,8960,1695614331.7424054
1,8992,1695614331.774261
1,9024,1695614331.81221
1,9056,1695614331.8434036
1,9088,1695614331.8786745
1,9120,1695614331.9134989
1,9152,1695614331.943545
1,9184,1695614331.9791954
1,9216,1695614332.0110023
1,9248,1695614332.044225
1,9280,1695614332.0799525
1,9312,1695614332.1159117
1,9344,1695614332.1473076
1,9376,1695614332.1789322
1,9408,1695614332.2159412
1,9440,1695614332.2519314
1,9472,1695614332.2831545
1,9504,1695614332.318734
1,9536,1695614332.358915
1,9568,1695614332.4010668
1,9600,1695614332.434742
1,9632,1695614332.4669292
1,9664,1695614332.4999418
1,9696,1695614332.5379481
1,9728,1695614332.5706654
1,9760,1695614332.6028233
1,9792,1695614332.6455321
1,9824,1695614332.6849205
1,9856,1695614332.7179003
1,9888,1695614332.751165
1,9920,1695614332.790148
1,9952,1695614332.825468
1,9984,1695614332.8591154
1,10016,1695614332.898011
1,10048,1695614332.9377716
1,10080,1695614332.9707897
1,10112,1695614333.00284
1,10144,1695614333.037554
1,10176,1695614333.0766273
1,10208,1695614333.107815
1,10240,1695614333.1498673
1,10272,1695614333.1906872
1,10304,1695614333.227184
1,10336,1695614333.2706416
1,10368,1695614333.306661
1,10400,1695614333.337879
1,10432,1695614333.38176
1,10464,1695614333.423251
1,10496,1695614333.4659379
1,10528,1695614333.506469
1,10560,1695614333.53991
1,10592,1695614333.5723894
1,10624,1695614333.6038928
1,10656,1695614333.6396585
1,10688,1695614333.6719384
1,10720,1695614333.7094495
1,10752,1695614333.744209
1,10784,1695614333.7753184
1,10816,1695614333.810731
1,10848,1695614333.8427887
1,10880,1695614333.882225
1,10912,1695614333.9214566
1,10944,1695614333.9553602
1,10976,1695614333.9881032
1,11008,1695614334.0193496
1,11040,1695614334.054707
1,11072,1695614334.0899484
1,11104,1695614334.1242454
1,11136,1695614334.1616096
1,11168,1695614334.1987498
1,11200,1695614334.239939
1,11232,1695614334.273417
1,11264,1695614334.3095655
1,11296,1695614334.3427677
1,11328,1695614334.3749428
1,11360,1695614334.4106038
1,11392,1695614334.4434803
1,11424,1695614334.4792101
1,11456,1695614334.513203
1,11488,1695614334.547241
1,11520,1695614334.582467
1,11552,1695614334.6148047
1,11584,1695614334.649281
1,11616,1695614334.6890793
1,11648,1695614334.7227383
1,11680,1695614334.7560241
1,11712,1695614334.7935896
1,11744,1695614334.829418
1,11776,1695614334.8652658
1,11808,1695614334.9021285
1,11840,1695614334.935863
1,11872,1695614334.9699667
1,11904,1695614335.0080738
1,11936,1695614335.0494585
1,11968,1695614335.0842388
1,12000,1695614335.1152482
1,12032,1695614335.1546001
1,12064,1695614335.1833043
1,12096,1695614335.222327
1,12128,1695614335.26527
1,12160,1695614335.2978878
1,12192,1695614335.331716
1,12224,1695614335.3636277
1,12256,1695614335.3979595
1,12288,1695614335.4415112
1,12320,1695614335.4754791
1,12352,1695614335.512093
1,12384,1695614335.5445526
1,12416,1695614335.5815673
1,12448,1695614335.619979
1,12480,1695614335.6619656
1,12512,1695614335.695037
1,12544,1695614335.7286503
1,12576,1695614335.7601223
1,12608,1695614335.7977564
1,12640,1695614335.837961
1,12672,1695614335.8718858
1,12704,1695614335.9044476
1,12736,1695614335.941055
1,12768,1695614335.9743917
1,12800,1695614336.0080893
1,12832,1695614336.04172
1,12864,1695614336.0801814
1,12896,1695614336.111683
1,12928,1695614336.151511
1,12960,1695614336.193629
1,12992,1695614336.2324128
1,13024,1695614336.2637541
1,13056,1695614336.3006194
1,13088,1695614336.3329415
1,13120,1695614336.3691099
1,13152,1695614336.4031596
1,13184,1695614336.4365058
1,13216,1695614336.4676964
1,13248,1695614336.5045087
1,13280,1695614336.5351875
1,13312,1695614336.571408
1,13344,1695614336.6030543
1,13376,1695614336.6385467
1,13408,1695614336.6742668
1,13440,1695614336.7068043
1,13472,1695614336.741823
1,13504,1695614336.777295
1,13536,1695614336.810645
1,13568,1695614336.8461351
1,13600,1695614336.8786175
1,13632,1695614336.9141963
1,13664,1695614336.949734
1,13696,1695614336.9856062
1,13728,1695614337.0218773
1,13760,1695614337.057669
1,13792,1695614337.0930731
1,13824,1695614337.1271062
1,13856,1695614337.159028
1,13888,1695614337.2059255
1,13920,1695614337.2476306
1,13952,1695614337.2792778
1,13984,1695614337.3143682
1,14016,1695614337.3500087
1,14048,1695614337.3828616
1,14080,1695614337.4181483
1,14112,1695614337.4590473
1,14144,1695614337.4920354
1,14176,1695614337.5495543
1,14208,1695614337.5857215
1,14240,1695614337.6189528
1,14272,1695614337.6513946
1,14304,1695614337.6875644
1,14336,1695614337.7191205
1,14368,1695614337.7544878
1,14400,1695614337.789816
1,14432,1695614337.82514
1,14464,1695614337.8620932
1,14496,1695614337.894779
1,14528,1695614337.9343314
1,14560,1695614337.9718025
1,14592,1695614338.0038605
1,14624,1695614338.0415351
1,14656,1695614338.0764475
1,14688,1695614338.1083124
1,14720,1695614338.1454055
1,14752,1695614338.1874657
1,14784,1695614338.2192202
1,14816,1695614338.256656
1,14848,1695614338.2883656
1,14880,1695614338.3232658
1,14912,1695614338.354973
1,14944,1695614338.3945704
1,14976,1695614338.4297984
1,15008,1695614338.4600568
1,15040,1695614338.4978356
1,15072,1695614338.5354223
1,15104,1695614338.5672753
1,15136,1695614338.6031609
1,15168,1695614338.634904
1,15200,1695614338.6706855
1,15232,1695614338.7038388
1,15264,1695614338.7359984
1,15296,1695614338.7691426
1,15328,1695614338.8055847
1,15360,1695614338.8408153
1,15392,1695614338.8762105
1,15424,1695614338.9077072
1,15456,1695614338.9455752
1,15488,1695614338.9814692
1,15520,1695614339.0163758
1,15552,1695614339.0475702
1,15584,1695614339.085788
1,15616,1695614339.1214242
1,15648,1695614339.1560144
1,15680,1695614339.195914
1,15712,1695614339.234254
1,15744,1695614339.275025
1,15776,1695614339.3071306
1,15808,1695614339.3425179
1,15840,1695614339.3749754
1,15872,1695614339.410369
1,15904,1695614339.4441943
1,15936,1695614339.4762807
1,15968,1695614339.515172
1,16000,1695614339.557019
1,16032,1695614339.5907414
1,16064,1695614339.6229384
1,16096,1695614339.6578946
1,16128,1695614339.690616
1,16160,1695614339.725802
1,16192,1695614339.758952
1,16224,1695614339.790958
1,16256,1695614339.8225424
1,16288,1695614339.860987
1,16320,1695614339.8965974
1,16352,1695614339.9281337
1,16384,1695614339.9638574
1,16416,1695614339.9983969
1,16448,1695614340.0340352
1,16480,1695614340.0677662
1,16512,1695614340.0998075
1,16544,1695614340.1321144
1,16576,1695614340.1675646
1,16608,1695614340.1993663
1,16640,1695614340.235351
1,16672,1695614340.2699614
1,16704,1695614340.3053968
1,16736,1695614340.3414989
1,16768,1695614340.3845897
1,16800,1695614340.418972
1,16832,1695614340.454048
1,16864,1695614340.489574
1,16896,1695614340.5227556
1,16928,1695614340.5548296
1,16960,1695614340.5879312
1,16992,1695614340.6218023
1,17024,1695614340.655313
1,17056,1695614340.693902
1,17088,1695614340.7305794
1,17120,1695614340.7640743
1,17152,1695614340.795851
1,17184,1695614340.8336368
1,17216,1695614340.8667893
1,17248,1695614340.9003475
1,17280,1695614340.9322693
1,17312,1695614340.969392
1,17344,1695614341.0028098
1,17376,1695614341.0377808
1,17408,1695614341.0681758
1,17440,1695614341.1044865
1,17472,1695614341.1391728
1,17504,1695614341.1739404
1,17536,1695614341.2129278
1,17568,1695614341.2434485
1,17600,1695614341.2827764
1,17632,1695614341.3190162
1,17664,1695614341.35526
1,17696,1695614341.3902671
1,17728,1695614341.422615
1,17760,1695614341.4551182
1,17792,1695614341.4900365
1,17824,1695614341.520352
1,17856,1695614341.5649436
1,17888,1695614341.5987132
1,17920,1695614341.631021
1,17952,1695614341.673655
1,17984,1695614341.7037785
1,18016,1695614341.7420776
1,18048,1695614341.7783048
1,18080,1695614341.8121152
1,18112,1695614341.8464139
1,18144,1695614341.8789334
1,18176,1695614341.9139395
1,18208,1695614341.9498377
1,18240,1695614341.9828982
1,18272,1695614342.017875
1,18304,1695614342.0507774
1,18336,1695614342.0828707
1,18368,1695614342.112386
1,18400,1695614342.146322
1,18432,1695614342.186091
1,18464,1695614342.221339
1,18496,1695614342.255993
1,18528,1695614342.289116
1,18560,1695614342.3228326
1,18592,1695614342.358606
1,18624,1695614342.3907993
1,18656,1695614342.4241977
1,18688,1695614342.4547126
1,18720,1695614342.4915726
1,18752,1695614342.5230522
1,18784,1695614342.559316
1,18816,1695614342.5952656
1,18848,1695614342.634676
1,18880,1695614342.667706
1,18912,1695614342.7025478
1,18944,1695614342.7359421
1,18976,1695614342.77739
1,19008,1695614342.8079069
1,19040,1695614342.8437164
1,19072,1695614342.8834426
1,19104,1695614342.9161165
1,19136,1695614342.9516528
1,19168,1695614342.986458
1,19200,1695614343.02372
1,19232,1695614343.0664606
1,19264,1695614343.099071
1,19296,1695614343.1323168
1,19328,1695614343.1707983
1,19360,1695614343.2038195
1,19392,1695614343.2388783
1,19424,1695614343.2768958
1,19456,1695614343.3113205
1,19488,1695614343.3439896
1,19520,1695614343.3814125
1,19552,1695614343.4181242
1,19584,1695614343.4510598
1,19616,1695614343.4893646
1,19648,1695614343.5236318
1,19680,1695614343.5629964
1,19712,1695614343.6029983
1,19744,1695614343.6360626
1,19776,1695614343.6733656
1,19808,1695614343.706349
1,19840,1695614343.7420993
1,19872,1695614343.774539
1,19904,1695614343.8083622
1,19936,1695614343.840137
1,19968,1695614343.8769076
1,20000,1695614343.9121964
1,20032,1695614343.9489963
1,20064,1695614343.982957
1,20096,1695614344.0198078
1,20128,1695614344.0551965
1,20160,1695614344.094901
1,20192,1695614344.1272912
1,20224,1695614344.1630454
1,20256,1695614344.1974843
1,20288,1695614344.2332451
1,20320,1695614344.2735882
1,20352,1695614344.3126051
1,20384,1695614344.3436077
1,20416,1695614344.3820171
1,20448,1695614344.4150028
1,20480,1695614344.4472015
1,20512,1695614344.4829948
1,20544,1695614344.5147204
1,20576,1695614344.5480642
1,20608,1695614344.579819
1,20640,1695614344.6214695
1,20672,1695614344.655664
1,20704,1695614344.6886802
1,20736,1695614344.7236602
1,20768,1695614344.7554028
1,20800,1695614344.79091
1,20832,1695614344.8259597
1,20864,1695614344.8588812
1,20896,1695614344.890908
1,20928,1695614344.9234614
1,20960,1695614344.9586256
1,20992,1695614344.9910955
1,21024,1695614345.0264525
1,21056,1695614345.0619094
1,21088,1695614345.097332
1,21120,1695614345.1321137
1,21152,1695614345.1633518
1,21184,1695614345.1991198
1,21216,1695614345.2339883
1,21248,1695614345.2731297
1,21280,1695614345.3097448
1,21312,1695614345.3401432
1,21344,1695614345.3787868
1,21376,1695614345.4097772
1,21408,1695614345.442768
1,21440,1695614345.4789212
1,21472,1695614345.5111146
1,21504,1695614345.5434532
1,21536,1695614345.5791714
1,21568,1695614345.6143088
1,21600,1695614345.647134
1,21632,1695614345.679686
1,21664,1695614345.7157516
1,21696,1695614345.749583
1,21728,1695614345.7832313
1,21760,1695614345.8232365
1,21792,1695614345.8560236
1,21824,1695614345.888487
1,21856,1695614345.9261904
1,21888,1695614345.9696784
1,21920,1695614346.0075274
1,21952,1695614346.0470598
1,21984,1695614346.0900252
1,22016,1695614346.1229987
1,22048,1695614346.1542745
1,22080,1695614346.1875482
1,22112,1695614346.2231007
1,22144,1695614346.2591915
1,22176,1695614346.2946537
1,22208,1695614346.3320131
1,22240,1695614346.3668664
1,22272,1695614346.4029698
1,22304,1695614346.4385848
1,22336,1695614346.4746583
1,22368,1695614346.5114462
1,22400,1695614346.5442727
1,22432,1695614346.584578
1,22464,1695614346.6252613
1,22496,1695614346.6561806
1,22528,1695614346.6913052
1,22560,1695614346.7279348
1,22592,1695614346.7680335
1,22624,1695614346.807115
1,22656,1695614346.838829
1,22688,1695614346.8764887
1,22720,1695614346.917519
1,22752,1695614346.9510024
1,22784,1695614346.984446
1,22816,1695614347.0234494
1,22848,1695614347.0605524
1,22880,1695614347.0949266
1,22912,1695614347.127042
1,22944,1695614347.1670265
1,22976,1695614347.204406
1,23008,1695614347.2433827
1,23040,1695614347.2765772
1,23072,1695614347.3143644
1,23104,1695614347.351874
1,23136,1695614347.3891647
1,23168,1695614347.4231067
1,23200,1695614347.4599247
1,23232,1695614347.5007565
1,23264,1695614347.5336366
1,23296,1695614347.5676634
1,23328,1695614347.608006
1,23360,1695614347.6487696
1,23392,1695614347.6875696
1,23424,1695614347.7192671
1,23456,1695614347.7594562
1,23488,1695614347.7974682
1,23520,1695614347.8316905
1,23552,1695614347.8635862
1,23584,1695614347.9063482
1,23616,1695614347.9450138
1,23648,1695614347.9785707
1,23680,1695614348.0123818
1,23712,1695614348.0514197
1,23744,1695614348.0879498
1,23776,1695614348.133016
1,23808,1695614348.1654775
1,23840,1695614348.2029667
1,23872,1695614348.2417314
1,23904,1695614348.281591
1,23936,1695614348.3150263
1,23968,1695614348.3516364
1,24000,1695614348.3946288
1,24032,1695614348.4425268
1,24064,1695614348.4822247
1,24096,1695614348.5237927
1,24128,1695614348.560676
1,24160,1695614348.603947
1,24192,1695614348.6451163
1,24224,1695614348.6824753
1,24256,1695614348.7257664
1,24288,1695614348.761591
1,24320,1695614348.8016593
1,24352,1695614348.8384585
1,24384,1695614348.8807685
1,24416,1695614348.920464
1,24448,1695614348.9590514
1,24480,1695614349.0001597
1,24512,1695614349.0371418
1,24544,1695614349.071069
1,24576,1695614349.1110256
1,24608,1695614349.1485584
1,24640,1695614349.186473
1,24672,1695614349.2226918
1,24704,1695614349.2628703
1,24736,1695614349.303861
1,24768,1695614349.3433094
1,24800,1695614349.3751116
1,24832,1695614349.4145741
1,24864,1695614349.4615736
1,24896,1695614349.4984658
1,24928,1695614349.5338538
1,24960,1695614349.5706027
1,24992,1695614349.609478
1,25024,1695614349.646485
1,25056,1695614349.6866546
1,25088,1695614349.7230449
1,25120,1695614349.7625227
1,25152,1695614349.8036168
1,25184,1695614349.8437133
1,25216,1695614349.8829365
1,25248,1695614349.925364
1,25280,1695614349.962255
1,25312,1695614350.000896
1,25344,1695614350.0421386
1,25376,1695614350.0805893
1,25408,1695614350.120248
1,25440,1695614350.1618888
1,25472,1695614350.2002728
1,25504,1695614350.2378244
1,25536,1695614350.2757747
1,25568,1695614350.3160255
1,25600,1695614350.35568
1,25632,1695614350.3947623
1,25664,1695614350.431512
1,25696,1695614350.4729607
1,25728,1695614350.510776
1,25760,1695614350.551891
1,25792,1695614350.5892332
1,25824,1695614350.6278718
1,25856,1695614350.6679437
1,25888,1695614350.7069993
1,25920,1695614350.747815
1,25952,1695614350.785799
1,25984,1695614350.8246806
1,26016,1695614350.8624783
1,26048,1695614350.9054456
1,26080,1695614350.9434645
1,26112,1695614350.9837475
1,26144,1695614351.0258083
1,26176,1695614351.0618706
1,26208,1695614351.1032197
1,26240,1695614351.135736
1,26272,1695614351.1727562
1,26304,1695614351.2077136
1,26336,1695614351.2393775
1,26368,1695614351.2807539
1,26400,1695614351.3185396
1,26432,1695614351.3529265
1,26464,1695614351.3879318
1,26496,1695614351.4195018
1,26528,1695614351.4617736
1,26560,1695614351.4945812
1,26592,1695614351.5297017
1,26624,1695614351.5601492
1,26656,1695614351.595704
1,26688,1695614351.628209
1,26720,1695614351.6597588
1,26752,1695614351.7051868
1,26784,1695614351.738732
1,26816,1695614351.7738433
1,26848,1695614351.8098993
1,26880,1695614351.846257
1,26912,1695614351.8777633
1,26944,1695614351.9182353
1,26976,1695614351.9519272
1,27008,1695614351.9832988
1,27040,1695614352.0193753
1,27072,1695614352.0558765
1,27104,1695614352.0964642
1,27136,1695614352.1304758
1,27168,1695614352.1656833
1,27200,1695614352.2014484
1,27232,1695614352.2370737
1,27264,1695614352.2748327
1,27296,1695614352.317457
1,27328,1695614352.3535156
1,27360,1695614352.38558
1,27392,1695614352.4219801
1,27424,1695614352.4548314
1,27456,1695614352.490151
1,27488,1695614352.5256584
1,27520,1695614352.5564282
1,27552,1695614352.5939717
1,27584,1695614352.629908
1,27616,1695614352.6628835
1,27648,1695614352.6978638
1,27680,1695614352.733478
1,27712,1695614352.7670326
1,27744,1695614352.8059301
1,27776,1695614352.8381634
1,27808,1695614352.874581
1,27840,1695614352.9078288
1,27872,1695614352.9399107
1,27904,1695614352.9718614
1,27936,1695614353.0103238
1,27968,1695614353.0439503
1,28000,1695614353.0751595
1,28032,1695614353.1106136
1,28064,1695614353.1461759
1,28096,1695614353.1790082
1,28128,1695614353.2139919
1,28160,1695614353.246956
1,28192,1695614353.28552
1,28224,1695614353.3272061
1,28256,1695614353.3599849
1,28288,1695614353.395743
1,28320,1695614353.4379323
1,28352,1695614353.4723995
1,28384,1695614353.504631
1,28416,1695614353.5418763
1,28448,1695614353.574941
1,28480,1695614353.6104283
1,28512,1695614353.6438851
1,28544,1695614353.6758919
1,28576,1695614353.7109132
1,28608,1695614353.7476888
1,28640,1695614353.78338
1,28672,1695614353.8150299
1,28704,1695614353.8507965
1,28736,1695614353.8830328
1,28768,1695614353.9161258
1,28800,1695614353.9482143
1,28832,1695614353.983839
1,28864,1695614354.0159862
1,28896,1695614354.0537047
1,28928,1695614354.089414
1,28960,1695614354.1228447
1,28992,1695614354.1548705
1,29024,1695614354.189438
1,29056,1695614354.2238512
1,29088,1695614354.2635338
1,29120,1695614354.2962952
1,29152,1695614354.3270683
1,29184,1695614354.3635144
1,29216,1695614354.395225
1,29248,1695614354.430818
1,29280,1695614354.4628024
1,29312,1695614354.4980662
1,29344,1695614354.5310695
1,29376,1695614354.56339
1,29408,1695614354.601435
1,29440,1695614354.6347096
1,29472,1695614354.6669862
1,29504,1695614354.7020485
1,29536,1695614354.73485
1,29568,1695614354.7699502
1,29600,1695614354.8035932
1,29632,1695614354.8350945
1,29664,1695614354.8708727
1,29696,1695614354.9059513
1,29728,1695614354.9389005
1,29760,1695614354.9743845
1,29792,1695614355.0096433
1,29824,1695614355.0426831
1,29856,1695614355.0777428
1,29888,1695614355.1157598
1,29920,1695614355.157356
1,29952,1695614355.190765
1,29984,1695614355.2239544
1,30016,1695614355.256556
1,30048,1695614355.2876263
1,30080,1695614355.3241825
1,30112,1695614355.361176
1,30144,1695614355.3953035
1,30176,1695614355.4268923
1,30208,1695614355.4632406
1,30240,1695614355.495478
1,30272,1695614355.528736
1,30304,1695614355.562899
1,30336,1695614355.5948875
1,30368,1695614355.6335943
1,30400,1695614355.6676025
1,30432,1695614355.7022223
1,30464,1695614355.7377346
1,30496,1695614355.7733674
1,30528,1695614355.8067951
1,30560,1695614355.8389368
1,30592,1695614355.8709323
1,30624,1695614355.906618
1,30656,1695614355.9373093
1,30688,1695614355.9743211
1,30720,1695614356.007217
1,30752,1695614356.039232
1,30784,1695614356.076979
1,30816,1695614356.1108725
1,30848,1695614356.1428893
1,30880,1695614356.1751993
1,30912,1695614356.2110293
1,30944,1695614356.244196
1,30976,1695614356.2788
1,31008,1695614356.3108835
1,31040,1695614356.3464952
1,31072,1695614356.37881
1,31104,1695614356.4144027
1,31136,1695614356.4476438
1,31168,1695614356.482535
1,31200,1695614356.5176837
1,31232,1695614356.5525393
1,31264,1695614356.5837324
1,31296,1695614356.6189313
1,31328,1695614356.6507025
1,31360,1695614356.6936057
1,31392,1695614356.7311547
1,31424,1695614356.7713122
1,31456,1695614356.8097544
1,31488,1695614356.8434746
1,31520,1695614356.8759263
1,31552,1695614356.9097767
1,31584,1695614356.9430609
1,31616,1695614356.978199
1,31648,1695614357.008841
1,31680,1695614357.0455182
1,31712,1695614357.079011
1,31744,1695614357.110784
1,31776,1695614357.1482947
1,31808,1695614357.1799223
1,31840,1695614357.2117991
1,31872,1695614357.2464128
1,31904,1695614357.277952
1,31936,1695614357.311512
1,31968,1695614357.3431165
1,32000,1695614357.3751
1,32032,1695614357.4082546
1,32064,1695614357.4398143
1,32096,1695614357.4744582
1,32128,1695614357.5078568
1,32160,1695614357.5404923
1,32192,1695614357.575138
1,32224,1695614357.6068273
1,32256,1695614357.638725
1,32288,1695614357.6736944
1,32320,1695614357.7043226
1,32352,1695614357.7404318
1,32384,1695614357.7714014
1,32416,1695614357.8110483
1,32448,1695614357.8440878
1,32480,1695614357.8785422
1,32512,1695614357.914452
1,32544,1695614357.9480193
1,32576,1695614357.9799688
1,32608,1695614358.011639
1,32640,1695614358.0467045
1,32672,1695614358.0816133
1,32704,1695614358.1149063
1,32736,1695614358.1566637
1,32768,1695614358.1941254
1,32800,1695614358.2283006
1,32832,1695614358.2596319
1,32864,1695614358.2908099
1,32896,1695614358.326379
1,32928,1695614358.3589153
1,32960,1695614358.3976073
1,32992,1695614358.431583
1,33024,1695614358.4664953
1,33056,1695614358.5023756
1,33088,1695614358.5442688
1,33120,1695614358.577688
1,33152,1695614358.613937
1,33184,1695614358.6473022
1,33216,1695614358.686738
1,33248,1695614358.7194183
1,33280,1695614358.7535937
1,33312,1695614358.7871864
1,33344,1695614358.8193352
1,33376,1695614358.8570485
1,33408,1695614358.8909154
1,33440,1695614358.9227288
1,33472,1695614358.9563236
1,33504,1695614358.9914024
1,33536,1695614359.0229874
1,33568,1695614359.0588222
1,33600,1695614359.0939949
1,33632,1695614359.129657
1,33664,1695614359.1652925
1,33696,1695614359.1988802
1,33728,1695614359.230966
1,33760,1695614359.2677968
1,33792,1695614359.3010745
1,33824,1695614359.334943
1,33856,1695614359.36811
1,33888,1695614359.3992572
1,33920,1695614359.4353886
1,33952,1695614359.4701226
1,33984,1695614359.5057445
1,34016,1695614359.5410903
1,34048,1695614359.5761256
1,34080,1695614359.6073976
1,34112,1695614359.6425455
1,34144,1695614359.6749666
1,34176,1695614359.7069416
1,34208,1695614359.739179
1,34240,1695614359.7743585
1,34272,1695614359.8066878
1,34304,1695614359.8419185
1,34336,1695614359.875043
1,34368,1695614359.9078307
1,34400,1695614359.939425
1,34432,1695614359.9740431
1,34464,1695614360.0068376
1,34496,1695614360.0424051
1,34528,1695614360.0778215
1,34560,1695614360.109611
1,34592,1695614360.1435444
1,34624,1695614360.1830158
1,34656,1695614360.2149308
1,34688,1695614360.2470984
1,34720,1695614360.2897437
1,34752,1695614360.323287
1,34784,1695614360.355264
1,34816,1695614360.387356
1,34848,1695614360.4203339
1,34880,1695614360.4530673
1,34912,1695614360.4855442
1,34944,1695614360.5170877
1,34976,1695614360.5513783
1,35008,1695614360.583379
1,35040,1695614360.6157665
1,35072,1695614360.658516
1,35104,1695614360.6911926
1,35136,1695614360.7264035
1,35168,1695614360.7616665
1,35200,1695614360.7977881
1,35232,1695614360.8295932
1,35264,1695614360.8639932
1,35296,1695614360.8958733
1,35328,1695614360.9308949
1,35360,1695614360.9629967
1,35392,1695614360.9988036
1,35424,1695614361.0312421
1,35456,1695614361.063531
1,35488,1695614361.0960865
1,35520,1695614361.1308742
1,35552,1695614361.1627822
1,35584,1695614361.1986606
1,35616,1695614361.2423935
1,35648,1695614361.2763221
1,35680,1695614361.3177402
1,35712,1695614361.3501024
1,35744,1695614361.3864005
1,35776,1695614361.4185855
1,35808,1695614361.4537237
1,35840,1695614361.4866364
1,35872,1695614361.5223372
1,35904,1695614361.5578253
1,35936,1695614361.5930476
1,35968,1695614361.6267529
1,36000,1695614361.657419
1,36032,1695614361.6952536
1,36064,1695614361.7304504
1,36096,1695614361.7623534
1,36128,1695614361.7961125
1,36160,1695614361.827914
1,36192,1695614361.8634932
1,36224,1695614361.8960896
1,36256,1695614361.927374
1,36288,1695614361.9596446
1,36320,1695614361.991831
1,36352,1695614362.0268478
1,36384,1695614362.0592518
1,36416,1695614362.0914361
1,36448,1695614362.1265755
1,36480,1695614362.1651785
1,36512,1695614362.199002
1,36544,1695614362.234124
1,36576,1695614362.2695863
1,36608,1695614362.304909
1,36640,1695614362.3371143
1,36672,1695614362.3710005
1,36704,1695614362.4027796
1,36736,1695614362.4384437
1,36768,1695614362.4722245
1,36800,1695614362.503715
1,36832,1695614362.5428607
1,36864,1695614362.5832214
1,36896,1695614362.6147428
1,36928,1695614362.647043
1,36960,1695614362.687316
1,36992,1695614362.720539
1,37024,1695614362.759193
1,37056,1695614362.798383
1,37088,1695614362.8320954
1,37120,1695614362.8667479
1,37152,1695614362.9019134
1,37184,1695614362.9340215
1,37216,1695614362.9677773
1,37248,1695614363.005501
1,37280,1695614363.036407
1,37312,1695614363.067132
1,37344,1695614363.1065238
1,37376,1695614363.1389039
1,37408,1695614363.1760776
1,37440,1695614363.2099679
1,37472,1695614363.2427812
1,37504,1695614363.2745965
1,37536,1695614363.307771
1,37568,1695614363.3392253
1,37600,1695614363.3744338
1,37632,1695614363.4096801
1,37664,1695614363.4398308
1,37696,1695614363.4770057
1,37728,1695614363.5108178
1,37760,1695614363.5441058
1,37792,1695614363.5756743
1,37824,1695614363.607667
1,37856,1695614363.6394482
1,37888,1695614363.6752095
1,37920,1695614363.7084405
1,37952,1695614363.747117
1,37984,1695614363.78764
1,38016,1695614363.8297896
1,38048,1695614363.8687935
1,38080,1695614363.9026568
1,38112,1695614363.9350638
1,38144,1695614363.9708457
1,38176,1695614364.0057836
1,38208,1695614364.039001
1,38240,1695614364.0706184
1,38272,1695614364.1032326
1,38304,1695614364.136483
1,38336,1695614364.1728637
1,38368,1695614364.2066638
1,38400,1695614364.2477405
1,38432,1695614364.2895415
1,38464,1695614364.322725
1,38496,1695614364.364691
1,38528,1695614364.4049478
1,38560,1695614364.4376047
1,38592,1695614364.479976
1,38624,1695614364.511909
1,38656,1695614364.5438707
1,38688,1695614364.582076
1,38720,1695614364.614925
1,38752,1695614364.6533217
1,38784,1695614364.6871989
1,38816,1695614364.718757
1,38848,1695614364.7547128
1,38880,1695614364.7924316
1,38912,1695614364.8231401
1,38944,1695614364.8586593
1,38976,1695614364.897051
1,39008,1695614364.939915
1,39040,1695614364.9713743
1,39072,1695614365.0064313
1,39104,1695614365.0456975
1,39136,1695614365.077559
1,39168,1695614365.1146636
1,39200,1695614365.1478798
1,39232,1695614365.1793275
1,39264,1695614365.2116718
1,39296,1695614365.2436945
1,39328,1695614365.2862709
1,39360,1695614365.3221333
1,39392,1695614365.3548872
1,39424,1695614365.3867795
1,39456,1695614365.421626
1,39488,1695614365.4554877
1,39520,1695614365.4871542
1,39552,1695614365.5193439
1,39584,1695614365.5544467
1,39616,1695614365.5895815
1,39648,1695614365.6227014
1,39680,1695614365.657797
1,39712,1695614365.6908886
1,39744,1695614365.7228806
1,39776,1695614365.7577846
1,39808,1695614365.790889
1,39840,1695614365.8212702
1,39872,1695614365.8553085
1,39904,1695614365.895212
1,39936,1695614365.936948
1,39968,1695614365.9710402
1,40000,1695614366.0059376
1,40032,1695614366.0423648
1,40064,1695614366.0773742
1,40096,1695614366.107727
1,40128,1695614366.1403546
1,40160,1695614366.1772988
1,40192,1695614366.211001
1,40224,1695614366.2456665
1,40256,1695614366.283194
1,40288,1695614366.316369
1,40320,1695614366.3507516
1,40352,1695614366.3841584
1,40384,1695614366.4167967
1,40416,1695614366.45348
