epoch,trained_sample,time
1,0,1696068622.989515
1,16,1696068624.284609
1,32,1696068624.30361
1,48,1696068624.3228154
1,64,1696068624.3375235
1,80,1696068624.3526368
1,96,1696068624.3782582
1,112,1696068624.3946042
1,128,1696068624.4221625
1,144,1696068624.4494805
1,160,1696068624.4645424
1,176,1696068624.4853916
1,192,1696068624.506692
1,208,1696068624.5255427
1,224,1696068624.548308
1,240,1696068624.5707657
1,256,1696068624.5936918
1,272,1696068624.6188257
1,288,1696068624.6374815
1,304,1696068624.6563833
1,320,1696068624.6786928
1,336,1696068624.695879
1,352,1696068624.7122982
1,368,1696068624.7278025
1,384,1696068624.7459352
1,400,1696068624.7636466
1,416,1696068624.7801268
1,432,1696068624.795609
1,448,1696068624.814469
1,464,1696068624.8344553
1,480,1696068624.8543117
1,496,1696068624.8740416
1,512,1696068624.8944046
1,528,1696068624.9121094
1,544,1696068624.9284286
1,560,1696068624.945024
1,576,1696068624.961871
1,592,1696068624.9820478
1,608,1696068624.9994326
1,624,1696068625.0176594
1,640,1696068625.0351598
1,656,1696068625.0518236
1,672,1696068625.0683317
1,688,1696068625.0841668
1,704,1696068625.1005025
1,720,1696068625.1165879
1,736,1696068625.1323957
1,752,1696068625.1504436
1,768,1696068625.1691728
1,784,1696068625.1869621
1,800,1696068625.205643
1,816,1696068625.2231095
1,832,1696068625.2396665
1,848,1696068625.2568164
1,864,1696068625.2762818
1,880,1696068625.2969222
1,896,1696068625.318391
1,912,1696068625.3383136
1,928,1696068625.3571565
1,944,1696068625.3775194
1,960,1696068625.399883
1,976,1696068625.4242544
1,992,1696068625.44676
1,1008,1696068625.474229
1,1024,1696068625.4890792
1,1040,1696068625.5089562
1,1056,1696068625.5346456
1,1072,1696068625.5517218
1,1088,1696068625.5700202
1,1104,1696068625.5870237
1,1120,1696068625.605255
1,1136,1696068625.622713
1,1152,1696068625.6413772
1,1168,1696068625.6590145
1,1184,1696068625.677635
1,1200,1696068625.6950455
1,1216,1696068625.7134376
1,1232,1696068625.7311478
1,1248,1696068625.7477462
1,1264,1696068625.7702584
1,1280,1696068625.7882156
1,1296,1696068625.8045754
1,1312,1696068625.8204737
1,1328,1696068625.8388104
1,1344,1696068625.8578608
1,1360,1696068625.8749776
1,1376,1696068625.8933773
1,1392,1696068625.910724
1,1408,1696068625.9290555
1,1424,1696068625.9468744
1,1440,1696068625.9651237
1,1456,1696068625.9829803
1,1472,1696068626.0016775
1,1488,1696068626.0192208
1,1504,1696068626.0357723
1,1520,1696068626.0521886
1,1536,1696068626.0680246
1,1552,1696068626.084003
1,1568,1696068626.102548
1,1584,1696068626.1197114
1,1600,1696068626.1360714
1,1616,1696068626.152742
1,1632,1696068626.1679711
1,1648,1696068626.1839817
1,1664,1696068626.2013671
1,1680,1696068626.2191193
1,1696,1696068626.2372582
1,1712,1696068626.254812
1,1728,1696068626.2733045
1,1744,1696068626.2910707
1,1760,1696068626.307707
1,1776,1696068626.3242636
1,1792,1696068626.3409002
1,1808,1696068626.3560996
1,1824,1696068626.3722806
1,1840,1696068626.388264
1,1856,1696068626.4063578
1,1872,1696068626.4258535
1,1888,1696068626.443256
1,1904,1696068626.4597874
1,1920,1696068626.4761899
1,1936,1696068626.4918115
1,1952,1696068626.5101774
1,1968,1696068626.529594
1,1984,1696068626.5473773
1,2000,1696068626.5637732
1,2016,1696068626.5802002
1,2032,1696068626.5971138
1,2048,1696068626.6145556
1,2064,1696068626.6336095
1,2080,1696068626.651151
1,2096,1696068626.6694205
1,2112,1696068626.6872222
1,2128,1696068626.7037394
1,2144,1696068626.7201762
1,2160,1696068626.7368016
1,2176,1696068626.7520444
1,2192,1696068626.7681692
1,2208,1696068626.7837858
1,2224,1696068626.8046021
1,2240,1696068626.8228288
1,2256,1696068626.844295
1,2272,1696068626.8608534
1,2288,1696068626.8777404
1,2304,1696068626.894294
1,2320,1696068626.913255
1,2336,1696068626.9310517
1,2352,1696068626.9497554
1,2368,1696068626.9670951
1,2384,1696068626.9857693
1,2400,1696068627.003219
1,2416,1696068627.0197532
1,2432,1696068627.0361433
1,2448,1696068627.052764
1,2464,1696068627.0680954
1,2480,1696068627.08431
1,2496,1696068627.1000068
1,2512,1696068627.1218762
1,2528,1696068627.1381924
1,2544,1696068627.1575608
1,2560,1696068627.1752555
1,2576,1696068627.1916974
1,2592,1696068627.208183
1,2608,1696068627.224422
1,2624,1696068627.242333
1,2640,1696068627.2609308
1,2656,1696068627.2791135
1,2672,1696068627.295824
1,2688,1696068627.3121998
1,2704,1696068627.3290136
1,2720,1696068627.346937
1,2736,1696068627.3637352
1,2752,1696068627.3801796
1,2768,1696068627.39637
1,2784,1696068627.4122212
1,2800,1696068627.4304395
1,2816,1696068627.4493415
1,2832,1696068627.4670002
1,2848,1696068627.4835932
1,2864,1696068627.5004838
1,2880,1696068627.517231
1,2896,1696068627.5341458
1,2912,1696068627.5533843
1,2928,1696068627.5709202
1,2944,1696068627.5877004
1,2960,1696068627.6042264
1,2976,1696068627.6208897
1,2992,1696068627.638235
1,3008,1696068627.6558044
1,3024,1696068627.6796923
1,3040,1696068627.6959507
1,3056,1696068627.7125006
1,3072,1696068627.7283378
1,3088,1696068627.7464786
1,3104,1696068627.7657223
1,3120,1696068627.7830846
1,3136,1696068627.802319
1,3152,1696068627.8196192
1,3168,1696068627.8359425
1,3184,1696068627.8523898
1,3200,1696068627.8681579
1,3216,1696068627.8862576
1,3232,1696068627.9049377
1,3248,1696068627.9227026
1,3264,1696068627.9462647
1,3280,1696068627.9670436
1,3296,1696068627.9905226
1,3312,1696068628.0115266
1,3328,1696068628.0275788
1,3344,1696068628.0435238
1,3360,1696068628.06004
1,3376,1696068628.0766168
1,3392,1696068628.0942512
1,3408,1696068628.1120946
1,3424,1696068628.128479
1,3440,1696068628.1516626
1,3456,1696068628.1705332
1,3472,1696068628.1893916
1,3488,1696068628.2071407
1,3504,1696068628.2237194
1,3520,1696068628.2401435
1,3536,1696068628.2563398
1,3552,1696068628.2744668
1,3568,1696068628.2914395
1,3584,1696068628.3080733
1,3600,1696068628.3244135
1,3616,1696068628.3425133
1,3632,1696068628.3706868
1,3648,1696068628.3920364
1,3664,1696068628.4130232
1,3680,1696068628.4368687
1,3696,1696068628.4556842
1,3712,1696068628.4731948
1,3728,1696068628.4911234
1,3744,1696068628.5098782
1,3760,1696068628.526973
1,3776,1696068628.5443413
1,3792,1696068628.5626352
1,3808,1696068628.581619
1,3824,1696068628.5988703
1,3840,1696068628.6224606
1,3856,1696068628.6445155
1,3872,1696068628.6651242
1,3888,1696068628.6843097
1,3904,1696068628.7092829
1,3920,1696068628.727584
1,3936,1696068628.7534509
1,3952,1696068628.7710624
1,3968,1696068628.796993
1,3984,1696068628.816225
1,4000,1696068628.8371072
1,4016,1696068628.8565502
1,4032,1696068628.8811095
1,4048,1696068628.9002244
1,4064,1696068628.9212642
1,4080,1696068628.9403107
1,4096,1696068628.965467
1,4112,1696068628.983891
1,4128,1696068629.0049145
1,4144,1696068629.025038
1,4160,1696068629.045162
1,4176,1696068629.0648308
1,4192,1696068629.0881197
1,4208,1696068629.1103995
1,4224,1696068629.1302843
1,4240,1696068629.150358
1,4256,1696068629.1700315
1,4272,1696068629.1902308
1,4288,1696068629.210707
1,4304,1696068629.2301335
1,4320,1696068629.2503762
1,4336,1696068629.270447
1,4352,1696068629.2901247
1,4368,1696068629.3130543
1,4384,1696068629.333384
1,4400,1696068629.3571103
1,4416,1696068629.3767686
1,4432,1696068629.3967755
1,4448,1696068629.4155807
1,4464,1696068629.4349408
1,4480,1696068629.4517846
1,4496,1696068629.4719284
1,4512,1696068629.4981863
1,4528,1696068629.5143085
1,4544,1696068629.5364091
1,4560,1696068629.5575142
1,4576,1696068629.5785067
1,4592,1696068629.5980785
1,4608,1696068629.6185546
1,4624,1696068629.6396265
1,4640,1696068629.6586637
1,4656,1696068629.6767156
1,4672,1696068629.6970015
1,4688,1696068629.7211087
1,4704,1696068629.7410986
1,4720,1696068629.763115
1,4736,1696068629.781506
1,4752,1696068629.7982464
1,4768,1696068629.815361
1,4784,1696068629.838078
1,4800,1696068629.860423
1,4816,1696068629.882265
1,4832,1696068629.9026132
1,4848,1696068629.9242601
1,4864,1696068629.9434593
1,4880,1696068629.9668977
1,4896,1696068629.9868367
1,4912,1696068630.0058677
1,4928,1696068630.026169
1,4944,1696068630.046591
1,4960,1696068630.0660038
1,4976,1696068630.086554
1,4992,1696068630.1060715
1,5008,1696068630.126525
1,5024,1696068630.1466656
1,5040,1696068630.1626945
1,5056,1696068630.1801322
1,5072,1696068630.1983633
1,5088,1696068630.2154043
1,5104,1696068630.2320611
1,5120,1696068630.2475884
1,5136,1696068630.2678494
1,5152,1696068630.2866433
1,5168,1696068630.3034697
1,5184,1696068630.3199294
1,5200,1696068630.3357093
1,5216,1696068630.352501
1,5232,1696068630.37037
1,5248,1696068630.3904047
1,5264,1696068630.4104745
1,5280,1696068630.4281435
1,5296,1696068630.4445214
1,5312,1696068630.4604046
1,5328,1696068630.478356
1,5344,1696068630.4970517
1,5360,1696068630.5146852
1,5376,1696068630.5335908
1,5392,1696068630.5509882
1,5408,1696068630.5696015
1,5424,1696068630.5870302
1,5440,1696068630.6053898
1,5456,1696068630.6228282
1,5472,1696068630.6394005
1,5488,1696068630.6586604
1,5504,1696068630.679998
1,5520,1696068630.69859
1,5536,1696068630.7172022
1,5552,1696068630.7344658
1,5568,1696068630.7560117
1,5584,1696068630.7757723
1,5600,1696068630.7961252
1,5616,1696068630.818484
1,5632,1696068630.840216
1,5648,1696068630.8602955
1,5664,1696068630.8825366
1,5680,1696068630.9080255
1,5696,1696068630.9336007
1,5712,1696068630.9551659
1,5728,1696068630.9743373
1,5744,1696068630.9924848
1,5760,1696068631.0090458
1,5776,1696068631.0269046
1,5792,1696068631.0437768
1,5808,1696068631.062106
1,5824,1696068631.0805779
1,5840,1696068631.0995357
1,5856,1696068631.1190479
1,5872,1696068631.136737
1,5888,1696068631.155252
1,5904,1696068631.1751301
1,5920,1696068631.1950822
1,5936,1696068631.2154233
1,5952,1696068631.235116
1,5968,1696068631.255066
1,5984,1696068631.2748873
1,6000,1696068631.2956364
1,6016,1696068631.3154278
1,6032,1696068631.3361251
1,6048,1696068631.3552709
1,6064,1696068631.376033
1,6080,1696068631.3954232
1,6096,1696068631.4157221
1,6112,1696068631.4351618
1,6128,1696068631.4551268
1,6144,1696068631.475806
1,6160,1696068631.494914
1,6176,1696068631.5158122
1,6192,1696068631.5350597
1,6208,1696068631.5550554
1,6224,1696068631.575464
1,6240,1696068631.5936441
1,6256,1696068631.6114788
1,6272,1696068631.631166
1,6288,1696068631.6520052
1,6304,1696068631.670972
1,6320,1696068631.6905303
1,6336,1696068631.7117486
1,6352,1696068631.7283525
1,6368,1696068631.7483096
1,6384,1696068631.7671573
1,6400,1696068631.7918358
1,6416,1696068631.8144414
1,6432,1696068631.8357892
1,6448,1696068631.859268
1,6464,1696068631.8801541
1,6480,1696068631.9009812
1,6496,1696068631.9270935
1,6512,1696068631.9499447
1,6528,1696068631.9685526
1,6544,1696068631.9859476
1,6560,1696068632.0064197
1,6576,1696068632.028276
1,6592,1696068632.047923
1,6608,1696068632.0667849
1,6624,1696068632.0875854
1,6640,1696068632.1070137
1,6656,1696068632.1273825
1,6672,1696068632.1470144
1,6688,1696068632.1668868
1,6704,1696068632.1873908
1,6720,1696068632.2072308
1,6736,1696068632.2277815
1,6752,1696068632.2471313
1,6768,1696068632.2654784
1,6784,1696068632.285964
1,6800,1696068632.3041728
1,6816,1696068632.323291
1,6832,1696068632.3429613
1,6848,1696068632.363571
1,6864,1696068632.3852286
1,6880,1696068632.4022658
1,6896,1696068632.417482
1,6912,1696068632.4360607
1,6928,1696068632.4545305
1,6944,1696068632.4721823
1,6960,1696068632.4916656
1,6976,1696068632.5108578
1,6992,1696068632.5311909
1,7008,1696068632.5507536
1,7024,1696068632.5753512
1,7040,1696068632.5981932
1,7056,1696068632.6181257
1,7072,1696068632.6392505
1,7088,1696068632.6565201
1,7104,1696068632.6762786
1,7120,1696068632.703232
1,7136,1696068632.7244182
1,7152,1696068632.743855
1,7168,1696068632.762655
1,7184,1696068632.7838085
1,7200,1696068632.804846
1,7216,1696068632.8271663
1,7232,1696068632.8465993
1,7248,1696068632.8644197
1,7264,1696068632.8839564
1,7280,1696068632.9037943
1,7296,1696068632.9236953
1,7312,1696068632.9441965
1,7328,1696068632.963073
1,7344,1696068632.983733
1,7360,1696068633.0032432
1,7376,1696068633.0231833
1,7392,1696068633.043979
1,7408,1696068633.0703716
1,7424,1696068633.0953825
1,7440,1696068633.12063
1,7456,1696068633.1420882
1,7472,1696068633.1625688
1,7488,1696068633.1809382
1,7504,1696068633.2068925
1,7520,1696068633.223015
1,7536,1696068633.2451127
1,7552,1696068633.2651343
1,7568,1696068633.2896757
1,7584,1696068633.3095193
1,7600,1696068633.3360245
1,7616,1696068633.3549104
1,7632,1696068633.37252
1,7648,1696068633.3974733
1,7664,1696068633.4183264
1,7680,1696068633.4388707
1,7696,1696068633.4596865
1,7712,1696068633.4856422
1,7728,1696068633.508879
1,7744,1696068633.5273316
1,7760,1696068633.550487
1,7776,1696068633.5699673
1,7792,1696068633.5921698
1,7808,1696068633.6128345
1,7824,1696068633.6313345
1,7840,1696068633.650966
1,7856,1696068633.671442
1,7872,1696068633.6907406
1,7888,1696068633.7110784
1,7904,1696068633.7309952
1,7920,1696068633.751717
1,7936,1696068633.7717283
1,7952,1696068633.795025
1,7968,1696068633.8182235
1,7984,1696068633.839128
1,8000,1696068633.8580089
1,8016,1696068633.8798084
1,8032,1696068633.9049644
1,8048,1696068633.9251986
1,8064,1696068633.9474235
1,8080,1696068633.9702182
1,8096,1696068633.9866657
1,8112,1696068634.0069008
1,8128,1696068634.0313337
1,8144,1696068634.0536268
1,8160,1696068634.0745463
1,8176,1696068634.0990982
1,8192,1696068634.12467
1,8208,1696068634.1463604
1,8224,1696068634.1667027
1,8240,1696068634.194871
1,8256,1696068634.214683
1,8272,1696068634.2328396
1,8288,1696068634.2547295
1,8304,1696068634.2718747
1,8320,1696068634.293862
1,8336,1696068634.3153036
1,8352,1696068634.3359692
1,8368,1696068634.3616505
1,8384,1696068634.3823583
1,8400,1696068634.4048128
1,8416,1696068634.4271667
1,8432,1696068634.447262
1,8448,1696068634.4705582
1,8464,1696068634.4918392
1,8480,1696068634.5177906
1,8496,1696068634.5392182
1,8512,1696068634.5611932
1,8528,1696068634.582739
1,8544,1696068634.6031651
1,8560,1696068634.6247256
1,8576,1696068634.64951
1,8592,1696068634.6664002
1,8608,1696068634.6897652
1,8624,1696068634.714219
1,8640,1696068634.7369792
1,8656,1696068634.75925
1,8672,1696068634.7809002
1,8688,1696068634.8026245
1,8704,1696068634.8235629
1,8720,1696068634.8425024
1,8736,1696068634.8612633
1,8752,1696068634.8800957
1,8768,1696068634.900088
1,8784,1696068634.9191804
1,8800,1696068634.93901
1,8816,1696068634.9597354
1,8832,1696068634.9788742
1,8848,1696068634.9993632
1,8864,1696068635.0189037
1,8880,1696068635.0367377
1,8896,1696068635.0555005
1,8912,1696068635.0752327
1,8928,1696068635.0958962
1,8944,1696068635.1152375
1,8960,1696068635.1351717
1,8976,1696068635.1522808
1,8992,1696068635.1709995
1,9008,1696068635.1894307
1,9024,1696068635.2072523
1,9040,1696068635.2347965
1,9056,1696068635.2669666
1,9072,1696068635.282719
1,9088,1696068635.308191
1,9104,1696068635.3319278
1,9120,1696068635.3513532
1,9136,1696068635.3765783
1,9152,1696068635.3988395
1,9168,1696068635.425168
1,9184,1696068635.4453056
1,9200,1696068635.4740677
1,9216,1696068635.5023398
1,9232,1696068635.51835
1,9248,1696068635.5363746
1,9264,1696068635.5611365
1,9280,1696068635.5813286
1,9296,1696068635.6096563
1,9312,1696068635.6369493
1,9328,1696068635.653005
1,9344,1696068635.6746318
1,9360,1696068635.6938658
1,9376,1696068635.71173
1,9392,1696068635.7360864
1,9408,1696068635.757594
1,9424,1696068635.780562
1,9440,1696068635.8014808
1,9456,1696068635.8220422
1,9472,1696068635.8493767
1,9488,1696068635.8675203
1,9504,1696068635.8891215
1,9520,1696068635.9110987
1,9536,1696068635.9330344
1,9552,1696068635.9521728
1,9568,1696068635.97662
1,9584,1696068635.9974532
1,9600,1696068636.0226614
1,9616,1696068636.0488324
1,9632,1696068636.0783844
1,9648,1696068636.0953844
1,9664,1696068636.1133213
1,9680,1696068636.1386755
1,9696,1696068636.1561751
1,9712,1696068636.1845207
1,9728,1696068636.210091
1,9744,1696068636.2292056
1,9760,1696068636.2548697
1,9776,1696068636.2788508
1,9792,1696068636.3016527
1,9808,1696068636.3290331
1,9824,1696068636.3491695
1,9840,1696068636.375773
1,9856,1696068636.3916886
1,9872,1696068636.4118292
1,9888,1696068636.4367173
1,9904,1696068636.465177
1,9920,1696068636.4854603
1,9936,1696068636.5023935
1,9952,1696068636.5186853
1,9968,1696068636.5425773
1,9984,1696068636.563765
1,10000,1696068636.5866222
1,10016,1696068636.6069252
1,10032,1696068636.6279745
1,10048,1696068636.650365
1,10064,1696068636.6714764
1,10080,1696068636.6965113
1,10096,1696068636.7186522
1,10112,1696068636.7385328
1,10128,1696068636.7558415
1,10144,1696068636.778602
1,10160,1696068636.7952852
1,10176,1696068636.8139668
1,10192,1696068636.8347356
1,10208,1696068636.8519533
1,10224,1696068636.8713899
1,10240,1696068636.8910456
1,10256,1696068636.9099717
1,10272,1696068636.9302473
1,10288,1696068636.950776
1,10304,1696068636.9705734
1,10320,1696068636.9948688
1,10336,1696068637.0141015
1,10352,1696068637.033575
1,10368,1696068637.050054
1,10384,1696068637.0662088
1,10400,1696068637.0896096
1,10416,1696068637.1095595
1,10432,1696068637.1306353
1,10448,1696068637.1507847
1,10464,1696068637.1725824
1,10480,1696068637.194525
1,10496,1696068637.214439
1,10512,1696068637.2345946
1,10528,1696068637.2514746
1,10544,1696068637.2729967
1,10560,1696068637.2907443
1,10576,1696068637.310309
1,10592,1696068637.3305101
1,10608,1696068637.3511536
1,10624,1696068637.3703437
1,10640,1696068637.3904574
1,10656,1696068637.4082036
1,10672,1696068637.4252477
1,10688,1696068637.4428713
1,10704,1696068637.461471
1,10720,1696068637.4775562
1,10736,1696068637.5019116
1,10752,1696068637.518443
1,10768,1696068637.5385542
1,10784,1696068637.553903
1,10800,1696068637.57684
1,10816,1696068637.5975418
1,10832,1696068637.6188962
1,10848,1696068637.6439543
1,10864,1696068637.6635652
1,10880,1696068637.6864486
1,10896,1696068637.7058203
1,10912,1696068637.733193
1,10928,1696068637.7535772
1,10944,1696068637.7706604
1,10960,1696068637.7868636
1,10976,1696068637.8069177
1,10992,1696068637.8269649
1,11008,1696068637.846202
1,11024,1696068637.8636892
1,11040,1696068637.8842237
1,11056,1696068637.9033258
1,11072,1696068637.9240217
1,11088,1696068637.9429164
1,11104,1696068637.9604056
1,11120,1696068637.9806197
1,11136,1696068637.999631
1,11152,1696068638.022184
1,11168,1696068638.0427306
1,11184,1696068638.0610654
1,11200,1696068638.0791998
1,11216,1696068638.099361
1,11232,1696068638.1219084
1,11248,1696068638.1399605
1,11264,1696068638.1596096
1,11280,1696068638.1790009
1,11296,1696068638.1985621
1,11312,1696068638.220373
1,11328,1696068638.2391713
1,11344,1696068638.2592018
1,11360,1696068638.279869
1,11376,1696068638.3004105
1,11392,1696068638.3197424
1,11408,1696068638.3428788
1,11424,1696068638.3632421
1,11440,1696068638.3827448
1,11456,1696068638.4044821
1,11472,1696068638.4245489
1,11488,1696068638.4427226
1,11504,1696068638.465887
1,11520,1696068638.4883983
1,11536,1696068638.513137
1,11552,1696068638.5421472
1,11568,1696068638.5620482
1,11584,1696068638.5820484
1,11600,1696068638.600737
1,11616,1696068638.6181934
1,11632,1696068638.6424212
1,11648,1696068638.664049
1,11664,1696068638.6857367
1,11680,1696068638.701959
1,11696,1696068638.725723
1,11712,1696068638.7430143
1,11728,1696068638.761892
1,11744,1696068638.7785418
1,11760,1696068638.8052542
1,11776,1696068638.8286731
1,11792,1696068638.854752
1,11808,1696068638.8834221
1,11824,1696068638.8981063
1,11840,1696068638.9208767
1,11856,1696068638.9412363
1,11872,1696068638.9640415
1,11888,1696068638.987425
1,11904,1696068639.0066016
1,11920,1696068639.0307949
1,11936,1696068639.0559847
1,11952,1696068639.0750248
1,11968,1696068639.0970323
1,11984,1696068639.1166523
1,12000,1696068639.1362453
1,12016,1696068639.1611516
1,12032,1696068639.1896663
1,12048,1696068639.2047188
1,12064,1696068639.2243629
1,12080,1696068639.24871
1,12096,1696068639.2716875
1,12112,1696068639.3008356
1,12128,1696068639.3209393
1,12144,1696068639.3409462
1,12160,1696068639.3654041
1,12176,1696068639.385229
1,12192,1696068639.4038744
1,12208,1696068639.4257019
1,12224,1696068639.4432502
1,12240,1696068639.4678705
1,12256,1696068639.490982
1,12272,1696068639.5111556
1,12288,1696068639.5352988
1,12304,1696068639.554921
1,12320,1696068639.5780818
1,12336,1696068639.6058311
1,12352,1696068639.627873
1,12368,1696068639.646546
1,12384,1696068639.6655571
1,12400,1696068639.6898334
1,12416,1696068639.7096317
1,12432,1696068639.728581
1,12448,1696068639.7501884
1,12464,1696068639.770902
1,12480,1696068639.7878501
1,12496,1696068639.8054943
1,12512,1696068639.8230598
1,12528,1696068639.8432562
1,12544,1696068639.863666
1,12560,1696068639.882696
1,12576,1696068639.9012606
1,12592,1696068639.9237368
1,12608,1696068639.943536
1,12624,1696068639.9633908
1,12640,1696068639.9857728
1,12656,1696068640.0055065
1,12672,1696068640.0231335
1,12688,1696068640.043141
1,12704,1696068640.0592473
1,12720,1696068640.0786214
1,12736,1696068640.0981936
1,12752,1696068640.1169813
1,12768,1696068640.1391037
1,12784,1696068640.1614223
1,12800,1696068640.1786911
1,12816,1696068640.1953142
1,12832,1696068640.21517
1,12848,1696068640.2358408
1,12864,1696068640.255502
1,12880,1696068640.275365
1,12896,1696068640.3005147
1,12912,1696068640.317781
1,12928,1696068640.3380516
1,12944,1696068640.357965
1,12960,1696068640.3767776
1,12976,1696068640.3988638
1,12992,1696068640.4165905
1,13008,1696068640.4348712
1,13024,1696068640.4520268
1,13040,1696068640.4713924
1,13056,1696068640.4878948
1,13072,1696068640.5055335
1,13088,1696068640.525594
1,13104,1696068640.5451477
1,13120,1696068640.567366
1,13136,1696068640.5910935
1,13152,1696068640.607876
1,13168,1696068640.6269255
1,13184,1696068640.643174
1,13200,1696068640.664823
1,13216,1696068640.680187
1,13232,1696068640.6994724
1,13248,1696068640.7175276
1,13264,1696068640.739167
1,13280,1696068640.761621
1,13296,1696068640.7830331
1,13312,1696068640.8036258
1,13328,1696068640.8225827
1,13344,1696068640.8397543
1,13360,1696068640.8593552
1,13376,1696068640.8792982
1,13392,1696068640.8987591
1,13408,1696068640.9167497
1,13424,1696068640.936393
1,13440,1696068640.956019
1,13456,1696068640.9750786
1,13472,1696068640.991919
1,13488,1696068641.011475
1,13504,1696068641.0310247
1,13520,1696068641.0515735
1,13536,1696068641.0672736
1,13552,1696068641.0894134
1,13568,1696068641.1073217
1,13584,1696068641.126868
1,13600,1696068641.1447809
1,13616,1696068641.163106
1,13632,1696068641.1800644
1,13648,1696068641.1995742
1,13664,1696068641.2199826
1,13680,1696068641.239517
1,13696,1696068641.2574968
1,13712,1696068641.2794585
1,13728,1696068641.2980492
1,13744,1696068641.3186123
1,13760,1696068641.3364093
1,13776,1696068641.356393
1,13792,1696068641.3748748
1,13808,1696068641.3959339
1,13824,1696068641.4173944
1,13840,1696068641.4420297
1,13856,1696068641.4598343
1,13872,1696068641.480251
1,13888,1696068641.4963772
1,13904,1696068641.5154338
1,13920,1696068641.5319717
1,13936,1696068641.5510345
1,13952,1696068641.5719287
1,13968,1696068641.5905414
1,13984,1696068641.6081028
1,14000,1696068641.6368012
1,14016,1696068641.6587923
1,14032,1696068641.6786888
1,14048,1696068641.6954715
1,14064,1696068641.713087
1,14080,1696068641.734181
1,14096,1696068641.7541666
1,14112,1696068641.7710881
1,14128,1696068641.7885273
1,14144,1696068641.8097959
1,14160,1696068641.827202
1,14176,1696068641.8416235
1,14192,1696068641.8600602
1,14208,1696068641.876387
1,14224,1696068641.8951337
1,14240,1696068641.9132943
1,14256,1696068641.9329762
1,14272,1696068641.9480824
1,14288,1696068641.9641662
1,14304,1696068641.9807842
1,14320,1696068641.9946113
1,14336,1696068642.0183084
1,14352,1696068642.037509
1,14368,1696068642.053341
1,14384,1696068642.0828657
1,14400,1696068642.1088228
1,14416,1696068642.1317604
1,14432,1696068642.1512132
1,14448,1696068642.1777365
1,14464,1696068642.1987379
1,14480,1696068642.218862
1,14496,1696068642.238509
1,14512,1696068642.2600672
1,14528,1696068642.2822945
1,14544,1696068642.304667
1,14560,1696068642.3229983
1,14576,1696068642.3412583
1,14592,1696068642.363639
1,14608,1696068642.3916533
1,14624,1696068642.4124057
1,14640,1696068642.4353628
1,14656,1696068642.4540062
1,14672,1696068642.4743476
1,14688,1696068642.4919252
1,14704,1696068642.5107086
1,14720,1696068642.5264847
1,14736,1696068642.5475056
1,14752,1696068642.5669703
1,14768,1696068642.593163
1,14784,1696068642.6171215
1,14800,1696068642.6376605
1,14816,1696068642.6611888
1,14832,1696068642.6825776
1,14848,1696068642.7007327
1,14864,1696068642.7194061
1,14880,1696068642.7397742
1,14896,1696068642.7597415
1,14912,1696068642.7770772
1,14928,1696068642.7990556
1,14944,1696068642.8227577
1,14960,1696068642.8443663
1,14976,1696068642.8659754
1,14992,1696068642.8866413
1,15008,1696068642.9064422
1,15024,1696068642.9272065
1,15040,1696068642.9513526
1,15056,1696068642.9773476
1,15072,1696068642.9994006
1,15088,1696068643.0205567
1,15104,1696068643.0444489
1,15120,1696068643.0646431
1,15136,1696068643.086251
1,15152,1696068643.108901
1,15168,1696068643.133969
1,15184,1696068643.16433
1,15200,1696068643.181075
1,15216,1696068643.2008762
1,15232,1696068643.219699
1,15248,1696068643.2420576
1,15264,1696068643.2620487
1,15280,1696068643.2815669
1,15296,1696068643.299616
1,15312,1696068643.3211973
1,15328,1696068643.341604
1,15344,1696068643.3624322
1,15360,1696068643.380598
1,15376,1696068643.403934
1,15392,1696068643.429459
1,15408,1696068643.4567137
1,15424,1696068643.4732482
1,15440,1696068643.4943082
1,15456,1696068643.5134912
1,15472,1696068643.5373273
1,15488,1696068643.5562556
1,15504,1696068643.5776625
1,15520,1696068643.5977123
1,15536,1696068643.616998
1,15552,1696068643.6353981
1,15568,1696068643.656405
1,15584,1696068643.6779897
1,15600,1696068643.6976638
1,15616,1696068643.7171993
1,15632,1696068643.7409215
1,15648,1696068643.7608302
1,15664,1696068643.781491
1,15680,1696068643.7996924
1,15696,1696068643.824535
1,15712,1696068643.8527157
1,15728,1696068643.8694208
1,15744,1696068643.8907707
1,15760,1696068643.9138482
1,15776,1696068643.932638
1,15792,1696068643.9490743
1,15808,1696068643.9666944
1,15824,1696068643.9907022
1,15840,1696068644.0108519
1,15856,1696068644.039982
1,15872,1696068644.0649414
1,15888,1696068644.0843542
1,15904,1696068644.1071477
1,15920,1696068644.1285005
1,15936,1696068644.149945
1,15952,1696068644.1682525
1,15968,1696068644.193522
1,15984,1696068644.211714
1,16000,1696068644.229352
1,16016,1696068644.2470686
1,16032,1696068644.263568
1,16048,1696068644.2814686
1,16064,1696068644.3006392
1,16080,1696068644.3184114
1,16096,1696068644.3376882
1,16112,1696068644.3551998
1,16128,1696068644.3735075
1,16144,1696068644.391191
1,16160,1696068644.4106698
1,16176,1696068644.4288993
1,16192,1696068644.4508693
1,16208,1696068644.471809
1,16224,1696068644.4946158
1,16240,1696068644.5140784
1,16256,1696068644.5348773
1,16272,1696068644.5610166
1,16288,1696068644.5814073
1,16304,1696068644.6024625
1,16320,1696068644.622232
1,16336,1696068644.6437607
1,16352,1696068644.6665134
1,16368,1696068644.6813018
1,16384,1696068644.702284
1,16400,1696068644.7240126
1,16416,1696068644.7465394
1,16432,1696068644.7611732
1,16448,1696068644.7824323
1,16464,1696068644.80711
1,16480,1696068644.828429
1,16496,1696068644.850734
1,16512,1696068644.865067
1,16528,1696068644.8898714
1,16544,1696068644.9164803
1,16560,1696068644.9411466
1,16576,1696068644.9681716
1,16592,1696068644.9841573
1,16608,1696068645.004051
1,16624,1696068645.024877
1,16640,1696068645.0461
1,16656,1696068645.0679471
1,16672,1696068645.0877326
1,16688,1696068645.1133149
1,16704,1696068645.1335034
1,16720,1696068645.1569471
1,16736,1696068645.175804
1,16752,1696068645.1975136
1,16768,1696068645.2185047
1,16784,1696068645.2388716
1,16800,1696068645.2613637
1,16816,1696068645.2815883
1,16832,1696068645.3073633
1,16848,1696068645.3276114
1,16864,1696068645.3478947
1,16880,1696068645.3672533
1,16896,1696068645.3872736
1,16912,1696068645.407806
1,16928,1696068645.4269097
1,16944,1696068645.4473894
1,16960,1696068645.466877
1,16976,1696068645.4878178
1,16992,1696068645.5067225
1,17008,1696068645.527826
1,17024,1696068645.5475447
1,17040,1696068645.5684023
1,17056,1696068645.5875537
1,17072,1696068645.6069849
1,17088,1696068645.6249986
1,17104,1696068645.6430497
1,17120,1696068645.6638753
1,17136,1696068645.6830466
1,17152,1696068645.7034655
1,17168,1696068645.7236054
1,17184,1696068645.7430894
1,17200,1696068645.7629576
1,17216,1696068645.7879832
1,17232,1696068645.8094764
1,17248,1696068645.8310566
1,17264,1696068645.8544354
1,17280,1696068645.8705463
1,17296,1696068645.8933375
1,17312,1696068645.911896
1,17328,1696068645.9300117
1,17344,1696068645.9488912
1,17360,1696068645.9717586
1,17376,1696068645.994279
1,17392,1696068646.0120077
1,17408,1696068646.0335402
1,17424,1696068646.0506215
1,17440,1696068646.0708477
1,17456,1696068646.0910823
1,17472,1696068646.1086493
1,17488,1696068646.1296413
1,17504,1696068646.147804
1,17520,1696068646.1668184
1,17536,1696068646.186892
1,17552,1696068646.2068584
1,17568,1696068646.2282517
1,17584,1696068646.2461455
1,17600,1696068646.264148
1,17616,1696068646.283363
1,17632,1696068646.3051498
1,17648,1696068646.3237345
1,17664,1696068646.3420987
1,17680,1696068646.3600552
1,17696,1696068646.3811197
1,17712,1696068646.4046943
1,17728,1696068646.4257376
1,17744,1696068646.4421449
1,17760,1696068646.4609835
1,17776,1696068646.4784136
1,17792,1696068646.50242
1,17808,1696068646.5290644
1,17824,1696068646.550678
1,17840,1696068646.5704
1,17856,1696068646.589681
1,17872,1696068646.6076345
1,17888,1696068646.628635
1,17904,1696068646.651068
1,17920,1696068646.6703227
1,17936,1696068646.688669
1,17952,1696068646.7066965
1,17968,1696068646.724391
1,17984,1696068646.7424684
1,18000,1696068646.7662535
1,18016,1696068646.7889726
1,18032,1696068646.8114445
1,18048,1696068646.8300295
1,18064,1696068646.8508916
1,18080,1696068646.8712165
1,18096,1696068646.8904092
1,18112,1696068646.9069118
1,18128,1696068646.9305544
1,18144,1696068646.9546793
1,18160,1696068646.9768722
1,18176,1696068646.9966545
1,18192,1696068647.0207849
1,18208,1696068647.0398402
1,18224,1696068647.0574896
1,18240,1696068647.0731237
1,18256,1696068647.0971746
1,18272,1696068647.119691
1,18288,1696068647.1402605
1,18304,1696068647.1634994
1,18320,1696068647.1840224
1,18336,1696068647.206423
1,18352,1696068647.226524
1,18368,1696068647.2532656
1,18384,1696068647.2697213
1,18400,1696068647.2873542
1,18416,1696068647.3069236
1,18432,1696068647.3276565
1,18448,1696068647.3615365
1,18464,1696068647.387382
1,18480,1696068647.4121902
1,18496,1696068647.4317517
1,18512,1696068647.450901
1,18528,1696068647.4709408
1,18544,1696068647.492287
1,18560,1696068647.5110705
1,18576,1696068647.5310397
1,18592,1696068647.549443
1,18608,1696068647.5672262
1,18624,1696068647.5875428
1,18640,1696068647.6068037
1,18656,1696068647.6264985
1,18672,1696068647.6474414
1,18688,1696068647.6677644
1,18704,1696068647.6875808
1,18720,1696068647.7071433
1,18736,1696068647.7272723
1,18752,1696068647.7468357
1,18768,1696068647.767616
1,18784,1696068647.7868805
1,18800,1696068647.8070867
1,18816,1696068647.8313382
1,18832,1696068647.8515575
1,18848,1696068647.8743703
1,18864,1696068647.8945246
1,18880,1696068647.9169838
1,18896,1696068647.9439495
1,18912,1696068647.966381
1,18928,1696068647.9868557
1,18944,1696068648.0024195
1,18960,1696068648.0256526
1,18976,1696068648.0524096
1,18992,1696068648.0744512
1,19008,1696068648.0901651
1,19024,1696068648.110397
1,19040,1696068648.1329155
1,19056,1696068648.15555
1,19072,1696068648.1759148
1,19088,1696068648.1994927
1,19104,1696068648.2195833
1,19120,1696068648.243307
1,19136,1696068648.265871
1,19152,1696068648.2827811
1,19168,1696068648.3055649
1,19184,1696068648.3220818
1,19200,1696068648.3400536
1,19216,1696068648.3614268
1,19232,1696068648.3803005
1,19248,1696068648.3993437
1,19264,1696068648.4194582
1,19280,1696068648.439054
1,19296,1696068648.4594562
1,19312,1696068648.4789796
1,19328,1696068648.4993346
1,19344,1696068648.5206234
1,19360,1696068648.544074
1,19376,1696068648.5638463
1,19392,1696068648.583381
1,19408,1696068648.603174
1,19424,1696068648.6237295
1,19440,1696068648.6428332
1,19456,1696068648.662998
1,19472,1696068648.6832047
1,19488,1696068648.7121303
1,19504,1696068648.7318025
1,19520,1696068648.753366
1,19536,1696068648.771617
1,19552,1696068648.789926
1,19568,1696068648.815221
1,19584,1696068648.8354356
1,19600,1696068648.855893
1,19616,1696068648.875279
1,19632,1696068648.8953803
1,19648,1696068648.9147353
1,19664,1696068648.9354706
1,19680,1696068648.9548786
1,19696,1696068648.9753597
1,19712,1696068648.9949865
1,19728,1696068649.015682
1,19744,1696068649.0354693
1,19760,1696068649.0542772
1,19776,1696068649.0720947
1,19792,1696068649.0892615
1,19808,1696068649.1086285
1,19824,1696068649.1296942
1,19840,1696068649.1483
1,19856,1696068649.1690352
1,19872,1696068649.1865427
1,19888,1696068649.2081718
1,19904,1696068649.2312315
1,19920,1696068649.2515635
1,19936,1696068649.2706895
1,19952,1696068649.2882912
1,19968,1696068649.306772
1,19984,1696068649.3273866
1,20000,1696068649.3472917
1,20016,1696068649.3674526
1,20032,1696068649.3871622
1,20048,1696068649.4079247
1,20064,1696068649.4272285
1,20080,1696068649.448318
1,20096,1696068649.4671338
1,20112,1696068649.4874706
1,20128,1696068649.5077374
1,20144,1696068649.5274742
1,20160,1696068649.5510905
1,20176,1696068649.572219
1,20192,1696068649.596577
1,20208,1696068649.6175985
1,20224,1696068649.638431
1,20240,1696068649.6633916
1,20256,1696068649.68473
1,20272,1696068649.7120748
1,20288,1696068649.734146
1,20304,1696068649.7547944
1,20320,1696068649.777386
1,20336,1696068649.7990482
1,20352,1696068649.8185236
1,20368,1696068649.8429823
1,20384,1696068649.8644512
1,20400,1696068649.8919866
1,20416,1696068649.9142773
1,20432,1696068649.9348207
1,20448,1696068649.955628
1,20464,1696068649.979528
1,20480,1696068650.0008101
1,20496,1696068650.0233529
1,20512,1696068650.0428576
1,20528,1696068650.0696392
1,20544,1696068650.0881793
1,20560,1696068650.115397
1,20576,1696068650.1368086
1,20592,1696068650.1638546
1,20608,1696068650.1840346
1,20624,1696068650.2047102
1,20640,1696068650.2260005
1,20656,1696068650.2470398
1,20672,1696068650.2681801
1,20688,1696068650.2912948
1,20704,1696068650.312315
1,20720,1696068650.3352401
1,20736,1696068650.3505745
1,20752,1696068650.3735807
1,20768,1696068650.4025156
1,20784,1696068650.4196634
1,20800,1696068650.4399238
1,20816,1696068650.4642997
1,20832,1696068650.4886138
1,20848,1696068650.511846
1,20864,1696068650.5351956
1,20880,1696068650.5578542
1,20896,1696068650.5811458
1,20912,1696068650.611957
1,20928,1696068650.6298695
1,20944,1696068650.6497948
1,20960,1696068650.6729114
1,20976,1696068650.6921508
1,20992,1696068650.7141023
1,21008,1696068650.7334793
1,21024,1696068650.7529633
1,21040,1696068650.772139
1,21056,1696068650.7936351
1,21072,1696068650.8126752
1,21088,1696068650.8319101
1,21104,1696068650.8535166
1,21120,1696068650.8741906
1,21136,1696068650.8938057
1,21152,1696068650.9172359
1,21168,1696068650.93672
1,21184,1696068650.9579446
1,21200,1696068650.978267
1,21216,1696068650.9985087
1,21232,1696068651.0183396
1,21248,1696068651.0414212
1,21264,1696068651.0613716
1,21280,1696068651.081287
1,21296,1696068651.104102
1,21312,1696068651.123241
1,21328,1696068651.1452653
1,21344,1696068651.1650574
1,21360,1696068651.186325
1,21376,1696068651.2092488
1,21392,1696068651.2298734
1,21408,1696068651.2488523
1,21424,1696068651.26765
1,21440,1696068651.2932491
1,21456,1696068651.313079
1,21472,1696068651.3327718
1,21488,1696068651.353061
1,21504,1696068651.373724
1,21520,1696068651.3934703
1,21536,1696068651.4131901
1,21552,1696068651.4372337
1,21568,1696068651.4561079
1,21584,1696068651.478133
1,21600,1696068651.4983196
1,21616,1696068651.5173242
1,21632,1696068651.5402274
1,21648,1696068651.5601997
1,21664,1696068651.5832531
1,21680,1696068651.604244
1,21696,1696068651.6271644
1,21712,1696068651.6424422
1,21728,1696068651.6652393
1,21744,1696068651.6868887
1,21760,1696068651.7083144
1,21776,1696068651.73112
1,21792,1696068651.7529807
1,21808,1696068651.7750695
1,21824,1696068651.7951488
1,21840,1696068651.8153641
1,21856,1696068651.8355343
1,21872,1696068651.8550336
1,21888,1696068651.8751802
1,21904,1696068651.895528
1,21920,1696068651.9158845
1,21936,1696068651.9360595
1,21952,1696068651.9547386
1,21968,1696068651.9706516
1,21984,1696068651.9971263
1,22000,1696068652.0170567
1,22016,1696068652.0423996
1,22032,1696068652.0588918
1,22048,1696068652.0789149
1,22064,1696068652.0987756
1,22080,1696068652.118877
1,22096,1696068652.1395946
1,22112,1696068652.1587958
1,22128,1696068652.1792874
1,22144,1696068652.1989663
1,22160,1696068652.217578
1,22176,1696068652.2453725
1,22192,1696068652.2653766
1,22208,1696068652.286739
1,22224,1696068652.3111904
1,22240,1696068652.3411076
1,22256,1696068652.372371
1,22272,1696068652.4034953
1,22288,1696068652.428267
1,22304,1696068652.4477975
1,22320,1696068652.4685025
1,22336,1696068652.496398
1,22352,1696068652.5175433
1,22368,1696068652.5398443
1,22384,1696068652.5573251
1,22400,1696068652.5790248
1,22416,1696068652.6028533
1,22432,1696068652.624932
1,22448,1696068652.6471918
1,22464,1696068652.663068
1,22480,1696068652.685124
1,22496,1696068652.7107384
1,22512,1696068652.733088
1,22528,1696068652.7515063
1,22544,1696068652.7757661
1,22560,1696068652.795101
1,22576,1696068652.8145633
1,22592,1696068652.83227
1,22608,1696068652.852309
1,22624,1696068652.8704283
1,22640,1696068652.8899913
1,22656,1696068652.9070592
1,22672,1696068652.9290729
1,22688,1696068652.9510567
1,22704,1696068652.9658267
1,22720,1696068652.9892678
1,22736,1696068653.0093303
1,22752,1696068653.032314
1,22768,1696068653.0573952
1,22784,1696068653.0769093
1,22800,1696068653.0971267
1,22816,1696068653.1139743
1,22832,1696068653.1303942
1,22848,1696068653.1496058
1,22864,1696068653.1684222
1,22880,1696068653.1893268
1,22896,1696068653.2087781
1,22912,1696068653.2280982
1,22928,1696068653.2481756
1,22944,1696068653.2711065
1,22960,1696068653.2911468
1,22976,1696068653.3124304
1,22992,1696068653.333075
1,23008,1696068653.3548095
1,23024,1696068653.369989
1,23040,1696068653.3902404
1,23056,1696068653.413987
1,23072,1696068653.4348388
1,23088,1696068653.4544973
1,23104,1696068653.4749782
1,23120,1696068653.4967272
1,23136,1696068653.5187476
1,23152,1696068653.5380862
1,23168,1696068653.5697339
1,23184,1696068653.5920618
1,23200,1696068653.6125007
1,23216,1696068653.6357598
1,23232,1696068653.6581197
1,23248,1696068653.6840441
1,23264,1696068653.7083318
1,23280,1696068653.7293532
1,23296,1696068653.7543402
1,23312,1696068653.7732446
1,23328,1696068653.794039
1,23344,1696068653.822102
1,23360,1696068653.8434155
1,23376,1696068653.866732
1,23392,1696068653.890694
1,23408,1696068653.908749
1,23424,1696068653.9285223
1,23440,1696068653.9536827
1,23456,1696068653.9743116
1,23472,1696068653.9962668
1,23488,1696068654.0193815
1,23504,1696068654.0404997
1,23520,1696068654.061639
1,23536,1696068654.0828702
1,23552,1696068654.1074753
1,23568,1696068654.1268249
1,23584,1696068654.1492517
1,23600,1696068654.1730137
1,23616,1696068654.195339
1,23632,1696068654.2181008
1,23648,1696068654.2392442
1,23664,1696068654.2600424
1,23680,1696068654.28303
1,23696,1696068654.2988136
1,23712,1696068654.3213243
1,23728,1696068654.3433545
1,23744,1696068654.3638096
1,23760,1696068654.387551
1,23776,1696068654.4084127
1,23792,1696068654.4268274
1,23808,1696068654.4494755
1,23824,1696068654.4713643
1,23840,1696068654.4945314
1,23856,1696068654.510179
1,23872,1696068654.5297954
1,23888,1696068654.550082
1,23904,1696068654.5719948
1,23920,1696068654.5921676
1,23936,1696068654.613666
1,23952,1696068654.6385345
1,23968,1696068654.6622539
1,23984,1696068654.6853576
1,24000,1696068654.7052045
1,24016,1696068654.724032
1,24032,1696068654.7423167
1,24048,1696068654.7635055
1,24064,1696068654.7808094
1,24080,1696068654.804561
1,24096,1696068654.8270483
1,24112,1696068654.8467553
1,24128,1696068654.86789
1,24144,1696068654.8920348
1,24160,1696068654.9119525
1,24176,1696068654.943353
1,24192,1696068654.969821
1,24208,1696068654.989584
1,24224,1696068655.0053325
1,24240,1696068655.0261693
1,24256,1696068655.0483205
1,24272,1696068655.075388
1,24288,1696068655.096518
1,24304,1696068655.1143987
1,24320,1696068655.1411333
1,24336,1696068655.161826
1,24352,1696068655.1779528
1,24368,1696068655.1986568
1,24384,1696068655.2151935
1,24400,1696068655.239611
1,24416,1696068655.2623918
1,24432,1696068655.2836618
1,24448,1696068655.3064876
1,24464,1696068655.3295343
1,24480,1696068655.3582623
1,24496,1696068655.380386
1,24512,1696068655.4025464
1,24528,1696068655.4284093
1,24544,1696068655.4505892
1,24560,1696068655.470412
1,24576,1696068655.492352
1,24592,1696068655.511702
1,24608,1696068655.5311124
1,24624,1696068655.547374
1,24640,1696068655.5685427
1,24656,1696068655.5875614
1,24672,1696068655.6081674
1,24688,1696068655.6258955
1,24704,1696068655.6493082
1,24720,1696068655.6706314
1,24736,1696068655.6967597
1,24752,1696068655.7165308
1,24768,1696068655.7364209
1,24784,1696068655.7554548
1,24800,1696068655.7749457
1,24816,1696068655.799142
1,24832,1696068655.8213146
1,24848,1696068655.8433442
1,24864,1696068655.8654785
1,24880,1696068655.887196
1,24896,1696068655.9061778
1,24912,1696068655.9335084
1,24928,1696068655.9537678
1,24944,1696068655.973527
1,24960,1696068655.995154
1,24976,1696068656.0167568
1,24992,1696068656.0359404
1,25008,1696068656.0558605
1,25024,1696068656.0746584
1,25040,1696068656.0930223
1,25056,1696068656.1110702
1,25072,1696068656.1275687
1,25088,1696068656.1489244
1,25104,1696068656.169881
1,25120,1696068656.1892636
1,25136,1696068656.2070389
1,25152,1696068656.2294314
1,25168,1696068656.2514715
1,25184,1696068656.2716298
1,25200,1696068656.2932708
1,25216,1696068656.3147185
1,25232,1696068656.335827
1,25248,1696068656.3623562
1,25264,1696068656.3805647
1,25280,1696068656.4004333
1,25296,1696068656.4180918
1,25312,1696068656.436811
1,25328,1696068656.4558232
1,25344,1696068656.4766629
1,25360,1696068656.5068092
1,25376,1696068656.5246773
1,25392,1696068656.550804
1,25408,1696068656.574162
1,25424,1696068656.5942707
1,25440,1696068656.615875
1,25456,1696068656.6410124
1,25472,1696068656.663245
1,25488,1696068656.68249
1,25504,1696068656.7135067
1,25520,1696068656.7394686
1,25536,1696068656.7561734
1,25552,1696068656.7779386
1,25568,1696068656.8085315
1,25584,1696068656.828557
1,25600,1696068656.8527887
1,25616,1696068656.8732383
1,25632,1696068656.8952968
1,25648,1696068656.9166732
1,25664,1696068656.9367385
1,25680,1696068656.958123
1,25696,1696068656.9769092
1,25712,1696068656.9983914
1,25728,1696068657.0267124
1,25744,1696068657.0539885
1,25760,1696068657.0800333
1,25776,1696068657.109933
1,25792,1696068657.137011
1,25808,1696068657.159284
1,25824,1696068657.1772065
1,25840,1696068657.2076514
1,25856,1696068657.2310936
1,25872,1696068657.255179
1,25888,1696068657.2757955
1,25904,1696068657.301603
1,25920,1696068657.3215523
1,25936,1696068657.3462977
1,25952,1696068657.3624184
1,25968,1696068657.3858552
1,25984,1696068657.4086478
1,26000,1696068657.4330258
1,26016,1696068657.455253
1,26032,1696068657.4791996
1,26048,1696068657.502695
1,26064,1696068657.524594
1,26080,1696068657.5471468
1,26096,1696068657.5682428
1,26112,1696068657.5903904
1,26128,1696068657.6105585
1,26144,1696068657.6295238
1,26160,1696068657.6507711
1,26176,1696068657.6714165
1,26192,1696068657.6912494
1,26208,1696068657.710823
1,26224,1696068657.7351127
1,26240,1696068657.756639
1,26256,1696068657.777699
1,26272,1696068657.7986653
1,26288,1696068657.8169072
1,26304,1696068657.8358226
1,26320,1696068657.8527403
1,26336,1696068657.8706253
1,26352,1696068657.8907225
1,26368,1696068657.9117715
1,26384,1696068657.9416895
1,26400,1696068657.9611406
1,26416,1696068657.9834101
1,26432,1696068658.0131378
1,26448,1696068658.0343316
1,26464,1696068658.0543633
1,26480,1696068658.0763667
1,26496,1696068658.0983658
1,26512,1696068658.123001
1,26528,1696068658.1461747
1,26544,1696068658.1690521
1,26560,1696068658.1901944
1,26576,1696068658.2159564
1,26592,1696068658.235698
1,26608,1696068658.2574315
1,26624,1696068658.2813106
1,26640,1696068658.3075147
1,26656,1696068658.3275964
1,26672,1696068658.3461912
1,26688,1696068658.3704724
1,26704,1696068658.390615
1,26720,1696068658.4128718
1,26736,1696068658.4321713
1,26752,1696068658.45101
1,26768,1696068658.4708536
1,26784,1696068658.4908104
1,26800,1696068658.5098932
1,26816,1696068658.528208
1,26832,1696068658.547532
1,26848,1696068658.5670087
1,26864,1696068658.587432
1,26880,1696068658.6077983
1,26896,1696068658.627603
1,26912,1696068658.645949
1,26928,1696068658.6714838
1,26944,1696068658.693437
1,26960,1696068658.7150242
1,26976,1696068658.7377295
1,26992,1696068658.7596924
1,27008,1696068658.7773082
1,27024,1696068658.7982407
1,27040,1696068658.8162405
1,27056,1696068658.836722
1,27072,1696068658.8603725
1,27088,1696068658.881715
1,27104,1696068658.9032464
1,27120,1696068658.9254816
1,27136,1696068658.945605
1,27152,1696068658.9633882
1,27168,1696068658.9822876
1,27184,1696068659.000237
1,27200,1696068659.0174735
1,27216,1696068659.0375206
1,27232,1696068659.0558937
1,27248,1696068659.074504
1,27264,1696068659.09617
1,27280,1696068659.1190898
1,27296,1696068659.142907
1,27312,1696068659.1645744
1,27328,1696068659.1840515
1,27344,1696068659.2037144
1,27360,1696068659.2255943
1,27376,1696068659.2472725
1,27392,1696068659.2690184
1,27408,1696068659.2984095
1,27424,1696068659.3230405
1,27440,1696068659.3450408
1,27456,1696068659.3671458
1,27472,1696068659.386799
1,27488,1696068659.4115415
1,27504,1696068659.437284
1,27520,1696068659.4646468
1,27536,1696068659.480313
1,27552,1696068659.499598
1,27568,1696068659.5186582
1,27584,1696068659.5378675
1,27600,1696068659.557964
1,27616,1696068659.5775049
1,27632,1696068659.6001978
1,27648,1696068659.6201253
1,27664,1696068659.6464462
1,27680,1696068659.664938
1,27696,1696068659.6933932
1,27712,1696068659.7216206
1,27728,1696068659.7413268
1,27744,1696068659.7698376
1,27760,1696068659.789934
1,27776,1696068659.8181512
1,27792,1696068659.8367567
1,27808,1696068659.8552132
1,27824,1696068659.8777356
1,27840,1696068659.8975077
1,27856,1696068659.916409
1,27872,1696068659.9474719
1,27888,1696068659.9677463
1,27904,1696068659.9896414
1,27920,1696068660.0088692
1,27936,1696068660.0285447
1,27952,1696068660.0473235
1,27968,1696068660.0710025
1,27984,1696068660.0954084
1,28000,1696068660.1146493
1,28016,1696068660.1349275
1,28032,1696068660.1566505
1,28048,1696068660.1776423
1,28064,1696068660.1974251
1,28080,1696068660.2162066
1,28096,1696068660.2352479
1,28112,1696068660.254304
1,28128,1696068660.2734902
1,28144,1696068660.2922866
1,28160,1696068660.311298
1,28176,1696068660.3297987
1,28192,1696068660.3489485
1,28208,1696068660.3680847
1,28224,1696068660.3878777
1,28240,1696068660.4068012
1,28256,1696068660.4268067
1,28272,1696068660.4486792
1,28288,1696068660.4674728
1,28304,1696068660.4918027
1,28320,1696068660.5116792
1,28336,1696068660.5306828
1,28352,1696068660.5488217
1,28368,1696068660.5715232
1,28384,1696068660.599
1,28400,1696068660.614008
1,28416,1696068660.6374571
1,28432,1696068660.6677144
1,28448,1696068660.6986446
1,28464,1696068660.7213447
1,28480,1696068660.743324
1,28496,1696068660.7706585
1,28512,1696068660.7904687
1,28528,1696068660.8113751
1,28544,1696068660.8347955
1,28560,1696068660.8574557
1,28576,1696068660.8766906
1,28592,1696068660.8946457
1,28608,1696068660.9145484
1,28624,1696068660.9377053
1,28640,1696068660.9600766
1,28656,1696068660.9851124
1,28672,1696068661.0095756
1,28688,1696068661.0321066
1,28704,1696068661.056781
1,28720,1696068661.0791054
1,28736,1696068661.104895
1,28752,1696068661.133027
1,28768,1696068661.1483428
1,28784,1696068661.1699207
1,28800,1696068661.188302
1,28816,1696068661.2067258
1,28832,1696068661.227002
1,28848,1696068661.2490203
1,28864,1696068661.2699492
1,28880,1696068661.289448
1,28896,1696068661.308189
1,28912,1696068661.3268456
1,28928,1696068661.3473992
1,28944,1696068661.3699763
1,28960,1696068661.3906486
1,28976,1696068661.410607
1,28992,1696068661.4294116
1,29008,1696068661.4478357
1,29024,1696068661.4665928
1,29040,1696068661.4851956
1,29056,1696068661.5056667
1,29072,1696068661.5283315
1,29088,1696068661.5523489
1,29104,1696068661.575087
1,29120,1696068661.5994732
1,29136,1696068661.62695
1,29152,1696068661.6426454
1,29168,1696068661.6620996
1,29184,1696068661.6829174
1,29200,1696068661.702506
1,29216,1696068661.7271266
1,29232,1696068661.7458863
1,29248,1696068661.7654269
1,29264,1696068661.7882156
1,29280,1696068661.8134003
1,29296,1696068661.8339815
1,29312,1696068661.8618727
1,29328,1696068661.8831258
1,29344,1696068661.9108071
1,29360,1696068661.9370062
1,29376,1696068661.9594116
1,29392,1696068661.983509
1,29408,1696068662.0088758
1,29424,1696068662.0273097
1,29440,1696068662.0502298
1,29456,1696068662.0704632
1,29472,1696068662.0904837
1,29488,1696068662.1095574
1,29504,1696068662.128735
1,29520,1696068662.1477084
1,29536,1696068662.1657808
1,29552,1696068662.1846607
1,29568,1696068662.2037501
1,29584,1696068662.2226498
1,29600,1696068662.2410696
1,29616,1696068662.2615376
1,29632,1696068662.284032
1,29648,1696068662.3085132
1,29664,1696068662.3303444
1,29680,1696068662.3575053
1,29696,1696068662.3842676
1,29712,1696068662.3999405
1,29728,1696068662.4196062
1,29744,1696068662.4386225
1,29760,1696068662.4575355
1,29776,1696068662.476419
1,29792,1696068662.4953277
1,29808,1696068662.5135317
1,29824,1696068662.5315876
1,29840,1696068662.550632
1,29856,1696068662.5770216
1,29872,1696068662.599224
1,29888,1696068662.6256168
1,29904,1696068662.649471
1,29920,1696068662.6694627
1,29936,1696068662.6917346
1,29952,1696068662.7168274
1,29968,1696068662.7390134
1,29984,1696068662.7648368
1,30000,1696068662.786319
1,30016,1696068662.8132963
1,30032,1696068662.8404403
1,30048,1696068662.8621898
1,30064,1696068662.88426
1,30080,1696068662.9027874
1,30096,1696068662.9183936
1,30112,1696068662.9366229
1,30128,1696068662.954506
1,30144,1696068662.9768703
1,30160,1696068662.9964113
1,30176,1696068663.0147796
1,30192,1696068663.0319424
1,30208,1696068663.0548372
1,30224,1696068663.07502
1,30240,1696068663.0986564
1,30256,1696068663.1141198
1,30272,1696068663.1335557
1,30288,1696068663.1530929
1,30304,1696068663.1712828
1,30320,1696068663.1896718
1,30336,1696068663.2093766
1,30352,1696068663.2276583
1,30368,1696068663.2439923
1,30384,1696068663.260567
1,30400,1696068663.276858
1,30416,1696068663.2987385
1,30432,1696068663.31807
1,30448,1696068663.338008
1,30464,1696068663.3580685
1,30480,1696068663.3782442
1,30496,1696068663.398306
1,30512,1696068663.4182904
1,30528,1696068663.4381812
1,30544,1696068663.4582334
1,30560,1696068663.478425
1,30576,1696068663.4981148
1,30592,1696068663.5182123
1,30608,1696068663.5362248
1,30624,1696068663.5549028
1,30640,1696068663.5760753
1,30656,1696068663.5954869
1,30672,1696068663.615366
1,30688,1696068663.6357691
1,30704,1696068663.6562061
1,30720,1696068663.6750743
1,30736,1696068663.6950474
1,30752,1696068663.714741
1,30768,1696068663.73925
1,30784,1696068663.75894
1,30800,1696068663.780211
1,30816,1696068663.8009596
1,30832,1696068663.822874
1,30848,1696068663.8422332
1,30864,1696068663.86199
1,30880,1696068663.8826673
1,30896,1696068663.902171
1,30912,1696068663.9256034
1,30928,1696068663.9492505
1,30944,1696068663.9712648
1,30960,1696068663.9917688
1,30976,1696068664.0183659
1,30992,1696068664.048631
1,31008,1696068664.0621684
1,31024,1696068664.0847676
1,31040,1696068664.1063669
1,31056,1696068664.1263359
1,31072,1696068664.1466072
1,31088,1696068664.1662674
1,31104,1696068664.1865578
1,31120,1696068664.2061143
1,31136,1696068664.2266107
1,31152,1696068664.2460606
1,31168,1696068664.266408
1,31184,1696068664.2863097
1,31200,1696068664.3057265
1,31216,1696068664.3248684
1,31232,1696068664.344462
1,31248,1696068664.369427
1,31264,1696068664.3893645
1,31280,1696068664.4125752
1,31296,1696068664.4341767
1,31312,1696068664.4545155
1,31328,1696068664.4741864
1,31344,1696068664.494312
1,31360,1696068664.5141413
1,31376,1696068664.534531
1,31392,1696068664.5543797
1,31408,1696068664.5742297
1,31424,1696068664.5946424
1,31440,1696068664.614518
1,31456,1696068664.6338527
1,31472,1696068664.654727
1,31488,1696068664.6744146
1,31504,1696068664.694168
1,31520,1696068664.7140956
1,31536,1696068664.734456
1,31552,1696068664.7542365
1,31568,1696068664.7746274
1,31584,1696068664.7942576
1,31600,1696068664.8143492
1,31616,1696068664.8345058
1,31632,1696068664.854432
1,31648,1696068664.8741298
1,31664,1696068664.89411
1,31680,1696068664.9143183
1,31696,1696068664.934568
1,31712,1696068664.9541469
1,31728,1696068664.9742467
1,31744,1696068664.9945126
1,31760,1696068665.0140498
1,31776,1696068665.0345104
1,31792,1696068665.05416
1,31808,1696068665.0740845
1,31824,1696068665.0949905
1,31840,1696068665.1140919
1,31856,1696068665.1345491
1,31872,1696068665.1543856
1,31888,1696068665.1742258
1,31904,1696068665.1943707
1,31920,1696068665.2140543
1,31936,1696068665.2346013
1,31952,1696068665.2544873
1,31968,1696068665.2744277
1,31984,1696068665.2942142
1,32000,1696068665.3146074
1,32016,1696068665.3324988
1,32032,1696068665.3508742
1,32048,1696068665.3711276
1,32064,1696068665.3951104
1,32080,1696068665.4195206
1,32096,1696068665.4389899
1,32112,1696068665.455848
1,32128,1696068665.4722269
1,32144,1696068665.487215
1,32160,1696068665.5079885
1,32176,1696068665.5370946
1,32192,1696068665.5559568
1,32208,1696068665.5769458
1,32224,1696068665.5974052
1,32240,1696068665.6213112
1,32256,1696068665.6403153
1,32272,1696068665.6614242
1,32288,1696068665.6803277
1,32304,1696068665.7024422
1,32320,1696068665.722144
1,32336,1696068665.7400367
1,32352,1696068665.7561662
1,32368,1696068665.7727628
1,32384,1696068665.793987
1,32400,1696068665.8211935
1,32416,1696068665.8400698
1,32432,1696068665.8580549
1,32448,1696068665.877263
1,32464,1696068665.8991778
1,32480,1696068665.9210267
1,32496,1696068665.9451747
1,32512,1696068665.9656737
1,32528,1696068665.9937212
1,32544,1696068666.0207996
1,32560,1696068666.037005
1,32576,1696068666.0579102
1,32592,1696068666.0774014
1,32608,1696068666.0974133
1,32624,1696068666.1171615
1,32640,1696068666.137889
1,32656,1696068666.1574237
1,32672,1696068666.1761217
1,32688,1696068666.1950908
1,32704,1696068666.2143176
1,32720,1696068666.23313
1,32736,1696068666.2526577
1,32752,1696068666.2765195
1,32768,1696068666.296987
1,32784,1696068666.3171756
1,32800,1696068666.337064
1,32816,1696068666.3572066
1,32832,1696068666.3781338
1,32848,1696068666.3978667
1,32864,1696068666.4177177
1,32880,1696068666.4375184
1,32896,1696068666.4578626
1,32912,1696068666.4775052
1,32928,1696068666.4976552
1,32944,1696068666.5175595
1,32960,1696068666.5371356
1,32976,1696068666.5569375
1,32992,1696068666.5770514
1,33008,1696068666.5974958
1,33024,1696068666.617294
1,33040,1696068666.6382194
1,33056,1696068666.6573424
1,33072,1696068666.680426
1,33088,1696068666.7026644
1,33104,1696068666.7220545
1,33120,1696068666.7425036
1,33136,1696068666.7620854
1,33152,1696068666.7824605
1,33168,1696068666.8021157
1,33184,1696068666.8225443
1,33200,1696068666.8419416
1,33216,1696068666.8622606
1,33232,1696068666.8824878
1,33248,1696068666.9020038
1,33264,1696068666.9226437
1,33280,1696068666.944062
1,33296,1696068666.963175
1,33312,1696068666.9837708
1,33328,1696068667.0049865
1,33344,1696068667.025474
1,33360,1696068667.0452473
1,33376,1696068667.0649223
1,33392,1696068667.0850573
1,33408,1696068667.1043942
1,33424,1696068667.1293018
1,33440,1696068667.1468132
1,33456,1696068667.1654155
1,33472,1696068667.186856
1,33488,1696068667.206893
1,33504,1696068667.2215838
1,33520,1696068667.2411137
1,33536,1696068667.262628
1,33552,1696068667.282182
1,33568,1696068667.3057086
1,33584,1696068667.3266308
1,33600,1696068667.3476696
1,33616,1696068667.369072
1,33632,1696068667.3906586
1,33648,1696068667.410082
1,33664,1696068667.4301915
1,33680,1696068667.4506247
1,33696,1696068667.473196
1,33712,1696068667.494849
1,33728,1696068667.5142202
1,33744,1696068667.5344055
1,33760,1696068667.5544124
1,33776,1696068667.5743005
1,33792,1696068667.5944786
1,33808,1696068667.6143396
1,33824,1696068667.6342168
1,33840,1696068667.6546733
1,33856,1696068667.6738944
1,33872,1696068667.6937191
1,33888,1696068667.7132683
1,33904,1696068667.732695
1,33920,1696068667.7537649
1,33936,1696068667.7748141
1,33952,1696068667.793817
1,33968,1696068667.8146393
1,33984,1696068667.8340518
1,34000,1696068667.8545392
1,34016,1696068667.8741183
1,34032,1696068667.8942466
1,34048,1696068667.914495
1,34064,1696068667.9345706
1,34080,1696068667.9541678
1,34096,1696068667.974743
1,34112,1696068667.994158
1,34128,1696068668.0141823
1,34144,1696068668.0344484
1,34160,1696068668.0540893
1,34176,1696068668.0745273
1,34192,1696068668.0934472
1,34208,1696068668.1132884
1,34224,1696068668.1360586
1,34240,1696068668.1583912
1,34256,1696068668.1782506
1,34272,1696068668.1982238
1,34288,1696068668.2185175
1,34304,1696068668.2383792
1,34320,1696068668.2585478
1,34336,1696068668.2782745
1,34352,1696068668.2983532
1,34368,1696068668.3181546
1,34384,1696068668.3383322
1,34400,1696068668.3585162
1,34416,1696068668.3783865
1,34432,1696068668.3980572
1,34448,1696068668.418362
1,34464,1696068668.4383812
1,34480,1696068668.458282
1,34496,1696068668.4776084
1,34512,1696068668.4973605
1,34528,1696068668.5163252
1,34544,1696068668.541255
1,34560,1696068668.5594518
1,34576,1696068668.580002
1,34592,1696068668.6015818
1,34608,1696068668.6205316
1,34624,1696068668.645426
1,34640,1696068668.6636186
1,34656,1696068668.6782663
1,34672,1696068668.7005944
1,34688,1696068668.7181454
1,34704,1696068668.7347052
1,34720,1696068668.7509658
1,34736,1696068668.7688632
1,34752,1696068668.7866547
1,34768,1696068668.803732
1,34784,1696068668.8192837
1,34800,1696068668.8405745
1,34816,1696068668.8612902
1,34832,1696068668.8802948
1,34848,1696068668.9050734
1,34864,1696068668.924578
1,34880,1696068668.9444876
1,34896,1696068668.9710658
1,34912,1696068668.9914567
1,34928,1696068669.015298
1,34944,1696068669.0355132
1,34960,1696068669.0560687
1,34976,1696068669.0718224
1,34992,1696068669.0887766
1,35008,1696068669.1068077
1,35024,1696068669.1257262
1,35040,1696068669.1427891
1,35056,1696068669.1608307
1,35072,1696068669.1785467
1,35088,1696068669.19685
1,35104,1696068669.2145648
1,35120,1696068669.2328897
1,35136,1696068669.2482526
1,35152,1696068669.2709837
