epoch,trained_sample,time
1,0,1696073082.205658
1,128,1696073083.5288982
1,256,1696073083.545509
1,384,1696073083.5701246
1,512,1696073083.5879397
1,640,1696073083.608748
1,768,1696073083.6286738
1,896,1696073083.6549401
1,1024,1696073083.6780164
1,1152,1696073083.6989396
1,1280,1696073083.7206454
1,1408,1696073083.74428
1,1536,1696073083.7653544
1,1664,1696073083.7852557
1,1792,1696073083.801318
1,1920,1696073083.8183348
1,2048,1696073083.834232
1,2176,1696073083.8505442
1,2304,1696073083.8701072
1,2432,1696073083.893141
1,2560,1696073083.9139118
1,2688,1696073083.9334683
1,2816,1696073083.950088
1,2944,1696073083.9661808
1,3072,1696073083.9823842
1,3200,1696073083.998988
1,3328,1696073084.0152295
1,3456,1696073084.0398374
1,3584,1696073084.056523
1,3712,1696073084.0742261
1,3840,1696073084.0956538
1,3968,1696073084.1156075
1,4096,1696073084.1352422
1,4224,1696073084.156345
1,4352,1696073084.1794503
1,4480,1696073084.2001646
1,4608,1696073084.2198713
1,4736,1696073084.2363145
1,4864,1696073084.2569869
1,4992,1696073084.2775416
1,5120,1696073084.29729
1,5248,1696073084.3137298
1,5376,1696073084.333723
1,5504,1696073084.3535955
1,5632,1696073084.3780613
1,5760,1696073084.394352
1,5888,1696073084.4106326
1,6016,1696073084.4326112
1,6144,1696073084.4550176
1,6272,1696073084.470888
1,6400,1696073084.4885583
1,6528,1696073084.5092444
1,6656,1696073084.5311902
1,6784,1696073084.5474455
1,6912,1696073084.5693893
1,7040,1696073084.5860825
1,7168,1696073084.607182
1,7296,1696073084.6275024
1,7424,1696073084.6478848
1,7552,1696073084.667784
1,7680,1696073084.687369
1,7808,1696073084.7073045
1,7936,1696073084.7272503
1,8064,1696073084.7515004
1,8192,1696073084.772698
1,8320,1696073084.7943282
1,8448,1696073084.820969
1,8576,1696073084.840759
1,8704,1696073084.8597314
1,8832,1696073084.884573
1,8960,1696073084.9090123
1,9088,1696073084.933945
1,9216,1696073084.9542632
1,9344,1696073084.973018
1,9472,1696073084.9940898
1,9600,1696073085.0124907
1,9728,1696073085.0315301
1,9856,1696073085.0511694
1,9984,1696073085.0711987
1,10112,1696073085.091286
1,10240,1696073085.1112108
1,10368,1696073085.1310863
1,10496,1696073085.151177
1,10624,1696073085.171128
1,10752,1696073085.1912918
1,10880,1696073085.2112675
1,11008,1696073085.2342143
1,11136,1696073085.2521675
1,11264,1696073085.2701335
1,11392,1696073085.2891686
1,11520,1696073085.3108604
1,11648,1696073085.3321276
1,11776,1696073085.351782
1,11904,1696073085.371426
1,12032,1696073085.3913023
1,12160,1696073085.411325
1,12288,1696073085.4317057
1,12416,1696073085.451436
1,12544,1696073085.4713252
1,12672,1696073085.4916914
1,12800,1696073085.5116463
1,12928,1696073085.531748
1,13056,1696073085.551678
1,13184,1696073085.571289
1,13312,1696073085.593226
1,13440,1696073085.6140316
1,13568,1696073085.6341531
1,13696,1696073085.6500978
1,13824,1696073085.6714594
1,13952,1696073085.688094
1,14080,1696073085.703457
1,14208,1696073085.7188306
1,14336,1696073085.7386875
1,14464,1696073085.757227
1,14592,1696073085.775632
1,14720,1696073085.7954419
1,14848,1696073085.8173847
1,14976,1696073085.8328831
1,15104,1696073085.847913
1,15232,1696073085.864311
1,15360,1696073085.8799765
1,15488,1696073085.8964608
1,15616,1696073085.9124923
1,15744,1696073085.9278064
1,15872,1696073085.9523244
1,16000,1696073085.9682124
1,16128,1696073085.9841037
1,16256,1696073085.9998617
1,16384,1696073086.0181508
1,16512,1696073086.0356183
1,16640,1696073086.0515444
1,16768,1696073086.0675805
1,16896,1696073086.087863
1,17024,1696073086.108365
1,17152,1696073086.12412
1,17280,1696073086.139496
1,17408,1696073086.1580145
1,17536,1696073086.1739407
1,17664,1696073086.1904478
1,17792,1696073086.2061465
1,17920,1696073086.2277884
1,18048,1696073086.2475238
1,18176,1696073086.267392
1,18304,1696073086.2833073
1,18432,1696073086.3054194
1,18560,1696073086.328035
1,18688,1696073086.3485086
1,18816,1696073086.3658066
1,18944,1696073086.3878222
1,19072,1696073086.406077
1,19200,1696073086.4220421
1,19328,1696073086.439111
1,19456,1696073086.4634542
1,19584,1696073086.4790223
1,19712,1696073086.4942663
1,19840,1696073086.5098293
1,19968,1696073086.5302792
1,20096,1696073086.5477662
1,20224,1696073086.5699482
1,20352,1696073086.5914264
1,20480,1696073086.6168156
1,20608,1696073086.6323574
1,20736,1696073086.6472375
1,20864,1696073086.6636608
1,20992,1696073086.6798162
1,21120,1696073086.6963742
1,21248,1696073086.7132523
1,21376,1696073086.7339773
1,21504,1696073086.7527342
1,21632,1696073086.7716596
1,21760,1696073086.7921886
1,21888,1696073086.812416
1,22016,1696073086.8349707
1,22144,1696073086.854806
1,22272,1696073086.8812568
1,22400,1696073086.8976638
1,22528,1696073086.9197545
1,22656,1696073086.9378455
1,22784,1696073086.9538794
1,22912,1696073086.9705884
1,23040,1696073086.9970834
1,23168,1696073087.0172193
1,23296,1696073087.0367913
1,23424,1696073087.0556521
1,23552,1696073087.076026
1,23680,1696073087.096393
1,23808,1696073087.1162121
1,23936,1696073087.1359978
1,24064,1696073087.154526
1,24192,1696073087.1765618
1,24320,1696073087.1953695
1,24448,1696073087.2143738
1,24576,1696073087.234592
1,24704,1696073087.2547429
1,24832,1696073087.2742224
1,24960,1696073087.298537
1,25088,1696073087.3180273
1,25216,1696073087.3360322
1,25344,1696073087.3542075
1,25472,1696073087.3746767
1,25600,1696073087.3966503
1,25728,1696073087.4138396
1,25856,1696073087.4301786
1,25984,1696073087.4466116
1,26112,1696073087.4711802
1,26240,1696073087.4866157
1,26368,1696073087.5015097
1,26496,1696073087.5178745
1,26624,1696073087.5422196
1,26752,1696073087.5581768
1,26880,1696073087.573954
1,27008,1696073087.5926712
1,27136,1696073087.6199794
1,27264,1696073087.6349185
1,27392,1696073087.6513755
1,27520,1696073087.6676571
1,27648,1696073087.6880476
1,27776,1696073087.7078366
1,27904,1696073087.7272532
1,28032,1696073087.7427206
1,28160,1696073087.7635324
1,28288,1696073087.780312
1,28416,1696073087.7966077
1,28544,1696073087.811785
1,28672,1696073087.8361638
1,28800,1696073087.8554654
1,28928,1696073087.8711545
1,29056,1696073087.8869784
1,29184,1696073087.9107165
1,29312,1696073087.9295583
1,29440,1696073087.9506674
1,29568,1696073087.9731095
1,29696,1696073087.9964943
1,29824,1696073088.0151024
1,29952,1696073088.0340784
1,30080,1696073088.0520902
1,30208,1696073088.0686421
1,30336,1696073088.0910044
1,30464,1696073088.1081533
1,30592,1696073088.125839
1,30720,1696073088.146276
1,30848,1696073088.162646
1,30976,1696073088.1806178
1,31104,1696073088.1983688
1,31232,1696073088.2157948
1,31360,1696073088.2326014
1,31488,1696073088.248841
1,31616,1696073088.270486
1,31744,1696073088.2893236
1,31872,1696073088.3067245
1,32000,1696073088.3331587
1,32128,1696073088.3523173
1,32256,1696073088.3744862
1,32384,1696073088.3957186
1,32512,1696073088.415993
1,32640,1696073088.4357073
1,32768,1696073088.4556808
1,32896,1696073088.4756029
1,33024,1696073088.4953582
1,33152,1696073088.5152092
1,33280,1696073088.5354104
1,33408,1696073088.5553932
1,33536,1696073088.575096
1,33664,1696073088.5955417
1,33792,1696073088.6155188
1,33920,1696073088.635424
1,34048,1696073088.6592305
1,34176,1696073088.6810064
1,34304,1696073088.7045126
1,34432,1696073088.7321608
1,34560,1696073088.7518406
1,34688,1696073088.7720203
1,34816,1696073088.7955203
1,34944,1696073088.8161323
1,35072,1696073088.8460002
1,35200,1696073088.8692775
1,35328,1696073088.893676
1,35456,1696073088.920509
1,35584,1696073088.9427223
1,35712,1696073088.9663954
1,35840,1696073088.9888556
1,35968,1696073089.012145
1,36096,1696073089.0330322
1,36224,1696073089.0516164
1,36352,1696073089.0722167
1,36480,1696073089.0920472
1,36608,1696073089.1107316
1,36736,1696073089.134035
1,36864,1696073089.1575646
1,36992,1696073089.1842601
1,37120,1696073089.2054646
1,37248,1696073089.2316105
1,37376,1696073089.252449
1,37504,1696073089.2715297
1,37632,1696073089.2896273
1,37760,1696073089.3152246
1,37888,1696073089.3355737
1,38016,1696073089.3578646
1,38144,1696073089.3840716
1,38272,1696073089.4056094
1,38400,1696073089.4279046
1,38528,1696073089.4557707
1,38656,1696073089.477872
1,38784,1696073089.5032213
1,38912,1696073089.525875
1,39040,1696073089.5524352
1,39168,1696073089.573807
1,39296,1696073089.5988426
1,39424,1696073089.617985
1,39552,1696073089.63846
1,39680,1696073089.6586628
1,39808,1696073089.6793091
1,39936,1696073089.7008383
1,40064,1696073089.7201428
1,40192,1696073089.7398763
1,40320,1696073089.763356
1,40448,1696073089.7839196
1,40576,1696073089.8059735
1,40704,1696073089.8299527
1,40832,1696073089.8536928
1,40960,1696073089.879083
1,41088,1696073089.90164
1,41216,1696073089.9268956
1,41344,1696073089.9523296
1,41472,1696073089.9721713
1,41600,1696073089.9917614
1,41728,1696073090.0136924
1,41856,1696073090.0409873
1,41984,1696073090.0601146
1,42112,1696073090.081121
1,42240,1696073090.1054845
1,42368,1696073090.1287906
1,42496,1696073090.1553693
1,42624,1696073090.1778762
1,42752,1696073090.2048342
1,42880,1696073090.2296085
1,43008,1696073090.2483184
1,43136,1696073090.2681997
1,43264,1696073090.29328
1,43392,1696073090.3136728
1,43520,1696073090.3376553
1,43648,1696073090.361732
1,43776,1696073090.3871655
1,43904,1696073090.4100003
1,44032,1696073090.434078
1,44160,1696073090.4579864
1,44288,1696073090.4746118
1,44416,1696073090.4910607
1,44544,1696073090.5081654
1,44672,1696073090.5263553
1,44800,1696073090.5439951
1,44928,1696073090.5731149
1,45056,1696073090.597741
1,45184,1696073090.6198812
1,45312,1696073090.6432276
1,45440,1696073090.6652362
1,45568,1696073090.6929004
1,45696,1696073090.7145844
1,45824,1696073090.738659
1,45952,1696073090.7588274
1,46080,1696073090.7855105
1,46208,1696073090.8054357
1,46336,1696073090.8332818
1,46464,1696073090.8542087
1,46592,1696073090.8796592
1,46720,1696073090.901839
1,46848,1696073090.924546
1,46976,1696073090.9466152
1,47104,1696073090.965025
1,47232,1696073090.9839976
1,47360,1696073091.0041313
1,47488,1696073091.0241036
1,47616,1696073091.0438185
1,47744,1696073091.064565
1,47872,1696073091.0844123
1,48000,1696073091.1028044
1,48128,1696073091.1262686
1,48256,1696073091.1491807
1,48384,1696073091.1733124
1,48512,1696073091.2015266
1,48640,1696073091.219726
1,48768,1696073091.2392092
1,48896,1696073091.259348
1,49024,1696073091.2816417
1,49152,1696073091.2999263
1,49280,1696073091.3195617
1,49408,1696073091.339693
1,49536,1696073091.3586695
1,49664,1696073091.3807962
1,49792,1696073091.4056451
1,49920,1696073091.4273746
1,50000,1696073091.4587412
2,128,1696073091.8335178
2,256,1696073091.8507302
2,384,1696073091.866056
2,512,1696073091.8812044
2,640,1696073091.89799
2,768,1696073091.9151587
2,896,1696073091.9337215
2,1024,1696073091.9479258
2,1152,1696073091.964097
2,1280,1696073091.9804418
2,1408,1696073091.9960089
2,1536,1696073092.011966
2,1664,1696073092.0282052
2,1792,1696073092.0449488
2,1920,1696073092.0615895
2,2048,1696073092.0871484
2,2176,1696073092.1076078
2,2304,1696073092.1274827
2,2432,1696073092.1471152
2,2560,1696073092.1652892
2,2688,1696073092.1834297
2,2816,1696073092.207365
2,2944,1696073092.2306962
2,3072,1696073092.2533677
2,3200,1696073092.2751894
2,3328,1696073092.2961414
2,3456,1696073092.319995
2,3584,1696073092.3428454
2,3712,1696073092.3648515
2,3840,1696073092.387421
2,3968,1696073092.40636
2,4096,1696073092.4298365
2,4224,1696073092.4527423
2,4352,1696073092.4722993
2,4480,1696073092.494118
2,4608,1696073092.5183709
2,4736,1696073092.5413418
2,4864,1696073092.5641923
2,4992,1696073092.5916336
2,5120,1696073092.6141577
2,5248,1696073092.6410387
2,5376,1696073092.6624181
2,5504,1696073092.6840343
2,5632,1696073092.707143
2,5760,1696073092.7301319
2,5888,1696073092.7483563
2,6016,1696073092.7693186
2,6144,1696073092.7912822
2,6272,1696073092.8126864
2,6400,1696073092.835268
2,6528,1696073092.8567667
2,6656,1696073092.8793516
2,6784,1696073092.9005432
2,6912,1696073092.9261332
2,7040,1696073092.9473233
2,7168,1696073092.973283
2,7296,1696073092.995604
2,7424,1696073093.0149922
2,7552,1696073093.0354269
2,7680,1696073093.0560308
2,7808,1696073093.0761917
2,7936,1696073093.0964634
2,8064,1696073093.116487
2,8192,1696073093.1360185
2,8320,1696073093.1560745
2,8448,1696073093.1761193
2,8576,1696073093.199654
2,8704,1696073093.22064
2,8832,1696073093.243456
2,8960,1696073093.2648416
2,9088,1696073093.294419
2,9216,1696073093.318605
2,9344,1696073093.3365688
2,9472,1696073093.3571515
2,9600,1696073093.3794703
2,9728,1696073093.4009726
2,9856,1696073093.4237142
2,9984,1696073093.444403
2,10112,1696073093.4675705
2,10240,1696073093.4895253
2,10368,1696073093.5112529
2,10496,1696073093.5277774
2,10624,1696073093.558637
2,10752,1696073093.5895338
2,10880,1696073093.6074772
2,11008,1696073093.6379395
2,11136,1696073093.6571677
2,11264,1696073093.6803668
2,11392,1696073093.701076
2,11520,1696073093.721958
2,11648,1696073093.7447674
2,11776,1696073093.7682135
2,11904,1696073093.7888124
2,12032,1696073093.8098505
2,12160,1696073093.8381414
2,12288,1696073093.855293
2,12416,1696073093.8818524
2,12544,1696073093.9102237
2,12672,1696073093.9287384
2,12800,1696073093.9512017
2,12928,1696073093.975788
2,13056,1696073093.9947417
2,13184,1696073094.016382
2,13312,1696073094.039394
2,13440,1696073094.0609756
2,13568,1696073094.0842535
2,13696,1696073094.1050494
2,13824,1696073094.1250067
2,13952,1696073094.1515014
2,14080,1696073094.1817083
2,14208,1696073094.1994789
2,14336,1696073094.2272484
2,14464,1696073094.2449665
2,14592,1696073094.26687
2,14720,1696073094.290906
2,14848,1696073094.3139458
2,14976,1696073094.3348477
2,15104,1696073094.3583748
2,15232,1696073094.3806903
2,15360,1696073094.4025414
2,15488,1696073094.4245744
2,15616,1696073094.4479852
2,15744,1696073094.4723291
2,15872,1696073094.4970737
2,16000,1696073094.5179029
2,16128,1696073094.539788
2,16256,1696073094.5645978
2,16384,1696073094.5832827
2,16512,1696073094.6029978
2,16640,1696073094.6212864
2,16768,1696073094.6451294
2,16896,1696073094.6657498
2,17024,1696073094.686862
2,17152,1696073094.708209
2,17280,1696073094.727963
2,17408,1696073094.7479239
2,17536,1696073094.7719917
2,17664,1696073094.7922013
2,17792,1696073094.8121893
2,17920,1696073094.8389587
2,18048,1696073094.8598855
2,18176,1696073094.8796728
2,18304,1696073094.9059162
2,18432,1696073094.9261274
2,18560,1696073094.9530962
2,18688,1696073094.9785273
2,18816,1696073094.9985285
2,18944,1696073095.02144
2,19072,1696073095.0413868
2,19200,1696073095.0628903
2,19328,1696073095.0842896
2,19456,1696073095.1039824
2,19584,1696073095.1240535
2,19712,1696073095.142801
2,19840,1696073095.1629164
2,19968,1696073095.1835086
2,20096,1696073095.2037406
2,20224,1696073095.223796
2,20352,1696073095.2453072
2,20480,1696073095.2688115
2,20608,1696073095.2902303
2,20736,1696073095.312917
2,20864,1696073095.3317661
2,20992,1696073095.3536286
2,21120,1696073095.3711934
2,21248,1696073095.39186
2,21376,1696073095.4154072
2,21504,1696073095.4373176
2,21632,1696073095.459372
2,21760,1696073095.4800413
2,21888,1696073095.5036843
2,22016,1696073095.5248926
2,22144,1696073095.547317
2,22272,1696073095.5684626
2,22400,1696073095.594999
2,22528,1696073095.6180136
2,22656,1696073095.6422796
2,22784,1696073095.6633818
2,22912,1696073095.683153
2,23040,1696073095.7036834
2,23168,1696073095.723744
2,23296,1696073095.7433548
2,23424,1696073095.7631562
2,23552,1696073095.7836287
2,23680,1696073095.8032055
2,23808,1696073095.82353
2,23936,1696073095.8455517
2,24064,1696073095.865564
2,24192,1696073095.8823292
2,24320,1696073095.8991597
2,24448,1696073095.9159074
2,24576,1696073095.9323375
2,24704,1696073095.9474175
2,24832,1696073095.9670973
2,24960,1696073095.9877155
2,25088,1696073096.0078144
2,25216,1696073096.0276947
2,25344,1696073096.0497322
2,25472,1696073096.075923
2,25600,1696073096.0955803
2,25728,1696073096.115599
2,25856,1696073096.1355095
2,25984,1696073096.1557248
2,26112,1696073096.1755176
2,26240,1696073096.1956267
2,26368,1696073096.2175767
2,26496,1696073096.2377846
2,26624,1696073096.2589493
2,26752,1696073096.2797952
2,26880,1696073096.2996674
2,27008,1696073096.3171985
2,27136,1696073096.3359468
2,27264,1696073096.3562026
2,27392,1696073096.3760653
2,27520,1696073096.3957288
2,27648,1696073096.4222744
2,27776,1696073096.439893
2,27904,1696073096.4580367
2,28032,1696073096.4758844
2,28160,1696073096.4957783
2,28288,1696073096.5157783
2,28416,1696073096.5450854
2,28544,1696073096.5659568
2,28672,1696073096.5852
2,28800,1696073096.60423
2,28928,1696073096.6276639
2,29056,1696073096.6475308
2,29184,1696073096.6676853
2,29312,1696073096.6874619
2,29440,1696073096.707432
2,29568,1696073096.7278554
2,29696,1696073096.7519524
2,29824,1696073096.7740514
2,29952,1696073096.7968998
2,30080,1696073096.8163612
2,30208,1696073096.8363304
2,30336,1696073096.8562806
2,30464,1696073096.8759778
2,30592,1696073096.89546
2,30720,1696073096.9180634
2,30848,1696073096.9358518
2,30976,1696073096.9563599
2,31104,1696073096.9796932
2,31232,1696073097.001008
2,31360,1696073097.026128
2,31488,1696073097.045587
2,31616,1696073097.0706599
2,31744,1696073097.0969152
2,31872,1696073097.1206121
2,32000,1696073097.1471386
2,32128,1696073097.1736405
2,32256,1696073097.1980605
2,32384,1696073097.2203698
2,32512,1696073097.2425833
2,32640,1696073097.2697287
2,32768,1696073097.287928
2,32896,1696073097.3091369
2,33024,1696073097.3294964
2,33152,1696073097.355701
2,33280,1696073097.3857706
2,33408,1696073097.4041674
2,33536,1696073097.4302998
2,33664,1696073097.4592986
2,33792,1696073097.476604
2,33920,1696073097.5029783
2,34048,1696073097.5246475
2,34176,1696073097.547375
2,34304,1696073097.5727038
2,34432,1696073097.593326
2,34560,1696073097.616672
2,34688,1696073097.6488478
2,34816,1696073097.6671138
2,34944,1696073097.6933582
2,35072,1696073097.7145534
2,35200,1696073097.7362332
2,35328,1696073097.7675438
2,35456,1696073097.7860098
2,35584,1696073097.8026426
2,35712,1696073097.8302429
2,35840,1696073097.8544648
2,35968,1696073097.8767457
2,36096,1696073097.899434
2,36224,1696073097.9209883
2,36352,1696073097.9423475
2,36480,1696073097.9683871
2,36608,1696073097.9912863
2,36736,1696073098.011469
2,36864,1696073098.0390322
2,36992,1696073098.0592005
2,37120,1696073098.0801191
2,37248,1696073098.0987675
2,37376,1696073098.1155431
2,37504,1696073098.1394727
2,37632,1696073098.160162
2,37760,1696073098.1795876
2,37888,1696073098.1997101
2,38016,1696073098.219771
2,38144,1696073098.239661
2,38272,1696073098.259267
2,38400,1696073098.2795475
2,38528,1696073098.3001828
2,38656,1696073098.3188143
2,38784,1696073098.342179
2,38912,1696073098.3653772
2,39040,1696073098.3889575
2,39168,1696073098.4153237
2,39296,1696073098.4380596
2,39424,1696073098.4622853
2,39552,1696073098.4860823
2,39680,1696073098.5097084
2,39808,1696073098.53416
2,39936,1696073098.5586703
2,40064,1696073098.5775776
2,40192,1696073098.5974574
2,40320,1696073098.619114
2,40448,1696073098.6402938
2,40576,1696073098.6599097
2,40704,1696073098.679502
2,40832,1696073098.6995723
2,40960,1696073098.7197528
2,41088,1696073098.739883
2,41216,1696073098.7593992
2,41344,1696073098.779152
2,41472,1696073098.7992053
2,41600,1696073098.8193698
2,41728,1696073098.8391478
2,41856,1696073098.8595555
2,41984,1696073098.8797076
2,42112,1696073098.9032204
2,42240,1696073098.9240766
2,42368,1696073098.9459357
2,42496,1696073098.9649189
2,42624,1696073098.986512
2,42752,1696073099.0077791
2,42880,1696073099.027554
2,43008,1696073099.0515215
2,43136,1696073099.0715845
2,43264,1696073099.0917938
2,43392,1696073099.1089387
2,43520,1696073099.127549
2,43648,1696073099.1453621
2,43776,1696073099.1708672
2,43904,1696073099.1950982
2,44032,1696073099.2166772
2,44160,1696073099.2404277
2,44288,1696073099.2604074
2,44416,1696073099.2814863
2,44544,1696073099.3060057
2,44672,1696073099.3260605
2,44800,1696073099.3519585
2,44928,1696073099.3764985
2,45056,1696073099.4014695
2,45184,1696073099.4225159
2,45312,1696073099.4432929
2,45440,1696073099.4695024
2,45568,1696073099.4901931
2,45696,1696073099.512728
2,45824,1696073099.5353782
2,45952,1696073099.5562122
2,46080,1696073099.5858839
2,46208,1696073099.6100426
2,46336,1696073099.6343546
2,46464,1696073099.6583865
2,46592,1696073099.684593
2,46720,1696073099.7062252
2,46848,1696073099.7279978
2,46976,1696073099.751259
2,47104,1696073099.7727525
2,47232,1696073099.7976007
2,47360,1696073099.8190577
2,47488,1696073099.8383482
2,47616,1696073099.86439
2,47744,1696073099.8830345
2,47872,1696073099.9058223
2,48000,1696073099.928599
2,48128,1696073099.9556713
2,48256,1696073099.9777927
2,48384,1696073099.994589
2,48512,1696073100.0151052
2,48640,1696073100.0378337
2,48768,1696073100.063333
2,48896,1696073100.0872245
2,49024,1696073100.1105943
2,49152,1696073100.1309385
2,49280,1696073100.151968
2,49408,1696073100.1714811
2,49536,1696073100.1916575
2,49664,1696073100.2114882
2,49792,1696073100.2350962
2,49920,1696073100.255706
2,50000,1696073100.2755117
3,128,1696073100.7204707
3,256,1696073100.7395077
3,384,1696073100.7561765
3,512,1696073100.7735035
3,640,1696073100.792726
3,768,1696073100.811024
3,896,1696073100.8346372
3,1024,1696073100.8527434
3,1152,1696073100.872294
3,1280,1696073100.8924272
3,1408,1696073100.9154935
3,1536,1696073100.936522
3,1664,1696073100.956344
3,1792,1696073100.9756496
3,1920,1696073100.9967623
3,2048,1696073101.0151787
3,2176,1696073101.0335298
3,2304,1696073101.0518074
3,2432,1696073101.0716717
3,2560,1696073101.0916173
3,2688,1696073101.111357
3,2816,1696073101.1314402
3,2944,1696073101.1553688
3,3072,1696073101.176755
3,3200,1696073101.1981924
3,3328,1696073101.2239194
3,3456,1696073101.2460222
3,3584,1696073101.270745
3,3712,1696073101.293859
3,3840,1696073101.3201947
3,3968,1696073101.342928
3,4096,1696073101.3665442
3,4224,1696073101.3868828
3,4352,1696073101.4075785
3,4480,1696073101.4280448
3,4608,1696073101.447561
3,4736,1696073101.467194
3,4864,1696073101.4873881
3,4992,1696073101.508246
3,5120,1696073101.5273492
3,5248,1696073101.5442114
3,5376,1696073101.5674236
3,5504,1696073101.588637
3,5632,1696073101.610034
3,5760,1696073101.6344304
3,5888,1696073101.6564317
3,6016,1696073101.675297
3,6144,1696073101.7010028
3,6272,1696073101.7246106
3,6400,1696073101.7433825
3,6528,1696073101.7692435
3,6656,1696073101.793196
3,6784,1696073101.8145936
3,6912,1696073101.838062
3,7040,1696073101.8621483
3,7168,1696073101.8873427
3,7296,1696073101.9097085
3,7424,1696073101.9326491
3,7552,1696073101.9542994
3,7680,1696073101.9811099
3,7808,1696073102.0023024
3,7936,1696073102.0257313
3,8064,1696073102.050239
3,8192,1696073102.0732324
3,8320,1696073102.0928078
3,8448,1696073102.1130905
3,8576,1696073102.1350794
3,8704,1696073102.1573005
3,8832,1696073102.1820073
3,8960,1696073102.197769
3,9088,1696073102.218519
3,9216,1696073102.239737
3,9344,1696073102.263011
3,9472,1696073102.2837846
3,9600,1696073102.3111076
3,9728,1696073102.3338816
3,9856,1696073102.3555076
3,9984,1696073102.383869
3,10112,1696073102.4056602
3,10240,1696073102.4266837
3,10368,1696073102.4501595
3,10496,1696073102.4736094
3,10624,1696073102.4947238
3,10752,1696073102.517573
3,10880,1696073102.5413218
3,11008,1696073102.5627997
3,11136,1696073102.582676
3,11264,1696073102.6015928
3,11392,1696073102.622314
3,11520,1696073102.6431859
3,11648,1696073102.6628232
3,11776,1696073102.6827154
3,11904,1696073102.7038126
3,12032,1696073102.7238069
3,12160,1696073102.743155
3,12288,1696073102.7629826
3,12416,1696073102.7858663
3,12544,1696073102.8078299
3,12672,1696073102.8257782
3,12800,1696073102.843507
3,12928,1696073102.862863
3,13056,1696073102.8831751
3,13184,1696073102.9030306
3,13312,1696073102.921466
3,13440,1696073102.9415908
3,13568,1696073102.9680398
3,13696,1696073102.9930456
3,13824,1696073103.0167148
3,13952,1696073103.0385416
3,14080,1696073103.0622764
3,14208,1696073103.0835576
3,14336,1696073103.1041327
3,14464,1696073103.127132
3,14592,1696073103.1508322
3,14720,1696073103.1734548
3,14848,1696073103.1976593
3,14976,1696073103.2218304
3,15104,1696073103.2467117
3,15232,1696073103.270241
3,15360,1696073103.2932012
3,15488,1696073103.3178515
3,15616,1696073103.3420298
3,15744,1696073103.3693056
3,15872,1696073103.3931546
3,16000,1696073103.4144804
3,16128,1696073103.4360507
3,16256,1696073103.4592962
3,16384,1696073103.481111
3,16512,1696073103.5034587
3,16640,1696073103.5246096
3,16768,1696073103.547504
3,16896,1696073103.570649
3,17024,1696073103.5935974
3,17152,1696073103.6198282
3,17280,1696073103.6424966
3,17408,1696073103.6651053
3,17536,1696073103.6904566
3,17664,1696073103.7125542
3,17792,1696073103.7401733
3,17920,1696073103.7618716
3,18048,1696073103.7884514
3,18176,1696073103.8106477
3,18304,1696073103.8327024
3,18432,1696073103.8554945
3,18560,1696073103.877184
3,18688,1696073103.8994288
3,18816,1696073103.9204237
3,18944,1696073103.9428055
3,19072,1696073103.9694333
3,19200,1696073103.989545
3,19328,1696073104.016568
3,19456,1696073104.0386946
3,19584,1696073104.0602808
3,19712,1696073104.0832093
3,19840,1696073104.1050737
3,19968,1696073104.1225977
3,20096,1696073104.145875
3,20224,1696073104.1648676
3,20352,1696073104.1868064
3,20480,1696073104.207982
3,20608,1696073104.233691
3,20736,1696073104.2535357
3,20864,1696073104.2805681
3,20992,1696073104.3032563
3,21120,1696073104.3214695
3,21248,1696073104.347843
3,21376,1696073104.3674679
3,21504,1696073104.387153
3,21632,1696073104.4092863
3,21760,1696073104.429197
3,21888,1696073104.4540849
3,22016,1696073104.4775488
3,22144,1696073104.5017917
3,22272,1696073104.5246694
3,22400,1696073104.5488756
3,22528,1696073104.5666783
3,22656,1696073104.587426
3,22784,1696073104.6112006
3,22912,1696073104.6323338
3,23040,1696073104.6569884
3,23168,1696073104.6794775
3,23296,1696073104.7044926
3,23424,1696073104.7238438
3,23552,1696073104.742636
3,23680,1696073104.7620833
3,23808,1696073104.7893405
3,23936,1696073104.813889
3,24064,1696073104.8304055
3,24192,1696073104.8469465
3,24320,1696073104.8644812
3,24448,1696073104.88255
3,24576,1696073104.9058115
3,24704,1696073104.9260406
3,24832,1696073104.9434586
3,24960,1696073104.9653132
3,25088,1696073104.9871233
3,25216,1696073105.0082917
3,25344,1696073105.0303292
3,25472,1696073105.0533543
3,25600,1696073105.074457
3,25728,1696073105.1011708
3,25856,1696073105.1241164
3,25984,1696073105.1442368
3,26112,1696073105.1641817
3,26240,1696073105.182827
3,26368,1696073105.2035294
3,26496,1696073105.2270615
3,26624,1696073105.2501135
3,26752,1696073105.2708647
3,26880,1696073105.2958968
3,27008,1696073105.3162508
3,27136,1696073105.3337922
3,27264,1696073105.3533657
3,27392,1696073105.3724124
3,27520,1696073105.3923297
3,27648,1696073105.412146
3,27776,1696073105.433618
3,27904,1696073105.4546294
3,28032,1696073105.475545
3,28160,1696073105.5014122
3,28288,1696073105.52589
3,28416,1696073105.5473826
3,28544,1696073105.5682492
3,28672,1696073105.5905354
3,28800,1696073105.617322
3,28928,1696073105.6428642
3,29056,1696073105.6597686
3,29184,1696073105.678706
3,29312,1696073105.6965787
3,29440,1696073105.7164207
3,29568,1696073105.7394981
3,29696,1696073105.7592022
3,29824,1696073105.7810183
3,29952,1696073105.8043425
3,30080,1696073105.825048
3,30208,1696073105.8437762
3,30336,1696073105.868872
3,30464,1696073105.890415
3,30592,1696073105.916902
3,30720,1696073105.9375093
3,30848,1696073105.9635477
3,30976,1696073105.9822302
3,31104,1696073106.0036247
3,31232,1696073106.0240884
3,31360,1696073106.0440586
3,31488,1696073106.0641465
3,31616,1696073106.0845835
3,31744,1696073106.103225
3,31872,1696073106.1229217
3,32000,1696073106.1433008
3,32128,1696073106.1691337
3,32256,1696073106.1892188
3,32384,1696073106.2102752
3,32512,1696073106.2275946
3,32640,1696073106.2505972
3,32768,1696073106.275268
3,32896,1696073106.2963283
3,33024,1696073106.3162017
3,33152,1696073106.3408215
3,33280,1696073106.3594043
3,33408,1696073106.3789349
3,33536,1696073106.4035347
3,33664,1696073106.4225295
3,33792,1696073106.4496408
3,33920,1696073106.471106
3,34048,1696073106.4995666
3,34176,1696073106.51997
3,34304,1696073106.538982
3,34432,1696073106.5619879
3,34560,1696073106.5856342
3,34688,1696073106.6056755
3,34816,1696073106.6271288
3,34944,1696073106.6512213
3,35072,1696073106.6723657
3,35200,1696073106.6931305
3,35328,1696073106.7099705
3,35456,1696073106.7331326
3,35584,1696073106.7542033
3,35712,1696073106.771862
3,35840,1696073106.791699
3,35968,1696073106.8095882
3,36096,1696073106.8297637
3,36224,1696073106.8550625
3,36352,1696073106.871983
3,36480,1696073106.8951573
3,36608,1696073106.9179509
3,36736,1696073106.9342272
3,36864,1696073106.950359
3,36992,1696073106.9772527
3,37120,1696073106.9982712
3,37248,1696073107.01692
3,37376,1696073107.0339925
3,37504,1696073107.060562
3,37632,1696073107.080087
3,37760,1696073107.1022725
3,37888,1696073107.1248202
3,38016,1696073107.1459603
3,38144,1696073107.1693738
3,38272,1696073107.189894
3,38400,1696073107.2116902
3,38528,1696073107.2353072
3,38656,1696073107.2563164
3,38784,1696073107.271941
3,38912,1696073107.2909346
3,39040,1696073107.3107266
3,39168,1696073107.3316393
3,39296,1696073107.3520305
3,39424,1696073107.3721836
3,39552,1696073107.3912585
3,39680,1696073107.4144633
3,39808,1696073107.438751
3,39936,1696073107.461937
3,40064,1696073107.4854026
3,40192,1696073107.5080655
3,40320,1696073107.5299575
3,40448,1696073107.5536194
3,40576,1696073107.5774128
3,40704,1696073107.5989356
3,40832,1696073107.6233768
3,40960,1696073107.6432137
3,41088,1696073107.6638145
3,41216,1696073107.6879938
3,41344,1696073107.708967
3,41472,1696073107.7293785
3,41600,1696073107.7552235
3,41728,1696073107.778517
3,41856,1696073107.7995665
3,41984,1696073107.8202238
3,42112,1696073107.8414896
3,42240,1696073107.8654475
3,42368,1696073107.8850908
3,42496,1696073107.9064353
3,42624,1696073107.9338531
3,42752,1696073107.954102
3,42880,1696073107.9750519
3,43008,1696073108.0015295
3,43136,1696073108.0252848
3,43264,1696073108.0429933
3,43392,1696073108.059315
3,43520,1696073108.0799618
3,43648,1696073108.1035326
3,43776,1696073108.122534
3,43904,1696073108.1475065
3,44032,1696073108.1699789
3,44160,1696073108.1913655
3,44288,1696073108.2140677
3,44416,1696073108.2364824
3,44544,1696073108.2635827
3,44672,1696073108.2839339
3,44800,1696073108.3051276
3,44928,1696073108.3273892
3,45056,1696073108.3487518
3,45184,1696073108.3710852
3,45312,1696073108.392415
3,45440,1696073108.4154148
3,45568,1696073108.4367802
3,45696,1696073108.4589393
3,45824,1696073108.477045
3,45952,1696073108.4974136
3,46080,1696073108.5135782
3,46208,1696073108.5349002
3,46336,1696073108.5565557
3,46464,1696073108.576616
3,46592,1696073108.595732
3,46720,1696073108.6175697
3,46848,1696073108.6387713
3,46976,1696073108.6639001
3,47104,1696073108.6839414
3,47232,1696073108.703375
3,47360,1696073108.725967
3,47488,1696073108.7503748
3,47616,1696073108.7736
3,47744,1696073108.7987967
3,47872,1696073108.8220117
3,48000,1696073108.848291
3,48128,1696073108.8700566
3,48256,1696073108.8960521
3,48384,1696073108.9177837
3,48512,1696073108.9441426
3,48640,1696073108.9661455
3,48768,1696073108.9906769
3,48896,1696073109.0139778
3,49024,1696073109.0403848
3,49152,1696073109.0586927
3,49280,1696073109.0762277
3,49408,1696073109.0936773
3,49536,1696073109.117468
3,49664,1696073109.144314
3,49792,1696073109.1659267
3,49920,1696073109.1916518
3,50000,1696073109.211934
4,128,1696073109.630622
4,256,1696073109.6472216
4,384,1696073109.6631992
4,512,1696073109.6801805
4,640,1696073109.7015302
4,768,1696073109.721115
4,896,1696073109.739545
4,1024,1696073109.7590966
4,1152,1696073109.7795677
4,1280,1696073109.7996588
4,1408,1696073109.8202527
4,1536,1696073109.8397038
4,1664,1696073109.8596416
4,1792,1696073109.8835049
4,1920,1696073109.9051218
4,2048,1696073109.9254124
4,2176,1696073109.9459622
4,2304,1696073109.9632144
4,2432,1696073109.987333
4,2560,1696073110.0082555
4,2688,1696073110.0283434
4,2816,1696073110.0441148
4,2944,1696073110.0680509
4,3072,1696073110.0873983
4,3200,1696073110.1108613
4,3328,1696073110.1267824
4,3456,1696073110.1466022
4,3584,1696073110.1680648
4,3712,1696073110.1894739
4,3840,1696073110.2058344
4,3968,1696073110.2258809
4,4096,1696073110.2451994
4,4224,1696073110.2650757
4,4352,1696073110.2817292
4,4480,1696073110.3039436
4,4608,1696073110.3242154
4,4736,1696073110.345129
4,4864,1696073110.3619967
4,4992,1696073110.3852427
4,5120,1696073110.406177
4,5248,1696073110.4286516
4,5376,1696073110.4460568
4,5504,1696073110.4687452
4,5632,1696073110.4899082
4,5760,1696073110.512366
4,5888,1696073110.5305665
4,6016,1696073110.5529075
4,6144,1696073110.5738118
4,6272,1696073110.596141
4,6400,1696073110.6136725
4,6528,1696073110.636257
4,6656,1696073110.6576636
4,6784,1696073110.6740665
4,6912,1696073110.6890616
4,7040,1696073110.704643
4,7168,1696073110.7212985
4,7296,1696073110.7358224
4,7424,1696073110.751523
4,7552,1696073110.7671993
4,7680,1696073110.782928
4,7808,1696073110.7986221
4,7936,1696073110.8151367
4,8064,1696073110.831049
4,8192,1696073110.8466332
4,8320,1696073110.8619783
4,8448,1696073110.880509
4,8576,1696073110.9026747
4,8704,1696073110.9210832
4,8832,1696073110.9396467
4,8960,1696073110.9593766
4,9088,1696073110.9798625
4,9216,1696073110.9985425
4,9344,1696073111.019443
4,9472,1696073111.0396304
4,9600,1696073111.0633914
4,9728,1696073111.0835094
4,9856,1696073111.1056871
4,9984,1696073111.130773
4,10112,1696073111.1534126
4,10240,1696073111.1761172
4,10368,1696073111.1991513
4,10496,1696073111.2199636
4,10624,1696073111.2411397
4,10752,1696073111.2613916
4,10880,1696073111.2853239
4,11008,1696073111.3069181
4,11136,1696073111.3306355
4,11264,1696073111.3538435
4,11392,1696073111.3752267
4,11520,1696073111.3932703
4,11648,1696073111.4169908
4,11776,1696073111.4406183
4,11904,1696073111.4599104
4,12032,1696073111.4814038
4,12160,1696073111.5055556
4,12288,1696073111.5261412
4,12416,1696073111.5461707
4,12544,1696073111.5679157
4,12672,1696073111.5918407
4,12800,1696073111.6122086
4,12928,1696073111.6332679
4,13056,1696073111.650334
4,13184,1696073111.6694477
4,13312,1696073111.6890793
4,13440,1696073111.711426
4,13568,1696073111.7324834
4,13696,1696073111.75552
4,13824,1696073111.7762084
4,13952,1696073111.7982461
4,14080,1696073111.8247807
4,14208,1696073111.845856
4,14336,1696073111.872492
4,14464,1696073111.894717
4,14592,1696073111.916291
4,14720,1696073111.9392722
4,14848,1696073111.9599774
4,14976,1696073111.9821482
4,15104,1696073112.0040505
4,15232,1696073112.0257277
4,15360,1696073112.0477123
4,15488,1696073112.0679853
4,15616,1696073112.0878348
4,15744,1696073112.107457
4,15872,1696073112.126233
4,16000,1696073112.144769
4,16128,1696073112.163531
4,16256,1696073112.1837661
4,16384,1696073112.2037144
4,16512,1696073112.2238326
4,16640,1696073112.2439034
4,16768,1696073112.267322
4,16896,1696073112.2916625
4,17024,1696073112.3136854
4,17152,1696073112.3373075
4,17280,1696073112.3623004
4,17408,1696073112.3859076
4,17536,1696073112.4067218
4,17664,1696073112.433339
4,17792,1696073112.4570267
4,17920,1696073112.4754138
4,18048,1696073112.4953222
4,18176,1696073112.5145967
4,18304,1696073112.5358257
4,18432,1696073112.5586417
4,18560,1696073112.5806322
4,18688,1696073112.6032922
4,18816,1696073112.6224039
4,18944,1696073112.648334
4,19072,1696073112.6697702
4,19200,1696073112.6944566
4,19328,1696073112.7182512
4,19456,1696073112.7446005
4,19584,1696073112.7664776
4,19712,1696073112.7870882
4,19840,1696073112.8105528
4,19968,1696073112.833278
4,20096,1696073112.8552506
4,20224,1696073112.8762414
4,20352,1696073112.8989496
4,20480,1696073112.9215493
4,20608,1696073112.9434931
4,20736,1696073112.9638476
4,20864,1696073112.9862065
4,20992,1696073113.0088353
4,21120,1696073113.0335696
4,21248,1696073113.054732
4,21376,1696073113.0762851
4,21504,1696073113.0964637
4,21632,1696073113.115626
4,21760,1696073113.1379406
4,21888,1696073113.1610303
4,22016,1696073113.1850424
4,22144,1696073113.2073915
4,22272,1696073113.2314389
4,22400,1696073113.2532868
4,22528,1696073113.2747989
4,22656,1696073113.2949457
4,22784,1696073113.3163493
4,22912,1696073113.337003
4,23040,1696073113.3563943
4,23168,1696073113.3755822
4,23296,1696073113.3983498
4,23424,1696073113.4248767
4,23552,1696073113.4466481
4,23680,1696073113.4672937
4,23808,1696073113.4932213
4,23936,1696073113.5143096
4,24064,1696073113.5383701
4,24192,1696073113.5591493
4,24320,1696073113.5848222
4,24448,1696073113.6045604
4,24576,1696073113.6228
4,24704,1696073113.6443956
4,24832,1696073113.666242
4,24960,1696073113.6901205
4,25088,1696073113.7098365
4,25216,1696073113.7289858
4,25344,1696073113.7514088
4,25472,1696073113.7717485
4,25600,1696073113.7953017
4,25728,1696073113.8150058
4,25856,1696073113.8353467
4,25984,1696073113.859452
4,26112,1696073113.8802097
4,26240,1696073113.9011922
4,26368,1696073113.9216328
4,26496,1696073113.9432187
4,26624,1696073113.9633136
4,26752,1696073113.9850514
4,26880,1696073114.0060785
4,27008,1696073114.0268588
4,27136,1696073114.049374
4,27264,1696073114.0713263
4,27392,1696073114.0908024
4,27520,1696073114.1142979
4,27648,1696073114.1330943
4,27776,1696073114.1516037
4,27904,1696073114.1700332
4,28032,1696073114.1946406
4,28160,1696073114.2166922
4,28288,1696073114.2378924
4,28416,1696073114.256033
4,28544,1696073114.275401
4,28672,1696073114.2991056
4,28800,1696073114.3206859
4,28928,1696073114.3419912
4,29056,1696073114.3654542
4,29184,1696073114.391903
4,29312,1696073114.412408
4,29440,1696073114.4355319
4,29568,1696073114.4579806
4,29696,1696073114.480538
4,29824,1696073114.5016856
4,29952,1696073114.5254383
4,30080,1696073114.5497966
4,30208,1696073114.5696273
4,30336,1696073114.5880446
4,30464,1696073114.6079063
4,30592,1696073114.6356657
4,30720,1696073114.6551228
4,30848,1696073114.675236
4,30976,1696073114.699293
4,31104,1696073114.7199907
4,31232,1696073114.740857
4,31360,1696073114.7603486
4,31488,1696073114.7798102
4,31616,1696073114.8008368
4,31744,1696073114.8212574
4,31872,1696073114.8408766
4,32000,1696073114.8633692
4,32128,1696073114.8837776
4,32256,1696073114.9091287
4,32384,1696073114.9295993
4,32512,1696073114.951703
4,32640,1696073114.9750981
4,32768,1696073114.9950933
4,32896,1696073115.0177786
4,33024,1696073115.0434875
4,33152,1696073115.0658646
4,33280,1696073115.0870042
4,33408,1696073115.106161
4,33536,1696073115.125867
4,33664,1696073115.1497328
4,33792,1696073115.1714432
4,33920,1696073115.1924536
4,34048,1696073115.2141027
4,34176,1696073115.2400143
4,34304,1696073115.2596507
4,34432,1696073115.2782404
4,34560,1696073115.3034654
4,34688,1696073115.3242912
4,34816,1696073115.3490176
4,34944,1696073115.3691976
4,35072,1696073115.3898172
4,35200,1696073115.4073126
4,35328,1696073115.4241056
4,35456,1696073115.441983
4,35584,1696073115.4620757
4,35712,1696073115.479998
4,35840,1696073115.49941
4,35968,1696073115.5252578
4,36096,1696073115.5452836
4,36224,1696073115.564853
4,36352,1696073115.58366
4,36480,1696073115.605854
4,36608,1696073115.6257925
4,36736,1696073115.6466088
4,36864,1696073115.6708558
4,36992,1696073115.6911721
4,37120,1696073115.7134407
4,37248,1696073115.7367814
4,37376,1696073115.757337
4,37504,1696073115.7774832
4,37632,1696073115.7994328
4,37760,1696073115.821767
4,37888,1696073115.841859
4,38016,1696073115.863611
4,38144,1696073115.8869984
4,38272,1696073115.9077532
4,38400,1696073115.932316
4,38528,1696073115.95188
4,38656,1696073115.9747138
4,38784,1696073115.9925034
4,38912,1696073116.0113099
4,39040,1696073116.0351882
4,39168,1696073116.0553193
4,39296,1696073116.0771458
4,39424,1696073116.099326
4,39552,1696073116.120459
4,39680,1696073116.1434371
4,39808,1696073116.1647768
4,39936,1696073116.187372
4,40064,1696073116.2104688
4,40192,1696073116.2351708
4,40320,1696073116.2583442
4,40448,1696073116.2801566
4,40576,1696073116.3028986
4,40704,1696073116.3266053
4,40832,1696073116.3501976
4,40960,1696073116.36668
4,41088,1696073116.389503
4,41216,1696073116.413896
4,41344,1696073116.4305491
4,41472,1696073116.4510732
4,41600,1696073116.4752653
4,41728,1696073116.499029
4,41856,1696073116.5214782
4,41984,1696073116.54549
4,42112,1696073116.5689454
4,42240,1696073116.5955586
4,42368,1696073116.6189547
4,42496,1696073116.6396513
4,42624,1696073116.661279
4,42752,1696073116.6797895
4,42880,1696073116.7015145
4,43008,1696073116.7246807
4,43136,1696073116.752131
4,43264,1696073116.77405
4,43392,1696073116.7968051
4,43520,1696073116.8191626
4,43648,1696073116.8402874
4,43776,1696073116.8630428
4,43904,1696073116.8853047
4,44032,1696073116.9073792
4,44160,1696073116.9285126
4,44288,1696073116.9507365
4,44416,1696073116.97073
4,44544,1696073116.994122
4,44672,1696073117.0166318
4,44800,1696073117.0442672
4,44928,1696073117.0664444
4,45056,1696073117.0905519
4,45184,1696073117.114394
4,45312,1696073117.1306453
4,45440,1696073117.1509564
4,45568,1696073117.1686964
4,45696,1696073117.1875181
4,45824,1696073117.2071092
4,45952,1696073117.2307482
4,46080,1696073117.2513993
4,46208,1696073117.2769544
4,46336,1696073117.3009574
4,46464,1696073117.3228772
4,46592,1696073117.3446927
4,46720,1696073117.367636
4,46848,1696073117.3903997
4,46976,1696073117.411058
4,47104,1696073117.4317858
4,47232,1696073117.4552898
4,47360,1696073117.4766595
4,47488,1696073117.4991393
4,47616,1696073117.5206861
4,47744,1696073117.5431445
4,47872,1696073117.5640268
4,48000,1696073117.5859597
4,48128,1696073117.6020117
4,48256,1696073117.6211936
4,48384,1696073117.6407514
4,48512,1696073117.6594243
4,48640,1696073117.679052
4,48768,1696073117.6995974
4,48896,1696073117.7195055
4,49024,1696073117.742177
4,49152,1696073117.7611537
4,49280,1696073117.7799404
4,49408,1696073117.7989678
4,49536,1696073117.8190503
4,49664,1696073117.8434472
4,49792,1696073117.8667476
4,49920,1696073117.891133
4,50000,1696073117.912524
5,128,1696073118.3506956
5,256,1696073118.3702369
5,384,1696073118.3928115
5,512,1696073118.4160855
5,640,1696073118.4404209
5,768,1696073118.4639924
5,896,1696073118.4810095
5,1024,1696073118.5048208
5,1152,1696073118.5282044
5,1280,1696073118.5507784
5,1408,1696073118.5658197
5,1536,1696073118.591152
5,1664,1696073118.6062646
5,1792,1696073118.626912
5,1920,1696073118.650302
5,2048,1696073118.677016
5,2176,1696073118.69694
5,2304,1696073118.723325
5,2432,1696073118.7460644
5,2560,1696073118.7685316
5,2688,1696073118.7910948
5,2816,1696073118.812323
5,2944,1696073118.8376749
5,3072,1696073118.8577218
5,3200,1696073118.8830853
5,3328,1696073118.906147
5,3456,1696073118.9223325
5,3584,1696073118.9429133
5,3712,1696073118.9634683
5,3840,1696073118.983691
5,3968,1696073119.0033293
5,4096,1696073119.0216985
5,4224,1696073119.0396802
5,4352,1696073119.060443
5,4480,1696073119.0802722
5,4608,1696073119.1033971
5,4736,1696073119.123999
5,4864,1696073119.145653
5,4992,1696073119.171145
5,5120,1696073119.1936288
5,5248,1696073119.2111182
5,5376,1696073119.2371964
5,5504,1696073119.2569437
5,5632,1696073119.283273
5,5760,1696073119.305536
5,5888,1696073119.3306227
5,6016,1696073119.353272
5,6144,1696073119.3773572
5,6272,1696073119.4014084
5,6400,1696073119.421428
5,6528,1696073119.4435759
5,6656,1696073119.466872
5,6784,1696073119.4878762
5,6912,1696073119.5136435
5,7040,1696073119.5365624
5,7168,1696073119.5576503
5,7296,1696073119.583754
5,7424,1696073119.6089187
5,7552,1696073119.6313093
5,7680,1696073119.6544752
5,7808,1696073119.6723037
5,7936,1696073119.6974704
5,8064,1696073119.7200928
5,8192,1696073119.7437313
5,8320,1696073119.7641098
5,8448,1696073119.7834544
5,8576,1696073119.8023348
5,8704,1696073119.825631
5,8832,1696073119.849569
5,8960,1696073119.8733613
5,9088,1696073119.895444
5,9216,1696073119.9129753
5,9344,1696073119.9385848
5,9472,1696073119.963204
5,9600,1696073119.9831479
5,9728,1696073120.0027838
5,9856,1696073120.0291407
5,9984,1696073120.0487442
5,10112,1696073120.0681856
5,10240,1696073120.0890472
5,10368,1696073120.1114712
5,10496,1696073120.1312604
5,10624,1696073120.1532362
5,10752,1696073120.1737442
5,10880,1696073120.1974547
5,11008,1696073120.2218764
5,11136,1696073120.240014
5,11264,1696073120.2594702
5,11392,1696073120.2814324
5,11520,1696073120.3048782
5,11648,1696073120.3261044
5,11776,1696073120.3436825
5,11904,1696073120.3622732
5,12032,1696073120.3800945
5,12160,1696073120.399356
5,12288,1696073120.4195037
5,12416,1696073120.4387467
5,12544,1696073120.4631946
5,12672,1696073120.4853818
5,12800,1696073120.5024083
5,12928,1696073120.5274415
5,13056,1696073120.5497031
5,13184,1696073120.5750945
5,13312,1696073120.5975766
5,13440,1696073120.6229908
5,13568,1696073120.645097
5,13696,1696073120.6680748
5,13824,1696073120.6905034
5,13952,1696073120.712905
5,14080,1696073120.7365177
5,14208,1696073120.7585096
5,14336,1696073120.7792645
5,14464,1696073120.803464
5,14592,1696073120.823985
5,14720,1696073120.849506
5,14848,1696073120.873232
5,14976,1696073120.8946068
5,15104,1696073120.9111388
5,15232,1696073120.9312143
5,15360,1696073120.953866
5,15488,1696073120.9805756
5,15616,1696073121.0033238
5,15744,1696073121.0243716
5,15872,1696073121.051936
5,16000,1696073121.0722911
5,16128,1696073121.0936623
5,16256,1696073121.1106882
5,16384,1696073121.133582
5,16512,1696073121.1578135
5,16640,1696073121.1850011
5,16768,1696073121.2074292
5,16896,1696073121.2262082
5,17024,1696073121.2472885
5,17152,1696073121.2654755
5,17280,1696073121.2829583
5,17408,1696073121.3061788
5,17536,1696073121.328924
5,17664,1696073121.3553398
5,17792,1696073121.377724
5,17920,1696073121.4027455
5,18048,1696073121.4259763
5,18176,1696073121.4515045
5,18304,1696073121.4729142
5,18432,1696073121.4992342
5,18560,1696073121.5215874
5,18688,1696073121.5470612
5,18816,1696073121.5699775
5,18944,1696073121.5969114
5,19072,1696073121.616971
5,19200,1696073121.6432507
5,19328,1696073121.6654215
5,19456,1696073121.6906307
5,19584,1696073121.7130468
5,19712,1696073121.7375011
5,19840,1696073121.757638
5,19968,1696073121.7833977
5,20096,1696073121.805208
5,20224,1696073121.8310883
5,20352,1696073121.8532352
5,20480,1696073121.8794727
5,20608,1696073121.9012802
5,20736,1696073121.917485
5,20864,1696073121.9433658
5,20992,1696073121.9655786
5,21120,1696073121.9866424
5,21248,1696073122.0054371
5,21376,1696073122.0318065
5,21504,1696073122.0534523
5,21632,1696073122.07856
5,21760,1696073122.103693
5,21888,1696073122.1256204
5,22016,1696073122.146949
5,22144,1696073122.1708486
5,22272,1696073122.193128
5,22400,1696073122.2176452
5,22528,1696073122.2400832
5,22656,1696073122.2632117
5,22784,1696073122.2837248
5,22912,1696073122.3099208
5,23040,1696073122.3288987
5,23168,1696073122.3546035
5,23296,1696073122.3733008
5,23424,1696073122.3953745
5,23552,1696073122.416325
5,23680,1696073122.439092
5,23808,1696073122.461061
5,23936,1696073122.4789603
5,24064,1696073122.501312
5,24192,1696073122.5244765
5,24320,1696073122.5452542
5,24448,1696073122.5656369
5,24576,1696073122.584016
5,24704,1696073122.6029236
5,24832,1696073122.627299
5,24960,1696073122.648607
5,25088,1696073122.6701143
5,25216,1696073122.6952434
5,25344,1696073122.7166479
5,25472,1696073122.7406256
5,25600,1696073122.762104
5,25728,1696073122.7841246
5,25856,1696073122.8060772
5,25984,1696073122.8278759
5,26112,1696073122.8540745
5,26240,1696073122.8807077
5,26368,1696073122.903678
5,26496,1696073122.9221067
5,26624,1696073122.9497159
5,26752,1696073122.968695
5,26880,1696073122.9880955
5,27008,1696073123.010366
5,27136,1696073123.033803
5,27264,1696073123.060901
5,27392,1696073123.080182
5,27520,1696073123.099291
5,27648,1696073123.1257012
5,27776,1696073123.155893
5,27904,1696073123.1753356
5,28032,1696073123.1950955
5,28160,1696073123.2169516
5,28288,1696073123.242665
5,28416,1696073123.2657664
5,28544,1696073123.2908218
5,28672,1696073123.3137622
5,28800,1696073123.3395822
5,28928,1696073123.3592181
5,29056,1696073123.3801265
5,29184,1696073123.4029953
5,29312,1696073123.4228802
5,29440,1696073123.4449477
5,29568,1696073123.4644957
5,29696,1696073123.4836884
5,29824,1696073123.5033846
5,29952,1696073123.5213633
5,30080,1696073123.5405943
5,30208,1696073123.5595505
5,30336,1696073123.57922
5,30464,1696073123.6012945
5,30592,1696073123.6203265
5,30720,1696073123.6396697
5,30848,1696073123.659245
5,30976,1696073123.677203
5,31104,1696073123.6963027
5,31232,1696073123.7154968
5,31360,1696073123.7352195
5,31488,1696073123.7570634
5,31616,1696073123.7762384
5,31744,1696073123.7953498
5,31872,1696073123.8124435
5,32000,1696073123.8378289
5,32128,1696073123.8568587
5,32256,1696073123.8832433
5,32384,1696073123.9056263
5,32512,1696073123.9228652
5,32640,1696073123.942499
5,32768,1696073123.9620829
5,32896,1696073123.9832823
5,33024,1696073124.00589
5,33152,1696073124.0291855
5,33280,1696073124.0504708
5,33408,1696073124.0767877
5,33536,1696073124.095998
5,33664,1696073124.1153677
5,33792,1696073124.1377037
5,33920,1696073124.1629875
5,34048,1696073124.1827633
5,34176,1696073124.199991
5,34304,1696073124.2180808
5,34432,1696073124.2393103
5,34560,1696073124.2619312
5,34688,1696073124.286221
5,34816,1696073124.3101106
5,34944,1696073124.3349338
5,35072,1696073124.3587847
5,35200,1696073124.3831677
5,35328,1696073124.407035
5,35456,1696073124.4286008
5,35584,1696073124.4505768
5,35712,1696073124.4770746
5,35840,1696073124.4976404
5,35968,1696073124.5221243
5,36096,1696073124.5425746
5,36224,1696073124.5611737
5,36352,1696073124.5796173
5,36480,1696073124.5991466
5,36608,1696073124.6212656
5,36736,1696073124.6395822
5,36864,1696073124.6614616
5,36992,1696073124.6858656
5,37120,1696073124.7118235
5,37248,1696073124.7338622
5,37376,1696073124.7583554
5,37504,1696073124.778392
5,37632,1696073124.7969294
5,37760,1696073124.8164108
5,37888,1696073124.8357093
5,38016,1696073124.8597834
5,38144,1696073124.8790004
5,38272,1696073124.9033685
5,38400,1696073124.9237218
5,38528,1696073124.9416707
5,38656,1696073124.9691527
5,38784,1696073124.9887557
5,38912,1696073125.0075364
5,39040,1696073125.0280406
5,39168,1696073125.0464542
5,39296,1696073125.068277
5,39424,1696073125.0880935
5,39552,1696073125.1112537
5,39680,1696073125.1323063
5,39808,1696073125.1574233
5,39936,1696073125.178422
5,40064,1696073125.197802
5,40192,1696073125.224739
5,40320,1696073125.24564
5,40448,1696073125.268582
5,40576,1696073125.2891762
5,40704,1696073125.30863
5,40832,1696073125.330559
5,40960,1696073125.352538
5,41088,1696073125.372572
5,41216,1696073125.3913915
5,41344,1696073125.4159598
5,41472,1696073125.4379854
5,41600,1696073125.464544
5,41728,1696073125.4840126
5,41856,1696073125.5052488
5,41984,1696073125.5274904
5,42112,1696073125.5466766
5,42240,1696073125.5674775
5,42368,1696073125.590014
5,42496,1696073125.6159854
5,42624,1696073125.6356113
5,42752,1696073125.6551478
5,42880,1696073125.677677
5,43008,1696073125.6988652
5,43136,1696073125.725297
5,43264,1696073125.7447124
5,43392,1696073125.7662764
5,43520,1696073125.7886515
5,43648,1696073125.816323
5,43776,1696073125.835742
5,43904,1696073125.8551228
5,44032,1696073125.884251
5,44160,1696073125.9032462
5,44288,1696073125.921058
5,44416,1696073125.9387941
5,44544,1696073125.9624143
5,44672,1696073125.9857333
5,44800,1696073126.0117538
5,44928,1696073126.033791
5,45056,1696073126.0566328
5,45184,1696073126.077176
5,45312,1696073126.1005156
5,45440,1696073126.12242
5,45568,1696073126.1435854
5,45696,1696073126.1682882
5,45824,1696073126.1934745
5,45952,1696073126.2193677
5,46080,1696073126.239213
5,46208,1696073126.2580676
5,46336,1696073126.2824874
5,46464,1696073126.3036299
5,46592,1696073126.3260372
5,46720,1696073126.3509996
5,46848,1696073126.3708286
5,46976,1696073126.388494
5,47104,1696073126.4105053
5,47232,1696073126.437014
5,47360,1696073126.4560306
5,47488,1696073126.4752977
5,47616,1696073126.4946966
5,47744,1696073126.5195546
5,47872,1696073126.538924
5,48000,1696073126.5587702
5,48128,1696073126.5797558
5,48256,1696073126.604012
5,48384,1696073126.6238585
5,48512,1696073126.6454272
5,48640,1696073126.671036
5,48768,1696073126.6920643
5,48896,1696073126.7112467
5,49024,1696073126.7424114
5,49152,1696073126.7591918
5,49280,1696073126.7838333
5,49408,1696073126.805484
5,49536,1696073126.8240638
5,49664,1696073126.8524833
5,49792,1696073126.871581
5,49920,1696073126.8909378
5,50000,1696073126.9205666
6,128,1696073127.346691
6,256,1696073127.3659208
6,384,1696073127.3862183
6,512,1696073127.4072807
6,640,1696073127.4379952
6,768,1696073127.4656053
6,896,1696073127.4960194
6,1024,1696073127.5168576
6,1152,1696073127.5372198
6,1280,1696073127.5581803
6,1408,1696073127.5761049
6,1536,1696073127.5950375
6,1664,1696073127.6181014
6,1792,1696073127.6448028
6,1920,1696073127.664289
6,2048,1696073127.683567
6,2176,1696073127.70572
6,2304,1696073127.7285774
6,2432,1696073127.7531471
6,2560,1696073127.7785807
6,2688,1696073127.7987256
6,2816,1696073127.823101
6,2944,1696073127.8464587
6,3072,1696073127.8689044
6,3200,1696073127.8903205
6,3328,1696073127.9104912
6,3456,1696073127.9385595
6,3584,1696073127.9642525
6,3712,1696073127.9856315
6,3840,1696073128.0100014
6,3968,1696073128.0290215
6,4096,1696073128.0479846
6,4224,1696073128.0674875
6,4352,1696073128.0875268
6,4480,1696073128.1123235
6,4608,1696073128.1334803
6,4736,1696073128.1604455
6,4864,1696073128.1802385
6,4992,1696073128.2026298
6,5120,1696073128.2292805
6,5248,1696073128.2491305
6,5376,1696073128.2766922
6,5504,1696073128.2981436
6,5632,1696073128.3202572
6,5760,1696073128.3378327
6,5888,1696073128.3587978
6,6016,1696073128.3808143
6,6144,1696073128.402655
6,6272,1696073128.4288898
6,6400,1696073128.4504054
6,6528,1696073128.46766
6,6656,1696073128.4939003
