epoch,trained_sample,time
1,0,1695614923.1431873
1,64,1695614924.399169
1,128,1695614924.4383762
1,192,1695614924.4847658
1,256,1695614924.5388713
1,320,1695614924.5806065
1,384,1695614924.6284835
1,448,1695614924.680642
1,512,1695614924.726313
1,576,1695614924.7739286
1,640,1695614924.8190875
1,704,1695614924.8701923
1,768,1695614924.9180124
1,832,1695614924.96583
1,896,1695614925.0140312
1,960,1695614925.0617068
1,1024,1695614925.1097436
1,1088,1695614925.1621158
1,1152,1695614925.2025738
1,1216,1695614925.2567236
1,1280,1695614925.3052967
1,1344,1695614925.3504686
1,1408,1695614925.3938172
1,1472,1695614925.450104
1,1536,1695614925.493695
1,1600,1695614925.5463595
1,1664,1695614925.586515
1,1728,1695614925.6383638
1,1792,1695614925.6790304
1,1856,1695614925.7308557
1,1920,1695614925.7808263
1,1984,1695614925.8229263
1,2048,1695614925.8713698
1,2112,1695614925.9262733
1,2176,1695614925.9677198
1,2240,1695614926.0187788
1,2304,1695614926.0664806
1,2368,1695614926.1145346
1,2432,1695614926.1622312
1,2496,1695614926.210312
1,2560,1695614926.2593
1,2624,1695614926.3126836
1,2688,1695614926.3608098
1,2752,1695614926.402089
1,2816,1695614926.4537053
1,2880,1695614926.4957142
1,2944,1695614926.550915
1,3008,1695614926.5906065
1,3072,1695614926.6478746
1,3136,1695614926.6866734
1,3200,1695614926.7371254
1,3264,1695614926.785618
1,3328,1695614926.8337262
1,3392,1695614926.8819077
1,3456,1695614926.9289672
1,3520,1695614926.9718428
1,3584,1695614927.024489
1,3648,1695614927.0663116
1,3712,1695614927.118715
1,3776,1695614927.1654725
1,3840,1695614927.2116466
1,3904,1695614927.2628434
1,3968,1695614927.3109784
1,4032,1695614927.3542767
1,4096,1695614927.4024122
1,4160,1695614927.4622142
1,4224,1695614927.5022738
1,4288,1695614927.5526085
1,4352,1695614927.5983977
1,4416,1695614927.649562
1,4480,1695614927.6940982
1,4544,1695614927.7454972
1,4608,1695614927.7902834
1,4672,1695614927.8420649
1,4736,1695614927.8828099
1,4800,1695614927.934083
1,4864,1695614927.9821022
1,4928,1695614928.0345662
1,4992,1695614928.0747716
1,5056,1695614928.1235666
1,5120,1695614928.1706347
1,5184,1695614928.2196386
1,5248,1695614928.2659993
1,5312,1695614928.317745
1,5376,1695614928.3654354
1,5440,1695614928.4138076
1,5504,1695614928.46164
1,5568,1695614928.5044155
1,5632,1695614928.56212
1,5696,1695614928.6063275
1,5760,1695614928.6582077
1,5824,1695614928.6998057
1,5888,1695614928.7501047
1,5952,1695614928.798237
1,6016,1695614928.845667
1,6080,1695614928.8941844
1,6144,1695614928.941785
1,6208,1695614928.9902487
1,6272,1695614929.0410259
1,6336,1695614929.0835426
1,6400,1695614929.1313784
1,6464,1695614929.179636
1,6528,1695614929.2260673
1,6592,1695614929.2758763
1,6656,1695614929.3245645
1,6720,1695614929.3730283
1,6784,1695614929.4214282
1,6848,1695614929.469201
1,6912,1695614929.521195
1,6976,1695614929.5701802
1,7040,1695614929.622698
1,7104,1695614929.67461
1,7168,1695614929.733066
1,7232,1695614929.7766595
1,7296,1695614929.8238792
1,7360,1695614929.8761094
1,7424,1695614929.94509
1,7488,1695614929.9864826
1,7552,1695614930.0345106
1,7616,1695614930.0865407
1,7680,1695614930.146846
1,7744,1695614930.1927867
1,7808,1695614930.2423618
1,7872,1695614930.2965066
1,7936,1695614930.3526042
1,8000,1695614930.3986282
1,8064,1695614930.4474788
1,8128,1695614930.5052364
1,8192,1695614930.5591605
1,8256,1695614930.6072397
1,8320,1695614930.658929
1,8384,1695614930.7128894
1,8448,1695614930.7718046
1,8512,1695614930.8136573
1,8576,1695614930.8668292
1,8640,1695614930.9201634
1,8704,1695614930.9759119
1,8768,1695614931.024852
1,8832,1695614931.0691812
1,8896,1695614931.1224153
1,8960,1695614931.181568
1,9024,1695614931.2278311
1,9088,1695614931.2828228
1,9152,1695614931.3383753
1,9216,1695614931.3943977
1,9280,1695614931.4461815
1,9344,1695614931.4945319
1,9408,1695614931.5547712
1,9472,1695614931.6023588
1,9536,1695614931.653385
1,9600,1695614931.6992035
1,9664,1695614931.7541704
1,9728,1695614931.8125713
1,9792,1695614931.8670435
1,9856,1695614931.9138882
1,9920,1695614931.9696052
1,9984,1695614932.0238104
1,10048,1695614932.0666738
1,10112,1695614932.1260085
1,10176,1695614932.175511
1,10240,1695614932.2371063
1,10304,1695614932.2842872
1,10368,1695614932.3331418
1,10432,1695614932.3862815
1,10496,1695614932.4423044
1,10560,1695614932.4939208
1,10624,1695614932.5462925
1,10688,1695614932.5983922
1,10752,1695614932.657548
1,10816,1695614932.6992548
1,10880,1695614932.7574627
1,10944,1695614932.8068674
1,11008,1695614932.8650725
1,11072,1695614932.9170718
1,11136,1695614932.966526
1,11200,1695614933.0184364
1,11264,1695614933.0787182
1,11328,1695614933.125362
1,11392,1695614933.1807551
1,11456,1695614933.2304163
1,11520,1695614933.2917883
1,11584,1695614933.3345945
1,11648,1695614933.3900986
1,11712,1695614933.4423842
1,11776,1695614933.4979975
1,11840,1695614933.5462983
1,11904,1695614933.6051266
1,11968,1695614933.6622026
1,12032,1695614933.7305984
1,12096,1695614933.7835538
1,12160,1695614933.8437467
1,12224,1695614933.903718
1,12288,1695614933.9708467
1,12352,1695614934.024119
1,12416,1695614934.083926
1,12480,1695614934.146067
1,12544,1695614934.210207
1,12608,1695614934.2650573
1,12672,1695614934.32527
1,12736,1695614934.3875744
1,12800,1695614934.450019
1,12864,1695614934.5064235
1,12928,1695614934.5736341
1,12992,1695614934.6268263
1,13056,1695614934.6862838
1,13120,1695614934.7534986
1,13184,1695614934.806432
1,13248,1695614934.8671012
1,13312,1695614934.9342694
1,13376,1695614934.986674
1,13440,1695614935.0476618
1,13504,1695614935.1078815
1,13568,1695614935.1701665
1,13632,1695614935.2301352
1,13696,1695614935.2897363
1,13760,1695614935.34985
1,13824,1695614935.4138348
1,13888,1695614935.4689057
1,13952,1695614935.5286999
1,14016,1695614935.5899973
1,14080,1695614935.654922
1,14144,1695614935.7086525
1,14208,1695614935.7704103
1,14272,1695614935.8305502
1,14336,1695614935.8950498
1,14400,1695614935.9492903
1,14464,1695614936.0108945
1,14528,1695614936.0714161
1,14592,1695614936.1399498
1,14656,1695614936.1916008
1,14720,1695614936.2607129
1,14784,1695614936.3117409
1,14848,1695614936.37884
1,14912,1695614936.4305475
1,14976,1695614936.4937792
1,15040,1695614936.5586636
1,15104,1695614936.6189072
1,15168,1695614936.674751
1,15232,1695614936.7351296
1,15296,1695614936.79528
1,15360,1695614936.858385
1,15424,1695614936.9164124
1,15488,1695614936.9779124
1,15552,1695614937.037952
1,15616,1695614937.1020644
1,15680,1695614937.156505
1,15744,1695614937.2179174
1,15808,1695614937.2765462
1,15872,1695614937.3449109
1,15936,1695614937.396654
1,16000,1695614937.45821
1,16064,1695614937.5167258
1,16128,1695614937.580294
1,16192,1695614937.6354911
1,16256,1695614937.6974368
1,16320,1695614937.7584062
1,16384,1695614937.8176951
1,16448,1695614937.8762832
1,16512,1695614937.9381983
1,16576,1695614938.002905
1,16640,1695614938.058351
1,16704,1695614938.1253495
1,16768,1695614938.1777852
1,16832,1695614938.2380655
1,16896,1695614938.302965
1,16960,1695614938.3654473
1,17024,1695614938.417901
1,17088,1695614938.4821296
1,17152,1695614938.5374744
1,17216,1695614938.60258
1,17280,1695614938.6557422
1,17344,1695614938.7196918
1,17408,1695614938.7775774
1,17472,1695614938.8459582
1,17536,1695614938.9075873
1,17600,1695614938.9595056
1,17664,1695614939.0277267
1,17728,1695614939.0865674
1,17792,1695614939.1415675
1,17856,1695614939.2027977
1,17920,1695614939.265819
1,17984,1695614939.3305464
1,18048,1695614939.384568
1,18112,1695614939.4508119
1,18176,1695614939.505509
1,18240,1695614939.5734155
1,18304,1695614939.6254127
1,18368,1695614939.6866105
1,18432,1695614939.7581336
1,18496,1695614939.8132071
1,18560,1695614939.869955
1,18624,1695614939.9264827
1,18688,1695614939.9870327
1,18752,1695614940.0517719
1,18816,1695614940.1097736
1,18880,1695614940.1743636
1,18944,1695614940.2282984
1,19008,1695614940.2944965
1,19072,1695614940.3500853
1,19136,1695614940.4144578
1,19200,1695614940.4713244
1,19264,1695614940.5373445
1,19328,1695614940.596877
1,19392,1695614940.6512015
1,19456,1695614940.7179132
1,19520,1695614940.7745152
1,19584,1695614940.8341348
1,19648,1695614940.900733
1,19712,1695614940.9543097
1,19776,1695614941.0249858
1,19840,1695614941.080627
1,19904,1695614941.1349342
1,19968,1695614941.196314
1,20032,1695614941.258371
1,20096,1695614941.321265
1,20160,1695614941.3827794
1,20224,1695614941.4421847
1,20288,1695614941.5020564
1,20352,1695614941.5568032
1,20416,1695614941.6172428
1,20480,1695614941.677469
1,20544,1695614941.7417715
1,20608,1695614941.7999215
1,20672,1695614941.8688807
1,20736,1695614941.9216418
1,20800,1695614941.9898865
1,20864,1695614942.0439088
1,20928,1695614942.1058903
1,20992,1695614942.170367
1,21056,1695614942.2329245
1,21120,1695614942.2843037
1,21184,1695614942.3432655
1,21248,1695614942.4048228
1,21312,1695614942.4712222
1,21376,1695614942.5329134
1,21440,1695614942.5855849
1,21504,1695614942.6463106
1,21568,1695614942.710652
1,21632,1695614942.7675145
1,21696,1695614942.8287241
1,21760,1695614942.887706
1,21824,1695614942.9557884
1,21888,1695614943.013317
1,21952,1695614943.0661712
1,22016,1695614943.1345966
1,22080,1695614943.1900907
1,22144,1695614943.2485085
1,22208,1695614943.3096335
1,22272,1695614943.370455
1,22336,1695614943.4329522
1,22400,1695614943.4869874
1,22464,1695614943.5519104
1,22528,1695614943.6095426
1,22592,1695614943.6746378
1,22656,1695614943.7350705
1,22720,1695614943.7887158
1,22784,1695614943.8543437
1,22848,1695614943.9166722
1,22912,1695614943.968906
1,22976,1695614944.027706
1,23040,1695614944.0880756
1,23104,1695614944.1542792
1,23168,1695614944.2083867
1,23232,1695614944.2758677
1,23296,1695614944.3287508
1,23360,1695614944.3982801
1,23424,1695614944.4535172
1,23488,1695614944.510229
1,23552,1695614944.573705
1,23616,1695614944.637393
1,23680,1695614944.6901963
1,23744,1695614944.7510858
1,23808,1695614944.8180695
1,23872,1695614944.8785467
1,23936,1695614944.934374
1,24000,1695614944.9961061
1,24064,1695614945.0496588
1,24128,1695614945.1137817
1,24192,1695614945.1776657
1,24256,1695614945.2367115
1,24320,1695614945.2914858
1,24384,1695614945.3584356
1,24448,1695614945.4185224
1,24512,1695614945.4702153
1,24576,1695614945.5384455
1,24640,1695614945.5963035
1,24704,1695614945.6541953
1,24768,1695614945.711782
1,24832,1695614945.7709813
1,24896,1695614945.8362815
1,24960,1695614945.8936727
1,25024,1695614945.9562256
1,25088,1695614946.0108798
1,25152,1695614946.0784922
1,25216,1695614946.1313946
1,25280,1695614946.1917474
1,25344,1695614946.259431
1,25408,1695614946.3191679
1,25472,1695614946.3849607
1,25536,1695614946.4398894
1,25600,1695614946.4989934
1,25664,1695614946.5648894
1,25728,1695614946.6201208
1,25792,1695614946.6837442
1,25856,1695614946.737726
1,25920,1695614946.8024378
1,25984,1695614946.860917
1,26048,1695614946.9273474
1,26112,1695614946.987616
1,26176,1695614947.0478969
1,26240,1695614947.1080115
1,26304,1695614947.1617758
1,26368,1695614947.217456
1,26432,1695614947.2858627
1,26496,1695614947.3380547
1,26560,1695614947.4010649
1,26624,1695614947.472002
1,26688,1695614947.5328507
1,26752,1695614947.5889843
1,26816,1695614947.652114
1,26880,1695614947.707854
1,26944,1695614947.7722998
1,27008,1695614947.8288112
1,27072,1695614947.8895059
1,27136,1695614947.9587762
1,27200,1695614948.0196838
1,27264,1695614948.0690188
1,27328,1695614948.1328993
1,27392,1695614948.1900227
1,27456,1695614948.2603326
1,27520,1695614948.316384
1,27584,1695614948.3766246
1,27648,1695614948.4417458
1,27712,1695614948.49748
1,27776,1695614948.5591562
1,27840,1695614948.6208584
1,27904,1695614948.6886144
1,27968,1695614948.748416
1,28032,1695614948.8044045
1,28096,1695614948.8650827
1,28160,1695614948.9309423
1,28224,1695614948.9809694
1,28288,1695614949.0398405
1,28352,1695614949.1002784
1,28416,1695614949.1667962
1,28480,1695614949.2221467
1,28544,1695614949.290484
1,28608,1695614949.3425891
1,28672,1695614949.4106898
1,28736,1695614949.465822
1,28800,1695614949.524043
1,28864,1695614949.5945685
1,28928,1695614949.650935
1,28992,1695614949.7059064
1,29056,1695614949.7645977
1,29120,1695614949.8260624
1,29184,1695614949.8888948
1,29248,1695614949.9551485
1,29312,1695614950.0167096
1,29376,1695614950.06896
1,29440,1695614950.134533
1,29504,1695614950.1873415
1,29568,1695614950.2467632
1,29632,1695614950.306704
1,29696,1695614950.3747003
1,29760,1695614950.426863
1,29824,1695614950.4886625
1,29888,1695614950.548446
1,29952,1695614950.6147697
1,30016,1695614950.6754987
1,30080,1695614950.7351816
1,30144,1695614950.7950873
1,30208,1695614950.8590631
1,30272,1695614950.9175081
1,30336,1695614950.9798248
1,30400,1695614951.0411203
1,30464,1695614951.1089609
1,30528,1695614951.1642108
1,30592,1695614951.2245562
1,30656,1695614951.2827957
1,30720,1695614951.3553457
1,30784,1695614951.4064925
1,30848,1695614951.4722574
1,30912,1695614951.5329342
1,30976,1695614951.5954568
1,31040,1695614951.6500793
1,31104,1695614951.7152002
1,31168,1695614951.7700264
1,31232,1695614951.83871
1,31296,1695614951.8934789
1,31360,1695614951.9535367
1,31424,1695614952.0107608
1,31488,1695614952.0785775
1,31552,1695614952.1321251
1,31616,1695614952.1921875
1,31680,1695614952.25421
1,31744,1695614952.3184361
1,31808,1695614952.3756163
1,31872,1695614952.438127
1,31936,1695614952.497982
1,32000,1695614952.558586
1,32064,1695614952.6188793
1,32128,1695614952.6789486
1,32192,1695614952.7382655
1,32256,1695614952.8054917
1,32320,1695614952.8584385
1,32384,1695614952.9230714
1,32448,1695614952.978344
1,32512,1695614953.0463562
1,32576,1695614953.099433
1,32640,1695614953.15975
1,32704,1695614953.2198691
1,32768,1695614953.2853506
1,32832,1695614953.3420515
1,32896,1695614953.4029732
1,32960,1695614953.4661458
1,33024,1695614953.5302012
1,33088,1695614953.5889454
1,33152,1695614953.6454062
1,33216,1695614953.706096
1,33280,1695614953.769571
1,33344,1695614953.83289
1,33408,1695614953.8888855
1,33472,1695614953.9498553
1,33536,1695614954.0117254
1,33600,1695614954.0688968
1,33664,1695614954.1293488
1,33728,1695614954.1882524
1,33792,1695614954.256797
1,33856,1695614954.3083012
1,33920,1695614954.3699296
1,33984,1695614954.4300208
1,34048,1695614954.494572
1,34112,1695614954.5549881
1,34176,1695614954.6166656
1,34240,1695614954.6708803
1,34304,1695614954.736804
1,34368,1695614954.7935936
1,34432,1695614954.854045
1,34496,1695614954.914222
1,34560,1695614954.9820366
1,34624,1695614955.0419908
1,34688,1695614955.096484
1,34752,1695614955.1565921
1,34816,1695614955.225203
1,34880,1695614955.2793415
1,34944,1695614955.3396876
1,35008,1695614955.4000645
1,35072,1695614955.464414
1,35136,1695614955.5217762
1,35200,1695614955.5829136
1,35264,1695614955.6424575
1,35328,1695614955.7133214
1,35392,1695614955.7625906
1,35456,1695614955.826352
1,35520,1695614955.8815713
1,35584,1695614955.9480727
1,35648,1695614956.0064752
1,35712,1695614956.0646486
1,35776,1695614956.1244345
1,35840,1695614956.1898723
1,35904,1695614956.245853
1,35968,1695614956.3042872
1,36032,1695614956.3647895
1,36096,1695614956.4319649
1,36160,1695614956.4856946
1,36224,1695614956.5506864
1,36288,1695614956.6047337
1,36352,1695614956.6682398
1,36416,1695614956.7262027
1,36480,1695614956.785917
1,36544,1695614956.8459237
1,36608,1695614956.9106832
1,36672,1695614956.9669504
1,36736,1695614957.0280948
1,36800,1695614957.0900064
1,36864,1695614957.157837
1,36928,1695614957.212812
1,36992,1695614957.273893
1,37056,1695614957.3343642
1,37120,1695614957.3941836
1,37184,1695614957.4546065
1,37248,1695614957.512758
1,37312,1695614957.573049
1,37376,1695614957.6388905
1,37440,1695614957.6943698
1,37504,1695614957.7553194
1,37568,1695614957.8156264
1,37632,1695614957.8803349
1,37696,1695614957.9381864
1,37760,1695614957.997668
1,37824,1695614958.057575
1,37888,1695614958.1208389
1,37952,1695614958.1779692
1,38016,1695614958.2384148
1,38080,1695614958.2988951
1,38144,1695614958.3667076
1,38208,1695614958.4207356
1,38272,1695614958.4810414
1,38336,1695614958.5421731
1,38400,1695614958.608843
1,38464,1695614958.662248
1,38528,1695614958.7215803
1,38592,1695614958.78267
1,38656,1695614958.8506284
1,38720,1695614958.9034598
1,38784,1695614958.9657433
1,38848,1695614959.02387
1,38912,1695614959.090463
1,38976,1695614959.146987
1,39040,1695614959.2058883
1,39104,1695614959.2556117
1,39168,1695614959.3092465
1,39232,1695614959.3503428
1,39296,1695614959.401544
1,39360,1695614959.4426026
1,39424,1695614959.5048015
1,39488,1695614959.5456636
1,39552,1695614959.5937726
1,39616,1695614959.6420672
1,39680,1695614959.694442
1,39744,1695614959.7347481
1,39808,1695614959.7860618
1,39872,1695614959.8342037
1,39936,1695614959.8864737
1,40000,1695614959.9300618
1,40064,1695614959.9756563
1,40128,1695614960.0229907
1,40192,1695614960.077523
1,40256,1695614960.120818
1,40320,1695614960.1706164
1,40384,1695614960.2185438
1,40448,1695614960.2701547
1,40512,1695614960.319804
1,40576,1695614960.3590028
1,40640,1695614960.406395
1,40704,1695614960.4668152
1,40768,1695614960.5092897
1,40832,1695614960.5572853
1,40896,1695614960.599843
1,40960,1695614960.6561472
1,41024,1695614960.7016263
1,41088,1695614960.7541952
1,41152,1695614960.7956529
1,41216,1695614960.847811
1,41280,1695614960.8896158
1,41344,1695614960.9418721
1,41408,1695614960.9899552
1,41472,1695614961.0386002
1,41536,1695614961.0863845
1,41600,1695614961.1338856
1,41664,1695614961.182512
1,41728,1695614961.2299843
1,41792,1695614961.2783654
1,41856,1695614961.3275836
1,41920,1695614961.373759
1,41984,1695614961.429516
1,42048,1695614961.4711359
1,42112,1695614961.5141494
1,42176,1695614961.570362
1,42240,1695614961.6169915
1,42304,1695614961.66454
1,42368,1695614961.7062452
1,42432,1695614961.7607055
1,42496,1695614961.808785
1,42560,1695614961.854453
1,42624,1695614961.902505
1,42688,1695614961.9497173
1,42752,1695614962.001724
1,42816,1695614962.0497038
1,42880,1695614962.0976546
1,42944,1695614962.14564
1,43008,1695614962.1937354
1,43072,1695614962.2420866
1,43136,1695614962.2899468
1,43200,1695614962.338017
1,43264,1695614962.385845
1,43328,1695614962.434227
1,43392,1695614962.4842098
1,43456,1695614962.53014
1,43520,1695614962.5765412
1,43584,1695614962.6229103
1,43648,1695614962.6739833
1,43712,1695614962.722077
1,43776,1695614962.770421
1,43840,1695614962.825523
1,43904,1695614962.8668442
1,43968,1695614962.910269
1,44032,1695614962.9628363
1,44096,1695614963.009167
1,44160,1695614963.0587206
1,44224,1695614963.107194
1,44288,1695614963.1578598
1,44352,1695614963.2053535
1,44416,1695614963.2488275
1,44480,1695614963.3020084
1,44544,1695614963.3454626
1,44608,1695614963.3979154
1,44672,1695614963.4418776
1,44736,1695614963.493987
1,44800,1695614963.5421057
1,44864,1695614963.590016
1,44928,1695614963.6383724
1,44992,1695614963.6841245
1,45056,1695614963.7310495
1,45120,1695614963.782463
1,45184,1695614963.8303566
1,45248,1695614963.8784633
1,45312,1695614963.9265974
1,45376,1695614963.9775367
1,45440,1695614964.0197752
1,45504,1695614964.0664015
1,45568,1695614964.1150753
1,45632,1695614964.1692996
1,45696,1695614964.2176182
1,45760,1695614964.2656147
1,45824,1695614964.3138604
1,45888,1695614964.361711
1,45952,1695614964.4096503
1,46016,1695614964.4533536
1,46080,1695614964.5019777
1,46144,1695614964.5537415
1,46208,1695614964.6018326
1,46272,1695614964.6501892
1,46336,1695614964.6983042
1,46400,1695614964.746261
1,46464,1695614964.7919803
1,46528,1695614964.8421066
1,46592,1695614964.8903434
1,46656,1695614964.939631
1,46720,1695614964.9864788
1,46784,1695614965.0357509
1,46848,1695614965.0792587
1,46912,1695614965.1348197
1,46976,1695614965.1801682
1,47040,1695614965.2269669
1,47104,1695614965.2751942
1,47168,1695614965.33002
1,47232,1695614965.3692467
1,47296,1695614965.421663
1,47360,1695614965.4695141
1,47424,1695614965.5216498
1,47488,1695614965.5708268
1,47552,1695614965.611474
1,47616,1695614965.6588066
1,47680,1695614965.710086
1,47744,1695614965.758043
1,47808,1695614965.8060348
1,47872,1695614965.8540912
1,47936,1695614965.9025042
1,48000,1695614965.950486
1,48064,1695614965.9985251
1,48128,1695614966.0532324
1,48192,1695614966.094266
1,48256,1695614966.1424546
1,48320,1695614966.1907637
1,48384,1695614966.242615
1,48448,1695614966.2818775
1,48512,1695614966.331453
1,48576,1695614966.3809922
1,48640,1695614966.435921
1,48704,1695614966.477275
1,48768,1695614966.525401
1,48832,1695614966.5742323
1,48896,1695614966.627564
1,48960,1695614966.6698787
1,49024,1695614966.7181396
1,49088,1695614966.7661476
1,49152,1695614966.817918
1,49216,1695614966.8652425
1,49280,1695614966.9147465
1,49344,1695614966.9623296
1,49408,1695614967.0105035
1,49472,1695614967.055451
1,49536,1695614967.1006663
1,49600,1695614967.1487527
1,49664,1695614967.2025785
1,49728,1695614967.2504497
1,49792,1695614967.2946348
1,49856,1695614967.3444803
1,49920,1695614967.3961973
1,49984,1695614967.4438756
1,50000,1695614967.4971633
2,64,1695614967.8141193
2,128,1695614967.8469594
2,192,1695614967.898152
2,256,1695614967.9426494
2,320,1695614967.9941683
2,384,1695614968.0424058
2,448,1695614968.0898907
2,512,1695614968.1386309
2,576,1695614968.188905
2,640,1695614968.2319672
2,704,1695614968.2829566
2,768,1695614968.3310173
2,832,1695614968.3876085
2,896,1695614968.426744
2,960,1695614968.480235
2,1024,1695614968.5224273
2,1088,1695614968.574193
2,1152,1695614968.6221688
2,1216,1695614968.672115
2,1280,1695614968.7165415
2,1344,1695614968.7664647
2,1408,1695614968.8107383
2,1472,1695614968.862555
2,1536,1695614968.9110382
2,1600,1695614968.95877
2,1664,1695614969.009921
2,1728,1695614969.0540564
2,1792,1695614969.1060936
2,1856,1695614969.1542838
2,1920,1695614969.1989448
2,1984,1695614969.2503383
