epoch,trained_sample,time
1,0,1696069044.9282377
1,16,1696069046.2063959
1,32,1696069046.2339246
1,48,1696069046.2534218
1,64,1696069046.280624
1,80,1696069046.2973092
1,96,1696069046.317761
1,112,1696069046.3374972
1,128,1696069046.3558197
1,144,1696069046.3748353
1,160,1696069046.3945293
1,176,1696069046.4132786
1,192,1696069046.4337633
1,208,1696069046.4619842
1,224,1696069046.4770155
1,240,1696069046.4971817
1,256,1696069046.5174167
1,272,1696069046.5375175
1,288,1696069046.5565858
1,304,1696069046.5744824
1,320,1696069046.593366
1,336,1696069046.6133118
1,352,1696069046.6363466
1,368,1696069046.6554637
1,384,1696069046.67368
1,400,1696069046.692702
1,416,1696069046.711983
1,432,1696069046.7329671
1,448,1696069046.7520714
1,464,1696069046.7737992
1,480,1696069046.7898583
1,496,1696069046.810691
1,512,1696069046.8302503
1,528,1696069046.8512335
1,544,1696069046.871541
1,560,1696069046.8896618
1,576,1696069046.9085748
1,592,1696069046.9312868
1,608,1696069046.9486153
1,624,1696069046.9663665
1,640,1696069046.9861176
1,656,1696069047.00558
1,672,1696069047.0334482
1,688,1696069047.0560064
1,704,1696069047.079037
1,720,1696069047.0982068
1,736,1696069047.1162858
1,752,1696069047.1344914
1,768,1696069047.1526296
1,784,1696069047.173686
1,800,1696069047.192495
1,816,1696069047.2106576
1,832,1696069047.2318697
1,848,1696069047.2523842
1,864,1696069047.2745173
1,880,1696069047.293557
1,896,1696069047.3124623
1,912,1696069047.3315086
1,928,1696069047.350854
1,944,1696069047.3704224
1,960,1696069047.3896894
1,976,1696069047.4081159
1,992,1696069047.4257832
1,1008,1696069047.4481432
1,1024,1696069047.467682
1,1040,1696069047.486935
1,1056,1696069047.5057054
1,1072,1696069047.5245433
1,1088,1696069047.545229
1,1104,1696069047.5665073
1,1120,1696069047.5856342
1,1136,1696069047.6044846
1,1152,1696069047.6234653
1,1168,1696069047.645911
1,1184,1696069047.6669416
1,1200,1696069047.6872
1,1216,1696069047.7055807
1,1232,1696069047.7240355
1,1248,1696069047.7431345
1,1264,1696069047.7623959
1,1280,1696069047.7818613
1,1296,1696069047.8014023
1,1312,1696069047.820891
1,1328,1696069047.840981
1,1344,1696069047.8610759
1,1360,1696069047.8843083
1,1376,1696069047.9037824
1,1392,1696069047.9226036
1,1408,1696069047.9470112
1,1424,1696069047.974122
1,1440,1696069047.997374
1,1456,1696069048.0160954
1,1472,1696069048.0374622
1,1488,1696069048.0595596
1,1504,1696069048.0841546
1,1520,1696069048.1076016
1,1536,1696069048.1347556
1,1552,1696069048.1545355
1,1568,1696069048.1731956
1,1584,1696069048.1921742
1,1600,1696069048.2140288
1,1616,1696069048.2384682
1,1632,1696069048.2663467
1,1648,1696069048.2859817
1,1664,1696069048.3047733
1,1680,1696069048.32721
1,1696,1696069048.3507533
1,1712,1696069048.379619
1,1728,1696069048.400237
1,1744,1696069048.4251065
1,1760,1696069048.4451942
1,1776,1696069048.4739683
1,1792,1696069048.5007114
1,1808,1696069048.5162728
1,1824,1696069048.5373392
1,1840,1696069048.5576057
1,1856,1696069048.5800765
1,1872,1696069048.602324
1,1888,1696069048.6201367
1,1904,1696069048.6492858
1,1920,1696069048.6645496
1,1936,1696069048.6869984
1,1952,1696069048.7041686
1,1968,1696069048.720315
1,1984,1696069048.735797
1,2000,1696069048.7540388
1,2016,1696069048.7734919
1,2032,1696069048.791099
1,2048,1696069048.8108444
1,2064,1696069048.8278272
1,2080,1696069048.844161
1,2096,1696069048.859692
1,2112,1696069048.8784943
1,2128,1696069048.8958576
1,2144,1696069048.9122076
1,2160,1696069048.9275599
1,2176,1696069048.9455316
1,2192,1696069048.9627714
1,2208,1696069048.979412
1,2224,1696069048.9955008
1,2240,1696069049.0115907
1,2256,1696069049.028082
1,2272,1696069049.0445845
1,2288,1696069049.0618393
1,2304,1696069049.0821173
1,2320,1696069049.099527
1,2336,1696069049.1158195
1,2352,1696069049.1320424
1,2368,1696069049.1472595
1,2384,1696069049.1653185
1,2400,1696069049.182869
1,2416,1696069049.2008822
1,2432,1696069049.2185876
1,2448,1696069049.2359543
1,2464,1696069049.2522602
1,2480,1696069049.2675998
1,2496,1696069049.285557
1,2512,1696069049.3031442
1,2528,1696069049.3197773
1,2544,1696069049.336051
1,2560,1696069049.3539727
1,2576,1696069049.371236
1,2592,1696069049.3891501
1,2608,1696069049.4067824
1,2624,1696069049.4251282
1,2640,1696069049.4420292
1,2656,1696069049.459466
1,2672,1696069049.4761732
1,2688,1696069049.4920194
1,2704,1696069049.5083869
1,2720,1696069049.5237532
1,2736,1696069049.5399811
1,2752,1696069049.5564084
1,2768,1696069049.5734334
1,2784,1696069049.5908723
1,2800,1696069049.6088784
1,2816,1696069049.6267278
1,2832,1696069049.643766
1,2848,1696069049.6601334
1,2864,1696069049.6755793
1,2880,1696069049.6962025
1,2896,1696069049.7188282
1,2912,1696069049.737991
1,2928,1696069049.758425
1,2944,1696069049.778273
1,2960,1696069049.797962
1,2976,1696069049.818541
1,2992,1696069049.8382597
1,3008,1696069049.8581917
1,3024,1696069049.8785286
1,3040,1696069049.8982008
1,3056,1696069049.9182017
1,3072,1696069049.938099
1,3088,1696069049.958349
1,3104,1696069049.9781883
1,3120,1696069049.9985921
1,3136,1696069050.0179856
1,3152,1696069050.0383606
1,3168,1696069050.0583186
1,3184,1696069050.0782945
1,3200,1696069050.0980906
1,3216,1696069050.118318
1,3232,1696069050.1380825
1,3248,1696069050.158468
1,3264,1696069050.1782675
1,3280,1696069050.1980429
1,3296,1696069050.218495
1,3312,1696069050.2382934
1,3328,1696069050.2582402
1,3344,1696069050.2779899
1,3360,1696069050.2981946
1,3376,1696069050.3184488
1,3392,1696069050.3383088
1,3408,1696069050.3582404
1,3424,1696069050.3781712
1,3440,1696069050.3975232
1,3456,1696069050.4172654
1,3472,1696069050.4367812
1,3488,1696069050.4569435
1,3504,1696069050.476846
1,3520,1696069050.4976552
1,3536,1696069050.5187132
1,3552,1696069050.5377817
1,3568,1696069050.5581892
1,3584,1696069050.5776749
1,3600,1696069050.5968382
1,3616,1696069050.620741
1,3632,1696069050.6415896
1,3648,1696069050.66182
1,3664,1696069050.6818845
1,3680,1696069050.7056313
1,3696,1696069050.7257078
1,3712,1696069050.745601
1,3728,1696069050.7658439
1,3744,1696069050.7897048
1,3760,1696069050.8097243
1,3776,1696069050.8299289
1,3792,1696069050.8490493
1,3808,1696069050.8713624
1,3824,1696069050.8901799
1,3840,1696069050.91034
1,3856,1696069050.9295592
1,3872,1696069050.9515905
1,3888,1696069050.969969
1,3904,1696069050.9864066
1,3920,1696069051.002329
1,3936,1696069051.025099
1,3952,1696069051.0443032
1,3968,1696069051.0645998
1,3984,1696069051.0850043
1,4000,1696069051.1068785
1,4016,1696069051.1235027
1,4032,1696069051.1446712
1,4048,1696069051.1635005
1,4064,1696069051.1873946
1,4080,1696069051.208316
1,4096,1696069051.2275102
1,4112,1696069051.2457864
1,4128,1696069051.270059
1,4144,1696069051.2895348
1,4160,1696069051.309679
1,4176,1696069051.3297458
1,4192,1696069051.352378
1,4208,1696069051.3707004
1,4224,1696069051.3873677
1,4240,1696069051.4036245
1,4256,1696069051.4260383
1,4272,1696069051.4433944
1,4288,1696069051.4644241
1,4304,1696069051.4848232
1,4320,1696069051.5071278
1,4336,1696069051.5235333
1,4352,1696069051.5422375
1,4368,1696069051.5578132
1,4384,1696069051.579882
1,4400,1696069051.5977414
1,4416,1696069051.6145232
1,4432,1696069051.630297
1,4448,1696069051.651946
1,4464,1696069051.6697872
1,4480,1696069051.6897209
1,4496,1696069051.709328
1,4512,1696069051.729967
1,4528,1696069051.74955
1,4544,1696069051.7699354
1,4560,1696069051.789807
1,4576,1696069051.809832
1,4592,1696069051.8296425
1,4608,1696069051.849599
1,4624,1696069051.8697248
1,4640,1696069051.8898065
1,4656,1696069051.909894
1,4672,1696069051.9298832
1,4688,1696069051.9495416
1,4704,1696069051.970055
1,4720,1696069051.989631
1,4736,1696069052.0098855
1,4752,1696069052.0313995
1,4768,1696069052.059034
1,4784,1696069052.0820305
1,4800,1696069052.1065528
1,4816,1696069052.1264532
1,4832,1696069052.1468103
1,4848,1696069052.1727252
1,4864,1696069052.1957493
1,4880,1696069052.2207773
1,4896,1696069052.2433133
1,4912,1696069052.2672312
1,4928,1696069052.2984512
1,4944,1696069052.3183954
1,4960,1696069052.3385553
1,4976,1696069052.365547
1,4992,1696069052.3861468
1,5008,1696069052.409004
1,5024,1696069052.4285245
1,5040,1696069052.4491477
1,5056,1696069052.47176
1,5072,1696069052.4961207
1,5088,1696069052.5197403
1,5104,1696069052.5467227
1,5120,1696069052.5728507
1,5136,1696069052.5934696
1,5152,1696069052.6139522
1,5168,1696069052.6363993
1,5184,1696069052.6576605
1,5200,1696069052.677291
1,5216,1696069052.6983514
1,5232,1696069052.7166789
1,5248,1696069052.7374535
1,5264,1696069052.757995
1,5280,1696069052.777958
1,5296,1696069052.7974935
1,5312,1696069052.8185315
1,5328,1696069052.84356
1,5344,1696069052.8647013
1,5360,1696069052.8859053
1,5376,1696069052.9062145
1,5392,1696069052.9247077
1,5408,1696069052.9445379
1,5424,1696069052.974082
1,5440,1696069052.9947557
1,5456,1696069053.0204268
1,5472,1696069053.0413673
1,5488,1696069053.0606503
1,5504,1696069053.082184
1,5520,1696069053.100759
1,5536,1696069053.1206331
1,5552,1696069053.1501932
1,5568,1696069053.17758
1,5584,1696069053.199759
1,5600,1696069053.220876
1,5616,1696069053.244441
1,5632,1696069053.268319
1,5648,1696069053.2907603
1,5664,1696069053.3107164
1,5680,1696069053.3303168
1,5696,1696069053.3491688
1,5712,1696069053.377531
1,5728,1696069053.397306
1,5744,1696069053.4254856
1,5760,1696069053.4526
1,5776,1696069053.4719417
1,5792,1696069053.4911876
1,5808,1696069053.517776
1,5824,1696069053.5402682
1,5840,1696069053.5602672
1,5856,1696069053.5800428
1,5872,1696069053.6067123
1,5888,1696069053.6213
1,5904,1696069053.6449237
1,5920,1696069053.6645894
1,5936,1696069053.6868846
1,5952,1696069053.7076263
1,5968,1696069053.730937
1,5984,1696069053.7455373
1,6000,1696069053.7688208
1,6016,1696069053.7887778
1,6032,1696069053.81096
1,6048,1696069053.8300982
1,6064,1696069053.8498442
1,6080,1696069053.8703604
1,6096,1696069053.8900845
1,6112,1696069053.9099782
1,6128,1696069053.93027
1,6144,1696069053.949751
1,6160,1696069053.970408
1,6176,1696069053.990365
1,6192,1696069054.010178
1,6208,1696069054.0302732
1,6224,1696069054.0497265
1,6240,1696069054.0709112
1,6256,1696069054.0897882
1,6272,1696069054.1103127
1,6288,1696069054.1301367
1,6304,1696069054.150201
1,6320,1696069054.1704676
1,6336,1696069054.189604
1,6352,1696069054.2097635
1,6368,1696069054.229965
1,6384,1696069054.24924
1,6400,1696069054.2681105
1,6416,1696069054.2926548
1,6432,1696069054.31084
1,6448,1696069054.3295736
1,6464,1696069054.3503966
1,6480,1696069054.3700035
1,6496,1696069054.3902857
1,6512,1696069054.410183
1,6528,1696069054.4297514
1,6544,1696069054.4501452
1,6560,1696069054.470114
1,6576,1696069054.4905055
1,6592,1696069054.5095458
1,6608,1696069054.5295208
1,6624,1696069054.5495262
1,6640,1696069054.5706847
1,6656,1696069054.5896072
1,6672,1696069054.610107
1,6688,1696069054.6303017
1,6704,1696069054.6501486
1,6720,1696069054.6727028
1,6736,1696069054.6927445
1,6752,1696069054.7197967
1,6768,1696069054.7394783
1,6784,1696069054.759373
1,6800,1696069054.7810075
1,6816,1696069054.802696
1,6832,1696069054.8220654
1,6848,1696069054.8416371
1,6864,1696069054.8666704
1,6880,1696069054.891718
1,6896,1696069054.9119065
1,6912,1696069054.932701
1,6928,1696069054.9495142
1,6944,1696069054.970318
1,6960,1696069054.9909303
1,6976,1696069055.0063255
1,6992,1696069055.0317266
1,7008,1696069055.0528734
1,7024,1696069055.077281
1,7040,1696069055.0971942
1,7056,1696069055.1205125
1,7072,1696069055.1428142
1,7088,1696069055.1589804
1,7104,1696069055.180711
1,7120,1696069055.2032213
1,7136,1696069055.2226503
1,7152,1696069055.2430596
1,7168,1696069055.2578511
1,7184,1696069055.2812505
1,7200,1696069055.3012242
1,7216,1696069055.323142
1,7232,1696069055.3429348
1,7248,1696069055.369376
1,7264,1696069055.3886404
1,7280,1696069055.4096224
1,7296,1696069055.4255083
1,7312,1696069055.4450653
1,7328,1696069055.4652574
1,7344,1696069055.4891708
1,7360,1696069055.5090256
1,7376,1696069055.5327022
1,7392,1696069055.554427
1,7408,1696069055.5750854
1,7424,1696069055.5900478
1,7440,1696069055.609859
1,7456,1696069055.6308906
1,7472,1696069055.6505775
1,7488,1696069055.666989
1,7504,1696069055.6917615
1,7520,1696069055.7069201
1,7536,1696069055.7284653
1,7552,1696069055.7474127
1,7568,1696069055.7661715
1,7584,1696069055.7911615
1,7600,1696069055.8064926
1,7616,1696069055.8285794
1,7632,1696069055.850334
1,7648,1696069055.8691719
1,7664,1696069055.88792
1,7680,1696069055.906017
1,7696,1696069055.9229615
1,7712,1696069055.9393077
1,7728,1696069055.955823
1,7744,1696069055.971191
1,7760,1696069055.9901307
1,7776,1696069056.0069003
1,7792,1696069056.021231
1,7808,1696069056.0337741
1,7824,1696069056.0480459
1,7840,1696069056.0667644
1,7856,1696069056.0862875
1,7872,1696069056.106157
1,7888,1696069056.1258316
1,7904,1696069056.1461556
1,7920,1696069056.1663153
1,7936,1696069056.1872754
1,7952,1696069056.203733
1,7968,1696069056.221237
1,7984,1696069056.2378042
1,8000,1696069056.256234
1,8016,1696069056.2735019
1,8032,1696069056.2926629
1,8048,1696069056.3107462
1,8064,1696069056.330024
1,8080,1696069056.3472571
1,8096,1696069056.3656828
1,8112,1696069056.38298
1,8128,1696069056.3995926
1,8144,1696069056.4162889
1,8160,1696069056.433811
1,8176,1696069056.4509957
1,8192,1696069056.4695795
1,8208,1696069056.4876459
1,8224,1696069056.5095866
1,8240,1696069056.5306017
1,8256,1696069056.552091
1,8272,1696069056.567612
1,8288,1696069056.5887275
1,8304,1696069056.6135528
1,8320,1696069056.6322763
1,8336,1696069056.6575012
1,8352,1696069056.6776137
1,8368,1696069056.6989603
1,8384,1696069056.7167518
1,8400,1696069056.7347527
1,8416,1696069056.7518966
1,8432,1696069056.7718751
1,8448,1696069056.7952085
1,8464,1696069056.8102903
1,8480,1696069056.833245
1,8496,1696069056.8551197
1,8512,1696069056.8747575
1,8528,1696069056.899269
1,8544,1696069056.9218113
1,8560,1696069056.943023
1,8576,1696069056.9624422
1,8592,1696069056.9800732
1,8608,1696069056.997844
1,8624,1696069057.0156498
1,8640,1696069057.0337205
1,8656,1696069057.053404
1,8672,1696069057.0714562
1,8688,1696069057.0904891
1,8704,1696069057.1103923
1,8720,1696069057.1362803
1,8736,1696069057.156971
1,8752,1696069057.178988
1,8768,1696069057.1941717
1,8784,1696069057.214275
1,8800,1696069057.234674
1,8816,1696069057.255102
1,8832,1696069057.2793465
1,8848,1696069057.3002656
1,8864,1696069057.3295941
1,8880,1696069057.3469706
1,8896,1696069057.3640647
1,8912,1696069057.3813221
1,8928,1696069057.3990002
1,8944,1696069057.4185336
1,8960,1696069057.4385893
1,8976,1696069057.4565794
1,8992,1696069057.47684
1,9008,1696069057.5020046
1,9024,1696069057.5249598
1,9040,1696069057.5455353
1,9056,1696069057.5701873
1,9072,1696069057.5903196
1,9088,1696069057.6102562
1,9104,1696069057.6305377
1,9120,1696069057.6505313
1,9136,1696069057.6705189
1,9152,1696069057.690399
1,9168,1696069057.7106266
1,9184,1696069057.730056
1,9200,1696069057.7506566
1,9216,1696069057.7716806
1,9232,1696069057.7977533
1,9248,1696069057.8176231
1,9264,1696069057.8420582
1,9280,1696069057.861313
1,9296,1696069057.8816864
1,9312,1696069057.9047763
1,9328,1696069057.9246006
1,9344,1696069057.9472868
1,9360,1696069057.967337
1,9376,1696069057.9871554
1,9392,1696069058.006707
1,9408,1696069058.0240169
1,9424,1696069058.0397952
1,9440,1696069058.0649526
1,9456,1696069058.0859375
1,9472,1696069058.106941
1,9488,1696069058.1270072
1,9504,1696069058.143613
1,9520,1696069058.1625805
1,9536,1696069058.18744
1,9552,1696069058.2023084
1,9568,1696069058.2219052
1,9584,1696069058.2427557
1,9600,1696069058.2627935
1,9616,1696069058.2873237
1,9632,1696069058.3106244
1,9648,1696069058.3303275
1,9664,1696069058.3510725
1,9680,1696069058.3770332
1,9696,1696069058.3975196
1,9712,1696069058.4188054
1,9728,1696069058.4426239
1,9744,1696069058.4654193
1,9760,1696069058.4872675
1,9776,1696069058.5067527
1,9792,1696069058.5333214
1,9808,1696069058.5534766
1,9824,1696069058.574912
1,9840,1696069058.5939202
1,9856,1696069058.6099281
1,9872,1696069058.6289291
1,9888,1696069058.650581
1,9904,1696069058.6745138
1,9920,1696069058.6971943
1,9936,1696069058.7187138
1,9952,1696069058.7385483
1,9968,1696069058.7580302
1,9984,1696069058.7783508
1,10000,1696069058.798539
1,10016,1696069058.8185668
1,10032,1696069058.8374789
1,10048,1696069058.8576522
1,10064,1696069058.8850384
1,10080,1696069058.908491
1,10096,1696069058.9283898
1,10112,1696069058.9528317
1,10128,1696069058.9742825
1,10144,1696069058.9946263
1,10160,1696069059.0152164
1,10176,1696069059.0345294
1,10192,1696069059.0610375
1,10208,1696069059.0818646
1,10224,1696069059.102576
1,10240,1696069059.1220455
1,10256,1696069059.1423898
1,10272,1696069059.1627145
1,10288,1696069059.182679
1,10304,1696069059.199178
1,10320,1696069059.215868
1,10336,1696069059.2326047
1,10352,1696069059.2495165
1,10368,1696069059.2677991
1,10384,1696069059.2844367
1,10400,1696069059.3030412
1,10416,1696069059.3228872
1,10432,1696069059.3427472
1,10448,1696069059.362866
1,10464,1696069059.382596
1,10480,1696069059.402397
1,10496,1696069059.4203112
1,10512,1696069059.437129
1,10528,1696069059.4543624
1,10544,1696069059.472505
1,10560,1696069059.4897332
1,10576,1696069059.5070047
1,10592,1696069059.5272272
1,10608,1696069059.5472314
1,10624,1696069059.5670946
1,10640,1696069059.5867784
1,10656,1696069059.6067426
1,10672,1696069059.6267622
1,10688,1696069059.643921
1,10704,1696069059.6627276
1,10720,1696069059.6825635
1,10736,1696069059.7028046
1,10752,1696069059.7230377
1,10768,1696069059.7430394
1,10784,1696069059.7626426
1,10800,1696069059.7827911
1,10816,1696069059.8010316
1,10832,1696069059.8186798
1,10848,1696069059.8389537
1,10864,1696069059.8585725
1,10880,1696069059.8756955
1,10896,1696069059.894403
1,10912,1696069059.9148178
1,10928,1696069059.935196
1,10944,1696069059.9519925
1,10960,1696069059.9705098
1,10976,1696069059.988199
1,10992,1696069060.0062232
1,11008,1696069060.0265603
1,11024,1696069060.0434124
1,11040,1696069060.0643997
1,11056,1696069060.0864365
1,11072,1696069060.1115355
1,11088,1696069060.1341689
1,11104,1696069060.156999
1,11120,1696069060.1787012
1,11136,1696069060.1984587
1,11152,1696069060.2162685
1,11168,1696069060.234639
1,11184,1696069060.2524214
1,11200,1696069060.269508
1,11216,1696069060.2872202
1,11232,1696069060.3050768
1,11248,1696069060.325088
1,11264,1696069060.3434908
1,11280,1696069060.3627503
1,11296,1696069060.3843837
1,11312,1696069060.402899
1,11328,1696069060.422562
1,11344,1696069060.442491
1,11360,1696069060.4625127
1,11376,1696069060.4827418
1,11392,1696069060.503018
1,11408,1696069060.522995
1,11424,1696069060.542663
1,11440,1696069060.562828
1,11456,1696069060.5836968
1,11472,1696069060.6029906
1,11488,1696069060.622765
1,11504,1696069060.640641
1,11520,1696069060.6572409
1,11536,1696069060.6750555
1,11552,1696069060.6927772
1,11568,1696069060.7115085
1,11584,1696069060.7307458
1,11600,1696069060.7508442
1,11616,1696069060.7753544
1,11632,1696069060.790758
1,11648,1696069060.8133614
1,11664,1696069060.8350046
1,11680,1696069060.8502076
1,11696,1696069060.8699372
1,11712,1696069060.8909814
1,11728,1696069060.9104674
1,11744,1696069060.935217
1,11760,1696069060.9586973
1,11776,1696069060.9805632
1,11792,1696069061.0029259
1,11808,1696069061.0252237
1,11824,1696069061.0434113
1,11840,1696069061.062798
1,11856,1696069061.0824587
1,11872,1696069061.1029067
1,11888,1696069061.1228926
1,11904,1696069061.1430535
1,11920,1696069061.1628013
1,11936,1696069061.1807032
1,11952,1696069061.1975024
1,11968,1696069061.21567
1,11984,1696069061.2333212
1,12000,1696069061.2591484
1,12016,1696069061.2819233
1,12032,1696069061.3028502
1,12048,1696069061.3225749
1,12064,1696069061.3398435
1,12080,1696069061.3569157
1,12096,1696069061.3746455
1,12112,1696069061.391512
1,12128,1696069061.4107223
1,12144,1696069061.4307883
1,12160,1696069061.4506319
1,12176,1696069061.4706066
1,12192,1696069061.4929411
1,12208,1696069061.51357
1,12224,1696069061.5315003
1,12240,1696069061.5495884
1,12256,1696069061.5678651
1,12272,1696069061.586662
1,12288,1696069061.6071064
1,12304,1696069061.6269145
1,12320,1696069061.646776
1,12336,1696069061.6669593
1,12352,1696069061.68712
1,12368,1696069061.7071774
1,12384,1696069061.7266915
1,12400,1696069061.7470171
1,12416,1696069061.7668734
1,12432,1696069061.7868145
1,12448,1696069061.8065221
1,12464,1696069061.8265908
1,12480,1696069061.847103
1,12496,1696069061.8671608
1,12512,1696069061.8867514
1,12528,1696069061.9062982
1,12544,1696069061.9324522
1,12560,1696069061.9521377
1,12576,1696069061.9753196
1,12592,1696069061.99602
1,12608,1696069062.0192976
1,12624,1696069062.039395
1,12640,1696069062.0632517
1,12656,1696069062.0785437
1,12672,1696069062.1013937
1,12688,1696069062.119618
1,12704,1696069062.138414
1,12720,1696069062.1577103
1,12736,1696069062.1790228
1,12752,1696069062.2009149
1,12768,1696069062.2219512
1,12784,1696069062.24543
1,12800,1696069062.266772
1,12816,1696069062.2863202
1,12832,1696069062.3032606
1,12848,1696069062.3226013
1,12864,1696069062.3428001
1,12880,1696069062.3627415
1,12896,1696069062.3822348
1,12912,1696069062.3995724
1,12928,1696069062.4176445
1,12944,1696069062.4357615
1,12960,1696069062.4534037
1,12976,1696069062.4706745
1,12992,1696069062.488151
1,13008,1696069062.505151
1,13024,1696069062.5209029
1,13040,1696069062.5374813
1,13056,1696069062.5554152
1,13072,1696069062.571962
1,13088,1696069062.590081
1,13104,1696069062.6082878
1,13120,1696069062.6246643
1,13136,1696069062.6413367
1,13152,1696069062.6580145
1,13168,1696069062.6768758
1,13184,1696069062.6993296
1,13200,1696069062.7200735
1,13216,1696069062.742039
1,13232,1696069062.7623281
1,13248,1696069062.7821512
1,13264,1696069062.802006
1,13280,1696069062.8225908
1,13296,1696069062.8421266
1,13312,1696069062.8619542
1,13328,1696069062.8823636
1,13344,1696069062.9021664
1,13360,1696069062.921989
1,13376,1696069062.9413428
1,13392,1696069062.9621098
1,13408,1696069062.9839072
1,13424,1696069063.0016332
1,13440,1696069063.0189414
1,13456,1696069063.0357783
1,13472,1696069063.0530417
1,13488,1696069063.0702605
1,13504,1696069063.0870802
1,13520,1696069063.104044
1,13536,1696069063.1265068
1,13552,1696069063.147845
1,13568,1696069063.1699264
1,13584,1696069063.1902292
1,13600,1696069063.210116
1,13616,1696069063.2304847
1,13632,1696069063.2499523
1,13648,1696069063.2731254
1,13664,1696069063.294071
1,13680,1696069063.3140795
1,13696,1696069063.3343318
1,13712,1696069063.3541787
1,13728,1696069063.3742523
1,13744,1696069063.3963356
1,13760,1696069063.417935
1,13776,1696069063.437693
1,13792,1696069063.458501
1,13808,1696069063.4780254
1,13824,1696069063.4984071
1,13840,1696069063.5179322
1,13856,1696069063.5383718
1,13872,1696069063.5577695
1,13888,1696069063.5788255
1,13904,1696069063.595677
1,13920,1696069063.6133587
1,13936,1696069063.6337395
1,13952,1696069063.6545503
1,13968,1696069063.6714504
1,13984,1696069063.689007
1,14000,1696069063.7062714
1,14016,1696069063.7228754
1,14032,1696069063.7409105
1,14048,1696069063.7587144
1,14064,1696069063.7773447
1,14080,1696069063.7946644
1,14096,1696069063.8132281
1,14112,1696069063.830834
1,14128,1696069063.8493848
1,14144,1696069063.8657036
1,14160,1696069063.8856761
1,14176,1696069063.9028332
1,14192,1696069063.9200313
1,14208,1696069063.9357972
1,14224,1696069063.9529476
1,14240,1696069063.970266
1,14256,1696069063.9880567
1,14272,1696069064.0047657
1,14288,1696069064.0209906
1,14304,1696069064.0385897
1,14320,1696069064.0567544
1,14336,1696069064.0747454
1,14352,1696069064.0927563
1,14368,1696069064.1104956
1,14384,1696069064.128306
1,14400,1696069064.1472123
1,14416,1696069064.169518
1,14432,1696069064.1914525
1,14448,1696069064.2136369
1,14464,1696069064.2338545
1,14480,1696069064.2549844
1,14496,1696069064.277243
1,14512,1696069064.2980983
1,14528,1696069064.3181648
1,14544,1696069064.3380191
1,14560,1696069064.3600705
1,14576,1696069064.380775
1,14592,1696069064.4021795
1,14608,1696069064.4221466
1,14624,1696069064.4420564
1,14640,1696069064.4620252
1,14656,1696069064.4822028
1,14672,1696069064.5022495
1,14688,1696069064.5222692
1,14704,1696069064.5422935
1,14720,1696069064.562947
1,14736,1696069064.582706
1,14752,1696069064.6003575
1,14768,1696069064.618342
1,14784,1696069064.6364663
1,14800,1696069064.6568792
1,14816,1696069064.6792672
1,14832,1696069064.7068887
1,14848,1696069064.7235005
1,14864,1696069064.7457626
1,14880,1696069064.7641292
1,14896,1696069064.7866173
1,14912,1696069064.8047187
1,14928,1696069064.8251495
1,14944,1696069064.8537042
1,14960,1696069064.8814704
1,14976,1696069064.8988218
1,14992,1696069064.922376
1,15008,1696069064.942071
1,15024,1696069064.9615743
1,15040,1696069064.9813528
1,15056,1696069065.0008667
1,15072,1696069065.0203788
1,15088,1696069065.041713
1,15104,1696069065.0620382
1,15120,1696069065.081759
1,15136,1696069065.1007717
1,15152,1696069065.1230638
1,15168,1696069065.146953
1,15184,1696069065.173802
1,15200,1696069065.2018044
1,15216,1696069065.2173655
1,15232,1696069065.2378635
1,15248,1696069065.2574382
1,15264,1696069065.2770715
1,15280,1696069065.2969916
1,15296,1696069065.3181658
1,15312,1696069065.3377073
1,15328,1696069065.3583689
1,15344,1696069065.3778582
1,15360,1696069065.3974714
1,15376,1696069065.416964
1,15392,1696069065.4394357
1,15408,1696069065.4567938
1,15424,1696069065.4860473
1,15440,1696069065.5054631
1,15456,1696069065.5250807
1,15472,1696069065.544715
1,15488,1696069065.564723
1,15504,1696069065.5861201
1,15520,1696069065.60726
1,15536,1696069065.6264553
1,15552,1696069065.6464896
1,15568,1696069065.6700487
1,15584,1696069065.6900568
1,15600,1696069065.7098024
1,15616,1696069065.7291472
1,15632,1696069065.750855
1,15648,1696069065.7806501
1,15664,1696069065.7970297
1,15680,1696069065.8175516
1,15696,1696069065.8383644
1,15712,1696069065.8647099
1,15728,1696069065.8883529
1,15744,1696069065.9190564
1,15760,1696069065.9461389
1,15776,1696069065.963307
1,15792,1696069065.9833643
1,15808,1696069066.0032747
1,15824,1696069066.0261354
1,15840,1696069066.0462637
1,15856,1696069066.066927
1,15872,1696069066.087359
1,15888,1696069066.1115088
1,15904,1696069066.1318877
1,15920,1696069066.1539075
1,15936,1696069066.1742742
1,15952,1696069066.1937566
1,15968,1696069066.213549
1,15984,1696069066.2330375
1,16000,1696069066.2531738
1,16016,1696069066.2769055
1,16032,1696069066.3049548
1,16048,1696069066.3222058
1,16064,1696069066.3426108
1,16080,1696069066.3640556
1,16096,1696069066.389648
1,16112,1696069066.4104989
1,16128,1696069066.4378533
1,16144,1696069066.4600434
1,16160,1696069066.4851396
1,16176,1696069066.5132375
1,16192,1696069066.5295
1,16208,1696069066.5497303
1,16224,1696069066.5692441
1,16240,1696069066.5892828
1,16256,1696069066.610073
1,16272,1696069066.6302285
1,16288,1696069066.649969
1,16304,1696069066.6695251
1,16320,1696069066.68925
1,16336,1696069066.709621
1,16352,1696069066.7306163
1,16368,1696069066.7498274
1,16384,1696069066.7710285
1,16400,1696069066.7906628
1,16416,1696069066.818006
1,16432,1696069066.8406258
1,16448,1696069066.8634288
1,16464,1696069066.8882477
1,16480,1696069066.9122107
1,16496,1696069066.9357948
1,16512,1696069066.9602888
1,16528,1696069066.9838295
1,16544,1696069067.0083423
1,16560,1696069067.0321934
1,16576,1696069067.0557108
1,16592,1696069067.0847473
1,16608,1696069067.1058116
1,16624,1696069067.1235363
1,16640,1696069067.1405063
1,16656,1696069067.156536
1,16672,1696069067.1734107
1,16688,1696069067.1911528
1,16704,1696069067.208724
1,16720,1696069067.2261524
1,16736,1696069067.2443793
1,16752,1696069067.2633052
1,16768,1696069067.2826977
1,16784,1696069067.303187
1,16800,1696069067.3231337
1,16816,1696069067.3433018
1,16832,1696069067.363593
1,16848,1696069067.3828728
1,16864,1696069067.402799
1,16880,1696069067.4227862
1,16896,1696069067.4406376
1,16912,1696069067.4574327
1,16928,1696069067.4751563
1,16944,1696069067.4938877
1,16960,1696069067.5130503
1,16976,1696069067.53074
1,16992,1696069067.5535383
1,17008,1696069067.5752301
1,17024,1696069067.5943048
1,17040,1696069067.6120048
1,17056,1696069067.6290693
1,17072,1696069067.6475801
1,17088,1696069067.667073
1,17104,1696069067.6869295
1,17120,1696069067.706762
1,17136,1696069067.728192
1,17152,1696069067.7469563
1,17168,1696069067.766428
1,17184,1696069067.7910163
1,17200,1696069067.814929
1,17216,1696069067.8364198
1,17232,1696069067.8587127
1,17248,1696069067.8788867
1,17264,1696069067.8978531
1,17280,1696069067.9148288
1,17296,1696069067.9326067
1,17312,1696069067.9508214
1,17328,1696069067.9692242
1,17344,1696069067.987579
1,17360,1696069068.006509
1,17376,1696069068.0265088
1,17392,1696069068.0467918
1,17408,1696069068.0667248
1,17424,1696069068.0866597
1,17440,1696069068.1068134
1,17456,1696069068.126741
1,17472,1696069068.14691
1,17488,1696069068.166746
1,17504,1696069068.1884181
1,17520,1696069068.211273
1,17536,1696069068.2311516
1,17552,1696069068.2529256
1,17568,1696069068.277538
1,17584,1696069068.2995489
1,17600,1696069068.3195484
1,17616,1696069068.3390255
1,17632,1696069068.3689036
1,17648,1696069068.386092
1,17664,1696069068.4070358
1,17680,1696069068.426684
1,17696,1696069068.449013
1,17712,1696069068.4709811
1,17728,1696069068.4905298
1,17744,1696069068.5109003
1,17760,1696069068.5341444
1,17776,1696069068.5541134
1,17792,1696069068.574488
1,17808,1696069068.602995
1,17824,1696069068.6188338
1,17840,1696069068.6465998
1,17856,1696069068.663015
1,17872,1696069068.687938
1,17888,1696069068.7079155
1,17904,1696069068.7301478
1,17920,1696069068.7496257
1,17936,1696069068.7706413
1,17952,1696069068.7990267
1,17968,1696069068.825802
1,17984,1696069068.8415828
1,18000,1696069068.8626037
1,18016,1696069068.8910718
1,18032,1696069068.9183998
1,18048,1696069068.9380386
1,18064,1696069068.9632492
1,18080,1696069068.986731
1,18096,1696069069.0140226
1,18112,1696069069.040932
1,18128,1696069069.0572786
1,18144,1696069069.0778093
1,18160,1696069069.0975456
1,18176,1696069069.117364
1,18192,1696069069.1371174
1,18208,1696069069.1574683
1,18224,1696069069.1782146
1,18240,1696069069.202511
1,18256,1696069069.2290654
1,18272,1696069069.2527611
1,18288,1696069069.276027
1,18304,1696069069.293173
1,18320,1696069069.3114457
1,18336,1696069069.3287008
1,18352,1696069069.3454792
1,18368,1696069069.3627403
1,18384,1696069069.3811088
1,18400,1696069069.400035
1,18416,1696069069.4189105
1,18432,1696069069.4380221
1,18448,1696069069.4563267
1,18464,1696069069.473131
1,18480,1696069069.4898818
1,18496,1696069069.5074956
1,18512,1696069069.5246315
1,18528,1696069069.5462823
1,18544,1696069069.564328
1,18560,1696069069.5867417
1,18576,1696069069.6175878
1,18592,1696069069.633569
1,18608,1696069069.6540618
1,18624,1696069069.6743994
1,18640,1696069069.6973462
1,18656,1696069069.7176566
1,18672,1696069069.7385333
1,18688,1696069069.7583618
1,18704,1696069069.778305
1,18720,1696069069.8012881
1,18736,1696069069.824432
1,18752,1696069069.8479884
1,18768,1696069069.8722293
1,18784,1696069069.89627
1,18800,1696069069.9216313
1,18816,1696069069.9483063
1,18832,1696069069.9648156
1,18848,1696069069.9856966
1,18864,1696069070.0064526
1,18880,1696069070.0265625
1,18896,1696069070.0469718
1,18912,1696069070.0699618
1,18928,1696069070.0900114
1,18944,1696069070.118055
1,18960,1696069070.1341765
1,18976,1696069070.1567137
1,18992,1696069070.1777227
1,19008,1696069070.1965177
1,19024,1696069070.2186785
1,19040,1696069070.2374113
1,19056,1696069070.2592776
1,19072,1696069070.2832763
1,19088,1696069070.3094778
1,19104,1696069070.3321543
1,19120,1696069070.353237
1,19136,1696069070.3721812
1,19152,1696069070.3878741
1,19168,1696069070.4048746
1,19184,1696069070.4225504
1,19200,1696069070.440527
1,19216,1696069070.4589114
1,19232,1696069070.4836078
1,19248,1696069070.5046086
1,19264,1696069070.5269408
1,19280,1696069070.547223
1,19296,1696069070.573539
1,19312,1696069070.5914679
1,19328,1696069070.617355
1,19344,1696069070.6361716
1,19360,1696069070.6615324
1,19376,1696069070.6822214
1,19392,1696069070.7029982
1,19408,1696069070.7180133
1,19424,1696069070.7383213
1,19440,1696069070.7586699
1,19456,1696069070.7743366
1,19472,1696069070.7943463
1,19488,1696069070.8148227
1,19504,1696069070.837656
1,19520,1696069070.8592749
1,19536,1696069070.8777776
1,19552,1696069070.9028077
1,19568,1696069070.9255395
1,19584,1696069070.947284
1,19600,1696069070.9664788
1,19616,1696069070.9919434
1,19632,1696069071.0153124
1,19648,1696069071.0350866
1,19664,1696069071.0592816
1,19680,1696069071.0824282
1,19696,1696069071.1045117
1,19712,1696069071.1271617
1,19728,1696069071.147217
1,19744,1696069071.170325
1,19760,1696069071.1928484
1,19776,1696069071.2159882
1,19792,1696069071.2422612
1,19808,1696069071.2589502
1,19824,1696069071.2830622
1,19840,1696069071.3035507
1,19856,1696069071.323255
1,19872,1696069071.3447652
1,19888,1696069071.3683152
1,19904,1696069071.3933582
1,19920,1696069071.420819
1,19936,1696069071.4382658
1,19952,1696069071.4584656
1,19968,1696069071.4780588
1,19984,1696069071.4986155
1,20000,1696069071.5214577
1,20016,1696069071.542199
1,20032,1696069071.5616643
1,20048,1696069071.5812275
1,20064,1696069071.6014671
1,20080,1696069071.6223867
1,20096,1696069071.6421835
1,20112,1696069071.6619086
1,20128,1696069071.6814811
1,20144,1696069071.7012565
1,20160,1696069071.7224798
1,20176,1696069071.7436993
1,20192,1696069071.7661364
1,20208,1696069071.7864435
1,20224,1696069071.8064563
1,20240,1696069071.8303187
1,20256,1696069071.849507
1,20272,1696069071.869683
1,20288,1696069071.8935778
1,20304,1696069071.9149456
1,20320,1696069071.9447734
1,20336,1696069071.971516
1,20352,1696069071.9930472
1,20368,1696069072.0149229
1,20384,1696069072.0355182
1,20400,1696069072.061826
1,20416,1696069072.081642
1,20432,1696069072.1026862
1,20448,1696069072.126639
1,20464,1696069072.1483529
1,20480,1696069072.1696677
1,20496,1696069072.1856341
1,20512,1696069072.2060385
1,20528,1696069072.2271023
1,20544,1696069072.2423472
1,20560,1696069072.2654085
1,20576,1696069072.287256
1,20592,1696069072.3025577
1,20608,1696069072.321671
1,20624,1696069072.3439429
1,20640,1696069072.3641639
1,20656,1696069072.3872294
1,20672,1696069072.4073422
1,20688,1696069072.4238768
1,20704,1696069072.4402847
1,20720,1696069072.4573128
1,20736,1696069072.4752944
1,20752,1696069072.4935808
1,20768,1696069072.5149658
1,20784,1696069072.5349836
1,20800,1696069072.5591931
1,20816,1696069072.582852
1,20832,1696069072.6047401
1,20848,1696069072.6269338
1,20864,1696069072.6475387
1,20880,1696069072.6736479
1,20896,1696069072.6929288
1,20912,1696069072.71734
1,20928,1696069072.7364395
1,20944,1696069072.757308
1,20960,1696069072.7780852
1,20976,1696069072.7983515
1,20992,1696069072.8190136
1,21008,1696069072.8379161
1,21024,1696069072.8553667
1,21040,1696069072.8724637
1,21056,1696069072.8912342
1,21072,1696069072.9104986
1,21088,1696069072.9310641
1,21104,1696069072.951127
1,21120,1696069072.9706771
1,21136,1696069072.9885964
1,21152,1696069073.0060349
1,21168,1696069073.0247965
1,21184,1696069073.0420601
1,21200,1696069073.0631118
1,21216,1696069073.082927
1,21232,1696069073.102758
1,21248,1696069073.1227255
1,21264,1696069073.1426742
1,21280,1696069073.1630123
1,21296,1696069073.1818132
1,21312,1696069073.2077937
1,21328,1696069073.2288659
1,21344,1696069073.2508173
1,21360,1696069073.27157
1,21376,1696069073.295584
1,21392,1696069073.315722
1,21408,1696069073.3392851
1,21424,1696069073.3601873
1,21440,1696069073.3834445
1,21456,1696069073.405106
1,21472,1696069073.4269052
1,21488,1696069073.4464588
1,21504,1696069073.466639
1,21520,1696069073.4897568
1,21536,1696069073.5108032
1,21552,1696069073.5303638
1,21568,1696069073.5506713
1,21584,1696069073.5703368
1,21600,1696069073.5905464
1,21616,1696069073.6090863
1,21632,1696069073.6273892
1,21648,1696069073.6463532
1,21664,1696069073.6665552
1,21680,1696069073.6870282
1,21696,1696069073.7067215
1,21712,1696069073.7264633
1,21728,1696069073.7467325
1,21744,1696069073.7667618
1,21760,1696069073.786796
1,21776,1696069073.8069465
1,21792,1696069073.826749
1,21808,1696069073.8466566
1,21824,1696069073.8667064
1,21840,1696069073.886535
1,21856,1696069073.9067376
1,21872,1696069073.9264832
1,21888,1696069073.946777
1,21904,1696069073.9646034
1,21920,1696069073.987119
1,21936,1696069074.002006
1,21952,1696069074.0224183
1,21968,1696069074.0430248
1,21984,1696069074.0587127
1,22000,1696069074.0807042
1,22016,1696069074.1025233
1,22032,1696069074.122471
1,22048,1696069074.1426706
1,22064,1696069074.162678
1,22080,1696069074.1840696
1,22096,1696069074.206315
1,22112,1696069074.226829
1,22128,1696069074.2469544
1,22144,1696069074.2710428
1,22160,1696069074.2924204
1,22176,1696069074.314853
1,22192,1696069074.330376
1,22208,1696069074.3531802
1,22224,1696069074.3747973
1,22240,1696069074.3944767
1,22256,1696069074.4122336
1,22272,1696069074.4302902
1,22288,1696069074.4504576
1,22304,1696069074.4711049
1,22320,1696069074.4910543
1,22336,1696069074.5111036
1,22352,1696069074.5305886
1,22368,1696069074.5506055
1,22384,1696069074.5699246
1,22400,1696069074.595393
1,22416,1696069074.616884
1,22432,1696069074.6390438
1,22448,1696069074.6592546
1,22464,1696069074.68331
1,22480,1696069074.7053435
1,22496,1696069074.7270463
1,22512,1696069074.749545
1,22528,1696069074.7708316
1,22544,1696069074.7911322
1,22560,1696069074.8148808
1,22576,1696069074.8367012
1,22592,1696069074.8587723
1,22608,1696069074.880153
1,22624,1696069074.9033415
1,22640,1696069074.9233537
1,22656,1696069074.9465644
1,22672,1696069074.966434
1,22688,1696069074.9913273
1,22704,1696069075.0135741
1,22720,1696069075.035239
1,22736,1696069075.0571837
1,22752,1696069075.0788846
1,22768,1696069075.0943437
1,22784,1696069075.1184592
1,22800,1696069075.1386898
1,22816,1696069075.1582477
1,22832,1696069075.178517
1,22848,1696069075.1985126
1,22864,1696069075.218205
1,22880,1696069075.2385142
1,22896,1696069075.258643
1,22912,1696069075.2781565
1,22928,1696069075.298768
1,22944,1696069075.3184042
1,22960,1696069075.3385346
1,22976,1696069075.358481
1,22992,1696069075.3785512
1,23008,1696069075.3986325
1,23024,1696069075.4184613
1,23040,1696069075.4383528
1,23056,1696069075.4586773
1,23072,1696069075.478536
1,23088,1696069075.4984128
1,23104,1696069075.5183866
1,23120,1696069075.5435157
1,23136,1696069075.5646687
1,23152,1696069075.584619
1,23168,1696069075.6072016
1,23184,1696069075.627328
1,23200,1696069075.6457386
1,23216,1696069075.6664252
1,23232,1696069075.6868927
1,23248,1696069075.706846
1,23264,1696069075.7268217
1,23280,1696069075.746902
1,23296,1696069075.7668254
1,23312,1696069075.7863941
1,23328,1696069075.8065524
1,23344,1696069075.8266025
1,23360,1696069075.8464289
1,23376,1696069075.86645
1,23392,1696069075.8871994
1,23408,1696069075.9072423
1,23424,1696069075.9313095
1,23440,1696069075.951405
1,23456,1696069075.9777203
1,23472,1696069075.9961565
1,23488,1696069076.017824
1,23504,1696069076.0385368
1,23520,1696069076.0587156
1,23536,1696069076.0784287
1,23552,1696069076.093319
1,23568,1696069076.1106088
1,23584,1696069076.1330667
1,23600,1696069076.1545115
1,23616,1696069076.1743774
1,23632,1696069076.1950366
1,23648,1696069076.2102828
1,23664,1696069076.2336497
1,23680,1696069076.2544856
1,23696,1696069076.2751312
1,23712,1696069076.2903063
1,23728,1696069076.3096297
1,23744,1696069076.3300853
1,23760,1696069076.3495386
1,23776,1696069076.3653054
1,23792,1696069076.3792367
1,23808,1696069076.393795
1,23824,1696069076.4083076
1,23840,1696069076.4228587
1,23856,1696069076.4397275
1,23872,1696069076.4583719
1,23888,1696069076.4790735
1,23904,1696069076.499857
1,23920,1696069076.519204
1,23936,1696069076.5386693
1,23952,1696069076.5554183
1,23968,1696069076.5714376
1,23984,1696069076.5865138
1,24000,1696069076.601567
1,24016,1696069076.6171637
1,24032,1696069076.633397
1,24048,1696069076.64708
1,24064,1696069076.6624577
1,24080,1696069076.6809049
1,24096,1696069076.6964796
1,24112,1696069076.7110267
1,24128,1696069076.7258723
1,24144,1696069076.7417471
1,24160,1696069076.7575705
1,24176,1696069076.7731879
1,24192,1696069076.7869918
1,24208,1696069076.803605
1,24224,1696069076.8220654
1,24240,1696069076.8390002
1,24256,1696069076.8586762
1,24272,1696069076.8793235
1,24288,1696069076.8995388
1,24304,1696069076.919026
1,24320,1696069076.9392173
1,24336,1696069076.9593086
1,24352,1696069076.9795895
1,24368,1696069076.9989789
1,24384,1696069077.0185065
1,24400,1696069077.0386932
1,24416,1696069077.0601113
1,24432,1696069077.0819068
1,24448,1696069077.1020646
1,24464,1696069077.122567
1,24480,1696069077.142244
1,24496,1696069077.161327
1,24512,1696069077.1818593
1,24528,1696069077.2023807
1,24544,1696069077.2220275
1,24560,1696069077.2418942
1,24576,1696069077.2621593
1,24592,1696069077.2795036
1,24608,1696069077.2946193
1,24624,1696069077.3099072
1,24640,1696069077.3235118
1,24656,1696069077.3408084
1,24672,1696069077.3590195
1,24688,1696069077.3787348
1,24704,1696069077.3987284
1,24720,1696069077.4185987
1,24736,1696069077.4397347
1,24752,1696069077.4590209
1,24768,1696069077.4785442
1,24784,1696069077.4987361
1,24800,1696069077.5156806
1,24816,1696069077.5317607
1,24832,1696069077.54802
1,24848,1696069077.5639195
1,24864,1696069077.579139
1,24880,1696069077.5935247
1,24896,1696069077.6080492
1,24912,1696069077.6230028
1,24928,1696069077.6379797
1,24944,1696069077.6557283
1,24960,1696069077.673416
1,24976,1696069077.6913118
1,24992,1696069077.708651
1,25008,1696069077.7255073
1,25024,1696069077.7427309
1,25040,1696069077.7596056
1,25056,1696069077.7802525
1,25072,1696069077.7990692
1,25088,1696069077.818811
1,25104,1696069077.8396957
1,25120,1696069077.8590622
1,25136,1696069077.8787115
1,25152,1696069077.8989713
1,25168,1696069077.9192324
1,25184,1696069077.9402897
1,25200,1696069077.9600291
1,25216,1696069077.9786582
1,25232,1696069078.0014431
1,25248,1696069078.0220187
1,25264,1696069078.0438263
1,25280,1696069078.0642068
1,25296,1696069078.085814
1,25312,1696069078.1062012
1,25328,1696069078.1263702
1,25344,1696069078.1465094
1,25360,1696069078.1630902
1,25376,1696069078.178869
1,25392,1696069078.1951313
1,25408,1696069078.2111373
1,25424,1696069078.2274806
1,25440,1696069078.2436612
1,25456,1696069078.2600179
1,25472,1696069078.2759461
1,25488,1696069078.293896
1,25504,1696069078.3136191
1,25520,1696069078.334206
1,25536,1696069078.354022
1,25552,1696069078.3711998
1,25568,1696069078.3864145
1,25584,1696069078.4025273
1,25600,1696069078.4167302
1,25616,1696069078.4322426
1,25632,1696069078.4469435
1,25648,1696069078.4616728
1,25664,1696069078.4753127
1,25680,1696069078.4920506
1,25696,1696069078.50893
1,25712,1696069078.5262265
1,25728,1696069078.5455217
1,25744,1696069078.5633914
1,25760,1696069078.5819063
1,25776,1696069078.599229
1,25792,1696069078.617481
1,25808,1696069078.6352978
1,25824,1696069078.6546743
1,25840,1696069078.6747773
1,25856,1696069078.6942809
1,25872,1696069078.7114024
1,25888,1696069078.7264018
1,25904,1696069078.739944
1,25920,1696069078.7542398
1,25936,1696069078.7700083
1,25952,1696069078.7862663
1,25968,1696069078.803071
1,25984,1696069078.8181403
1,26000,1696069078.8348775
1,26016,1696069078.8504207
1,26032,1696069078.8654726
1,26048,1696069078.8798187
1,26064,1696069078.8948753
1,26080,1696069078.9095702
1,26096,1696069078.9240553
1,26112,1696069078.9387965
1,26128,1696069078.9558072
1,26144,1696069078.9709525
1,26160,1696069078.98603
1,26176,1696069079.0006998
1,26192,1696069079.0156045
1,26208,1696069079.0301042
1,26224,1696069079.043861
1,26240,1696069079.058453
1,26256,1696069079.0748575
1,26272,1696069079.0900426
1,26288,1696069079.1053367
1,26304,1696069079.1187313
1,26320,1696069079.1354094
1,26336,1696069079.1519735
1,26352,1696069079.1675868
1,26368,1696069079.187358
1,26384,1696069079.2069702
1,26400,1696069079.226768
1,26416,1696069079.246399
1,26432,1696069079.2665615
1,26448,1696069079.2873452
1,26464,1696069079.307681
1,26480,1696069079.3269875
1,26496,1696069079.3468769
1,26512,1696069079.3638022
1,26528,1696069079.3797228
1,26544,1696069079.3951168
1,26560,1696069079.4123976
1,26576,1696069079.4288316
1,26592,1696069079.445819
1,26608,1696069079.4613392
1,26624,1696069079.4792733
1,26640,1696069079.4995346
1,26656,1696069079.523067
1,26672,1696069079.53867
1,26688,1696069079.5610247
1,26704,1696069079.5820904
1,26720,1696069079.6023772
1,26736,1696069079.622792
1,26752,1696069079.6425092
1,26768,1696069079.662417
1,26784,1696069079.6828015
1,26800,1696069079.698379
1,26816,1696069079.7210078
1,26832,1696069079.741457
1,26848,1696069079.7650082
1,26864,1696069079.7868414
1,26880,1696069079.8058655
1,26896,1696069079.827934
1,26912,1696069079.8537805
1,26928,1696069079.8724625
1,26944,1696069079.8949816
1,26960,1696069079.9151053
1,26976,1696069079.941634
1,26992,1696069079.961068
1,27008,1696069079.9830887
1,27024,1696069080.002066
1,27040,1696069080.0286245
1,27056,1696069080.0495472
1,27072,1696069080.0711136
1,27088,1696069080.090208
1,27104,1696069080.1169093
1,27120,1696069080.1374059
1,27136,1696069080.1606221
1,27152,1696069080.182799
1,27168,1696069080.2024345
1,27184,1696069080.2200634
1,27200,1696069080.2369783
1,27216,1696069080.2554386
1,27232,1696069080.2746313
1,27248,1696069080.2946014
1,27264,1696069080.3143191
1,27280,1696069080.332271
1,27296,1696069080.3493402
1,27312,1696069080.3661578
1,27328,1696069080.3835015
1,27344,1696069080.401858
1,27360,1696069080.4212623
1,27376,1696069080.4411983
1,27392,1696069080.4631763
1,27408,1696069080.4828792
1,27424,1696069080.5077028
1,27440,1696069080.5290015
1,27456,1696069080.5513785
1,27472,1696069080.5708861
1,27488,1696069080.594285
1,27504,1696069080.6172557
1,27520,1696069080.6391737
1,27536,1696069080.6586227
1,27552,1696069080.6763551
1,27568,1696069080.6952531
1,27584,1696069080.714905
1,27600,1696069080.7346299
1,27616,1696069080.7549925
1,27632,1696069080.7749557
1,27648,1696069080.7947054
1,27664,1696069080.8146954
1,27680,1696069080.8349714
1,27696,1696069080.859206
1,27712,1696069080.8791616
1,27728,1696069080.9054055
1,27744,1696069080.9253616
1,27760,1696069080.9470263
1,27776,1696069080.9672453
1,27792,1696069080.991252
1,27808,1696069081.0128677
1,27824,1696069081.0353734
1,27840,1696069081.055203
1,27856,1696069081.0816736
1,27872,1696069081.1029642
1,27888,1696069081.1191716
1,27904,1696069081.1407
1,27920,1696069081.1631536
1,27936,1696069081.1787636
1,27952,1696069081.2004964
1,27968,1696069081.2229657
1,27984,1696069081.242499
1,28000,1696069081.2603712
1,28016,1696069081.2838023
1,28032,1696069081.3033037
1,28048,1696069081.3207006
1,28064,1696069081.3377695
1,28080,1696069081.3562264
1,28096,1696069081.3735905
1,28112,1696069081.3915517
1,28128,1696069081.408417
1,28144,1696069081.4252365
1,28160,1696069081.4428816
1,28176,1696069081.4595618
1,28192,1696069081.4765036
1,28208,1696069081.494926
1,28224,1696069081.5148687
1,28240,1696069081.5348341
1,28256,1696069081.5547001
1,28272,1696069081.5746868
1,28288,1696069081.5944912
1,28304,1696069081.6146047
1,28320,1696069081.6346338
1,28336,1696069081.655814
1,28352,1696069081.6758533
1,28368,1696069081.6925986
1,28384,1696069081.712541
1,28400,1696069081.7372866
1,28416,1696069081.7589128
1,28432,1696069081.7806115
1,28448,1696069081.8016334
1,28464,1696069081.8208616
1,28480,1696069081.846183
1,28496,1696069081.8690867
1,28512,1696069081.8931723
1,28528,1696069081.913542
1,28544,1696069081.9370477
1,28560,1696069081.9566207
1,28576,1696069081.9778373
1,28592,1696069082.002222
1,28608,1696069082.0224898
1,28624,1696069082.0435436
1,28640,1696069082.070647
1,28656,1696069082.0868335
1,28672,1696069082.1090286
1,28688,1696069082.1320138
1,28704,1696069082.1518571
1,28720,1696069082.1734133
1,28736,1696069082.193894
1,28752,1696069082.2174797
1,28768,1696069082.235845
1,28784,1696069082.2525573
1,28800,1696069082.26962
1,28816,1696069082.2882009
1,28832,1696069082.3054876
1,28848,1696069082.323869
1,28864,1696069082.3409579
1,28880,1696069082.364699
1,28896,1696069082.3898842
1,28912,1696069082.4079685
1,28928,1696069082.4247215
1,28944,1696069082.4417205
1,28960,1696069082.46006
1,28976,1696069082.4772704
1,28992,1696069082.4956684
1,29008,1696069082.514718
1,29024,1696069082.5321095
1,29040,1696069082.5485573
1,29056,1696069082.565614
1,29072,1696069082.5838392
1,29088,1696069082.6016533
1,29104,1696069082.6200461
1,29120,1696069082.6376605
1,29136,1696069082.655801
1,29152,1696069082.6729338
1,29168,1696069082.6902127
1,29184,1696069082.7071671
1,29200,1696069082.7244866
1,29216,1696069082.7416632
1,29232,1696069082.7599847
1,29248,1696069082.776944
1,29264,1696069082.7929258
1,29280,1696069082.8095608
1,29296,1696069082.8274853
1,29312,1696069082.8451443
1,29328,1696069082.8650274
1,29344,1696069082.8836706
1,29360,1696069082.9006956
1,29376,1696069082.9175887
1,29392,1696069082.9357328
1,29408,1696069082.9533873
1,29424,1696069082.9726195
1,29440,1696069082.9925919
1,29456,1696069083.0151908
1,29472,1696069083.035526
1,29488,1696069083.0617607
1,29504,1696069083.0799804
1,29520,1696069083.0979316
1,29536,1696069083.1219516
1,29552,1696069083.1447423
1,29568,1696069083.1656663
1,29584,1696069083.1908274
1,29600,1696069083.2131724
1,29616,1696069083.237583
1,29632,1696069083.2581263
1,29648,1696069083.2754185
1,29664,1696069083.29308
1,29680,1696069083.311003
1,29696,1696069083.3308666
1,29712,1696069083.351032
1,29728,1696069083.3706508
1,29744,1696069083.3908894
1,29760,1696069083.411075
1,29776,1696069083.4309185
1,29792,1696069083.451043
1,29808,1696069083.4707599
1,29824,1696069083.4908683
1,29840,1696069083.5106506
1,29856,1696069083.5307622
1,29872,1696069083.55095
1,29888,1696069083.570851
1,29904,1696069083.5888517
1,29920,1696069083.6060784
1,29936,1696069083.6244378
1,29952,1696069083.6418855
1,29968,1696069083.6596687
1,29984,1696069083.6766036
1,30000,1696069083.69674
1,30016,1696069083.7139554
1,30032,1696069083.7325516
1,30048,1696069083.750089
1,30064,1696069083.7677968
1,30080,1696069083.7845066
1,30096,1696069083.801626
1,30112,1696069083.819797
1,30128,1696069083.8377554
1,30144,1696069083.8557966
1,30160,1696069083.8730726
1,30176,1696069083.8915217
1,30192,1696069083.9081874
1,30208,1696069083.926711
1,30224,1696069083.9468255
1,30240,1696069083.9668653
1,30256,1696069083.987038
1,30272,1696069084.007026
1,30288,1696069084.0268614
1,30304,1696069084.0449266
1,30320,1696069084.0624197
1,30336,1696069084.0809789
1,30352,1696069084.0997305
1,30368,1696069084.1215289
1,30384,1696069084.1397223
1,30400,1696069084.1588256
1,30416,1696069084.1788483
1,30432,1696069084.1967146
1,30448,1696069084.2136693
1,30464,1696069084.2319262
1,30480,1696069084.251769
1,30496,1696069084.270962
1,30512,1696069084.290573
1,30528,1696069084.3114934
1,30544,1696069084.3311229
1,30560,1696069084.350904
1,30576,1696069084.3681095
1,30592,1696069084.3890836
1,30608,1696069084.4134152
1,30624,1696069084.434922
1,30640,1696069084.4570065
1,30656,1696069084.477177
1,30672,1696069084.502128
1,30688,1696069084.5249603
1,30704,1696069084.545689
1,30720,1696069084.569852
1,30736,1696069084.5903556
1,30752,1696069084.612973
1,30768,1696069084.6350129
1,30784,1696069084.6545923
1,30800,1696069084.6752644
1,30816,1696069084.6940618
1,30832,1696069084.7114596
1,30848,1696069084.7284048
1,30864,1696069084.746971
1,30880,1696069084.7669644
1,30896,1696069084.787505
1,30912,1696069084.8114955
1,30928,1696069084.8266857
1,30944,1696069084.8490155
1,30960,1696069084.8675485
1,30976,1696069084.8844829
1,30992,1696069084.9013827
1,31008,1696069084.9195075
1,31024,1696069084.9363582
1,31040,1696069084.9546998
1,31056,1696069084.9727721
1,31072,1696069084.9899497
1,31088,1696069085.0083756
1,31104,1696069085.0240295
1,31120,1696069085.0410137
1,31136,1696069085.0584853
1,31152,1696069085.0752878
1,31168,1696069085.092375
1,31184,1696069085.1084301
1,31200,1696069085.1309884
1,31216,1696069085.1525197
1,31232,1696069085.1734807
1,31248,1696069085.1975703
1,31264,1696069085.2170298
1,31280,1696069085.2411802
1,31296,1696069085.2594066
1,31312,1696069085.277513
1,31328,1696069085.2943625
1,31344,1696069085.3112764
1,31360,1696069085.3308673
1,31376,1696069085.3506587
1,31392,1696069085.3706794
1,31408,1696069085.3906791
1,31424,1696069085.4105887
1,31440,1696069085.4304876
1,31456,1696069085.4519317
1,31472,1696069085.4712133
1,31488,1696069085.4885864
1,31504,1696069085.5051007
1,31520,1696069085.526208
1,31536,1696069085.5504358
1,31552,1696069085.5724587
1,31568,1696069085.593667
1,31584,1696069085.6198819
1,31600,1696069085.640841
1,31616,1696069085.6610737
1,31632,1696069085.681505
1,31648,1696069085.7053356
1,31664,1696069085.7255437
1,31680,1696069085.7456574
1,31696,1696069085.7699065
1,31712,1696069085.7912133
1,31728,1696069085.8103292
1,31744,1696069085.8309553
1,31760,1696069085.8504877
1,31776,1696069085.8708394
1,31792,1696069085.8909004
1,31808,1696069085.9127684
1,31824,1696069085.933798
1,31840,1696069085.9574726
1,31856,1696069085.9781454
1,31872,1696069086.002574
1,31888,1696069086.0219855
1,31904,1696069086.0417068
1,31920,1696069086.0582297
1,31936,1696069086.0774264
1,31952,1696069086.0990536
1,31968,1696069086.1186864
1,31984,1696069086.1451151
1,32000,1696069086.1643615
1,32016,1696069086.1891458
1,32032,1696069086.203373
1,32048,1696069086.218019
1,32064,1696069086.2350159
1,32080,1696069086.2504046
1,32096,1696069086.265626
1,32112,1696069086.281572
1,32128,1696069086.2960553
1,32144,1696069086.3112502
1,32160,1696069086.3262239
1,32176,1696069086.3403535
1,32192,1696069086.3549583
1,32208,1696069086.3697507
1,32224,1696069086.383585
1,32240,1696069086.3983874
1,32256,1696069086.4122226
1,32272,1696069086.4267964
1,32288,1696069086.4412358
1,32304,1696069086.4575663
1,32320,1696069086.4753318
1,32336,1696069086.4924228
1,32352,1696069086.5106747
1,32368,1696069086.5309632
1,32384,1696069086.5512524
1,32400,1696069086.571177
1,32416,1696069086.5911334
1,32432,1696069086.6111152
1,32448,1696069086.6311204
1,32464,1696069086.6508734
1,32480,1696069086.6707466
1,32496,1696069086.6903806
1,32512,1696069086.7109306
1,32528,1696069086.7311213
1,32544,1696069086.750917
1,32560,1696069086.7704644
1,32576,1696069086.7908905
1,32592,1696069086.8108919
1,32608,1696069086.8284266
1,32624,1696069086.8467345
1,32640,1696069086.864561
1,32656,1696069086.881481
1,32672,1696069086.899511
1,32688,1696069086.91569
1,32704,1696069086.9394236
1,32720,1696069086.9599695
1,32736,1696069086.9816115
1,32752,1696069087.0021515
1,32768,1696069087.0244064
1,32784,1696069087.0470204
1,32800,1696069087.0674107
1,32816,1696069087.0837216
1,32832,1696069087.1027334
1,32848,1696069087.1200967
1,32864,1696069087.1385353
1,32880,1696069087.1589432
1,32896,1696069087.1787515
1,32912,1696069087.1966476
1,32928,1696069087.2144675
1,32944,1696069087.2334862
1,32960,1696069087.2518463
1,32976,1696069087.2693727
1,32992,1696069087.2870445
1,33008,1696069087.3038175
1,33024,1696069087.320603
1,33040,1696069087.3374412
1,33056,1696069087.3550856
1,33072,1696069087.3728447
1,33088,1696069087.3897402
1,33104,1696069087.40714
1,33120,1696069087.4243426
1,33136,1696069087.4413135
1,33152,1696069087.4618754
1,33168,1696069087.4857047
1,33184,1696069087.5026143
1,33200,1696069087.5254114
1,33216,1696069087.543847
1,33232,1696069087.5673578
1,33248,1696069087.588472
1,33264,1696069087.609715
1,33280,1696069087.6336708
1,33296,1696069087.6530573
1,33312,1696069087.6773336
1,33328,1696069087.6978571
1,33344,1696069087.7157135
1,33360,1696069087.7333882
1,33376,1696069087.757604
1,33392,1696069087.7783034
1,33408,1696069087.7984056
1,33424,1696069087.8184357
1,33440,1696069087.8387957
1,33456,1696069087.8588724
1,33472,1696069087.8785546
1,33488,1696069087.8959112
1,33504,1696069087.9136329
1,33520,1696069087.9316
1,33536,1696069087.9483874
1,33552,1696069087.9675403
1,33568,1696069087.9867568
1,33584,1696069088.0068605
1,33600,1696069088.0269365
1,33616,1696069088.0468163
1,33632,1696069088.0666835
1,33648,1696069088.0863335
1,33664,1696069088.1064737
1,33680,1696069088.1263986
1,33696,1696069088.1467836
1,33712,1696069088.1649148
1,33728,1696069088.1819198
1,33744,1696069088.2005599
1,33760,1696069088.2176044
1,33776,1696069088.2358403
1,33792,1696069088.254714
1,33808,1696069088.272392
1,33824,1696069088.2895162
1,33840,1696069088.3073363
1,33856,1696069088.3242006
1,33872,1696069088.344199
1,33888,1696069088.367094
1,33904,1696069088.3875928
1,33920,1696069088.4095728
1,33936,1696069088.4332275
1,33952,1696069088.4540281
1,33968,1696069088.477435
1,33984,1696069088.4990113
1,34000,1696069088.5188813
1,34016,1696069088.5409582
1,34032,1696069088.5620677
1,34048,1696069088.586992
1,34064,1696069088.6091354
1,34080,1696069088.6312613
1,34096,1696069088.6465812
1,34112,1696069088.66893
1,34128,1696069088.6873043
1,34144,1696069088.7044423
1,34160,1696069088.7217765
1,34176,1696069088.7396557
1,34192,1696069088.7575161
1,34208,1696069088.7757308
1,34224,1696069088.7928889
1,34240,1696069088.8101995
1,34256,1696069088.8257349
1,34272,1696069088.8501813
1,34288,1696069088.8722868
1,34304,1696069088.8939779
1,34320,1696069088.9178112
1,34336,1696069088.9380145
1,34352,1696069088.954324
1,34368,1696069088.9713316
1,34384,1696069088.9906766
1,34400,1696069089.0098972
1,34416,1696069089.0285122
1,34432,1696069089.0467956
1,34448,1696069089.064204
1,34464,1696069089.0811396
1,34480,1696069089.0985918
1,34496,1696069089.1153104
1,34512,1696069089.132223
1,34528,1696069089.1491785
1,34544,1696069089.1667519
1,34560,1696069089.1835735
1,34576,1696069089.2062738
1,34592,1696069089.2249832
1,34608,1696069089.2427213
1,34624,1696069089.260164
1,34640,1696069089.2771335
1,34656,1696069089.294966
1,34672,1696069089.3118887
1,34688,1696069089.3286607
1,34704,1696069089.3451788
1,34720,1696069089.3632972
1,34736,1696069089.3795633
1,34752,1696069089.3975163
1,34768,1696069089.4152036
1,34784,1696069089.4324238
1,34800,1696069089.4493113
1,34816,1696069089.4668612
1,34832,1696069089.4838378
1,34848,1696069089.502711
1,34864,1696069089.5207076
1,34880,1696069089.5369818
1,34896,1696069089.559785
1,34912,1696069089.580192
1,34928,1696069089.601813
1,34944,1696069089.6257818
1,34960,1696069089.6482704
1,34976,1696069089.6698594
1,34992,1696069089.6940978
1,35008,1696069089.716915
1,35024,1696069089.737464
1,35040,1696069089.757916
1,35056,1696069089.776407
1,35072,1696069089.7953444
1,35088,1696069089.814823
1,35104,1696069089.8348093
1,35120,1696069089.8553362
1,35136,1696069089.874892
1,35152,1696069089.8949583
1,35168,1696069089.91271
1,35184,1696069089.9294763
1,35200,1696069089.947244
1,35216,1696069089.964147
1,35232,1696069089.982604
1,35248,1696069090.0030878
1,35264,1696069090.0230937
1,35280,1696069090.040577
1,35296,1696069090.0575876
1,35312,1696069090.0750165
1,35328,1696069090.0954711
1,35344,1696069090.1144056
1,35360,1696069090.1344671
1,35376,1696069090.1545475
1,35392,1696069090.173722
1,35408,1696069090.1925538
1,35424,1696069090.2148547
1,35440,1696069090.239595
1,35456,1696069090.2613795
1,35472,1696069090.283001
1,35488,1696069090.3064854
1,35504,1696069090.3281708
1,35520,1696069090.3509998
1,35536,1696069090.3723223
1,35552,1696069090.395354
1,35568,1696069090.4152355
1,35584,1696069090.4309535
1,35600,1696069090.452482
1,35616,1696069090.4767926
1,35632,1696069090.4970167
1,35648,1696069090.5216095
1,35664,1696069090.5435555
1,35680,1696069090.5599332
1,35696,1696069090.5799036
1,35712,1696069090.6033146
1,35728,1696069090.6229074
1,35744,1696069090.644994
1,35760,1696069090.6658497
1,35776,1696069090.690175
1,35792,1696069090.711328
1,35808,1696069090.730872
1,35824,1696069090.747607
1,35840,1696069090.7666326
1,35856,1696069090.7871883
1,35872,1696069090.8068666
1,35888,1696069090.831577
1,35904,1696069090.85227
1,35920,1696069090.8774006
1,35936,1696069090.8974442
1,35952,1696069090.9215846
1,35968,1696069090.9417388
1,35984,1696069090.9655633
1,36000,1696069090.985164
1,36016,1696069091.0095425
1,36032,1696069091.029474
1,36048,1696069091.0536613
1,36064,1696069091.0734947
1,36080,1696069091.0977166
1,36096,1696069091.1167698
1,36112,1696069091.137731
1,36128,1696069091.15877
1,36144,1696069091.1852875
1,36160,1696069091.2048633
1,36176,1696069091.2285135
1,36192,1696069091.2492428
1,36208,1696069091.2737722
