epoch,trained_sample,time
1,0,1696064525.6105871
1,32,1696064526.8237884
1,64,1696064526.8584714
1,96,1696064526.8907385
1,128,1696064526.922535
1,160,1696064526.9514246
1,192,1696064526.989734
1,224,1696064527.0205774
1,256,1696064527.0539763
1,288,1696064527.0872707
1,320,1696064527.118619
1,352,1696064527.1503725
1,384,1696064527.1812844
1,416,1696064527.2141411
1,448,1696064527.246238
1,480,1696064527.2746596
1,512,1696064527.3068821
1,544,1696064527.341609
1,576,1696064527.3709671
1,608,1696064527.4062326
1,640,1696064527.4347975
1,672,1696064527.4676301
1,704,1696064527.4993465
1,736,1696064527.5317092
1,768,1696064527.5636034
1,800,1696064527.5947857
1,832,1696064527.6268585
1,864,1696064527.6584177
1,896,1696064527.687503
1,928,1696064527.7228703
1,960,1696064527.7544606
1,992,1696064527.7866962
1,1024,1696064527.8186033
1,1056,1696064527.8506255
1,1088,1696064527.8792658
1,1120,1696064527.9169712
1,1152,1696064527.950689
1,1184,1696064527.9833302
1,1216,1696064528.0193198
1,1248,1696064528.0507379
1,1280,1696064528.085948
1,1312,1696064528.1194167
1,1344,1696064528.1504369
1,1376,1696064528.1854942
1,1408,1696064528.2162755
1,1440,1696064528.2502463
1,1472,1696064528.2804425
1,1504,1696064528.3133197
1,1536,1696064528.343154
1,1568,1696064528.3779337
1,1600,1696064528.4107668
1,1632,1696064528.442586
1,1664,1696064528.4775498
1,1696,1696064528.5049305
1,1728,1696064528.5417361
1,1760,1696064528.5747404
1,1792,1696064528.6071422
1,1824,1696064528.6412182
1,1856,1696064528.6706383
1,1888,1696064528.7059844
1,1920,1696064528.7381325
1,1952,1696064528.7719574
1,1984,1696064528.8048866
1,2016,1696064528.836041
1,2048,1696064528.8698432
1,2080,1696064528.9006221
1,2112,1696064528.9300573
1,2144,1696064528.96134
1,2176,1696064528.994919
1,2208,1696064529.0279133
1,2240,1696064529.070444
1,2272,1696064529.1026218
1,2304,1696064529.134536
1,2336,1696064529.1671188
1,2368,1696064529.1944244
1,2400,1696064529.2386181
1,2432,1696064529.2689233
1,2464,1696064529.2978287
1,2496,1696064529.329286
1,2528,1696064529.3669138
1,2560,1696064529.399382
1,2592,1696064529.430359
1,2624,1696064529.4597626
1,2656,1696064529.5001516
1,2688,1696064529.5306733
1,2720,1696064529.5691082
1,2752,1696064529.6024127
1,2784,1696064529.6438277
1,2816,1696064529.677997
1,2848,1696064529.710652
1,2880,1696064529.7457154
1,2912,1696064529.7856233
1,2944,1696064529.8190928
1,2976,1696064529.8577688
1,3008,1696064529.8904552
1,3040,1696064529.9199762
1,3072,1696064529.9547133
1,3104,1696064529.986486
1,3136,1696064530.0209398
1,3168,1696064530.0625875
1,3200,1696064530.1027584
1,3232,1696064530.1424496
1,3264,1696064530.1717339
1,3296,1696064530.2137399
1,3328,1696064530.250188
1,3360,1696064530.2901793
1,3392,1696064530.3189716
1,3424,1696064530.3546224
1,3456,1696064530.3905215
1,3488,1696064530.4235208
1,3520,1696064530.454879
1,3552,1696064530.4969451
1,3584,1696064530.5338476
1,3616,1696064530.5696084
1,3648,1696064530.6058338
1,3680,1696064530.6412501
1,3712,1696064530.6815107
1,3744,1696064530.7190573
1,3776,1696064530.749463
1,3808,1696064530.7855494
1,3840,1696064530.8175888
1,3872,1696064530.8562052
1,3904,1696064530.8964126
1,3936,1696064530.9262774
1,3968,1696064530.964952
1,4000,1696064530.9989939
1,4032,1696064531.0341277
1,4064,1696064531.072743
1,4096,1696064531.104649
1,4128,1696064531.1381307
1,4160,1696064531.1706107
1,4192,1696064531.205544
1,4224,1696064531.2409387
1,4256,1696064531.2724137
1,4288,1696064531.3026402
1,4320,1696064531.3402667
1,4352,1696064531.3789124
1,4384,1696064531.4105878
1,4416,1696064531.442347
1,4448,1696064531.4776888
1,4480,1696064531.5109415
1,4512,1696064531.5507772
1,4544,1696064531.5826063
1,4576,1696064531.6175652
1,4608,1696064531.6509423
1,4640,1696064531.6826484
1,4672,1696064531.7144153
1,4704,1696064531.7499056
1,4736,1696064531.7835157
1,4768,1696064531.8149583
1,4800,1696064531.8499637
1,4832,1696064531.8896706
1,4864,1696064531.9258292
1,4896,1696064531.960373
1,4928,1696064531.990814
1,4960,1696064532.027842
1,4992,1696064532.0657647
1,5024,1696064532.0992465
1,5056,1696064532.1306643
1,5088,1696064532.1686745
1,5120,1696064532.2071016
1,5152,1696064532.2388573
1,5184,1696064532.2708201
1,5216,1696064532.3074324
1,5248,1696064532.339027
1,5280,1696064532.374084
1,5312,1696064532.4089687
1,5344,1696064532.449359
1,5376,1696064532.4826298
1,5408,1696064532.518843
1,5440,1696064532.5516245
1,5472,1696064532.5890136
1,5504,1696064532.622671
1,5536,1696064532.6547909
1,5568,1696064532.686677
1,5600,1696064532.7260776
1,5632,1696064532.7570581
1,5664,1696064532.7873518
1,5696,1696064532.8242297
1,5728,1696064532.8628078
1,5760,1696064532.893779
1,5792,1696064532.9273472
1,5824,1696064532.958546
1,5856,1696064532.99762
1,5888,1696064533.0305204
1,5920,1696064533.0686376
1,5952,1696064533.1037107
1,5984,1696064533.1366796
1,6016,1696064533.1701267
1,6048,1696064533.2025075
1,6080,1696064533.2332165
1,6112,1696064533.2737875
1,6144,1696064533.3062582
1,6176,1696064533.3388312
1,6208,1696064533.3704271
1,6240,1696064533.4096003
1,6272,1696064533.4397037
1,6304,1696064533.470437
1,6336,1696064533.5031493
1,6368,1696064533.5453603
1,6400,1696064533.576603
1,6432,1696064533.6108613
1,6464,1696064533.6462457
1,6496,1696064533.6819994
1,6528,1696064533.715306
1,6560,1696064533.749459
1,6592,1696064533.7805934
1,6624,1696064533.8176568
1,6656,1696064533.8569806
1,6688,1696064533.8863401
1,6720,1696064533.9290302
1,6752,1696064533.9694128
1,6784,1696064534.0025573
1,6816,1696064534.0360425
1,6848,1696064534.06848
1,6880,1696064534.1138508
1,6912,1696064534.1464202
1,6944,1696064534.186458
1,6976,1696064534.2260277
1,7008,1696064534.270064
1,7040,1696064534.3001447
1,7072,1696064534.3397918
1,7104,1696064534.378597
1,7136,1696064534.4279149
1,7168,1696064534.4588442
1,7200,1696064534.4974272
1,7232,1696064534.5352132
1,7264,1696064534.5860796
1,7296,1696064534.6186602
1,7328,1696064534.657919
1,7360,1696064534.6976511
1,7392,1696064534.7422988
1,7424,1696064534.7763815
1,7456,1696064534.814283
1,7488,1696064534.8537455
1,7520,1696064534.8975856
1,7552,1696064534.9283752
1,7584,1696064534.9662218
1,7616,1696064535.0068505
1,7648,1696064535.0567982
1,7680,1696064535.088378
1,7712,1696064535.1265771
1,7744,1696064535.1665518
1,7776,1696064535.2131383
1,7808,1696064535.2465847
1,7840,1696064535.2862828
1,7872,1696064535.3259556
1,7904,1696064535.371828
1,7936,1696064535.4037771
1,7968,1696064535.4432504
1,8000,1696064535.482304
1,8032,1696064535.5266314
1,8064,1696064535.5616066
1,8096,1696064535.6013591
1,8128,1696064535.634926
1,8160,1696064535.6853998
1,8192,1696064535.7185965
1,8224,1696064535.757824
1,8256,1696064535.798028
1,8288,1696064535.8434591
1,8320,1696064535.8754754
1,8352,1696064535.915571
1,8384,1696064535.9547439
1,8416,1696064536.001637
1,8448,1696064536.0353987
1,8480,1696064536.0749125
1,8512,1696064536.115256
1,8544,1696064536.159238
1,8576,1696064536.198334
1,8608,1696064536.238992
1,8640,1696064536.2743359
1,8672,1696064536.3218281
1,8704,1696064536.3592887
1,8736,1696064536.3988118
1,8768,1696064536.4422257
1,8800,1696064536.4868567
1,8832,1696064536.5185754
1,8864,1696064536.558771
1,8896,1696064536.5994217
1,8928,1696064536.6396475
1,8960,1696064536.6791425
1,8992,1696064536.7192822
1,9024,1696064536.7584805
1,9056,1696064536.798724
1,9088,1696064536.8386543
1,9120,1696064536.878628
1,9152,1696064536.9188325
1,9184,1696064536.9590447
1,9216,1696064536.9994278
1,9248,1696064537.0447805
1,9280,1696064537.0787635
1,9312,1696064537.1188025
1,9344,1696064537.1586063
1,9376,1696064537.1988046
1,9408,1696064537.2432022
1,9440,1696064537.2822194
1,9472,1696064537.3182523
1,9504,1696064537.358701
1,9536,1696064537.3947933
1,9568,1696064537.4415722
1,9600,1696064537.4808414
1,9632,1696064537.5206876
1,9664,1696064537.5662596
1,9696,1696064537.5985503
1,9728,1696064537.6386273
1,9760,1696064537.679382
1,9792,1696064537.717708
1,9824,1696064537.7618852
1,9856,1696064537.8022935
1,9888,1696064537.8422096
1,9920,1696064537.881956
1,9952,1696064537.9190001
1,9984,1696064537.9585795
1,10016,1696064537.9982162
1,10048,1696064538.0380406
1,10080,1696064538.0783322
1,10112,1696064538.1148643
1,10144,1696064538.154546
1,10176,1696064538.1945996
1,10208,1696064538.234665
1,10240,1696064538.273976
1,10272,1696064538.3138816
1,10304,1696064538.3473938
1,10336,1696064538.3929472
1,10368,1696064538.4270742
1,10400,1696064538.4668438
1,10432,1696064538.5069711
1,10464,1696064538.5495677
1,10496,1696064538.5833344
1,10528,1696064538.6234772
1,10560,1696064538.6626246
1,10592,1696064538.703004
1,10624,1696064538.742364
1,10656,1696064538.7823765
1,10688,1696064538.8216739
1,10720,1696064538.8616986
1,10752,1696064538.9005337
1,10784,1696064538.9382389
1,10816,1696064538.978306
1,10848,1696064539.0180252
1,10880,1696064539.0576508
1,10912,1696064539.0945892
1,10944,1696064539.134283
1,10976,1696064539.17295
1,11008,1696064539.2116036
1,11040,1696064539.2498624
1,11072,1696064539.2898922
1,11104,1696064539.326908
1,11136,1696064539.3669624
1,11168,1696064539.4028583
1,11200,1696064539.442793
1,11232,1696064539.4832926
1,11264,1696064539.523118
1,11296,1696064539.5620544
1,11328,1696064539.6016471
1,11360,1696064539.6416638
1,11392,1696064539.6783905
1,11424,1696064539.7222912
1,11456,1696064539.7576146
1,11488,1696064539.7951689
1,11520,1696064539.8341296
1,11552,1696064539.8741453
1,11584,1696064539.9104981
1,11616,1696064539.9509983
1,11648,1696064539.9902332
1,11680,1696064540.0297828
1,11712,1696064540.0663855
1,11744,1696064540.106612
1,11776,1696064540.1458743
1,11808,1696064540.1859977
1,11840,1696064540.2255788
1,11872,1696064540.2593005
1,11904,1696064540.3047624
1,11936,1696064540.3419027
1,11968,1696064540.381709
1,12000,1696064540.4152198
1,12032,1696064540.4549787
1,12064,1696064540.4943802
1,12096,1696064540.5344799
1,12128,1696064540.576242
1,12160,1696064540.6161752
1,12192,1696064540.6550472
1,12224,1696064540.6941102
1,12256,1696064540.7340093
1,12288,1696064540.772238
1,12320,1696064540.8103976
1,12352,1696064540.8505406
1,12384,1696064540.8900437
1,12416,1696064540.9270937
1,12448,1696064540.968436
1,12480,1696064541.0060437
1,12512,1696064541.0460413
1,12544,1696064541.086463
1,12576,1696064541.1258578
1,12608,1696064541.1658118
1,12640,1696064541.2043674
1,12672,1696064541.2411292
1,12704,1696064541.2790716
1,12736,1696064541.318599
1,12768,1696064541.3587942
1,12800,1696064541.397868
1,12832,1696064541.4372458
1,12864,1696064541.4767632
1,12896,1696064541.5147362
1,12928,1696064541.5620308
1,12960,1696064541.5946267
1,12992,1696064541.634014
1,13024,1696064541.677422
1,13056,1696064541.711631
1,13088,1696064541.750574
1,13120,1696064541.7898288
1,13152,1696064541.8291428
1,13184,1696064541.869425
1,13216,1696064541.9122882
1,13248,1696064541.9446433
1,13280,1696064541.9826553
1,13312,1696064542.0225015
1,13344,1696064542.0625997
1,13376,1696064542.098925
1,13408,1696064542.1402109
1,13440,1696064542.1788619
1,13472,1696064542.21865
1,13504,1696064542.2586682
1,13536,1696064542.2984872
1,13568,1696064542.3401513
1,13600,1696064542.3780687
1,13632,1696064542.418087
1,13664,1696064542.454841
1,13696,1696064542.4945734
1,13728,1696064542.5340908
1,13760,1696064542.5738294
1,13792,1696064542.6101923
1,13824,1696064542.650083
1,13856,1696064542.6894763
1,13888,1696064542.7293773
1,13920,1696064542.7676942
1,13952,1696064542.810143
1,13984,1696064542.8430634
1,14016,1696064542.88264
1,14048,1696064542.9230685
1,14080,1696064542.9623337
1,14112,1696064543.0022352
1,14144,1696064543.041977
1,14176,1696064543.0814602
1,14208,1696064543.1182904
1,14240,1696064543.1578977
1,14272,1696064543.1976864
1,14304,1696064543.2317033
1,14336,1696064543.2712908
1,14368,1696064543.3110373
1,14400,1696064543.3582509
1,14432,1696064543.3915646
1,14464,1696064543.4308143
1,14496,1696064543.478171
1,14528,1696064543.510785
1,14560,1696064543.5514085
1,14592,1696064543.5925558
1,14624,1696064543.6305048
1,14656,1696064543.6711626
1,14688,1696064543.713282
1,14720,1696064543.7475398
1,14752,1696064543.786689
1,14784,1696064543.8312438
1,14816,1696064543.8674934
1,14848,1696064543.910513
1,14880,1696064543.954671
1,14912,1696064543.9867117
1,14944,1696064544.0269625
1,14976,1696064544.06658
1,15008,1696064544.107093
1,15040,1696064544.1422331
1,15072,1696064544.182757
1,15104,1696064544.2224772
1,15136,1696064544.2627382
1,15168,1696064544.302941
1,15200,1696064544.3423433
1,15232,1696064544.3821783
1,15264,1696064544.422464
1,15296,1696064544.461685
1,15328,1696064544.501555
1,15360,1696064544.5347579
1,15392,1696064544.5751832
1,15424,1696064544.6151025
1,15456,1696064544.654699
1,15488,1696064544.6946616
1,15520,1696064544.7344234
1,15552,1696064544.7779057
1,15584,1696064544.810823
1,15616,1696064544.8506083
1,15648,1696064544.8905556
1,15680,1696064544.9304817
1,15712,1696064544.9715037
1,15744,1696064545.0115407
1,15776,1696064545.050594
1,15808,1696064545.0905285
1,15840,1696064545.1299145
1,15872,1696064545.1700766
1,15904,1696064545.2068846
1,15936,1696064545.2466762
1,15968,1696064545.2865157
1,16000,1696064545.3261306
1,16032,1696064545.3661497
1,16064,1696064545.4000056
1,16096,1696064545.4390402
1,16128,1696064545.4801176
1,16160,1696064545.524302
1,16192,1696064545.5597067
1,16224,1696064545.605431
1,16256,1696064545.6366975
1,16288,1696064545.6750977
1,16320,1696064545.7145047
1,16352,1696064545.754686
1,16384,1696064545.796932
1,16416,1696064545.830888
1,16448,1696064545.8711038
1,16480,1696064545.9114645
1,16512,1696064545.950785
1,16544,1696064545.9912863
1,16576,1696064546.0304687
1,16608,1696064546.0703912
1,16640,1696064546.110769
1,16672,1696064546.1501846
1,16704,1696064546.1898315
1,16736,1696064546.229848
1,16768,1696064546.2674415
1,16800,1696064546.3065627
1,16832,1696064546.3460684
1,16864,1696064546.3862355
1,16896,1696064546.4259079
1,16928,1696064546.4631832
1,16960,1696064546.5024462
1,16992,1696064546.5420508
1,17024,1696064546.5820236
1,17056,1696064546.621409
1,17088,1696064546.6609356
1,17120,1696064546.694898
1,17152,1696064546.7356267
1,17184,1696064546.7747612
1,17216,1696064546.8145761
1,17248,1696064546.8540335
1,17280,1696064546.8969579
1,17312,1696064546.9308503
1,17344,1696064546.9711306
1,17376,1696064547.0111098
1,17408,1696064547.0506237
1,17440,1696064547.09456
1,17472,1696064547.1266801
1,17504,1696064547.1680353
1,17536,1696064547.2064817
1,17568,1696064547.2464266
1,17600,1696064547.286676
1,17632,1696064547.3264709
1,17664,1696064547.370109
1,17696,1696064547.4012477
1,17728,1696064547.4433427
1,17760,1696064547.4835527
1,17792,1696064547.5264034
1,17824,1696064547.5590718
1,17856,1696064547.599829
1,17888,1696064547.6388006
1,17920,1696064547.678865
1,17952,1696064547.719076
1,17984,1696064547.7584565
1,18016,1696064547.7981384
1,18048,1696064547.8376725
1,18080,1696064547.8750255
1,18112,1696064547.915084
1,18144,1696064547.9543555
1,18176,1696064547.9939442
1,18208,1696064548.0311918
1,18240,1696064548.0663676
1,18272,1696064548.1117558
1,18304,1696064548.1503808
1,18336,1696064548.1948688
1,18368,1696064548.2275662
1,18400,1696064548.2670753
1,18432,1696064548.3057897
1,18464,1696064548.3463576
1,18496,1696064548.3861935
1,18528,1696064548.425938
1,18560,1696064548.4659338
1,18592,1696064548.5056832
1,18624,1696064548.5454621
1,18656,1696064548.5825956
1,18688,1696064548.6217782
1,18720,1696064548.6616375
1,18752,1696064548.700863
1,18784,1696064548.7393541
1,18816,1696064548.7786262
1,18848,1696064548.8181136
1,18880,1696064548.8581793
1,18912,1696064548.897872
1,18944,1696064548.9375973
1,18976,1696064548.9744954
1,19008,1696064549.0144753
1,19040,1696064549.0538516
1,19072,1696064549.0935736
1,19104,1696064549.1308308
1,19136,1696064549.170018
1,19168,1696064549.2099862
1,19200,1696064549.249628
1,19232,1696064549.2890975
1,19264,1696064549.32876
1,19296,1696064549.3660424
1,19328,1696064549.4017525
1,19360,1696064549.4427316
1,19392,1696064549.4826431
1,19424,1696064549.5230918
1,19456,1696064549.5626712
1,19488,1696064549.6024783
1,19520,1696064549.64254
1,19552,1696064549.6822128
1,19584,1696064549.7230499
1,19616,1696064549.7633617
1,19648,1696064549.8029861
1,19680,1696064549.8428025
1,19712,1696064549.8829036
1,19744,1696064549.9269173
1,19776,1696064549.9665935
1,19808,1696064550.006274
1,19840,1696064550.0496404
1,19872,1696064550.0855613
1,19904,1696064550.1260347
1,19936,1696064550.1658514
1,19968,1696064550.206271
1,20000,1696064550.2489593
1,20032,1696064550.289893
1,20064,1696064550.329841
1,20096,1696064550.370065
1,20128,1696064550.4102428
1,20160,1696064550.4535902
1,20192,1696064550.495122
1,20224,1696064550.538525
1,20256,1696064550.5776265
1,20288,1696064550.6218798
1,20320,1696064550.668419
1,20352,1696064550.7095258
1,20384,1696064550.756875
1,20416,1696064550.7989662
1,20448,1696064550.8480346
1,20480,1696064550.8894904
1,20512,1696064550.936467
1,20544,1696064550.97716
1,20576,1696064551.0243487
1,20608,1696064551.0650973
1,20640,1696064551.1126857
1,20672,1696064551.153839
1,20704,1696064551.201066
1,20736,1696064551.2481065
1,20768,1696064551.2905607
1,20800,1696064551.3366857
1,20832,1696064551.3793724
1,20864,1696064551.4260638
1,20896,1696064551.472298
1,20928,1696064551.516084
1,20960,1696064551.5608027
1,20992,1696064551.6024475
1,21024,1696064551.6484797
1,21056,1696064551.6891139
1,21088,1696064551.7365563
1,21120,1696064551.7789006
1,21152,1696064551.823424
1,21184,1696064551.8722427
1,21216,1696064551.917005
1,21248,1696064551.9581404
1,21280,1696064552.0024672
1,21312,1696064552.0512226
1,21344,1696064552.0913723
1,21376,1696064552.137432
1,21408,1696064552.1847236
1,21440,1696064552.226106
1,21472,1696064552.2731702
1,21504,1696064552.3198905
1,21536,1696064552.3617365
1,21568,1696064552.4077244
1,21600,1696064552.4497237
1,21632,1696064552.496534
1,21664,1696064552.537308
1,21696,1696064552.5845249
1,21728,1696064552.6306663
1,21760,1696064552.6737895
1,21792,1696064552.719848
1,21824,1696064552.7603328
1,21856,1696064552.8029294
1,21888,1696064552.849167
1,21920,1696064552.89512
1,21952,1696064552.9369912
1,21984,1696064552.9816046
1,22016,1696064553.0233276
1,22048,1696064553.0689657
1,22080,1696064553.1108184
1,22112,1696064553.1575496
1,22144,1696064553.199431
1,22176,1696064553.2448068
1,22208,1696064553.2889376
1,22240,1696064553.3310034
1,22272,1696064553.376589
1,22304,1696064553.4190698
1,22336,1696064553.459026
1,22368,1696064553.5057964
1,22400,1696064553.5465748
1,22432,1696064553.5974298
1,22464,1696064553.6309109
1,22496,1696064553.6782396
1,22528,1696064553.7187314
1,22560,1696064553.76761
1,22592,1696064553.8066785
1,22624,1696064553.8471332
1,22656,1696064553.8932793
1,22688,1696064553.931227
1,22720,1696064553.973989
1,22752,1696064554.01626
1,22784,1696064554.0631068
1,22816,1696064554.1026664
1,22848,1696064554.1497548
1,22880,1696064554.1914852
1,22912,1696064554.2374482
1,22944,1696064554.2790577
1,22976,1696064554.319359
1,23008,1696064554.3665235
1,23040,1696064554.407034
1,23072,1696064554.4555194
1,23104,1696064554.4983342
1,23136,1696064554.5389497
1,23168,1696064554.5865316
1,23200,1696064554.6268368
1,23232,1696064554.6746833
1,23264,1696064554.7212548
1,23296,1696064554.7650058
1,23328,1696064554.8066533
1,23360,1696064554.8530455
1,23392,1696064554.8943484
1,23424,1696064554.941781
1,23456,1696064554.9825008
1,23488,1696064555.0297575
1,23520,1696064555.0706618
1,23552,1696064555.117701
1,23584,1696064555.158588
1,23616,1696064555.1999671
1,23648,1696064555.2418427
1,23680,1696064555.2905834
1,23712,1696064555.3331022
1,23744,1696064555.371065
1,23776,1696064555.4104478
1,23808,1696064555.4532735
1,23840,1696064555.4934468
1,23872,1696064555.5310984
1,23904,1696064555.5706062
1,23936,1696064555.622056
1,23968,1696064555.6546597
1,24000,1696064555.6954985
1,24032,1696064555.7345653
1,24064,1696064555.774538
1,24096,1696064555.820718
1,24128,1696064555.8579285
1,24160,1696064555.8975298
1,24192,1696064555.9380918
1,24224,1696064555.978208
1,24256,1696064556.0217574
1,24288,1696064556.060188
1,24320,1696064556.0984328
1,24352,1696064556.1383772
1,24384,1696064556.1784844
1,24416,1696064556.218981
1,24448,1696064556.2575946
1,24480,1696064556.3023138
1,24512,1696064556.337718
1,24544,1696064556.379216
1,24576,1696064556.4198046
1,24608,1696064556.4586756
1,24640,1696064556.4990325
1,24672,1696064556.5385547
1,24704,1696064556.5787706
1,24736,1696064556.6188173
1,24768,1696064556.6595905
1,24800,1696064556.6988912
1,24832,1696064556.7393677
1,24864,1696064556.779227
1,24896,1696064556.819233
1,24928,1696064556.8590376
1,24960,1696064556.899492
1,24992,1696064556.944785
1,25024,1696064556.9828267
1,25056,1696064557.0228832
1,25088,1696064557.0638218
1,25120,1696064557.1095743
1,25152,1696064557.15019
1,25184,1696064557.1898685
1,25216,1696064557.2304027
1,25248,1696064557.27055
1,25280,1696064557.3106523
1,25312,1696064557.3540268
1,25344,1696064557.390777
1,25376,1696064557.4310663
1,25408,1696064557.4707313
1,25440,1696064557.5112023
1,25472,1696064557.550672
1,25504,1696064557.6007771
1,25536,1696064557.6311233
1,25568,1696064557.6775918
1,25600,1696064557.7185342
1,25632,1696064557.75873
1,25664,1696064557.798555
1,25696,1696064557.8383865
1,25728,1696064557.8797364
1,25760,1696064557.9190624
1,25792,1696064557.9585314
1,25824,1696064557.999174
1,25856,1696064558.0438952
1,25888,1696064558.0830538
1,25920,1696064558.122507
1,25952,1696064558.1632285
1,25984,1696064558.2032044
1,26016,1696064558.242785
1,26048,1696064558.2828407
1,26080,1696064558.3229022
1,26112,1696064558.3631005
1,26144,1696064558.403497
1,26176,1696064558.448441
1,26208,1696064558.4886477
1,26240,1696064558.5302458
1,26272,1696064558.5664537
1,26304,1696064558.6064174
1,26336,1696064558.6465786
1,26368,1696064558.6868124
1,26400,1696064558.731515
1,26432,1696064558.7705035
1,26464,1696064558.8111024
1,26496,1696064558.8510675
1,26528,1696064558.889956
1,26560,1696064558.9298475
1,26592,1696064558.9689484
1,26624,1696064559.0093899
1,26656,1696064559.043006
1,26688,1696064559.082811
1,26720,1696064559.1235695
1,26752,1696064559.1655385
1,26784,1696064559.205685
1,26816,1696064559.2391386
1,26848,1696064559.2789562
1,26880,1696064559.3254387
1,26912,1696064559.3631577
1,26944,1696064559.4021637
1,26976,1696064559.4423153
1,27008,1696064559.4823892
1,27040,1696064559.5219965
1,27072,1696064559.5617652
1,27104,1696064559.6024983
1,27136,1696064559.642278
1,27168,1696064559.678958
1,27200,1696064559.7183156
1,27232,1696064559.7577848
1,27264,1696064559.7951496
1,27296,1696064559.8350475
1,27328,1696064559.8746552
1,27360,1696064559.9143498
1,27392,1696064559.954532
1,27424,1696064559.9940498
1,27456,1696064560.0340836
1,27488,1696064560.0742645
1,27520,1696064560.11357
1,27552,1696064560.1538339
1,27584,1696064560.1936793
1,27616,1696064560.2307096
1,27648,1696064560.266215
1,27680,1696064560.3071923
1,27712,1696064560.346996
1,27744,1696064560.3868482
1,27776,1696064560.426659
1,27808,1696064560.466704
1,27840,1696064560.5068853
1,27872,1696064560.546693
1,27904,1696064560.586542
1,27936,1696064560.626542
1,27968,1696064560.6700373
1,28000,1696064560.7026489
1,28032,1696064560.7429194
1,28064,1696064560.7780833
1,28096,1696064560.8192213
1,28128,1696064560.8589573
1,28160,1696064560.89882
1,28192,1696064560.9390974
1,28224,1696064560.9786663
1,28256,1696064561.0177197
1,28288,1696064561.0578969
1,28320,1696064561.096512
1,28352,1696064561.140803
1,28384,1696064561.1809256
1,28416,1696064561.2216804
1,28448,1696064561.26818
1,28480,1696064561.3058338
1,28512,1696064561.3463516
1,28544,1696064561.3923311
1,28576,1696064561.4302366
1,28608,1696064561.4759078
1,28640,1696064561.5197601
1,28672,1696064561.5601935
1,28704,1696064561.600331
1,28736,1696064561.6396537
1,28768,1696064561.6777234
1,28800,1696064561.714395
1,28832,1696064561.7509456
1,28864,1696064561.786195
1,28896,1696064561.8229299
1,28928,1696064561.8595116
1,28960,1696064561.8967059
1,28992,1696064561.9389307
1,29024,1696064561.974278
1,29056,1696064562.0101185
1,29088,1696064562.0470679
1,29120,1696064562.0834434
1,29152,1696064562.1211693
1,29184,1696064562.1577923
1,29216,1696064562.1941307
1,29248,1696064562.2370412
1,29280,1696064562.2762733
1,29312,1696064562.3104923
1,29344,1696064562.3477423
1,29376,1696064562.3847888
1,29408,1696064562.4216213
1,29440,1696064562.4580657
1,29472,1696064562.4945984
1,29504,1696064562.531213
1,29536,1696064562.567693
1,29568,1696064562.6050596
1,29600,1696064562.640933
1,29632,1696064562.6774466
1,29664,1696064562.7164915
1,29696,1696064562.7535603
1,29728,1696064562.7901223
1,29760,1696064562.8267405
1,29792,1696064562.8632817
1,29824,1696064562.899987
1,29856,1696064562.9368057
1,29888,1696064562.9735503
1,29920,1696064563.0090408
1,29952,1696064563.0456824
1,29984,1696064563.082059
1,30016,1696064563.118721
1,30048,1696064563.1553104
1,30080,1696064563.1929893
1,30112,1696064563.2355611
1,30144,1696064563.2751791
1,30176,1696064563.312914
1,30208,1696064563.3498626
1,30240,1696064563.3830712
1,30272,1696064563.4174352
1,30304,1696064563.4485965
1,30336,1696064563.478193
1,30368,1696064563.5134761
1,30400,1696064563.543244
1,30432,1696064563.5778475
1,30464,1696064563.6127353
1,30496,1696064563.646899
1,30528,1696064563.682019
1,30560,1696064563.7152388
1,30592,1696064563.7466583
1,30624,1696064563.7783978
1,30656,1696064563.8131144
1,30688,1696064563.8444293
1,30720,1696064563.8740523
1,30752,1696064563.9062705
1,30784,1696064563.9418206
1,30816,1696064563.981351
1,30848,1696064564.0126262
1,30880,1696064564.0429022
1,30912,1696064564.0739987
1,30944,1696064564.1091175
1,30976,1696064564.1405041
1,31008,1696064564.1750133
1,31040,1696064564.2065423
1,31072,1696064564.2386198
1,31104,1696064564.273461
1,31136,1696064564.3045642
1,31168,1696064564.3340333
1,31200,1696064564.3691008
1,31232,1696064564.400308
1,31264,1696064564.434165
1,31296,1696064564.46378
1,31328,1696064564.4947863
1,31360,1696064564.530361
1,31392,1696064564.5591533
1,31424,1696064564.5901942
1,31456,1696064564.6209214
1,31488,1696064564.6523726
1,31520,1696064564.6830788
1,31552,1696064564.714824
1,31584,1696064564.7466998
1,31616,1696064564.778466
1,31648,1696064564.8104692
1,31680,1696064564.8423347
1,31712,1696064564.8854692
1,31744,1696064564.9246
1,31776,1696064564.964212
1,31808,1696064565.0013232
1,31840,1696064565.0476425
1,31872,1696064565.082561
1,31904,1696064565.1194193
1,31936,1696064565.1570413
1,31968,1696064565.1937926
1,32000,1696064565.2292392
1,32032,1696064565.2682462
1,32064,1696064565.306483
1,32096,1696064565.336848
1,32128,1696064565.36824
1,32160,1696064565.409184
1,32192,1696064565.444984
1,32224,1696064565.4807708
1,32256,1696064565.516866
1,32288,1696064565.5536726
1,32320,1696064565.5903242
1,32352,1696064565.6359818
1,32384,1696064565.670857
1,32416,1696064565.7128088
1,32448,1696064565.7496479
1,32480,1696064565.7862854
1,32512,1696064565.8298438
1,32544,1696064565.8683345
1,32576,1696064565.9053397
1,32608,1696064565.9417462
1,32640,1696064565.9744763
1,32672,1696064566.0097296
1,32704,1696064566.0447242
1,32736,1696064566.0750299
1,32768,1696064566.1067717
1,32800,1696064566.1393175
1,32832,1696064566.1705055
1,32864,1696064566.2009156
1,32896,1696064566.2454946
1,32928,1696064566.2821245
1,32960,1696064566.3185549
1,32992,1696064566.355313
1,33024,1696064566.392933
1,33056,1696064566.4295208
1,33088,1696064566.4656634
1,33120,1696064566.5015197
1,33152,1696064566.538228
1,33184,1696064566.5745673
1,33216,1696064566.6112127
1,33248,1696064566.6478112
1,33280,1696064566.6848993
1,33312,1696064566.7270997
1,33344,1696064566.7620928
1,33376,1696064566.7990525
1,33408,1696064566.8355992
1,33440,1696064566.872456
1,33472,1696064566.9041696
1,33504,1696064566.9381082
1,33536,1696064566.970499
1,33568,1696064567.0025098
1,33600,1696064567.034448
1,33632,1696064567.0646143
1,33664,1696064567.0982616
1,33696,1696064567.1304379
1,33728,1696064567.1623192
1,33760,1696064567.1943378
1,33792,1696064567.2263
1,33824,1696064567.2585871
1,33856,1696064567.2904778
1,33888,1696064567.3301651
1,33920,1696064567.3623724
1,33952,1696064567.3944623
1,33984,1696064567.4263566
1,34016,1696064567.458488
1,34048,1696064567.4905221
1,34080,1696064567.522621
1,34112,1696064567.5621357
1,34144,1696064567.5909
1,34176,1696064567.6263235
1,34208,1696064567.6610777
1,34240,1696064567.6924162
1,34272,1696064567.7219489
1,34304,1696064567.7543714
1,34336,1696064567.7889416
1,34368,1696064567.8202827
1,34400,1696064567.851084
1,34432,1696064567.8860695
1,34464,1696064567.9166033
1,34496,1696064567.9482694
1,34528,1696064567.9791303
1,34560,1696064568.0093954
1,34592,1696064568.0397258
1,34624,1696064568.0708132
1,34656,1696064568.111732
1,34688,1696064568.1425898
1,34720,1696064568.1745007
1,34752,1696064568.2063212
1,34784,1696064568.2384806
1,34816,1696064568.2703784
1,34848,1696064568.3038597
1,34880,1696064568.3346202
1,34912,1696064568.3638763
1,34944,1696064568.3972974
1,34976,1696064568.4284756
1,35008,1696064568.4600635
1,35040,1696064568.4921093
1,35072,1696064568.522804
1,35104,1696064568.5577803
1,35136,1696064568.5889173
1,35168,1696064568.622187
1,35200,1696064568.6545117
1,35232,1696064568.6848056
1,35264,1696064568.7162883
1,35296,1696064568.7521646
1,35328,1696064568.7861814
1,35360,1696064568.8166845
1,35392,1696064568.848064
1,35424,1696064568.878898
1,35456,1696064568.9137807
1,35488,1696064568.9442325
1,35520,1696064568.9792802
1,35552,1696064569.0116224
1,35584,1696064569.042616
1,35616,1696064569.0774736
1,35648,1696064569.108592
1,35680,1696064569.138203
1,35712,1696064569.1734164
1,35744,1696064569.2047844
1,35776,1696064569.2385137
1,35808,1696064569.2704763
1,35840,1696064569.3024373
1,35872,1696064569.3345215
1,35904,1696064569.3662772
1,35936,1696064569.3986886
1,35968,1696064569.4306252
1,36000,1696064569.4626176
1,36032,1696064569.4967768
1,36064,1696064569.5267377
1,36096,1696064569.5620787
1,36128,1696064569.5941944
1,36160,1696064569.6263366
1,36192,1696064569.6592104
1,36224,1696064569.690592
1,36256,1696064569.7239096
1,36288,1696064569.7545104
1,36320,1696064569.7875845
1,36352,1696064569.8186872
1,36384,1696064569.8513694
1,36416,1696064569.8824964
1,36448,1696064569.9144094
1,36480,1696064569.9447188
1,36512,1696064569.976013
1,36544,1696064570.010127
1,36576,1696064570.0424538
1,36608,1696064570.0746968
1,36640,1696064570.1065583
1,36672,1696064570.138636
1,36704,1696064570.170583
1,36736,1696064570.2024913
1,36768,1696064570.2343543
1,36800,1696064570.2667258
1,36832,1696064570.2984614
1,36864,1696064570.33062
1,36896,1696064570.3625684
1,36928,1696064570.3945515
1,36960,1696064570.4264264
1,36992,1696064570.4586463
1,37024,1696064570.4906526
1,37056,1696064570.522583
1,37088,1696064570.5527878
1,37120,1696064570.5840795
1,37152,1696064570.6149564
1,37184,1696064570.6453037
1,37216,1696064570.6784601
1,37248,1696064570.7071543
1,37280,1696064570.7393425
1,37312,1696064570.7744212
1,37344,1696064570.8031125
1,37376,1696064570.8367176
1,37408,1696064570.8683574
1,37440,1696064570.8979392
1,37472,1696064570.9288356
1,37504,1696064570.97212
1,37536,1696064571.006267
1,37568,1696064571.0437496
1,37600,1696064571.0807986
1,37632,1696064571.1174393
1,37664,1696064571.1531942
1,37696,1696064571.189305
1,37728,1696064571.2264884
1,37760,1696064571.2632756
1,37792,1696064571.299984
1,37824,1696064571.3392863
1,37856,1696064571.3770452
1,37888,1696064571.4132013
1,37920,1696064571.4496245
1,37952,1696064571.489031
1,37984,1696064571.5255857
1,38016,1696064571.5621824
1,38048,1696064571.5986645
1,38080,1696064571.6390793
1,38112,1696064571.674345
1,38144,1696064571.709431
