epoch,trained_sample,time
1,0,1695621370.541145
1,128,1695621371.8649218
1,256,1695621371.8839276
1,384,1695621371.910662
1,512,1695621371.9317722
1,640,1695621371.952587
1,768,1695621371.9718704
1,896,1695621371.993374
1,1024,1695621372.0194528
1,1152,1695621372.0338018
1,1280,1695621372.0612073
1,1408,1695621372.07982
1,1536,1695621372.106618
1,1664,1695621372.1317983
1,1792,1695621372.153851
1,1920,1695621372.1736994
1,2048,1695621372.1992712
1,2176,1695621372.2240825
1,2304,1695621372.2466767
1,2432,1695621372.2676501
1,2560,1695621372.286387
1,2688,1695621372.3065574
1,2816,1695621372.3249216
1,2944,1695621372.3453054
1,3072,1695621372.363594
1,3200,1695621372.3825321
1,3328,1695621372.4022849
1,3456,1695621372.4227705
1,3584,1695621372.4426146
1,3712,1695621372.4622195
1,3840,1695621372.4827554
1,3968,1695621372.5000196
1,4096,1695621372.519697
1,4224,1695621372.5386274
1,4352,1695621372.558854
1,4480,1695621372.5787761
1,4608,1695621372.5983908
1,4736,1695621372.6189215
1,4864,1695621372.638635
1,4992,1695621372.6588626
1,5120,1695621372.678401
1,5248,1695621372.6987243
1,5376,1695621372.7196834
1,5504,1695621372.7388923
1,5632,1695621372.758439
1,5760,1695621372.776705
1,5888,1695621372.794373
1,6016,1695621372.814631
1,6144,1695621372.8344274
1,6272,1695621372.8549433
1,6400,1695621372.874381
1,6528,1695621372.894956
1,6656,1695621372.9144402
1,6784,1695621372.9341383
1,6912,1695621372.954856
1,7040,1695621372.9750767
1,7168,1695621372.9953973
1,7296,1695621373.0145354
1,7424,1695621373.0378792
1,7552,1695621373.0540948
1,7680,1695621373.0768833
1,7808,1695621373.092298
1,7936,1695621373.1125495
1,8064,1695621373.1381783
1,8192,1695621373.1611328
1,8320,1695621373.1828191
1,8448,1695621373.202805
1,8576,1695621373.2241218
1,8704,1695621373.2510269
1,8832,1695621373.2729802
1,8960,1695621373.293822
1,9088,1695621373.3188317
1,9216,1695621373.342921
1,9344,1695621373.3650959
1,9472,1695621373.3881497
1,9600,1695621373.408456
1,9728,1695621373.4330792
1,9856,1695621373.4572437
1,9984,1695621373.4736042
1,10112,1695621373.4977474
1,10240,1695621373.514547
1,10368,1695621373.5366912
1,10496,1695621373.5572026
1,10624,1695621373.5826888
1,10752,1695621373.6048632
1,10880,1695621373.6214476
1,11008,1695621373.6431398
1,11136,1695621373.6644113
1,11264,1695621373.686135
1,11392,1695621373.709751
1,11520,1695621373.7337754
1,11648,1695621373.75831
1,11776,1695621373.781848
1,11904,1695621373.8078718
1,12032,1695621373.829461
1,12160,1695621373.8546302
1,12288,1695621373.8776832
1,12416,1695621373.9026375
1,12544,1695621373.9275649
1,12672,1695621373.9526012
1,12800,1695621373.9735253
1,12928,1695621373.9988947
1,13056,1695621374.0215895
1,13184,1695621374.047392
1,13312,1695621374.0696845
1,13440,1695621374.0943525
1,13568,1695621374.1180382
1,13696,1695621374.1392283
1,13824,1695621374.163139
1,13952,1695621374.1829543
1,14080,1695621374.2067792
1,14208,1695621374.2294006
1,14336,1695621374.2548907
1,14464,1695621374.269598
1,14592,1695621374.2901413
1,14720,1695621374.3190677
1,14848,1695621374.3514178
1,14976,1695621374.3725562
1,15104,1695621374.3953679
1,15232,1695621374.4183023
1,15360,1695621374.4411778
1,15488,1695621374.4592426
1,15616,1695621374.476401
1,15744,1695621374.5000067
1,15872,1695621374.5209148
1,16000,1695621374.545714
1,16128,1695621374.5702732
1,16256,1695621374.585695
1,16384,1695621374.6063828
1,16512,1695621374.6275086
1,16640,1695621374.6553626
1,16768,1695621374.6803272
1,16896,1695621374.7030885
1,17024,1695621374.718047
1,17152,1695621374.737934
1,17280,1695621374.7609684
1,17408,1695621374.7831123
1,17536,1695621374.8038335
1,17664,1695621374.8288774
1,17792,1695621374.8504746
1,17920,1695621374.8703103
1,18048,1695621374.8918684
1,18176,1695621374.908835
1,18304,1695621374.9315784
1,18432,1695621374.9556735
1,18560,1695621374.9798307
1,18688,1695621375.0045793
1,18816,1695621375.0240948
1,18944,1695621375.045415
1,19072,1695621375.0690851
1,19200,1695621375.0941322
1,19328,1695621375.1157727
1,19456,1695621375.1441963
1,19584,1695621375.1654956
1,19712,1695621375.1910758
1,19840,1695621375.2145233
1,19968,1695621375.2352781
1,20096,1695621375.2617943
1,20224,1695621375.2835646
1,20352,1695621375.3048837
1,20480,1695621375.3229332
1,20608,1695621375.3435845
1,20736,1695621375.364052
1,20864,1695621375.383956
1,20992,1695621375.4063807
1,21120,1695621375.426258
1,21248,1695621375.4413588
1,21376,1695621375.4641156
1,21504,1695621375.4814994
1,21632,1695621375.507756
1,21760,1695621375.5263948
1,21888,1695621375.542795
1,22016,1695621375.5636787
1,22144,1695621375.5859442
1,22272,1695621375.6066146
1,22400,1695621375.6268
1,22528,1695621375.6468513
1,22656,1695621375.6659336
1,22784,1695621375.6929839
1,22912,1695621375.7118702
1,23040,1695621375.7314942
1,23168,1695621375.7516468
1,23296,1695621375.772184
1,23424,1695621375.7930286
1,23552,1695621375.8147457
1,23680,1695621375.8342187
1,23808,1695621375.854391
1,23936,1695621375.8757842
1,24064,1695621375.8964462
1,24192,1695621375.9153864
1,24320,1695621375.936982
1,24448,1695621375.9586096
1,24576,1695621375.9789808
1,24704,1695621376.0000284
1,24832,1695621376.019111
1,24960,1695621376.0378027
1,25088,1695621376.058392
1,25216,1695621376.0780768
1,25344,1695621376.0982766
1,25472,1695621376.1180813
1,25600,1695621376.1381714
1,25728,1695621376.1582005
1,25856,1695621376.1785803
1,25984,1695621376.1988356
1,26112,1695621376.2188928
1,26240,1695621376.2341485
1,26368,1695621376.252576
1,26496,1695621376.2745967
1,26624,1695621376.294607
1,26752,1695621376.3134143
1,26880,1695621376.3338099
1,27008,1695621376.3532987
1,27136,1695621376.3732069
1,27264,1695621376.3933804
1,27392,1695621376.4132535
1,27520,1695621376.4331925
1,27648,1695621376.4536633
1,27776,1695621376.47675
1,27904,1695621376.496891
1,28032,1695621376.5143094
1,28160,1695621376.536131
1,28288,1695621376.5579255
1,28416,1695621376.5785394
1,28544,1695621376.598369
1,28672,1695621376.6181576
1,28800,1695621376.6381552
1,28928,1695621376.6611617
1,29056,1695621376.6851263
1,29184,1695621376.7050276
1,29312,1695621376.7254686
1,29440,1695621376.7483664
1,29568,1695621376.7709763
1,29696,1695621376.7904928
1,29824,1695621376.8176231
1,29952,1695621376.8367202
1,30080,1695621376.8574443
1,30208,1695621376.8814478
1,30336,1695621376.9055176
1,30464,1695621376.929178
1,30592,1695621376.9546127
1,30720,1695621376.9770343
1,30848,1695621376.9974973
1,30976,1695621377.0212038
1,31104,1695621377.0450747
1,31232,1695621377.066801
1,31360,1695621377.0823755
1,31488,1695621377.1041422
1,31616,1695621377.1261432
1,31744,1695621377.1467395
1,31872,1695621377.169038
1,32000,1695621377.1911516
1,32128,1695621377.2115417
1,32256,1695621377.2314038
1,32384,1695621377.250642
1,32512,1695621377.2736328
1,32640,1695621377.2952075
1,32768,1695621377.315611
1,32896,1695621377.3380818
1,33024,1695621377.35918
1,33152,1695621377.379247
1,33280,1695621377.399414
1,33408,1695621377.4184642
1,33536,1695621377.442996
1,33664,1695621377.4648108
1,33792,1695621377.486777
1,33920,1695621377.50982
1,34048,1695621377.5257506
1,34176,1695621377.5513656
1,34304,1695621377.5739
1,34432,1695621377.5941708
1,34560,1695621377.6154852
1,34688,1695621377.6403012
1,34816,1695621377.6639726
1,34944,1695621377.6800013
1,35072,1695621377.6988826
1,35200,1695621377.7157674
1,35328,1695621377.7338598
1,35456,1695621377.750973
1,35584,1695621377.7703872
1,35712,1695621377.7908573
1,35840,1695621377.8109748
1,35968,1695621377.8304386
1,36096,1695621377.8486538
1,36224,1695621377.8667033
1,36352,1695621377.8865628
1,36480,1695621377.9069161
1,36608,1695621377.9270089
1,36736,1695621377.94644
1,36864,1695621377.9666884
1,36992,1695621377.986441
1,37120,1695621378.0068662
1,37248,1695621378.0269358
1,37376,1695621378.046527
1,37504,1695621378.0647721
1,37632,1695621378.082798
1,37760,1695621378.1023996
1,37888,1695621378.1231048
1,38016,1695621378.1424294
1,38144,1695621378.1624827
1,38272,1695621378.1829622
1,38400,1695621378.2027187
1,38528,1695621378.2229512
1,38656,1695621378.242854
1,38784,1695621378.2624655
1,38912,1695621378.2828352
1,39040,1695621378.3027096
1,39168,1695621378.3228805
1,39296,1695621378.3427894
1,39424,1695621378.362469
1,39552,1695621378.3827105
1,39680,1695621378.4026315
1,39808,1695621378.4227343
1,39936,1695621378.4423308
1,40064,1695621378.466791
1,40192,1695621378.4892552
1,40320,1695621378.5056322
1,40448,1695621378.5260198
1,40576,1695621378.5475223
1,40704,1695621378.5693753
1,40832,1695621378.5943983
1,40960,1695621378.6096776
1,41088,1695621378.6301615
1,41216,1695621378.6546252
1,41344,1695621378.6791782
1,41472,1695621378.7049546
1,41600,1695621378.7288125
1,41728,1695621378.749477
1,41856,1695621378.7769668
1,41984,1695621378.7959626
1,42112,1695621378.8226724
1,42240,1695621378.8420408
1,42368,1695621378.86306
1,42496,1695621378.8900588
1,42624,1695621378.9141579
1,42752,1695621378.9381857
1,42880,1695621378.9646428
1,43008,1695621378.981999
1,43136,1695621379.0065477
1,43264,1695621379.0270507
1,43392,1695621379.0547645
1,43520,1695621379.0769815
1,43648,1695621379.0991676
1,43776,1695621379.1186726
1,43904,1695621379.1468759
1,44032,1695621379.1721036
1,44160,1695621379.194977
1,44288,1695621379.2147071
1,44416,1695621379.2367408
1,44544,1695621379.2581704
1,44672,1695621379.2824943
1,44800,1695621379.305133
1,44928,1695621379.3270266
1,45056,1695621379.3471766
1,45184,1695621379.371026
1,45312,1695621379.3922117
1,45440,1695621379.413901
1,45568,1695621379.4341474
1,45696,1695621379.454278
1,45824,1695621379.4810612
1,45952,1695621379.5016866
1,46080,1695621379.5225966
1,46208,1695621379.5419457
1,46336,1695621379.5690048
1,46464,1695621379.589716
1,46592,1695621379.6099105
1,46720,1695621379.6351314
1,46848,1695621379.6573317
1,46976,1695621379.6817985
1,47104,1695621379.7052517
1,47232,1695621379.726695
1,47360,1695621379.7495394
1,47488,1695621379.7728658
1,47616,1695621379.79468
1,47744,1695621379.81561
1,47872,1695621379.838846
1,48000,1695621379.862815
1,48128,1695621379.883995
1,48256,1695621379.905927
1,48384,1695621379.9261837
1,48512,1695621379.9479742
1,48640,1695621379.9708352
1,48768,1695621379.9916518
1,48896,1695621380.0144198
1,49024,1695621380.0402744
1,49152,1695621380.0591488
1,49280,1695621380.0803587
1,49408,1695621380.1012027
1,49536,1695621380.1176164
1,49664,1695621380.1370437
1,49792,1695621380.155853
1,49920,1695621380.1804314
1,50000,1695621380.205442
2,128,1695621380.5752802
2,256,1695621380.6009896
2,384,1695621380.620842
2,512,1695621380.6445665
2,640,1695621380.6689568
2,768,1695621380.6949942
2,896,1695621380.7165422
2,1024,1695621380.7424035
2,1152,1695621380.7671456
2,1280,1695621380.7909424
2,1408,1695621380.8116612
2,1536,1695621380.8331769
2,1664,1695621380.852933
2,1792,1695621380.8726454
2,1920,1695621380.8909526
2,2048,1695621380.913949
2,2176,1695621380.9340441
2,2304,1695621380.9594202
2,2432,1695621380.9813225
2,2560,1695621381.0064232
2,2688,1695621381.024654
2,2816,1695621381.0484505
2,2944,1695621381.067
2,3072,1695621381.0910413
2,3200,1695621381.1107626
2,3328,1695621381.1331983
2,3456,1695621381.15761
2,3584,1695621381.1770627
2,3712,1695621381.1954236
2,3840,1695621381.2178092
2,3968,1695621381.239973
2,4096,1695621381.262686
2,4224,1695621381.2828844
2,4352,1695621381.3020327
2,4480,1695621381.3248754
2,4608,1695621381.3449192
2,4736,1695621381.3646529
2,4864,1695621381.3872185
2,4992,1695621381.4097838
2,5120,1695621381.4334202
2,5248,1695621381.4566264
2,5376,1695621381.4837937
2,5504,1695621381.5099053
2,5632,1695621381.5282917
2,5760,1695621381.5456219
2,5888,1695621381.5653663
2,6016,1695621381.5873458
2,6144,1695621381.6079981
2,6272,1695621381.6278868
2,6400,1695621381.6506119
2,6528,1695621381.6707559
2,6656,1695621381.6907308
2,6784,1695621381.7106707
2,6912,1695621381.7310345
2,7040,1695621381.7506154
2,7168,1695621381.7704303
2,7296,1695621381.7908099
2,7424,1695621381.8105733
2,7552,1695621381.8306103
2,7680,1695621381.8512397
2,7808,1695621381.8705463
2,7936,1695621381.8904762
2,8064,1695621381.9107697
2,8192,1695621381.9313104
2,8320,1695621381.9506986
2,8448,1695621381.9705987
2,8576,1695621381.9905088
2,8704,1695621382.010612
2,8832,1695621382.030547
2,8960,1695621382.0505855
2,9088,1695621382.0703657
2,9216,1695621382.0908692
2,9344,1695621382.1120203
2,9472,1695621382.1317523
2,9600,1695621382.1507752
2,9728,1695621382.1705997
2,9856,1695621382.1903574
2,9984,1695621382.2106962
2,10112,1695621382.2308857
2,10240,1695621382.250436
2,10368,1695621382.2708158
2,10496,1695621382.2915707
2,10624,1695621382.310641
2,10752,1695621382.3307514
2,10880,1695621382.3504994
2,11008,1695621382.3707197
2,11136,1695621382.391099
2,11264,1695621382.410607
2,11392,1695621382.430794
2,11520,1695621382.4506218
2,11648,1695621382.4707727
2,11776,1695621382.490525
2,11904,1695621382.5108836
2,12032,1695621382.5306096
2,12160,1695621382.551075
2,12288,1695621382.570556
2,12416,1695621382.5904357
2,12544,1695621382.6109602
2,12672,1695621382.6304297
2,12800,1695621382.6508083
2,12928,1695621382.670852
2,13056,1695621382.6908145
2,13184,1695621382.7091806
2,13312,1695621382.7303455
2,13440,1695621382.7506728
2,13568,1695621382.7713022
2,13696,1695621382.7905023
2,13824,1695621382.8109004
2,13952,1695621382.8309317
2,14080,1695621382.8510559
2,14208,1695621382.8709497
2,14336,1695621382.890452
2,14464,1695621382.9107916
2,14592,1695621382.9311216
2,14720,1695621382.9512453
2,14848,1695621382.970637
2,14976,1695621382.9906268
2,15104,1695621383.0107489
2,15232,1695621383.0311465
2,15360,1695621383.0506349
2,15488,1695621383.0706964
2,15616,1695621383.0906463
2,15744,1695621383.1117141
2,15872,1695621383.1306586
2,16000,1695621383.1506042
2,16128,1695621383.1703715
2,16256,1695621383.1908796
2,16384,1695621383.2104104
2,16512,1695621383.2288227
2,16640,1695621383.2505238
2,16768,1695621383.2715697
2,16896,1695621383.2911587
2,17024,1695621383.310712
2,17152,1695621383.330678
2,17280,1695621383.350546
2,17408,1695621383.3702817
2,17536,1695621383.3906474
2,17664,1695621383.4109461
2,17792,1695621383.4303505
2,17920,1695621383.4515114
2,18048,1695621383.4714513
2,18176,1695621383.4905283
2,18304,1695621383.510865
2,18432,1695621383.5308967
2,18560,1695621383.5509872
2,18688,1695621383.570415
2,18816,1695621383.5905454
2,18944,1695621383.6102855
2,19072,1695621383.6310139
2,19200,1695621383.6514344
2,19328,1695621383.670622
2,19456,1695621383.6906538
2,19584,1695621383.7103224
2,19712,1695621383.7312045
2,19840,1695621383.750761
2,19968,1695621383.7707996
2,20096,1695621383.790428
2,20224,1695621383.8105524
2,20352,1695621383.830946
2,20480,1695621383.8505065
2,20608,1695621383.8706007
2,20736,1695621383.890823
2,20864,1695621383.9106526
2,20992,1695621383.9312332
2,21120,1695621383.9507983
2,21248,1695621383.9705486
2,21376,1695621383.9952552
2,21504,1695621384.0157273
2,21632,1695621384.0388095
2,21760,1695621384.059268
2,21888,1695621384.083155
2,22016,1695621384.103773
2,22144,1695621384.1281633
2,22272,1695621384.1506507
2,22400,1695621384.170149
2,22528,1695621384.197144
2,22656,1695621384.2149312
2,22784,1695621384.2338383
2,22912,1695621384.254418
2,23040,1695621384.2699766
2,23168,1695621384.2920415
2,23296,1695621384.3133268
2,23424,1695621384.3376083
2,23552,1695621384.3605533
2,23680,1695621384.3847628
2,23808,1695621384.4072926
2,23936,1695621384.4326355
2,24064,1695621384.456973
2,24192,1695621384.482788
2,24320,1695621384.502302
2,24448,1695621384.523866
2,24576,1695621384.5462787
2,24704,1695621384.5662856
2,24832,1695621384.5886037
2,24960,1695621384.6109922
2,25088,1695621384.6304917
2,25216,1695621384.6529925
2,25344,1695621384.67395
2,25472,1695621384.69393
2,25600,1695621384.717356
2,25728,1695621384.7394066
2,25856,1695621384.7651768
2,25984,1695621384.78587
2,26112,1695621384.8040173
2,26240,1695621384.8226645
2,26368,1695621384.8433514
2,26496,1695621384.8629231
2,26624,1695621384.8867323
2,26752,1695621384.9079258
2,26880,1695621384.9312036
2,27008,1695621384.9520137
2,27136,1695621384.9787288
2,27264,1695621385.0017505
2,27392,1695621385.022631
2,27520,1695621385.0427766
2,27648,1695621385.0672944
2,27776,1695621385.0874279
2,27904,1695621385.1056232
2,28032,1695621385.1260214
2,28160,1695621385.1445901
2,28288,1695621385.1644769
2,28416,1695621385.1826606
2,28544,1695621385.201649
2,28672,1695621385.2217238
2,28800,1695621385.2450335
2,28928,1695621385.2658892
2,29056,1695621385.2867825
2,29184,1695621385.3070948
2,29312,1695621385.3294702
2,29440,1695621385.3519137
2,29568,1695621385.370744
2,29696,1695621385.3930795
2,29824,1695621385.4148319
2,29952,1695621385.437619
2,30080,1695621385.4611828
2,30208,1695621385.4830053
2,30336,1695621385.503382
2,30464,1695621385.527124
2,30592,1695621385.5481687
2,30720,1695621385.570592
2,30848,1695621385.5918624
2,30976,1695621385.6151881
2,31104,1695621385.6358385
2,31232,1695621385.6588774
2,31360,1695621385.6797173
2,31488,1695621385.703097
2,31616,1695621385.7235408
2,31744,1695621385.7446465
2,31872,1695621385.7651148
2,32000,1695621385.7869716
2,32128,1695621385.8071625
2,32256,1695621385.8313653
2,32384,1695621385.849967
2,32512,1695621385.876527
2,32640,1695621385.8979414
2,32768,1695621385.9198556
2,32896,1695621385.9428706
2,33024,1695621385.9637744
2,33152,1695621385.987193
2,33280,1695621386.0079007
2,33408,1695621386.0308392
2,33536,1695621386.051728
2,33664,1695621386.075339
2,33792,1695621386.0954866
2,33920,1695621386.118949
2,34048,1695621386.1407492
2,34176,1695621386.162941
2,34304,1695621386.1852646
2,34432,1695621386.206822
2,34560,1695621386.2276754
2,34688,1695621386.2509706
2,34816,1695621386.2717156
2,34944,1695621386.2904427
2,35072,1695621386.3199832
2,35200,1695621386.341871
2,35328,1695621386.36242
2,35456,1695621386.3786476
2,35584,1695621386.401235
2,35712,1695621386.424632
2,35840,1695621386.446759
2,35968,1695621386.4620254
2,36096,1695621386.4803357
2,36224,1695621386.497797
2,36352,1695621386.5221527
2,36480,1695621386.5399716
2,36608,1695621386.56111
2,36736,1695621386.5858538
2,36864,1695621386.604873
2,36992,1695621386.6243355
2,37120,1695621386.6408827
2,37248,1695621386.660488
2,37376,1695621386.6806152
2,37504,1695621386.6985095
2,37632,1695621386.7185643
2,37760,1695621386.7397826
2,37888,1695621386.7589645
2,38016,1695621386.7796452
2,38144,1695621386.7998662
2,38272,1695621386.8229396
2,38400,1695621386.8436131
2,38528,1695621386.8669844
2,38656,1695621386.8900487
2,38784,1695621386.9118285
2,38912,1695621386.9394524
2,39040,1695621386.958525
2,39168,1695621386.9804704
2,39296,1695621386.9990568
2,39424,1695621387.0207846
2,39552,1695621387.0425105
2,39680,1695621387.0636919
2,39808,1695621387.0833058
2,39936,1695621387.1040206
2,40064,1695621387.1270158
2,40192,1695621387.1470547
2,40320,1695621387.1709354
2,40448,1695621387.1924815
2,40576,1695621387.2147381
2,40704,1695621387.2343004
2,40832,1695621387.2530234
2,40960,1695621387.274833
2,41088,1695621387.2947528
2,41216,1695621387.3164465
2,41344,1695621387.3391252
2,41472,1695621387.3603668
2,41600,1695621387.382837
2,41728,1695621387.406435
2,41856,1695621387.4286032
2,41984,1695621387.4510086
2,42112,1695621387.4715264
2,42240,1695621387.4952085
2,42368,1695621387.515819
2,42496,1695621387.5389671
2,42624,1695621387.559762
2,42752,1695621387.5829356
2,42880,1695621387.603853
2,43008,1695621387.6270392
2,43136,1695621387.6476352
2,43264,1695621387.6646867
2,43392,1695621387.6847742
2,43520,1695621387.7034147
2,43648,1695621387.7232904
2,43776,1695621387.7446814
2,43904,1695621387.767036
2,44032,1695621387.7867198
2,44160,1695621387.8057556
2,44288,1695621387.8312604
2,44416,1695621387.8523057
2,44544,1695621387.8751717
2,44672,1695621387.8909256
2,44800,1695621387.9193132
2,44928,1695621387.944347
2,45056,1695621387.9659991
2,45184,1695621387.986344
2,45312,1695621388.0066328
2,45440,1695621388.025512
2,45568,1695621388.0469785
2,45696,1695621388.066852
2,45824,1695621388.0909538
2,45952,1695621388.1161447
2,46080,1695621388.1380808
2,46208,1695621388.1584182
2,46336,1695621388.1794946
2,46464,1695621388.2029886
2,46592,1695621388.2236888
2,46720,1695621388.24696
2,46848,1695621388.268157
2,46976,1695621388.2907972
2,47104,1695621388.3111494
2,47232,1695621388.3352087
2,47360,1695621388.3560557
2,47488,1695621388.3787873
2,47616,1695621388.4001021
2,47744,1695621388.4231613
2,47872,1695621388.443516
2,48000,1695621388.4671173
2,48128,1695621388.4878778
2,48256,1695621388.5110073
2,48384,1695621388.5317433
2,48512,1695621388.5548298
2,48640,1695621388.5755374
2,48768,1695621388.5989904
2,48896,1695621388.6205778
2,49024,1695621388.639152
2,49152,1695621388.6628072
2,49280,1695621388.6901717
2,49408,1695621388.709809
2,49536,1695621388.7309496
2,49664,1695621388.7506328
2,49792,1695621388.7710266
2,49920,1695621388.7905848
2,50000,1695621388.810546
3,128,1695621389.206294
3,256,1695621389.2291903
3,384,1695621389.2511268
3,512,1695621389.2667196
3,640,1695621389.2902699
3,768,1695621389.3105586
3,896,1695621389.3305008
3,1024,1695621389.3500712
3,1152,1695621389.3705444
3,1280,1695621389.3916426
3,1408,1695621389.4083366
3,1536,1695621389.427875
3,1664,1695621389.450795
3,1792,1695621389.4710166
3,1920,1695621389.488923
3,2048,1695621389.5087478
3,2176,1695621389.5269322
3,2304,1695621389.5507522
3,2432,1695621389.5728257
3,2560,1695621389.5949824
3,2688,1695621389.6145623
3,2816,1695621389.6413345
3,2944,1695621389.6608489
3,3072,1695621389.6812556
3,3200,1695621389.6975577
3,3328,1695621389.7232409
3,3456,1695621389.7426863
3,3584,1695621389.7625751
3,3712,1695621389.7830966
3,3840,1695621389.8025503
3,3968,1695621389.8228881
3,4096,1695621389.8428018
3,4224,1695621389.8636
3,4352,1695621389.88323
3,4480,1695621389.9024346
3,4608,1695621389.9226294
3,4736,1695621389.942743
3,4864,1695621389.9629486
3,4992,1695621389.9869597
3,5120,1695621390.0072584
3,5248,1695621390.031313
3,5376,1695621390.052038
3,5504,1695621390.0725343
3,5632,1695621390.0934606
3,5760,1695621390.115053
3,5888,1695621390.1358259
3,6016,1695621390.1571198
3,6144,1695621390.178463
3,6272,1695621390.1996088
3,6400,1695621390.2275019
3,6528,1695621390.2509625
3,6656,1695621390.2706304
3,6784,1695621390.290235
3,6912,1695621390.3113477
3,7040,1695621390.330488
3,7168,1695621390.3504162
3,7296,1695621390.3710446
3,7424,1695621390.3907917
3,7552,1695621390.4148245
3,7680,1695621390.436089
3,7808,1695621390.4587688
3,7936,1695621390.4804726
3,8064,1695621390.500697
3,8192,1695621390.520405
3,8320,1695621390.53889
3,8448,1695621390.5588312
3,8576,1695621390.5789504
3,8704,1695621390.5986629
3,8832,1695621390.6230438
3,8960,1695621390.6440127
3,9088,1695621390.6673033
3,9216,1695621390.6872363
3,9344,1695621390.7145221
3,9472,1695621390.7377539
3,9600,1695621390.7628758
3,9728,1695621390.7862775
3,9856,1695621390.805744
3,9984,1695621390.8292713
3,10112,1695621390.8480802
3,10240,1695621390.8671167
3,10368,1695621390.8875191
3,10496,1695621390.9066887
3,10624,1695621390.9308505
3,10752,1695621390.9545355
3,10880,1695621390.9763794
3,11008,1695621390.9988246
3,11136,1695621391.014512
3,11264,1695621391.0398378
3,11392,1695621391.061986
3,11520,1695621391.08229
3,11648,1695621391.0976133
3,11776,1695621391.1203227
3,11904,1695621391.1405025
3,12032,1695621391.1609025
3,12160,1695621391.1826468
3,12288,1695621391.203154
3,12416,1695621391.2316246
3,12544,1695621391.2541423
3,12672,1695621391.2788153
3,12800,1695621391.3020926
3,12928,1695621391.319072
3,13056,1695621391.3403065
3,13184,1695621391.3681111
3,13312,1695621391.3901887
3,13440,1695621391.406979
3,13568,1695621391.4368112
3,13696,1695621391.4571855
3,13824,1695621391.480226
3,13952,1695621391.5022662
3,14080,1695621391.5242732
3,14208,1695621391.5472398
3,14336,1695621391.571093
3,14464,1695621391.591327
3,14592,1695621391.6157703
3,14720,1695621391.636027
3,14848,1695621391.6590645
3,14976,1695621391.6788301
3,15104,1695621391.6981807
3,15232,1695621391.7215571
3,15360,1695621391.7447882
3,15488,1695621391.7667785
3,15616,1695621391.7862096
3,15744,1695621391.81288
3,15872,1695621391.833355
3,16000,1695621391.8495455
3,16128,1695621391.8706534
3,16256,1695621391.8908598
3,16384,1695621391.9106936
3,16512,1695621391.9306257
3,16640,1695621391.9505756
3,16768,1695621391.9711597
3,16896,1695621391.9905188
3,17024,1695621392.0106418
3,17152,1695621392.030627
3,17280,1695621392.050517
3,17408,1695621392.0712447
3,17536,1695621392.0916195
3,17664,1695621392.1111782
3,17792,1695621392.1350937
3,17920,1695621392.1562846
3,18048,1695621392.174866
3,18176,1695621392.1952455
3,18304,1695621392.2146566
3,18432,1695621392.2347105
3,18560,1695621392.2543724
3,18688,1695621392.2745597
3,18816,1695621392.2943585
3,18944,1695621392.314619
3,19072,1695621392.3349063
3,19200,1695621392.3547258
3,19328,1695621392.37465
3,19456,1695621392.3948262
3,19584,1695621392.4143093
3,19712,1695621392.4348183
3,19840,1695621392.4550395
3,19968,1695621392.47456
3,20096,1695621392.4946442
3,20224,1695621392.5150073
3,20352,1695621392.534465
3,20480,1695621392.5542886
3,20608,1695621392.574686
3,20736,1695621392.5950055
3,20864,1695621392.615301
3,20992,1695621392.6347415
3,21120,1695621392.6547322
3,21248,1695621392.6756463
3,21376,1695621392.699054
3,21504,1695621392.7202702
3,21632,1695621392.7426033
3,21760,1695621392.763577
3,21888,1695621392.785715
3,22016,1695621392.8090498
3,22144,1695621392.8257692
3,22272,1695621392.8439102
3,22400,1695621392.8625324
3,22528,1695621392.8899956
3,22656,1695621392.9103909
3,22784,1695621392.9317524
3,22912,1695621392.9526935
3,23040,1695621392.9760349
3,23168,1695621393.0003407
3,23296,1695621393.0194383
3,23424,1695621393.0389335
3,23552,1695621393.059478
3,23680,1695621393.0866215
3,23808,1695621393.1086383
3,23936,1695621393.1280682
3,24064,1695621393.1529272
3,24192,1695621393.1739626
3,24320,1695621393.1943262
3,24448,1695621393.208493
3,24576,1695621393.2383993
3,24704,1695621393.2590022
3,24832,1695621393.2834377
3,24960,1695621393.3040173
3,25088,1695621393.3261864
3,25216,1695621393.3465433
3,25344,1695621393.3686855
3,25472,1695621393.3906987
3,25600,1695621393.4104836
3,25728,1695621393.4333103
3,25856,1695621393.4547641
3,25984,1695621393.4743254
3,26112,1695621393.4976926
3,26240,1695621393.5182846
3,26368,1695621393.5416121
3,26496,1695621393.562961
3,26624,1695621393.5824215
3,26752,1695621393.6044977
3,26880,1695621393.625823
3,27008,1695621393.6456435
3,27136,1695621393.6668713
3,27264,1695621393.6897635
3,27392,1695621393.7108736
3,27520,1695621393.730859
3,27648,1695621393.7544763
3,27776,1695621393.7754116
3,27904,1695621393.7952967
3,28032,1695621393.8154824
3,28160,1695621393.835883
3,28288,1695621393.8557854
3,28416,1695621393.8759604
3,28544,1695621393.8956246
3,28672,1695621393.915645
3,28800,1695621393.9419448
3,28928,1695621393.9616494
3,29056,1695621393.981083
3,29184,1695621394.0053766
3,29312,1695621394.0275688
3,29440,1695621394.0526686
3,29568,1695621394.075461
3,29696,1695621394.1012008
3,29824,1695621394.1221461
3,29952,1695621394.1494627
3,30080,1695621394.1785727
3,30208,1695621394.1951973
3,30336,1695621394.2225335
3,30464,1695621394.2431643
3,30592,1695621394.2682858
3,30720,1695621394.289759
3,30848,1695621394.318365
3,30976,1695621394.335125
3,31104,1695621394.357247
3,31232,1695621394.378129
3,31360,1695621394.401802
3,31488,1695621394.4209254
3,31616,1695621394.4429734
3,31744,1695621394.4715874
3,31872,1695621394.4889174
3,32000,1695621394.5127826
3,32128,1695621394.5348918
3,32256,1695621394.5570307
3,32384,1695621394.5787015
3,32512,1695621394.5983205
3,32640,1695621394.6199422
3,32768,1695621394.6424131
3,32896,1695621394.6634352
3,33024,1695621394.6837149
3,33152,1695621394.7033823
3,33280,1695621394.7237637
3,33408,1695621394.7433877
3,33536,1695621394.763557
3,33664,1695621394.7836213
3,33792,1695621394.8025656
3,33920,1695621394.8329976
3,34048,1695621394.8499303
3,34176,1695621394.8813355
3,34304,1695621394.8973505
3,34432,1695621394.9254284
3,34560,1695621394.9463248
3,34688,1695621394.9657664
3,34816,1695621394.985481
3,34944,1695621395.0096579
3,35072,1695621395.032115
3,35200,1695621395.0533984
3,35328,1695621395.0715146
3,35456,1695621395.0903656
3,35584,1695621395.1106424
3,35712,1695621395.1307013
3,35840,1695621395.1556284
3,35968,1695621395.176519
3,36096,1695621395.197872
3,36224,1695621395.2180197
3,36352,1695621395.2384624
3,36480,1695621395.2618217
3,36608,1695621395.2838612
3,36736,1695621395.3036969
3,36864,1695621395.3257172
3,36992,1695621395.3457386
3,37120,1695621395.3748507
3,37248,1695621395.3909264
3,37376,1695621395.4184551
3,37504,1695621395.437866
3,37632,1695621395.458364
3,37760,1695621395.4816968
3,37888,1695621395.5033362
3,38016,1695621395.525781
3,38144,1695621395.546273
3,38272,1695621395.5678213
3,38400,1695621395.5901122
3,38528,1695621395.6121879
3,38656,1695621395.6356921
3,38784,1695621395.6562026
3,38912,1695621395.6781967
3,39040,1695621395.6975572
3,39168,1695621395.726447
3,39296,1695621395.7422614
3,39424,1695621395.7708368
3,39552,1695621395.78714
3,39680,1695621395.814861
3,39808,1695621395.844551
3,39936,1695621395.869221
3,40064,1695621395.8875844
3,40192,1695621395.9091074
3,40320,1695621395.9307122
3,40448,1695621395.9506238
3,40576,1695621395.9732985
3,40704,1695621395.9960895
3,40832,1695621396.016359
3,40960,1695621396.0389135
3,41088,1695621396.0600955
3,41216,1695621396.081551
3,41344,1695621396.1024942
3,41472,1695621396.1293483
3,41600,1695621396.1513686
3,41728,1695621396.1808736
3,41856,1695621396.199732
3,41984,1695621396.223788
3,42112,1695621396.2428203
3,42240,1695621396.2631333
3,42368,1695621396.286091
3,42496,1695621396.307921
3,42624,1695621396.3290863
3,42752,1695621396.3538294
3,42880,1695621396.3762138
3,43008,1695621396.3996196
3,43136,1695621396.4225543
3,43264,1695621396.442492
3,43392,1695621396.4642224
3,43520,1695621396.4866507
3,43648,1695621396.5081117
3,43776,1695621396.5299792
3,43904,1695621396.5533235
3,44032,1695621396.5753098
3,44160,1695621396.6024337
3,44288,1695621396.6226532
3,44416,1695621396.6440918
3,44544,1695621396.6785676
3,44672,1695621396.7025301
3,44800,1695621396.7293458
3,44928,1695621396.7454312
3,45056,1695621396.7766683
3,45184,1695621396.800378
3,45312,1695621396.820251
3,45440,1695621396.8404593
3,45568,1695621396.860652
3,45696,1695621396.8827648
3,45824,1695621396.901826
3,45952,1695621396.9272037
3,46080,1695621396.9453151
3,46208,1695621396.9637337
3,46336,1695621396.984975
3,46464,1695621397.0066946
3,46592,1695621397.0268118
3,46720,1695621397.0483422
3,46848,1695621397.067288
3,46976,1695621397.0866854
3,47104,1695621397.1087387
3,47232,1695621397.1285837
3,47360,1695621397.1471972
3,47488,1695621397.16895
3,47616,1695621397.189132
3,47744,1695621397.2067795
3,47872,1695621397.2278595
3,48000,1695621397.2491124
3,48128,1695621397.26876
3,48256,1695621397.2872267
3,48384,1695621397.309371
3,48512,1695621397.3306024
3,48640,1695621397.3477943
3,48768,1695621397.3714592
3,48896,1695621397.3909173
3,49024,1695621397.410025
3,49152,1695621397.4385076
3,49280,1695621397.458732
3,49408,1695621397.479624
3,49536,1695621397.4996772
3,49664,1695621397.5209725
3,49792,1695621397.5405598
3,49920,1695621397.559786
3,50000,1695621397.5810792
4,128,1695621397.9468267
4,256,1695621397.9654431
4,384,1695621397.9906034
4,512,1695621398.0129733
4,640,1695621398.0437765
4,768,1695621398.063707
4,896,1695621398.0849044
4,1024,1695621398.1038299
4,1152,1695621398.1232655
4,1280,1695621398.142807
4,1408,1695621398.1629767
4,1536,1695621398.1833873
4,1664,1695621398.2027788
4,1792,1695621398.2223577
4,1920,1695621398.2428524
4,2048,1695621398.2671125
4,2176,1695621398.2880132
4,2304,1695621398.3111405
4,2432,1695621398.3319924
4,2560,1695621398.354885
4,2688,1695621398.377528
4,2816,1695621398.4005184
4,2944,1695621398.4228506
4,3072,1695621398.4443703
4,3200,1695621398.466947
4,3328,1695621398.4865777
4,3456,1695621398.513387
4,3584,1695621398.5360727
4,3712,1695621398.5577765
4,3840,1695621398.5783827
4,3968,1695621398.6041691
4,4096,1695621398.6253023
4,4224,1695621398.6509225
4,4352,1695621398.6733232
4,4480,1695621398.695939
4,4608,1695621398.718932
4,4736,1695621398.7390952
4,4864,1695621398.760958
4,4992,1695621398.7819736
4,5120,1695621398.8075616
4,5248,1695621398.8283858
4,5376,1695621398.8552809
4,5504,1695621398.8773558
4,5632,1695621398.9023652
4,5760,1695621398.925044
4,5888,1695621398.9495153
4,6016,1695621398.9689262
4,6144,1695621398.9898353
4,6272,1695621399.0145793
4,6400,1695621399.0368626
4,6528,1695621399.0575712
4,6656,1695621399.0829816
4,6784,1695621399.1050937
4,6912,1695621399.1210074
4,7040,1695621399.1464934
4,7168,1695621399.166638
4,7296,1695621399.1859863
4,7424,1695621399.20385
4,7552,1695621399.230359
4,7680,1695621399.2515097
4,7808,1695621399.2796245
4,7936,1695621399.3010337
4,8064,1695621399.3227186
4,8192,1695621399.3437033
4,8320,1695621399.3671381
4,8448,1695621399.3879702
4,8576,1695621399.4107454
4,8704,1695621399.4343832
4,8832,1695621399.4563193
4,8960,1695621399.478791
4,9088,1695621399.4998474
4,9216,1695621399.522731
4,9344,1695621399.5379138
4,9472,1695621399.5614154
4,9600,1695621399.5825057
4,9728,1695621399.6038826
4,9856,1695621399.6315675
4,9984,1695621399.654334
4,10112,1695621399.6782334
4,10240,1695621399.694093
4,10368,1695621399.717973
4,10496,1695621399.7336318
4,10624,1695621399.7575579
4,10752,1695621399.778751
4,10880,1695621399.7940776
4,11008,1695621399.8185818
4,11136,1695621399.839366
4,11264,1695621399.8627527
4,11392,1695621399.886649
4,11520,1695621399.9101346
4,11648,1695621399.9349864
4,11776,1695621399.9574425
4,11904,1695621399.9800448
4,12032,1695621400.0074618
4,12160,1695621400.033574
4,12288,1695621400.0535922
4,12416,1695621400.0789049
4,12544,1695621400.0999484
4,12672,1695621400.127648
4,12800,1695621400.1467702
4,12928,1695621400.1664178
4,13056,1695621400.1868398
4,13184,1695621400.2067974
4,13312,1695621400.2267814
4,13440,1695621400.2511168
4,13568,1695621400.2716167
4,13696,1695621400.29567
4,13824,1695621400.3152568
4,13952,1695621400.3402524
4,14080,1695621400.362813
4,14208,1695621400.3874495
4,14336,1695621400.4095287
4,14464,1695621400.4306622
4,14592,1695621400.449928
4,14720,1695621400.4745796
4,14848,1695621400.4974368
4,14976,1695621400.520266
4,15104,1695621400.5427225
4,15232,1695621400.5625174
4,15360,1695621400.5848944
4,15488,1695621400.6061087
4,15616,1695621400.6307805
4,15744,1695621400.6538255
4,15872,1695621400.6748142
4,16000,1695621400.697514
4,16128,1695621400.720746
4,16256,1695621400.7425942
4,16384,1695621400.763332
4,16512,1695621400.7856014
4,16640,1695621400.8067598
4,16768,1695621400.8271155
4,16896,1695621400.8510866
4,17024,1695621400.8749413
4,17152,1695621400.8953013
4,17280,1695621400.918651
4,17408,1695621400.94259
4,17536,1695621400.9654016
4,17664,1695621400.989142
4,17792,1695621401.0109313
4,17920,1695621401.0302334
4,18048,1695621401.0573144
4,18176,1695621401.0761802
4,18304,1695621401.102306
4,18432,1695621401.1185606
4,18560,1695621401.140867
4,18688,1695621401.160275
4,18816,1695621401.1791544
4,18944,1695621401.2032917
4,19072,1695621401.2232842
4,19200,1695621401.2458751
4,19328,1695621401.2666194
4,19456,1695621401.2862408
4,19584,1695621401.31345
4,19712,1695621401.3358922
4,19840,1695621401.3579328
4,19968,1695621401.3800387
4,20096,1695621401.4035542
4,20224,1695621401.4240153
4,20352,1695621401.4509237
4,20480,1695621401.4722211
4,20608,1695621401.494813
4,20736,1695621401.5158427
4,20864,1695621401.539063
4,20992,1695621401.5593472
4,21120,1695621401.583254
4,21248,1695621401.6062949
4,21376,1695621401.6329758
4,21504,1695621401.6537728
4,21632,1695621401.6746068
4,21760,1695621401.6947403
4,21888,1695621401.7189415
4,22016,1695621401.7426107
4,22144,1695621401.7638483
4,22272,1695621401.786786
4,22400,1695621401.8081603
4,22528,1695621401.8312051
4,22656,1695621401.8510203
4,22784,1695621401.878649
4,22912,1695621401.8947237
4,23040,1695621401.9176688
4,23168,1695621401.9389849
4,23296,1695621401.9592805
4,23424,1695621401.9770381
4,23552,1695621402.0050843
4,23680,1695621402.0253425
4,23808,1695621402.0466208
4,23936,1695621402.061988
4,24064,1695621402.0865068
4,24192,1695621402.1073446
4,24320,1695621402.136897
4,24448,1695621402.160113
4,24576,1695621402.1825793
4,24704,1695621402.2049942
4,24832,1695621402.226848
4,24960,1695621402.2469337
4,25088,1695621402.2714252
4,25216,1695621402.294001
4,25344,1695621402.316782
4,25472,1695621402.3388877
4,25600,1695621402.359134
4,25728,1695621402.3828793
4,25856,1695621402.4038312
4,25984,1695621402.4268339
4,26112,1695621402.4474163
4,26240,1695621402.4743748
4,26368,1695621402.4962745
4,26496,1695621402.522445
4,26624,1695621402.545477
4,26752,1695621402.5623064
4,26880,1695621402.5861387
4,27008,1695621402.60201
4,27136,1695621402.6263435
4,27264,1695621402.642105
4,27392,1695621402.6664052
4,27520,1695621402.6869757
4,27648,1695621402.7061038
4,27776,1695621402.7269871
4,27904,1695621402.7467444
4,28032,1695621402.767346
4,28160,1695621402.7867339
4,28288,1695621402.8108683
4,28416,1695621402.8315027
4,28544,1695621402.8549557
4,28672,1695621402.8756318
4,28800,1695621402.8984315
4,28928,1695621402.9213266
4,29056,1695621402.9377005
4,29184,1695621402.9624808
4,29312,1695621402.9846334
4,29440,1695621403.00639
4,29568,1695621403.0273895
4,29696,1695621403.0542705
4,29824,1695621403.0758748
4,29952,1695621403.0987318
4,30080,1695621403.1225808
4,30208,1695621403.1440659
4,30336,1695621403.1642568
4,30464,1695621403.189672
4,30592,1695621403.211795
4,30720,1695621403.233612
4,30848,1695621403.255811
4,30976,1695621403.2822633
4,31104,1695621403.2989151
4,31232,1695621403.3222759
4,31360,1695621403.3391805
4,31488,1695621403.358927
4,31616,1695621403.3785982
4,31744,1695621403.399069
4,31872,1695621403.4188056
4,32000,1695621403.4387023
4,32128,1695621403.459052
4,32256,1695621403.478503
4,32384,1695621403.4990995
4,32512,1695621403.5186796
4,32640,1695621403.5388634
4,32768,1695621403.5584793
4,32896,1695621403.578876
4,33024,1695621403.5986176
4,33152,1695621403.6186075
4,33280,1695621403.6386287
4,33408,1695621403.6589704
4,33536,1695621403.6786804
4,33664,1695621403.6988711
4,33792,1695621403.716433
4,33920,1695621403.7357087
4,34048,1695621403.7555783
4,34176,1695621403.7788944
4,34304,1695621403.7999098
4,34432,1695621403.821586
4,34560,1695621403.8452942
4,34688,1695621403.8653412
4,34816,1695621403.8842113
4,34944,1695621403.9035614
4,35072,1695621403.9249735
4,35200,1695621403.9468536
4,35328,1695621403.9666739
4,35456,1695621403.9935493
4,35584,1695621404.0138135
4,35712,1695621404.042592
4,35840,1695621404.0655751
4,35968,1695621404.086617
4,36096,1695621404.1069798
4,36224,1695621404.129193
4,36352,1695621404.1539946
4,36480,1695621404.1729984
4,36608,1695621404.195679
4,36736,1695621404.2236652
4,36864,1695621404.2451003
4,36992,1695621404.267393
4,37120,1695621404.2875316
4,37248,1695621404.3081288
4,37376,1695621404.3274486
4,37504,1695621404.3471875
4,37632,1695621404.367317
4,37760,1695621404.3865952
4,37888,1695621404.4067094
4,38016,1695621404.4264665
4,38144,1695621404.4447625
4,38272,1695621404.4638882
4,38400,1695621404.4864461
4,38528,1695621404.5039833
4,38656,1695621404.5256987
4,38784,1695621404.5468924
4,38912,1695621404.5662422
4,39040,1695621404.5850832
4,39168,1695621404.6065211
4,39296,1695621404.626521
4,39424,1695621404.6466491
4,39552,1695621404.667304
4,39680,1695621404.6867912
4,39808,1695621404.706601
4,39936,1695621404.7249238
4,40064,1695621404.743955
4,40192,1695621404.7632399
4,40320,1695621404.782427
4,40448,1695621404.7998977
4,40576,1695621404.8276196
4,40704,1695621404.84851
4,40832,1695621404.8694654
4,40960,1695621404.8931735
4,41088,1695621404.9164245
4,41216,1695621404.937328
4,41344,1695621404.961783
4,41472,1695621404.9846432
4,41600,1695621405.005652
4,41728,1695621405.0292695
4,41856,1695621405.046116
4,41984,1695621405.0697126
4,42112,1695621405.0909104
4,42240,1695621405.1062317
4,42368,1695621405.1291127
4,42496,1695621405.149593
4,42624,1695621405.1743894
4,42752,1695621405.1902344
4,42880,1695621405.2133112
4,43008,1695621405.233906
4,43136,1695621405.2570946
4,43264,1695621405.2787395
4,43392,1695621405.2984138
4,43520,1695621405.3170724
4,43648,1695621405.3388572
4,43776,1695621405.3588727
4,43904,1695621405.3786178
4,44032,1695621405.3987079
4,44160,1695621405.4183934
4,44288,1695621405.4389532
4,44416,1695621405.458467
4,44544,1695621405.4766626
4,44672,1695621405.496587
4,44800,1695621405.5148482
4,44928,1695621405.5358515
4,45056,1695621405.5556238
4,45184,1695621405.5748484
4,45312,1695621405.5948443
4,45440,1695621405.6146026
4,45568,1695621405.6349201
4,45696,1695621405.6545775
4,45824,1695621405.6748085
4,45952,1695621405.6947691
4,46080,1695621405.7150137
4,46208,1695621405.7350879
4,46336,1695621405.7547684
4,46464,1695621405.7742667
4,46592,1695621405.7946873
4,46720,1695621405.8147948
4,46848,1695621405.8349128
4,46976,1695621405.8546107
4,47104,1695621405.8792996
4,47232,1695621405.8995392
4,47360,1695621405.9204545
4,47488,1695621405.9457157
4,47616,1695621405.9685357
4,47744,1695621405.9897878
4,47872,1695621406.0149038
4,48000,1695621406.0374956
4,48128,1695621406.0607
4,48256,1695621406.078502
4,48384,1695621406.1016626
4,48512,1695621406.1242828
4,48640,1695621406.1469305
4,48768,1695621406.1681414
4,48896,1695621406.1907964
4,49024,1695621406.2106087
4,49152,1695621406.2371926
4,49280,1695621406.260471
4,49408,1695621406.2826145
4,49536,1695621406.3031065
4,49664,1695621406.3269882
4,49792,1695621406.3483675
4,49920,1695621406.3706193
4,50000,1695621406.3910716
5,128,1695621406.7610667
5,256,1695621406.7828782
5,384,1695621406.8034863
5,512,1695621406.8254795
5,640,1695621406.8497288
5,768,1695621406.8707187
5,896,1695621406.8893797
5,1024,1695621406.9121802
5,1152,1695621406.9340327
5,1280,1695621406.9555757
5,1408,1695621406.9838758
5,1536,1695621407.0059366
5,1664,1695621407.028146
5,1792,1695621407.0512156
5,1920,1695621407.0709944
5,2048,1695621407.087686
5,2176,1695621407.1065814
5,2304,1695621407.1267235
5,2432,1695621407.1461523
5,2560,1695621407.1667776
5,2688,1695621407.183735
5,2816,1695621407.2009854
5,2944,1695621407.2189715
5,3072,1695621407.2384245
5,3200,1695621407.2566874
5,3328,1695621407.274618
5,3456,1695621407.2941685
5,3584,1695621407.3145685
5,3712,1695621407.3349183
5,3840,1695621407.3544447
5,3968,1695621407.3745065
5,4096,1695621407.395955
5,4224,1695621407.415381
5,4352,1695621407.4345884
5,4480,1695621407.4549465
5,4608,1695621407.474813
5,4736,1695621407.494688
5,4864,1695621407.514472
5,4992,1695621407.5323217
5,5120,1695621407.549829
5,5248,1695621407.5680048
5,5376,1695621407.5855908
5,5504,1695621407.6063595
5,5632,1695621407.6266267
5,5760,1695621407.644694
5,5888,1695621407.6618142
5,6016,1695621407.6799815
5,6144,1695621407.6993783
5,6272,1695621407.719463
5,6400,1695621407.7374113
5,6528,1695621407.75759
5,6656,1695621407.7756062
5,6784,1695621407.7948143
5,6912,1695621407.8124766
5,7040,1695621407.8295166
5,7168,1695621407.848188
5,7296,1695621407.865926
5,7424,1695621407.8903162
5,7552,1695621407.9130356
5,7680,1695621407.9366503
5,7808,1695621407.9588528
5,7936,1695621407.974196
5,8064,1695621407.9972465
5,8192,1695621408.0125854
5,8320,1695621408.0321746
5,8448,1695621408.0585892
5,8576,1695621408.0814116
5,8704,1695621408.0967383
5,8832,1695621408.1173356
5,8960,1695621408.141497
5,9088,1695621408.164498
5,9216,1695621408.1848145
5,9344,1695621408.2091067
5,9472,1695621408.2307591
5,9600,1695621408.250546
5,9728,1695621408.277171
5,9856,1695621408.2971678
5,9984,1695621408.321965
5,10112,1695621408.3454459
5,10240,1695621408.3705246
5,10368,1695621408.3932328
5,10496,1695621408.4093354
5,10624,1695621408.4302964
5,10752,1695621408.4543478
5,10880,1695621408.4735181
5,11008,1695621408.4935958
5,11136,1695621408.5139587
5,11264,1695621408.5353131
5,11392,1695621408.5582805
5,11520,1695621408.5783257
5,11648,1695621408.5995579
5,11776,1695621408.6219347
5,11904,1695621408.6422472
5,12032,1695621408.6634915
5,12160,1695621408.686039
5,12288,1695621408.7062254
5,12416,1695621408.7279108
5,12544,1695621408.7503567
5,12672,1695621408.7712338
5,12800,1695621408.7914069
5,12928,1695621408.8114018
5,13056,1695621408.8308637
5,13184,1695621408.853641
5,13312,1695621408.880117
5,13440,1695621408.9044116
5,13568,1695621408.92531
5,13696,1695621408.9410791
5,13824,1695621408.9655633
5,13952,1695621408.9854472
5,14080,1695621409.0067286
5,14208,1695621409.029902
5,14336,1695621409.049353
5,14464,1695621409.069135
5,14592,1695621409.0891922
5,14720,1695621409.1077745
5,14848,1695621409.1360965
5,14976,1695621409.1525497
5,15104,1695621409.17264
5,15232,1695621409.1948512
5,15360,1695621409.2145824
5,15488,1695621409.239334
5,15616,1695621409.2619371
5,15744,1695621409.2819273
5,15872,1695621409.301682
5,16000,1695621409.3255434
5,16128,1695621409.3452432
5,16256,1695621409.3647542
5,16384,1695621409.385451
5,16512,1695621409.4139597
5,16640,1695621409.4306345
5,16768,1695621409.459104
5,16896,1695621409.475027
5,17024,1695621409.4984624
5,17152,1695621409.5196562
5,17280,1695621409.539855
5,17408,1695621409.5596223
5,17536,1695621409.5797224
5,17664,1695621409.5986621
5,17792,1695621409.623966
5,17920,1695621409.6439998
5,18048,1695621409.662732
5,18176,1695621409.6851404
5,18304,1695621409.706937
5,18432,1695621409.7273543
5,18560,1695621409.7473567
5,18688,1695621409.7682395
5,18816,1695621409.787973
5,18944,1695621409.8145611
5,19072,1695621409.8417697
5,19200,1695621409.8690536
5,19328,1695621409.8859546
5,19456,1695621409.9071035
5,19584,1695621409.9272883
5,19712,1695621409.946692
5,19840,1695621409.969925
5,19968,1695621409.9912734
5,20096,1695621410.0102937
5,20224,1695621410.0320776
5,20352,1695621410.0542636
5,20480,1695621410.0752115
5,20608,1695621410.094606
5,20736,1695621410.1167812
5,20864,1695621410.1390657
5,20992,1695621410.158602
5,21120,1695621410.18107
5,21248,1695621410.2028234
5,21376,1695621410.222811
5,21504,1695621410.2459629
5,21632,1695621410.2671716
5,21760,1695621410.28709
5,21888,1695621410.3074963
5,22016,1695621410.3273242
5,22144,1695621410.351747
5,22272,1695621410.3774045
5,22400,1695621410.398247
5,22528,1695621410.4193275
5,22656,1695621410.4449508
5,22784,1695621410.4673665
5,22912,1695621410.4933228
5,23040,1695621410.5160575
5,23168,1695621410.5406656
5,23296,1695621410.569386
5,23424,1695621410.5854352
5,23552,1695621410.6066856
5,23680,1695621410.629449
5,23808,1695621410.64982
5,23936,1695621410.6695702
5,24064,1695621410.6936822
5,24192,1695621410.715362
5,24320,1695621410.735158
5,24448,1695621410.7569394
5,24576,1695621410.7875216
5,24704,1695621410.8079932
5,24832,1695621410.834122
5,24960,1695621410.85663
5,25088,1695621410.8772686
5,25216,1695621410.897999
5,25344,1695621410.923225
5,25472,1695621410.9474857
5,25600,1695621410.9670823
5,25728,1695621410.9977057
5,25856,1695621411.021444
5,25984,1695621411.048256
5,26112,1695621411.072024
5,26240,1695621411.0976539
5,26368,1695621411.1160767
5,26496,1695621411.1378555
5,26624,1695621411.1579664
5,26752,1695621411.177666
5,26880,1695621411.2030842
5,27008,1695621411.2216768
5,27136,1695621411.24183
5,27264,1695621411.264424
5,27392,1695621411.2862527
5,27520,1695621411.306948
5,27648,1695621411.3272803
5,27776,1695621411.346282
5,27904,1695621411.3674312
5,28032,1695621411.3902562
5,28160,1695621411.411289
5,28288,1695621411.431399
5,28416,1695621411.4512272
5,28544,1695621411.4714823
5,28672,1695621411.4913085
5,28800,1695621411.511373
5,28928,1695621411.5313606
5,29056,1695621411.5505407
5,29184,1695621411.571826
5,29312,1695621411.5943503
5,29440,1695621411.614293
5,29568,1695621411.6355708
5,29696,1695621411.6579804
5,29824,1695621411.6782055
5,29952,1695621411.699065
5,30080,1695621411.7217782
5,30208,1695621411.7414174
5,30336,1695621411.7585614
5,30464,1695621411.7848768
5,30592,1695621411.8030813
5,30720,1695621411.8218935
5,30848,1695621411.848685
5,30976,1695621411.8690777
5,31104,1695621411.8928883
5,31232,1695621411.9154902
5,31360,1695621411.9316268
5,31488,1695621411.9516616
5,31616,1695621411.9745595
5,31744,1695621411.995607
5,31872,1695621412.0203114
5,32000,1695621412.0411592
5,32128,1695621412.0649345
5,32256,1695621412.0876088
5,32384,1695621412.1095104
5,32512,1695621412.1258895
5,32640,1695621412.1450784
5,32768,1695621412.1671467
5,32896,1695621412.1866655
5,33024,1695621412.2134385
5,33152,1695621412.231128
5,33280,1695621412.2497032
5,33408,1695621412.2767453
5,33536,1695621412.2973173
5,33664,1695621412.3130953
5,33792,1695621412.3332891
5,33920,1695621412.3546338
5,34048,1695621412.3742988
5,34176,1695621412.4010735
5,34304,1695621412.4188337
5,34432,1695621412.4374259
5,34560,1695621412.4554067
5,34688,1695621412.4723356
5,34816,1695621412.4915586
5,34944,1695621412.5146859
5,35072,1695621412.5304465
5,35200,1695621412.5524535
5,35328,1695621412.574339
5,35456,1695621412.5953631
5,35584,1695621412.6175244
5,35712,1695621412.639571
5,35840,1695621412.667633
5,35968,1695621412.6886332
5,36096,1695621412.7125952
5,36224,1695621412.7333207
5,36352,1695621412.7604697
5,36480,1695621412.7814586
5,36608,1695621412.8055303
5,36736,1695621412.8290038
5,36864,1695621412.8479657
5,36992,1695621412.8663738
5,37120,1695621412.882378
5,37248,1695621412.9041703
5,37376,1695621412.927014
5,37504,1695621412.947301
5,37632,1695621412.9683878
5,37760,1695621412.9941814
5,37888,1695621413.0168505
5,38016,1695621413.03874
5,38144,1695621413.0582771
5,38272,1695621413.0736985
5,38400,1695621413.0939605
5,38528,1695621413.1145692
5,38656,1695621413.134635
5,38784,1695621413.156466
5,38912,1695621413.1789072
5,39040,1695621413.199001
5,39168,1695621413.2203238
5,39296,1695621413.2468462
5,39424,1695621413.2661576
5,39552,1695621413.2825096
5,39680,1695621413.3028538
5,39808,1695621413.327788
5,39936,1695621413.3494413
5,40064,1695621413.3722644
5,40192,1695621413.3950338
5,40320,1695621413.4143295
5,40448,1695621413.4409635
5,40576,1695621413.4611359
5,40704,1695621413.4853816
5,40832,1695621413.5032864
5,40960,1695621413.521253
5,41088,1695621413.546129
5,41216,1695621413.5691285
5,41344,1695621413.5927594
5,41472,1695621413.6153839
5,41600,1695621413.640283
5,41728,1695621413.6626322
5,41856,1695621413.677782
5,41984,1695621413.6981816
5,42112,1695621413.7200527
5,42240,1695621413.7416246
5,42368,1695621413.7653766
5,42496,1695621413.7837665
5,42624,1695621413.804583
5,42752,1695621413.8251202
5,42880,1695621413.845668
5,43008,1695621413.8706403
5,43136,1695621413.8899984
5,43264,1695621413.9081078
5,43392,1695621413.927725
5,43520,1695621413.950692
5,43648,1695621413.9718761
5,43776,1695621413.99337
5,43904,1695621414.016556
5,44032,1695621414.0382135
5,44160,1695621414.0584288
5,44288,1695621414.0782979
5,44416,1695621414.0944057
5,44544,1695621414.1156976
5,44672,1695621414.138244
5,44800,1695621414.1590664
5,44928,1695621414.1857162
5,45056,1695621414.2044828
5,45184,1695621414.2230957
5,45312,1695621414.2441437
5,45440,1695621414.2665496
5,45568,1695621414.2869716
5,45696,1695621414.308764
5,45824,1695621414.3282557
5,45952,1695621414.345902
5,46080,1695621414.3700788
5,46208,1695621414.3954887
5,46336,1695621414.4172032
5,46464,1695621414.4428883
5,46592,1695621414.4581904
5,46720,1695621414.4774756
5,46848,1695621414.4988039
5,46976,1695621414.5189254
5,47104,1695621414.5389876
5,47232,1695621414.557924
5,47360,1695621414.5848246
5,47488,1695621414.6033223
5,47616,1695621414.6213095
5,47744,1695621414.6468778
5,47872,1695621414.669059
5,48000,1695621414.6925538
5,48128,1695621414.7103705
5,48256,1695621414.728181
5,48384,1695621414.7476466
5,48512,1695621414.770508
5,48640,1695621414.7909093
5,48768,1695621414.817452
5,48896,1695621414.835024
5,49024,1695621414.8552885
5,49152,1695621414.8708694
5,49280,1695621414.8921835
5,49408,1695621414.9147468
5,49536,1695621414.930184
5,49664,1695621414.953199
5,49792,1695621414.9760196
5,49920,1695621415.0014617
5,50000,1695621415.0203524
6,128,1695621415.386079
6,256,1695621415.4087217
6,384,1695621415.4324732
6,512,1695621415.4617622
6,640,1695621415.4787538
6,768,1695621415.5042834
6,896,1695621415.5255082
6,1024,1695621415.544183
6,1152,1695621415.572249
6,1280,1695621415.5922775
6,1408,1695621415.6114821
6,1536,1695621415.6254606
6,1664,1695621415.65657
6,1792,1695621415.6835513
6,1920,1695621415.6999388
6,2048,1695621415.7206302
6,2176,1695621415.7404788
6,2304,1695621415.760933
6,2432,1695621415.7829332
6,2560,1695621415.803463
6,2688,1695621415.8233013
6,2816,1695621415.8436878
6,2944,1695621415.8626854
6,3072,1695621415.8860972
6,3200,1695621415.9071033
6,3328,1695621415.9281907
6,3456,1695621415.9479032
6,3584,1695621415.9677386
6,3712,1695621415.9875112
6,3840,1695621416.0066783
6,3968,1695621416.029311
6,4096,1695621416.051318
6,4224,1695621416.071021
6,4352,1695621416.0952737
6,4480,1695621416.1153502
6,4608,1695621416.1374133
6,4736,1695621416.1613898
6,4864,1695621416.1863832
6,4992,1695621416.2068694
6,5120,1695621416.2265213
6,5248,1695621416.2445586
6,5376,1695621416.2621715
6,5504,1695621416.2823734
6,5632,1695621416.3027444
6,5760,1695621416.3227706
6,5888,1695621416.3426416
6,6016,1695621416.3624952
6,6144,1695621416.3838642
6,6272,1695621416.403575
6,6400,1695621416.422972
6,6528,1695621416.44331
6,6656,1695621416.463587
6,6784,1695621416.4826763
6,6912,1695621416.5027654
6,7040,1695621416.5268083
6,7168,1695621416.5507064
6,7296,1695621416.572004
6,7424,1695621416.5889125
6,7552,1695621416.6070132
6,7680,1695621416.6264384
6,7808,1695621416.6468537
6,7936,1695621416.6668577
6,8064,1695621416.6872168
6,8192,1695621416.7066414
6,8320,1695621416.7266777
6,8448,1695621416.7470937
6,8576,1695621416.7667284
6,8704,1695621416.7863412
6,8832,1695621416.8045442
6,8960,1695621416.8216398
6,9088,1695621416.8399453
6,9216,1695621416.8571117
6,9344,1695621416.8744648
