epoch,trained_sample,time
1,0,1696060488.6551912
1,64,1696060489.8695302
1,128,1696060489.8842986
1,192,1696060489.8999734
1,256,1696060489.9114575
1,320,1696060489.9306922
1,384,1696060489.9501336
1,448,1696060489.9633925
1,512,1696060489.9801788
1,576,1696060489.9944613
1,640,1696060490.052073
1,704,1696060490.0672517
1,768,1696060490.097668
1,832,1696060490.1099412
1,896,1696060490.124037
1,960,1696060490.136027
1,1024,1696060490.1517599
1,1088,1696060490.164114
1,1152,1696060490.1760142
1,1216,1696060490.1892357
1,1280,1696060490.2019176
1,1344,1696060490.2147005
1,1408,1696060490.2286992
1,1472,1696060490.2405865
1,1536,1696060490.2550666
1,1600,1696060490.2668896
1,1664,1696060490.2811394
1,1728,1696060490.2932763
1,1792,1696060490.3133307
1,1856,1696060490.3348927
1,1920,1696060490.354296
1,1984,1696060490.374117
1,2048,1696060490.3940098
1,2112,1696060490.4143991
1,2176,1696060490.4346123
1,2240,1696060490.4548683
1,2304,1696060490.528051
1,2368,1696060490.5435958
1,2432,1696060490.5581396
1,2496,1696060490.5717742
1,2560,1696060490.584852
1,2624,1696060490.5975025
1,2688,1696060490.611692
1,2752,1696060490.6234984
1,2816,1696060490.6414688
1,2880,1696060490.6547246
1,2944,1696060490.6679692
1,3008,1696060490.6801991
1,3072,1696060490.6930704
1,3136,1696060490.7066252
1,3200,1696060490.7191374
1,3264,1696060490.7326972
1,3328,1696060490.7452204
1,3392,1696060490.758678
1,3456,1696060490.7711565
1,3520,1696060490.789036
1,3584,1696060490.800568
1,3648,1696060490.8166544
1,3712,1696060490.8308144
1,3776,1696060490.8439636
1,3840,1696060490.8553104
1,3904,1696060490.8699238
1,3968,1696060490.8834002
1,4032,1696060490.8960102
1,4096,1696060490.9149318
1,4160,1696060490.9339137
1,4224,1696060490.9506862
1,4288,1696060490.9658399
1,4352,1696060490.9789498
1,4416,1696060490.9931822
1,4480,1696060491.0043385
1,4544,1696060491.0231943
1,4608,1696060491.0418139
1,4672,1696060491.0620801
1,4736,1696060491.0824697
1,4800,1696060491.1023545
1,4864,1696060491.1213822
1,4928,1696060491.141321
1,4992,1696060491.161088
1,5056,1696060491.176595
1,5120,1696060491.1890914
1,5184,1696060491.2046232
1,5248,1696060491.2171526
1,5312,1696060491.2322607
1,5376,1696060491.2440865
1,5440,1696060491.2607045
1,5504,1696060491.2809508
1,5568,1696060491.2990668
1,5632,1696060491.316907
1,5696,1696060491.3375638
1,5760,1696060491.3582118
1,5824,1696060491.3729787
1,5888,1696060491.3868294
1,5952,1696060491.3995662
1,6016,1696060491.4132938
1,6080,1696060491.4265857
1,6144,1696060491.4396362
1,6208,1696060491.452448
1,6272,1696060491.4681053
1,6336,1696060491.481685
1,6400,1696060491.4949753
1,6464,1696060491.508276
1,6528,1696060491.5231323
1,6592,1696060491.5375066
1,6656,1696060491.551151
1,6720,1696060491.5648663
1,6784,1696060491.5766537
1,6848,1696060491.591518
1,6912,1696060491.6039107
1,6976,1696060491.620002
1,7040,1696060491.633363
1,7104,1696060491.6515207
1,7168,1696060491.6694114
1,7232,1696060491.6892376
1,7296,1696060491.707406
1,7360,1696060491.7207527
1,7424,1696060491.734994
1,7488,1696060491.747716
1,7552,1696060491.763699
1,7616,1696060491.7777567
1,7680,1696060491.7904866
1,7744,1696060491.8047056
1,7808,1696060491.816036
1,7872,1696060491.8330896
1,7936,1696060491.844343
1,8000,1696060491.8630924
1,8064,1696060491.8820758
1,8128,1696060491.902346
1,8192,1696060491.9219272
1,8256,1696060491.9411247
1,8320,1696060491.958905
1,8384,1696060491.9727373
1,8448,1696060491.9853213
1,8512,1696060492.0001652
1,8576,1696060492.0131316
1,8640,1696060492.0314014
1,8704,1696060492.0504322
1,8768,1696060492.06945
1,8832,1696060492.0867922
1,8896,1696060492.100612
1,8960,1696060492.1131623
1,9024,1696060492.1282845
1,9088,1696060492.1402435
1,9152,1696060492.1527598
1,9216,1696060492.1685543
1,9280,1696060492.179963
1,9344,1696060492.1968675
1,9408,1696060492.2079268
1,9472,1696060492.2253551
1,9536,1696060492.2434046
1,9600,1696060492.2555208
1,9664,1696060492.2729766
1,9728,1696060492.290216
1,9792,1696060492.3032045
1,9856,1696060492.3158064
1,9920,1696060492.3316138
1,9984,1696060492.344905
1,10048,1696060492.3591194
1,10112,1696060492.3730576
1,10176,1696060492.3901145
1,10240,1696060492.4055102
1,10304,1696060492.4173133
1,10368,1696060492.4303637
1,10432,1696060492.4478428
1,10496,1696060492.463396
1,10560,1696060492.475234
1,10624,1696060492.4876025
1,10688,1696060492.5037255
1,10752,1696060492.5191817
1,10816,1696060492.5311358
1,10880,1696060492.5427897
1,10944,1696060492.5602055
1,11008,1696060492.5755138
1,11072,1696060492.5867074
1,11136,1696060492.5992417
1,11200,1696060492.6170328
1,11264,1696060492.6316128
1,11328,1696060492.645498
1,11392,1696060492.6583335
1,11456,1696060492.6720083
1,11520,1696060492.685045
1,11584,1696060492.6978974
1,11648,1696060492.711785
1,11712,1696060492.7241938
1,11776,1696060492.74
1,11840,1696060492.751607
1,11904,1696060492.7673478
1,11968,1696060492.7806325
1,12032,1696060492.7950823
1,12096,1696060492.8078942
1,12160,1696060492.8218427
1,12224,1696060492.8346434
1,12288,1696060492.8480349
1,12352,1696060492.860884
1,12416,1696060492.8738751
1,12480,1696060492.8877983
1,12544,1696060492.903564
1,12608,1696060492.9178522
1,12672,1696060492.9315517
1,12736,1696060492.9448776
1,12800,1696060492.9573333
1,12864,1696060492.971445
1,12928,1696060492.9838746
1,12992,1696060492.9986048
1,13056,1696060493.0109959
1,13120,1696060493.0250316
1,13184,1696060493.0366764
1,13248,1696060493.0527308
1,13312,1696060493.0676603
1,13376,1696060493.0805256
1,13440,1696060493.0928898
1,13504,1696060493.1088045
1,13568,1696060493.1227293
1,13632,1696060493.1358047
1,13696,1696060493.1484463
1,13760,1696060493.163772
1,13824,1696060493.1783173
1,13888,1696060493.189439
1,13952,1696060493.2056558
1,14016,1696060493.2220979
1,14080,1696060493.2385645
1,14144,1696060493.2518647
1,14208,1696060493.2665343
1,14272,1696060493.2826262
1,14336,1696060493.2970717
1,14400,1696060493.309467
1,14464,1696060493.3228018
1,14528,1696060493.3382642
1,14592,1696060493.3540232
1,14656,1696060493.3649025
1,14720,1696060493.3780656
1,14784,1696060493.3931031
1,14848,1696060493.4084404
1,14912,1696060493.4192145
1,14976,1696060493.4324827
1,15040,1696060493.4472678
1,15104,1696060493.4619043
1,15168,1696060493.4729655
1,15232,1696060493.486095
1,15296,1696060493.5011723
1,15360,1696060493.5166001
1,15424,1696060493.5273676
1,15488,1696060493.5405247
1,15552,1696060493.5556324
1,15616,1696060493.5710814
1,15680,1696060493.5817797
1,15744,1696060493.5949085
1,15808,1696060493.6101036
1,15872,1696060493.6258726
1,15936,1696060493.636694
1,16000,1696060493.649876
1,16064,1696060493.6653864
1,16128,1696060493.678828
1,16192,1696060493.6936314
1,16256,1696060493.7082894
1,16320,1696060493.724476
1,16384,1696060493.7401602
1,16448,1696060493.7534673
1,16512,1696060493.7666569
1,16576,1696060493.782034
1,16640,1696060493.7955024
1,16704,1696060493.8074763
1,16768,1696060493.819887
1,16832,1696060493.8378155
1,16896,1696060493.8521817
1,16960,1696060493.8635037
1,17024,1696060493.8769417
1,17088,1696060493.8918922
1,17152,1696060493.9066584
1,17216,1696060493.9196985
1,17280,1696060493.9321043
1,17344,1696060493.9475405
1,17408,1696060493.9620433
1,17472,1696060493.9730787
1,17536,1696060493.9861062
1,17600,1696060494.0011666
1,17664,1696060494.0166194
1,17728,1696060494.0296314
1,17792,1696060494.0420222
1,17856,1696060494.0580688
1,17920,1696060494.0726197
1,17984,1696060494.084928
1,18048,1696060494.098296
1,18112,1696060494.1136987
1,18176,1696060494.1280556
1,18240,1696060494.1409938
1,18304,1696060494.1540985
1,18368,1696060494.1696143
1,18432,1696060494.1830766
1,18496,1696060494.1953654
1,18560,1696060494.207988
1,18624,1696060494.2240477
1,18688,1696060494.2388191
1,18752,1696060494.2510731
1,18816,1696060494.2634463
1,18880,1696060494.2794266
1,18944,1696060494.2927258
1,19008,1696060494.3053534
1,19072,1696060494.3177557
1,19136,1696060494.3337545
1,19200,1696060494.3482726
1,19264,1696060494.3616927
1,19328,1696060494.3751612
1,19392,1696060494.390314
1,19456,1696060494.403644
1,19520,1696060494.4163103
1,19584,1696060494.4287
1,19648,1696060494.4447842
1,19712,1696060494.4592874
1,19776,1696060494.4721947
1,19840,1696060494.4849577
1,19904,1696060494.5003529
1,19968,1696060494.5136635
1,20032,1696060494.5265713
1,20096,1696060494.539132
1,20160,1696060494.5552814
1,20224,1696060494.569376
1,20288,1696060494.5824366
1,20352,1696060494.59628
1,20416,1696060494.611146
1,20480,1696060494.62664
1,20544,1696060494.6379313
1,20608,1696060494.6503222
1,20672,1696060494.6700504
1,20736,1696060494.6836596
1,20800,1696060494.699498
1,20864,1696060494.709698
1,20928,1696060494.7296803
1,20992,1696060494.7470975
1,21056,1696060494.7590418
1,21120,1696060494.770971
1,21184,1696060494.7871583
1,21248,1696060494.8029943
1,21312,1696060494.8146873
1,21376,1696060494.8270783
1,21440,1696060494.843152
1,21504,1696060494.8569074
1,21568,1696060494.869375
1,21632,1696060494.883578
1,21696,1696060494.9012578
1,21760,1696060494.915754
1,21824,1696060494.9297438
1,21888,1696060494.9444652
1,21952,1696060494.9571745
1,22016,1696060494.971872
1,22080,1696060494.9848876
1,22144,1696060494.9980867
1,22208,1696060495.012184
1,22272,1696060495.0251493
1,22336,1696060495.0384438
1,22400,1696060495.0524566
1,22464,1696060495.065589
1,22528,1696060495.0805912
1,22592,1696060495.093103
1,22656,1696060495.1071658
1,22720,1696060495.1207724
1,22784,1696060495.1354656
1,22848,1696060495.1485078
1,22912,1696060495.1626694
1,22976,1696060495.1766455
1,23040,1696060495.1912282
1,23104,1696060495.2052279
1,23168,1696060495.2192445
1,23232,1696060495.233135
1,23296,1696060495.2458484
1,23360,1696060495.2602477
1,23424,1696060495.2739162
1,23488,1696060495.2881107
1,23552,1696060495.3015287
1,23616,1696060495.3153322
1,23680,1696060495.3287954
1,23744,1696060495.342174
1,23808,1696060495.3563688
1,23872,1696060495.3698251
1,23936,1696060495.3835106
1,24000,1696060495.3971708
1,24064,1696060495.4118817
1,24128,1696060495.4250836
1,24192,1696060495.4400218
1,24256,1696060495.4538317
1,24320,1696060495.468968
1,24384,1696060495.4821198
1,24448,1696060495.4957373
1,24512,1696060495.5122871
1,24576,1696060495.526642
1,24640,1696060495.5398238
1,24704,1696060495.5533993
1,24768,1696060495.5699465
1,24832,1696060495.5828202
1,24896,1696060495.5972319
1,24960,1696060495.6086907
1,25024,1696060495.628118
1,25088,1696060495.6465259
1,25152,1696060495.6667192
1,25216,1696060495.686244
1,25280,1696060495.7052248
1,25344,1696060495.7231307
1,25408,1696060495.7370276
1,25472,1696060495.749692
1,25536,1696060495.766642
1,25600,1696060495.778022
1,25664,1696060495.7964637
1,25728,1696060495.807615
1,25792,1696060495.8261635
1,25856,1696060495.8393588
1,25920,1696060495.853297
1,25984,1696060495.8669999
1,26048,1696060495.885812
1,26112,1696060495.906234
1,26176,1696060495.9263089
1,26240,1696060495.9457648
1,26304,1696060495.963492
1,26368,1696060495.9799588
1,26432,1696060495.9915295
1,26496,1696060496.0061762
1,26560,1696060496.0213149
1,26624,1696060496.0348938
1,26688,1696060496.0494027
1,26752,1696060496.0619347
1,26816,1696060496.0804155
1,26880,1696060496.0914102
1,26944,1696060496.1097755
1,27008,1696060496.1219726
1,27072,1696060496.1362996
1,27136,1696060496.1530237
1,27200,1696060496.166748
1,27264,1696060496.1841352
1,27328,1696060496.2003474
1,27392,1696060496.2125082
1,27456,1696060496.2280014
1,27520,1696060496.2411017
1,27584,1696060496.2575727
1,27648,1696060496.268998
1,27712,1696060496.288349
1,27776,1696060496.2989345
1,27840,1696060496.3185213
1,27904,1696060496.3389335
1,27968,1696060496.3580923
1,28032,1696060496.3781135
1,28096,1696060496.3977792
1,28160,1696060496.4175649
1,28224,1696060496.437245
1,28288,1696060496.4577174
1,28352,1696060496.4781878
1,28416,1696060496.497763
1,28480,1696060496.5180056
1,28544,1696060496.5375366
1,28608,1696060496.5582213
1,28672,1696060496.5770245
1,28736,1696060496.5945861
1,28800,1696060496.610917
1,28864,1696060496.6257746
1,28928,1696060496.63918
1,28992,1696060496.6534731
1,29056,1696060496.667485
1,29120,1696060496.6817305
1,29184,1696060496.6954195
1,29248,1696060496.7097378
1,29312,1696060496.7240937
1,29376,1696060496.7382307
1,29440,1696060496.7517273
1,29504,1696060496.7653928
1,29568,1696060496.7790222
1,29632,1696060496.793536
1,29696,1696060496.8076925
1,29760,1696060496.826187
1,29824,1696060496.8401935
1,29888,1696060496.8530464
1,29952,1696060496.8689198
1,30016,1696060496.8811607
1,30080,1696060496.8963506
1,30144,1696060496.9115794
1,30208,1696060496.9265692
1,30272,1696060496.9420943
1,30336,1696060496.9567657
1,30400,1696060496.9747474
1,30464,1696060496.9908702
1,30528,1696060497.0067215
1,30592,1696060497.0213556
1,30656,1696060497.03755
1,30720,1696060497.0537586
1,30784,1696060497.0691528
1,30848,1696060497.084119
1,30912,1696060497.1009486
1,30976,1696060497.1163979
1,31040,1696060497.1322765
1,31104,1696060497.1486378
1,31168,1696060497.166258
1,31232,1696060497.1803122
1,31296,1696060497.1978102
1,31360,1696060497.2132053
1,31424,1696060497.2295747
1,31488,1696060497.2454367
1,31552,1696060497.2615824
1,31616,1696060497.2769666
1,31680,1696060497.293628
1,31744,1696060497.3075042
1,31808,1696060497.3246453
1,31872,1696060497.3396688
1,31936,1696060497.3546636
1,32000,1696060497.37031
1,32064,1696060497.384955
1,32128,1696060497.4007084
1,32192,1696060497.4177287
1,32256,1696060497.4316864
1,32320,1696060497.4496024
1,32384,1696060497.465463
1,32448,1696060497.4812403
1,32512,1696060497.497528
1,32576,1696060497.5144308
1,32640,1696060497.5298383
1,32704,1696060497.5447552
1,32768,1696060497.5626829
1,32832,1696060497.57859
1,32896,1696060497.5946395
1,32960,1696060497.6078417
1,33024,1696060497.6253622
1,33088,1696060497.640732
1,33152,1696060497.6567202
1,33216,1696060497.6730433
1,33280,1696060497.6885686
1,33344,1696060497.7064698
1,33408,1696060497.7211668
1,33472,1696060497.737749
1,33536,1696060497.7544816
1,33600,1696060497.7698758
1,33664,1696060497.7843683
1,33728,1696060497.801071
1,33792,1696060497.8172188
1,33856,1696060497.8328836
1,33920,1696060497.848868
1,33984,1696060497.866566
1,34048,1696060497.8804984
1,34112,1696060497.8973842
1,34176,1696060497.913907
1,34240,1696060497.9290516
1,34304,1696060497.9432533
1,34368,1696060497.9622133
1,34432,1696060497.9810243
1,34496,1696060497.998658
1,34560,1696060498.013808
1,34624,1696060498.0312595
1,34688,1696060498.0471544
1,34752,1696060498.0636578
1,34816,1696060498.0792246
1,34880,1696060498.0941594
1,34944,1696060498.111306
1,35008,1696060498.1259353
1,35072,1696060498.142052
1,35136,1696060498.1573815
1,35200,1696060498.1728804
1,35264,1696060498.188543
1,35328,1696060498.2039144
1,35392,1696060498.2197738
1,35456,1696060498.235738
1,35520,1696060498.2499907
1,35584,1696060498.2655885
1,35648,1696060498.2812974
1,35712,1696060498.2953606
1,35776,1696060498.3117893
1,35840,1696060498.325363
1,35904,1696060498.3422563
1,35968,1696060498.3590229
1,36032,1696060498.3731225
1,36096,1696060498.3894513
1,36160,1696060498.4046662
1,36224,1696060498.4185174
1,36288,1696060498.434101
1,36352,1696060498.450488
1,36416,1696060498.4664967
1,36480,1696060498.4817612
1,36544,1696060498.4966347
1,36608,1696060498.5125902
1,36672,1696060498.5283103
1,36736,1696060498.5437517
1,36800,1696060498.563625
1,36864,1696060498.5795033
1,36928,1696060498.5954819
1,36992,1696060498.6116354
1,37056,1696060498.6279562
1,37120,1696060498.6417618
1,37184,1696060498.6576722
1,37248,1696060498.673352
1,37312,1696060498.6895325
1,37376,1696060498.7047799
1,37440,1696060498.7226458
1,37504,1696060498.742201
1,37568,1696060498.7627497
1,37632,1696060498.781355
1,37696,1696060498.8004718
1,37760,1696060498.8209028
1,37824,1696060498.842378
1,37888,1696060498.8608673
1,37952,1696060498.8815613
1,38016,1696060498.9014475
1,38080,1696060498.9215956
1,38144,1696060498.9408622
1,38208,1696060498.9606905
1,38272,1696060498.9813807
1,38336,1696060498.9958174
1,38400,1696060499.0139873
1,38464,1696060499.031703
1,38528,1696060499.0499575
1,38592,1696060499.0700178
1,38656,1696060499.0895524
1,38720,1696060499.108978
1,38784,1696060499.1293125
1,38848,1696060499.1499066
1,38912,1696060499.1696885
1,38976,1696060499.189467
1,39040,1696060499.2085123
1,39104,1696060499.222813
1,39168,1696060499.2429497
1,39232,1696060499.261416
1,39296,1696060499.2758238
1,39360,1696060499.296117
1,39424,1696060499.3112118
1,39488,1696060499.3336518
1,39552,1696060499.3512177
1,39616,1696060499.3700283
1,39680,1696060499.3902874
1,39744,1696060499.4098153
1,39808,1696060499.4298608
1,39872,1696060499.4502795
1,39936,1696060499.4698634
1,40000,1696060499.4904075
1,40064,1696060499.5105402
1,40128,1696060499.529909
1,40192,1696060499.5501423
1,40256,1696060499.5703795
1,40320,1696060499.5906582
1,40384,1696060499.6040576
1,40448,1696060499.621023
1,40512,1696060499.6369925
1,40576,1696060499.653364
1,40640,1696060499.6685524
1,40704,1696060499.6858153
1,40768,1696060499.7024686
1,40832,1696060499.7184007
1,40896,1696060499.7334704
1,40960,1696060499.7495675
1,41024,1696060499.7662528
1,41088,1696060499.7827034
1,41152,1696060499.804863
1,41216,1696060499.8235412
1,41280,1696060499.8425674
1,41344,1696060499.8616047
1,41408,1696060499.8810244
1,41472,1696060499.8988986
1,41536,1696060499.913548
1,41600,1696060499.930035
1,41664,1696060499.9467034
1,41728,1696060499.9616575
1,41792,1696060499.978256
1,41856,1696060499.998132
1,41920,1696060500.0170708
1,41984,1696060500.0352194
1,42048,1696060500.0556247
1,42112,1696060500.0741181
1,42176,1696060500.0937653
1,42240,1696060500.112643
1,42304,1696060500.127949
1,42368,1696060500.1497717
1,42432,1696060500.1695502
1,42496,1696060500.1873198
1,42560,1696060500.2048864
1,42624,1696060500.2183857
1,42688,1696060500.2347844
1,42752,1696060500.2525
1,42816,1696060500.2682621
1,42880,1696060500.2853358
1,42944,1696060500.3019447
1,43008,1696060500.3152893
1,43072,1696060500.3357763
1,43136,1696060500.3550622
1,43200,1696060500.3712907
1,43264,1696060500.3920338
1,43328,1696060500.4108498
1,43392,1696060500.4296682
1,43456,1696060500.4490294
1,43520,1696060500.4689908
1,43584,1696060500.4827476
1,43648,1696060500.4999852
1,43712,1696060500.5150514
1,43776,1696060500.5349178
1,43840,1696060500.5567746
1,43904,1696060500.5758526
1,43968,1696060500.5913637
1,44032,1696060500.6107633
1,44096,1696060500.632153
1,44160,1696060500.649678
1,44224,1696060500.6659575
1,44288,1696060500.6826875
1,44352,1696060500.6982636
1,44416,1696060500.71442
1,44480,1696060500.7318385
1,44544,1696060500.74896
1,44608,1696060500.7664194
1,44672,1696060500.7817352
1,44736,1696060500.7981281
1,44800,1696060500.8150163
1,44864,1696060500.831948
1,44928,1696060500.8475263
1,44992,1696060500.8643181
1,45056,1696060500.880369
1,45120,1696060500.895911
1,45184,1696060500.9129565
1,45248,1696060500.9288208
1,45312,1696060500.9461205
1,45376,1696060500.9618342
1,45440,1696060500.9770622
1,45504,1696060500.9920769
1,45568,1696060501.0099368
1,45632,1696060501.0263598
1,45696,1696060501.0419621
1,45760,1696060501.0578623
1,45824,1696060501.0751584
1,45888,1696060501.0921082
1,45952,1696060501.108122
1,46016,1696060501.1247923
1,46080,1696060501.1392417
1,46144,1696060501.1550786
1,46208,1696060501.1722155
1,46272,1696060501.1884332
1,46336,1696060501.2031968
1,46400,1696060501.2183483
1,46464,1696060501.2342694
1,46528,1696060501.251005
1,46592,1696060501.2664847
1,46656,1696060501.2826471
1,46720,1696060501.299086
1,46784,1696060501.3156981
1,46848,1696060501.3315463
1,46912,1696060501.346905
1,46976,1696060501.3630083
1,47040,1696060501.3797028
1,47104,1696060501.3942761
1,47168,1696060501.409953
1,47232,1696060501.425549
1,47296,1696060501.442031
1,47360,1696060501.4573262
1,47424,1696060501.4737947
1,47488,1696060501.490035
1,47552,1696060501.506816
1,47616,1696060501.5239043
1,47680,1696060501.539786
1,47744,1696060501.5567598
1,47808,1696060501.5729477
1,47872,1696060501.5893216
1,47936,1696060501.605199
1,48000,1696060501.6227734
1,48064,1696060501.6387384
1,48128,1696060501.6556394
1,48192,1696060501.6714053
1,48256,1696060501.6865668
1,48320,1696060501.7029274
1,48384,1696060501.7195213
1,48448,1696060501.7345138
1,48512,1696060501.7503014
1,48576,1696060501.7664251
1,48640,1696060501.7807543
1,48704,1696060501.7970562
1,48768,1696060501.8113155
1,48832,1696060501.8343968
1,48896,1696060501.8510346
1,48960,1696060501.864148
1,49024,1696060501.8860292
1,49088,1696060501.9058557
1,49152,1696060501.925597
1,49216,1696060501.946145
1,49280,1696060501.9660864
1,49344,1696060501.9863644
1,49408,1696060502.0061595
1,49472,1696060502.0257564
1,49536,1696060502.0479739
1,49600,1696060502.0629187
1,49664,1696060502.0784898
1,49728,1696060502.0931535
1,49792,1696060502.1093512
1,49856,1696060502.1246614
1,49920,1696060502.1402364
1,49984,1696060502.15521
1,50000,1696060502.177802
2,64,1696060502.4697702
2,128,1696060502.4851284
2,192,1696060502.5015306
2,256,1696060502.5184314
2,320,1696060502.5343227
2,384,1696060502.5506775
2,448,1696060502.5710661
2,512,1696060502.587224
2,576,1696060502.6025968
2,640,1696060502.619468
2,704,1696060502.6387594
2,768,1696060502.6552231
2,832,1696060502.6685712
2,896,1696060502.685277
2,960,1696060502.702728
2,1024,1696060502.7197154
2,1088,1696060502.7346714
2,1152,1696060502.750025
2,1216,1696060502.7695453
2,1280,1696060502.784567
2,1344,1696060502.8001418
2,1408,1696060502.8156552
2,1472,1696060502.836439
2,1536,1696060502.8525984
2,1600,1696060502.8666263
2,1664,1696060502.8824055
2,1728,1696060502.902451
2,1792,1696060502.9171045
2,1856,1696060502.9329195
2,1920,1696060502.9482005
2,1984,1696060502.9672563
2,2048,1696060502.9834518
2,2112,1696060502.9973614
2,2176,1696060503.0125253
2,2240,1696060503.0315394
2,2304,1696060503.047292
2,2368,1696060503.0627236
2,2432,1696060503.0782647
2,2496,1696060503.0976322
2,2560,1696060503.113965
2,2624,1696060503.1278965
2,2688,1696060503.1437795
2,2752,1696060503.1625428
2,2816,1696060503.1793313
2,2880,1696060503.1930676
2,2944,1696060503.2082288
2,3008,1696060503.2290576
2,3072,1696060503.2438214
2,3136,1696060503.258298
2,3200,1696060503.2750604
2,3264,1696060503.2940915
2,3328,1696060503.3094115
2,3392,1696060503.324964
2,3456,1696060503.3401823
2,3520,1696060503.3596199
2,3584,1696060503.3754427
2,3648,1696060503.3908534
2,3712,1696060503.4066556
2,3776,1696060503.4255116
2,3840,1696060503.4418457
2,3904,1696060503.4581656
2,3968,1696060503.4713373
2,4032,1696060503.490744
2,4096,1696060503.5065658
2,4160,1696060503.5219483
2,4224,1696060503.5372734
2,4288,1696060503.5564764
2,4352,1696060503.5723178
2,4416,1696060503.5876956
2,4480,1696060503.6030478
2,4544,1696060503.6226165
2,4608,1696060503.638873
2,4672,1696060503.6528423
2,4736,1696060503.6683109
2,4800,1696060503.686966
2,4864,1696060503.7031057
2,4928,1696060503.7182643
2,4992,1696060503.7335875
2,5056,1696060503.7529502
2,5120,1696060503.768417
2,5184,1696060503.7836616
2,5248,1696060503.7986867
2,5312,1696060503.8181477
2,5376,1696060503.8341842
2,5440,1696060503.8498132
2,5504,1696060503.8651497
2,5568,1696060503.8846216
2,5632,1696060503.8993952
2,5696,1696060503.9144373
2,5760,1696060503.9301896
2,5824,1696060503.9490023
2,5888,1696060503.9656692
2,5952,1696060503.9819412
2,6016,1696060503.997353
2,6080,1696060504.0135632
2,6144,1696060504.0289125
2,6208,1696060504.0453968
2,6272,1696060504.062109
2,6336,1696060504.0774417
2,6400,1696060504.0921247
2,6464,1696060504.1099503
2,6528,1696060504.1251957
2,6592,1696060504.1412487
2,6656,1696060504.1556735
2,6720,1696060504.1735544
2,6784,1696060504.1895783
2,6848,1696060504.2054594
2,6912,1696060504.2213638
2,6976,1696060504.2379134
2,7040,1696060504.2537916
2,7104,1696060504.269867
2,7168,1696060504.2863622
2,7232,1696060504.3017564
2,7296,1696060504.3170588
2,7360,1696060504.3328688
2,7424,1696060504.3495138
2,7488,1696060504.364723
2,7552,1696060504.3809762
2,7616,1696060504.397695
2,7680,1696060504.414875
2,7744,1696060504.4306715
2,7808,1696060504.4463995
2,7872,1696060504.4609694
2,7936,1696060504.4772918
2,8000,1696060504.4933379
2,8064,1696060504.5092428
2,8128,1696060504.526477
2,8192,1696060504.5429134
2,8256,1696060504.5596728
2,8320,1696060504.5741637
2,8384,1696060504.5898573
2,8448,1696060504.6060994
2,8512,1696060504.622474
2,8576,1696060504.6392007
2,8640,1696060504.653475
2,8704,1696060504.6700032
2,8768,1696060504.6860518
2,8832,1696060504.701341
2,8896,1696060504.7166147
2,8960,1696060504.7318838
2,9024,1696060504.749113
2,9088,1696060504.764754
2,9152,1696060504.7829053
2,9216,1696060504.797205
2,9280,1696060504.8133686
2,9344,1696060504.8299577
2,9408,1696060504.8440006
2,9472,1696060504.861396
2,9536,1696060504.8765078
2,9600,1696060504.8933
2,9664,1696060504.910457
2,9728,1696060504.9259214
2,9792,1696060504.9423065
2,9856,1696060504.959626
2,9920,1696060504.9758413
2,9984,1696060504.9918194
2,10048,1696060505.0064685
2,10112,1696060505.0245914
2,10176,1696060505.040205
2,10240,1696060505.0558105
2,10304,1696060505.0726292
2,10368,1696060505.0900686
2,10432,1696060505.1057382
2,10496,1696060505.1208403
2,10560,1696060505.1359732
2,10624,1696060505.1528769
2,10688,1696060505.1684349
2,10752,1696060505.1866426
2,10816,1696060505.201525
2,10880,1696060505.2183077
2,10944,1696060505.235746
2,11008,1696060505.2514071
2,11072,1696060505.2681327
2,11136,1696060505.2850335
2,11200,1696060505.3017557
2,11264,1696060505.3173215
2,11328,1696060505.3347492
2,11392,1696060505.34989
2,11456,1696060505.3663287
2,11520,1696060505.381303
2,11584,1696060505.3973625
2,11648,1696060505.4142458
2,11712,1696060505.429552
2,11776,1696060505.444506
2,11840,1696060505.4621215
2,11904,1696060505.4778268
2,11968,1696060505.4933991
2,12032,1696060505.5090606
2,12096,1696060505.524964
2,12160,1696060505.5428562
2,12224,1696060505.5585876
2,12288,1696060505.5731385
2,12352,1696060505.5900462
2,12416,1696060505.6062124
2,12480,1696060505.6231256
2,12544,1696060505.6395774
2,12608,1696060505.656949
2,12672,1696060505.6726935
2,12736,1696060505.6911192
2,12800,1696060505.7079995
2,12864,1696060505.724665
2,12928,1696060505.7412515
2,12992,1696060505.7587168
2,13056,1696060505.7755208
2,13120,1696060505.7905421
2,13184,1696060505.8067758
2,13248,1696060505.8223958
2,13312,1696060505.8389785
2,13376,1696060505.8548565
2,13440,1696060505.8714554
2,13504,1696060505.88732
2,13568,1696060505.902361
2,13632,1696060505.9187043
2,13696,1696060505.9353752
2,13760,1696060505.9515188
2,13824,1696060505.9660025
2,13888,1696060505.982584
2,13952,1696060505.9991958
2,14016,1696060506.0152738
2,14080,1696060506.0294425
2,14144,1696060506.0476904
2,14208,1696060506.0635624
2,14272,1696060506.0812771
2,14336,1696060506.09707
2,14400,1696060506.112281
2,14464,1696060506.129334
2,14528,1696060506.1472027
2,14592,1696060506.1671667
2,14656,1696060506.183794
2,14720,1696060506.2039328
2,14784,1696060506.2253883
2,14848,1696060506.2412252
2,14912,1696060506.2563689
2,14976,1696060506.2735758
2,15040,1696060506.287914
2,15104,1696060506.3053148
2,15168,1696060506.3219235
2,15232,1696060506.3389919
2,15296,1696060506.3553343
2,15360,1696060506.3730955
2,15424,1696060506.390381
2,15488,1696060506.4059749
2,15552,1696060506.4212728
2,15616,1696060506.4391756
2,15680,1696060506.4547777
2,15744,1696060506.4704015
2,15808,1696060506.4869955
2,15872,1696060506.5031946
2,15936,1696060506.5191557
2,16000,1696060506.5380142
2,16064,1696060506.554789
2,16128,1696060506.5702279
2,16192,1696060506.5857708
2,16256,1696060506.6012957
2,16320,1696060506.6172764
2,16384,1696060506.6342132
2,16448,1696060506.6493585
2,16512,1696060506.6662416
2,16576,1696060506.6828754
2,16640,1696060506.6986458
2,16704,1696060506.7136552
2,16768,1696060506.7297258
2,16832,1696060506.7463448
2,16896,1696060506.761928
2,16960,1696060506.7780623
2,17024,1696060506.794841
2,17088,1696060506.810169
2,17152,1696060506.8295639
2,17216,1696060506.8453052
2,17280,1696060506.8608532
2,17344,1696060506.8783817
2,17408,1696060506.8937914
2,17472,1696060506.9090827
2,17536,1696060506.923968
2,17600,1696060506.9415812
2,17664,1696060506.95742
2,17728,1696060506.974289
2,17792,1696060506.9902647
2,17856,1696060507.0050979
2,17920,1696060507.0228546
2,17984,1696060507.0390947
2,18048,1696060507.053776
2,18112,1696060507.0703192
2,18176,1696060507.0868545
2,18240,1696060507.1021676
2,18304,1696060507.1186166
2,18368,1696060507.135575
2,18432,1696060507.1510952
2,18496,1696060507.1671536
2,18560,1696060507.183853
2,18624,1696060507.2008524
2,18688,1696060507.2165143
2,18752,1696060507.2324862
2,18816,1696060507.2492547
2,18880,1696060507.2646453
2,18944,1696060507.280671
2,19008,1696060507.2972775
2,19072,1696060507.3125048
2,19136,1696060507.3302193
2,19200,1696060507.34655
2,19264,1696060507.3620152
2,19328,1696060507.378657
2,19392,1696060507.3939683
2,19456,1696060507.41096
2,19520,1696060507.4278202
2,19584,1696060507.442463
2,19648,1696060507.4587932
2,19712,1696060507.475496
2,19776,1696060507.4908826
2,19840,1696060507.5067348
2,19904,1696060507.523343
2,19968,1696060507.5386665
2,20032,1696060507.5534773
2,20096,1696060507.570156
2,20160,1696060507.5868201
2,20224,1696060507.6010253
2,20288,1696060507.6180933
2,20352,1696060507.6336546
2,20416,1696060507.6496224
2,20480,1696060507.6661003
2,20544,1696060507.6816103
2,20608,1696060507.6982658
2,20672,1696060507.7137427
2,20736,1696060507.7300603
2,20800,1696060507.7453275
2,20864,1696060507.7618294
2,20928,1696060507.778375
2,20992,1696060507.793324
2,21056,1696060507.8100667
2,21120,1696060507.8270319
2,21184,1696060507.8435526
2,21248,1696060507.8588064
2,21312,1696060507.8749902
2,21376,1696060507.8918915
2,21440,1696060507.9077039
2,21504,1696060507.9228127
2,21568,1696060507.9380372
2,21632,1696060507.9541376
2,21696,1696060507.970792
2,21760,1696060507.9852612
2,21824,1696060508.0032609
2,21888,1696060508.0210497
2,21952,1696060508.0374036
2,22016,1696060508.054053
2,22080,1696060508.0697632
2,22144,1696060508.0852628
2,22208,1696060508.100999
2,22272,1696060508.117857
2,22336,1696060508.1331732
2,22400,1696060508.1476424
2,22464,1696060508.163594
2,22528,1696060508.1799166
2,22592,1696060508.196044
2,22656,1696060508.2120218
2,22720,1696060508.2271984
2,22784,1696060508.2479696
2,22848,1696060508.2669485
2,22912,1696060508.2866066
2,22976,1696060508.3063507
2,23040,1696060508.3258808
2,23104,1696060508.346545
2,23168,1696060508.3667016
2,23232,1696060508.3865352
2,23296,1696060508.4062676
2,23360,1696060508.426309
2,23424,1696060508.4463503
2,23488,1696060508.466091
2,23552,1696060508.4861183
2,23616,1696060508.5058675
2,23680,1696060508.5263085
2,23744,1696060508.5472476
2,23808,1696060508.5661936
2,23872,1696060508.5858243
2,23936,1696060508.605774
2,24000,1696060508.625936
2,24064,1696060508.6461582
2,24128,1696060508.6659956
2,24192,1696060508.6863751
2,24256,1696060508.706023
2,24320,1696060508.7257621
2,24384,1696060508.7395515
2,24448,1696060508.7597287
2,24512,1696060508.7748713
2,24576,1696060508.7903266
2,24640,1696060508.8069353
2,24704,1696060508.8236983
2,24768,1696060508.8409247
2,24832,1696060508.8560977
2,24896,1696060508.8719902
2,24960,1696060508.8890452
2,25024,1696060508.906399
2,25088,1696060508.9202197
2,25152,1696060508.9366775
2,25216,1696060508.952687
2,25280,1696060508.9679763
2,25344,1696060508.983998
2,25408,1696060509.001215
2,25472,1696060509.0168672
2,25536,1696060509.0323408
2,25600,1696060509.05093
2,25664,1696060509.064622
2,25728,1696060509.079908
2,25792,1696060509.0973778
2,25856,1696060509.1118085
2,25920,1696060509.1286514
2,25984,1696060509.145307
2,26048,1696060509.160747
2,26112,1696060509.1764798
2,26176,1696060509.1938045
2,26240,1696060509.2093225
2,26304,1696060509.2245886
2,26368,1696060509.2399044
2,26432,1696060509.257043
2,26496,1696060509.2738457
2,26560,1696060509.2894132
2,26624,1696060509.3060951
2,26688,1696060509.3234224
2,26752,1696060509.3386946
2,26816,1696060509.3533518
2,26880,1696060509.3713863
2,26944,1696060509.3873556
2,27008,1696060509.4023504
2,27072,1696060509.418688
2,27136,1696060509.4353085
2,27200,1696060509.4513433
2,27264,1696060509.465835
2,27328,1696060509.4835792
2,27392,1696060509.4986272
2,27456,1696060509.5152023
2,27520,1696060509.532195
2,27584,1696060509.5487487
2,27648,1696060509.5642998
2,27712,1696060509.5804188
2,27776,1696060509.5989628
2,27840,1696060509.6138737
2,27904,1696060509.6316984
2,27968,1696060509.6467361
2,28032,1696060509.6637113
2,28096,1696060509.6790285
2,28160,1696060509.6950514
2,28224,1696060509.7127204
2,28288,1696060509.7281675
2,28352,1696060509.7437043
2,28416,1696060509.7622752
2,28480,1696060509.777517
2,28544,1696060509.794378
2,28608,1696060509.8110242
2,28672,1696060509.826304
2,28736,1696060509.8423648
2,28800,1696060509.8588376
2,28864,1696060509.8739648
2,28928,1696060509.8901002
2,28992,1696060509.9056118
2,29056,1696060509.923039
2,29120,1696060509.938405
2,29184,1696060509.9543107
2,29248,1696060509.9716656
2,29312,1696060509.9887416
2,29376,1696060510.0051594
2,29440,1696060510.0208683
2,29504,1696060510.037529
2,29568,1696060510.0531323
2,29632,1696060510.0707262
2,29696,1696060510.086944
2,29760,1696060510.1031384
2,29824,1696060510.1188288
2,29888,1696060510.1342978
2,29952,1696060510.1505482
2,30016,1696060510.1662185
2,30080,1696060510.1827908
2,30144,1696060510.199564
2,30208,1696060510.2150156
2,30272,1696060510.2313173
2,30336,1696060510.2474163
2,30400,1696060510.2632332
2,30464,1696060510.2814233
2,30528,1696060510.2955155
2,30592,1696060510.3111613
2,30656,1696060510.326755
2,30720,1696060510.3428814
2,30784,1696060510.3591797
2,30848,1696060510.3763669
2,30912,1696060510.393123
2,30976,1696060510.4088476
2,31040,1696060510.4244106
2,31104,1696060510.4411876
2,31168,1696060510.4565392
2,31232,1696060510.4726856
2,31296,1696060510.489568
2,31360,1696060510.505345
2,31424,1696060510.519787
2,31488,1696060510.5368643
2,31552,1696060510.5570815
2,31616,1696060510.5726006
2,31680,1696060510.5882616
2,31744,1696060510.6070542
2,31808,1696060510.620798
2,31872,1696060510.636332
2,31936,1696060510.6517391
2,32000,1696060510.667163
2,32064,1696060510.6840634
2,32128,1696060510.7001646
2,32192,1696060510.715705
2,32256,1696060510.7326643
2,32320,1696060510.7490373
2,32384,1696060510.7632847
2,32448,1696060510.7796013
2,32512,1696060510.799
2,32576,1696060510.813912
2,32640,1696060510.8305295
2,32704,1696060510.8463688
2,32768,1696060510.8625996
2,32832,1696060510.8827958
2,32896,1696060510.9012337
2,32960,1696060510.9198244
2,33024,1696060510.935595
2,33088,1696060510.9499085
2,33152,1696060510.9664912
2,33216,1696060510.9828184
2,33280,1696060510.9998639
2,33344,1696060511.016172
2,33408,1696060511.0333574
2,33472,1696060511.0507176
2,33536,1696060511.0670042
2,33600,1696060511.0824459
2,33664,1696060511.0991364
2,33728,1696060511.1140835
2,33792,1696060511.1303787
2,33856,1696060511.147117
2,33920,1696060511.1613197
2,33984,1696060511.1778045
2,34048,1696060511.1935534
2,34112,1696060511.2080579
2,34176,1696060511.2250614
2,34240,1696060511.239539
2,34304,1696060511.2568164
2,34368,1696060511.2726784
2,34432,1696060511.2871614
2,34496,1696060511.3035083
2,34560,1696060511.3192854
2,34624,1696060511.3366935
2,34688,1696060511.3516817
2,34752,1696060511.368203
2,34816,1696060511.3846781
2,34880,1696060511.4005141
2,34944,1696060511.4167705
2,35008,1696060511.432782
2,35072,1696060511.4486234
2,35136,1696060511.466093
2,35200,1696060511.481477
2,35264,1696060511.4976385
2,35328,1696060511.512921
2,35392,1696060511.528907
2,35456,1696060511.5442326
2,35520,1696060511.5603263
2,35584,1696060511.5777352
2,35648,1696060511.5930412
2,35712,1696060511.6081336
2,35776,1696060511.6238701
2,35840,1696060511.641271
2,35904,1696060511.6551564
2,35968,1696060511.673148
2,36032,1696060511.6890938
2,36096,1696060511.7051275
2,36160,1696060511.7224016
2,36224,1696060511.7378917
2,36288,1696060511.7541282
2,36352,1696060511.7705998
2,36416,1696060511.7860816
2,36480,1696060511.8017707
2,36544,1696060511.818463
2,36608,1696060511.8343558
2,36672,1696060511.8504822
2,36736,1696060511.8668685
2,36800,1696060511.8825476
2,36864,1696060511.899683
2,36928,1696060511.9146144
2,36992,1696060511.930734
2,37056,1696060511.9464397
2,37120,1696060511.9618661
2,37184,1696060511.9769423
2,37248,1696060511.9926
2,37312,1696060512.0085678
2,37376,1696060512.0270016
2,37440,1696060512.043048
2,37504,1696060512.0592735
2,37568,1696060512.0736532
2,37632,1696060512.0900853
2,37696,1696060512.107675
2,37760,1696060512.1231565
2,37824,1696060512.1381502
2,37888,1696060512.1545117
2,37952,1696060512.1710744
2,38016,1696060512.190158
2,38080,1696060512.2054434
2,38144,1696060512.2208877
2,38208,1696060512.2373319
2,38272,1696060512.2534788
2,38336,1696060512.269371
2,38400,1696060512.2860088
2,38464,1696060512.302722
2,38528,1696060512.3179076
2,38592,1696060512.3342557
2,38656,1696060512.35144
2,38720,1696060512.3660078
2,38784,1696060512.3871129
2,38848,1696060512.406691
2,38912,1696060512.426525
2,38976,1696060512.4465003
2,39040,1696060512.4662223
2,39104,1696060512.4861565
2,39168,1696060512.5057187
2,39232,1696060512.5261478
2,39296,1696060512.546274
2,39360,1696060512.566169
2,39424,1696060512.5862093
2,39488,1696060512.6059682
2,39552,1696060512.626447
2,39616,1696060512.6463523
2,39680,1696060512.6662433
2,39744,1696060512.6861446
2,39808,1696060512.7059085
2,39872,1696060512.7276657
2,39936,1696060512.7466488
2,40000,1696060512.7664318
2,40064,1696060512.786623
2,40128,1696060512.80664
2,40192,1696060512.8262436
2,40256,1696060512.845797
2,40320,1696060512.860539
2,40384,1696060512.8788288
2,40448,1696060512.8929605
2,40512,1696060512.9086034
2,40576,1696060512.9241023
2,40640,1696060512.9395154
2,40704,1696060512.9566472
2,40768,1696060512.9725325
2,40832,1696060512.9891753
2,40896,1696060513.0052724
2,40960,1696060513.0213773
2,41024,1696060513.0373726
2,41088,1696060513.053529
2,41152,1696060513.0695627
2,41216,1696060513.0867465
2,41280,1696060513.1034708
2,41344,1696060513.1189456
2,41408,1696060513.136052
2,41472,1696060513.151514
2,41536,1696060513.168563
2,41600,1696060513.1839652
2,41664,1696060513.1994998
2,41728,1696060513.216408
2,41792,1696060513.2337987
2,41856,1696060513.2476716
2,41920,1696060513.2644682
2,41984,1696060513.279844
2,42048,1696060513.2949214
2,42112,1696060513.3106327
2,42176,1696060513.32673
2,42240,1696060513.342967
2,42304,1696060513.3584142
2,42368,1696060513.3747642
2,42432,1696060513.3903465
2,42496,1696060513.4064162
2,42560,1696060513.4230201
2,42624,1696060513.4389052
2,42688,1696060513.453499
2,42752,1696060513.4695652
2,42816,1696060513.485628
2,42880,1696060513.500633
2,42944,1696060513.516479
2,43008,1696060513.5338833
2,43072,1696060513.5492985
2,43136,1696060513.5645502
2,43200,1696060513.5799255
2,43264,1696060513.597077
2,43328,1696060513.6157494
2,43392,1696060513.6313024
2,43456,1696060513.6481383
2,43520,1696060513.6676884
2,43584,1696060513.681927
2,43648,1696060513.6989048
2,43712,1696060513.7143195
2,43776,1696060513.7309604
2,43840,1696060513.7463422
2,43904,1696060513.7628288
2,43968,1696060513.7792172
2,44032,1696060513.7950058
2,44096,1696060513.811333
2,44160,1696060513.8275266
2,44224,1696060513.8432624
2,44288,1696060513.8607264
2,44352,1696060513.8747659
2,44416,1696060513.8908894
2,44480,1696060513.9076467
2,44544,1696060513.923731
2,44608,1696060513.9382384
2,44672,1696060513.9547155
2,44736,1696060513.9690094
2,44800,1696060513.9856148
2,44864,1696060514.0016696
2,44928,1696060514.016473
2,44992,1696060514.0328739
2,45056,1696060514.0501373
2,45120,1696060514.0668788
2,45184,1696060514.0830717
2,45248,1696060514.0976276
2,45312,1696060514.113864
2,45376,1696060514.1301072
2,45440,1696060514.145303
2,45504,1696060514.161635
2,45568,1696060514.1782918
2,45632,1696060514.193864
2,45696,1696060514.2085085
2,45760,1696060514.225916
2,45824,1696060514.2411988
2,45888,1696060514.2565575
2,45952,1696060514.2721317
2,46016,1696060514.2892482
2,46080,1696060514.305409
2,46144,1696060514.32133
2,46208,1696060514.3387272
2,46272,1696060514.3540657
2,46336,1696060514.3706253
2,46400,1696060514.3858063
2,46464,1696060514.4024389
2,46528,1696060514.4191067
2,46592,1696060514.4345064
2,46656,1696060514.4506457
2,46720,1696060514.4673276
2,46784,1696060514.4827666
2,46848,1696060514.4974232
2,46912,1696060514.5157776
2,46976,1696060514.5315843
2,47040,1696060514.5459154
2,47104,1696060514.5640237
2,47168,1696060514.5806477
2,47232,1696060514.5983963
2,47296,1696060514.6125247
2,47360,1696060514.6286695
2,47424,1696060514.6439419
2,47488,1696060514.6642704
2,47552,1696060514.6762507
2,47616,1696060514.6957796
2,47680,1696060514.7103038
2,47744,1696060514.7262847
2,47808,1696060514.7427387
2,47872,1696060514.7582314
2,47936,1696060514.7764473
2,48000,1696060514.7918048
2,48064,1696060514.8079033
2,48128,1696060514.8233533
2,48192,1696060514.8385592
2,48256,1696060514.8543766
2,48320,1696060514.8712766
2,48384,1696060514.8870199
2,48448,1696060514.9032815
2,48512,1696060514.9196455
2,48576,1696060514.9368033
2,48640,1696060514.9529228
2,48704,1696060514.96948
2,48768,1696060514.9853516
2,48832,1696060515.0014656
2,48896,1696060515.0167282
2,48960,1696060515.0356066
2,49024,1696060515.0521371
2,49088,1696060515.068768
2,49152,1696060515.0845916
2,49216,1696060515.1005845
2,49280,1696060515.117173
2,49344,1696060515.131895
2,49408,1696060515.1477914
2,49472,1696060515.1650462
2,49536,1696060515.180282
2,49600,1696060515.1974344
2,49664,1696060515.2126236
2,49728,1696060515.2293348
2,49792,1696060515.2445092
2,49856,1696060515.2600644
2,49920,1696060515.2773468
2,49984,1696060515.292497
2,50000,1696060515.308143
3,64,1696060515.6466684
3,128,1696060515.6650767
3,192,1696060515.6811535
3,256,1696060515.6953948
3,320,1696060515.7116663
3,384,1696060515.7281377
3,448,1696060515.749817
3,512,1696060515.7671702
3,576,1696060515.786062
3,640,1696060515.8057623
3,704,1696060515.8261957
3,768,1696060515.8458693
3,832,1696060515.8597474
3,896,1696060515.8780832
3,960,1696060515.8999224
3,1024,1696060515.9188154
3,1088,1696060515.9384205
3,1152,1696060515.9584684
3,1216,1696060515.978435
3,1280,1696060515.9983847
3,1344,1696060516.018264
3,1408,1696060516.0385776
3,1472,1696060516.0584376
3,1536,1696060516.0783174
3,1600,1696060516.0979755
3,1664,1696060516.1184194
3,1728,1696060516.138186
3,1792,1696060516.1582067
3,1856,1696060516.1777387
3,1920,1696060516.198253
3,1984,1696060516.2178783
3,2048,1696060516.2387204
3,2112,1696060516.2583706
3,2176,1696060516.2781305
3,2240,1696060516.2989094
3,2304,1696060516.3187895
3,2368,1696060516.3380904
3,2432,1696060516.358384
3,2496,1696060516.3778112
3,2560,1696060516.3979487
3,2624,1696060516.418254
3,2688,1696060516.4376688
3,2752,1696060516.4546626
3,2816,1696060516.4695158
3,2880,1696060516.4859161
3,2944,1696060516.5008893
3,3008,1696060516.5175984
3,3072,1696060516.534777
3,3136,1696060516.548473
3,3200,1696060516.5650766
3,3264,1696060516.5820036
3,3328,1696060516.5954812
3,3392,1696060516.611944
3,3456,1696060516.6311517
3,3520,1696060516.6495314
3,3584,1696060516.6680176
3,3648,1696060516.6865704
3,3712,1696060516.7050064
3,3776,1696060516.7253532
3,3840,1696060516.7409883
3,3904,1696060516.7566109
3,3968,1696060516.774258
3,4032,1696060516.7878358
3,4096,1696060516.8057475
3,4160,1696060516.8262475
3,4224,1696060516.8456957
3,4288,1696060516.86269
3,4352,1696060516.8776321
3,4416,1696060516.8948576
3,4480,1696060516.9115267
3,4544,1696060516.9311087
3,4608,1696060516.9509504
3,4672,1696060516.9695206
3,4736,1696060516.9897864
3,4800,1696060517.0091665
3,4864,1696060517.0297997
3,4928,1696060517.0499372
3,4992,1696060517.0693994
3,5056,1696060517.0888395
3,5120,1696060517.1099105
3,5184,1696060517.129315
3,5248,1696060517.149915
3,5312,1696060517.1695898
3,5376,1696060517.188388
3,5440,1696060517.2022455
3,5504,1696060517.2192307
3,5568,1696060517.2388225
3,5632,1696060517.2574377
3,5696,1696060517.2755487
3,5760,1696060517.2915356
3,5824,1696060517.3036804
3,5888,1696060517.319335
3,5952,1696060517.336747
3,6016,1696060517.3524165
3,6080,1696060517.372656
3,6144,1696060517.3868234
3,6208,1696060517.406331
3,6272,1696060517.427916
3,6336,1696060517.4471102
3,6400,1696060517.466106
3,6464,1696060517.4855404
3,6528,1696060517.5053475
3,6592,1696060517.5247521
3,6656,1696060517.5401728
3,6720,1696060517.556296
3,6784,1696060517.570784
3,6848,1696060517.5912058
3,6912,1696060517.611398
3,6976,1696060517.6304142
3,7040,1696060517.6497836
3,7104,1696060517.6667137
3,7168,1696060517.681567
3,7232,1696060517.6976266
3,7296,1696060517.7158027
3,7360,1696060517.7346854
3,7424,1696060517.7541564
3,7488,1696060517.7736578
3,7552,1696060517.7941284
3,7616,1696060517.8139262
3,7680,1696060517.8346672
3,7744,1696060517.8535225
3,7808,1696060517.8733435
3,7872,1696060517.8927655
3,7936,1696060517.9131203
3,8000,1696060517.933576
3,8064,1696060517.9558282
3,8128,1696060517.9739535
3,8192,1696060517.98825
3,8256,1696060518.00464
3,8320,1696060518.0209153
3,8384,1696060518.0356293
3,8448,1696060518.0526857
3,8512,1696060518.0683172
3,8576,1696060518.0853977
3,8640,1696060518.1060946
3,8704,1696060518.1263661
3,8768,1696060518.1454628
3,8832,1696060518.1660326
3,8896,1696060518.1857038
3,8960,1696060518.2008693
3,9024,1696060518.216994
3,9088,1696060518.234494
3,9152,1696060518.2482972
3,9216,1696060518.265221
3,9280,1696060518.2788012
3,9344,1696060518.2984731
3,9408,1696060518.316329
3,9472,1696060518.3328831
3,9536,1696060518.3498054
3,9600,1696060518.3669071
3,9664,1696060518.3822055
3,9728,1696060518.3981223
3,9792,1696060518.4205315
3,9856,1696060518.4390683
3,9920,1696060518.4579813
3,9984,1696060518.4784424
3,10048,1696060518.497975
3,10112,1696060518.5171592
3,10176,1696060518.534903
3,10240,1696060518.5491192
3,10304,1696060518.5634558
3,10368,1696060518.5830102
3,10432,1696060518.6032784
3,10496,1696060518.622669
3,10560,1696060518.6417227
3,10624,1696060518.6622446
3,10688,1696060518.6827996
3,10752,1696060518.7026036
3,10816,1696060518.721311
3,10880,1696060518.7418272
3,10944,1696060518.7614722
3,11008,1696060518.7766495
3,11072,1696060518.7917225
3,11136,1696060518.8125849
3,11200,1696060518.8310533
3,11264,1696060518.8495977
3,11328,1696060518.8696814
3,11392,1696060518.8898084
3,11456,1696060518.9087057
3,11520,1696060518.9253569
3,11584,1696060518.9424818
3,11648,1696060518.9584978
3,11712,1696060518.9736934
3,11776,1696060518.9901488
3,11840,1696060519.0067983
3,11904,1696060519.0226104
3,11968,1696060519.037208
3,12032,1696060519.053799
3,12096,1696060519.0684054
3,12160,1696060519.087335
3,12224,1696060519.1052756
3,12288,1696060519.123576
3,12352,1696060519.1402717
3,12416,1696060519.15294
3,12480,1696060519.1736488
3,12544,1696060519.192892
3,12608,1696060519.2042422
3,12672,1696060519.2214715
3,12736,1696060519.2379541
3,12800,1696060519.2527833
3,12864,1696060519.268515
3,12928,1696060519.2880836
3,12992,1696060519.3053944
3,13056,1696060519.3184676
3,13120,1696060519.3347933
3,13184,1696060519.3493118
3,13248,1696060519.37115
3,13312,1696060519.3910613
3,13376,1696060519.4098806
3,13440,1696060519.4298236
3,13504,1696060519.4466817
3,13568,1696060519.463291
3,13632,1696060519.478777
3,13696,1696060519.4969497
3,13760,1696060519.5157354
3,13824,1696060519.5342896
3,13888,1696060519.5544095
3,13952,1696060519.5746238
3,14016,1696060519.5878782
3,14080,1696060519.6054223
3,14144,1696060519.6241577
3,14208,1696060519.6378236
3,14272,1696060519.6565156
3,14336,1696060519.6730814
3,14400,1696060519.6881082
3,14464,1696060519.7058427
3,14528,1696060519.722551
3,14592,1696060519.7396529
3,14656,1696060519.7570124
3,14720,1696060519.7744946
3,14784,1696060519.795825
3,14848,1696060519.8150384
3,14912,1696060519.8278017
3,14976,1696060519.8431945
3,15040,1696060519.8621168
3,15104,1696060519.8766897
3,15168,1696060519.8934324
3,15232,1696060519.9098418
3,15296,1696060519.927647
3,15360,1696060519.9437823
3,15424,1696060519.9618368
3,15488,1696060519.984239
3,15552,1696060520.0035958
3,15616,1696060520.022407
3,15680,1696060520.0355752
3,15744,1696060520.0537255
3,15808,1696060520.070561
3,15872,1696060520.0867584
3,15936,1696060520.1008992
3,16000,1696060520.118294
3,16064,1696060520.1356936
3,16128,1696060520.1512475
3,16192,1696060520.1686027
3,16256,1696060520.183255
3,16320,1696060520.203028
3,16384,1696060520.2139697
3,16448,1696060520.2333834
3,16512,1696060520.2487864
3,16576,1696060520.2670145
3,16640,1696060520.2826874
3,16704,1696060520.2965205
3,16768,1696060520.3128896
3,16832,1696060520.3312078
3,16896,1696060520.3454523
3,16960,1696060520.360233
3,17024,1696060520.3763545
3,17088,1696060520.3957527
3,17152,1696060520.4122078
3,17216,1696060520.4266713
3,17280,1696060520.4430108
3,17344,1696060520.4609106
3,17408,1696060520.4772353
3,17472,1696060520.4916568
3,17536,1696060520.507743
3,17600,1696060520.5264573
3,17664,1696060520.541049
3,17728,1696060520.5568151
3,17792,1696060520.572308
3,17856,1696060520.589831
3,17920,1696060520.604892
3,17984,1696060520.6201565
3,18048,1696060520.6357343
3,18112,1696060520.6559095
3,18176,1696060520.6688082
3,18240,1696060520.684189
3,18304,1696060520.7001128
3,18368,1696060520.7176163
3,18432,1696060520.7327147
3,18496,1696060520.7479599
3,18560,1696060520.762895
3,18624,1696060520.7820249
3,18688,1696060520.7960079
3,18752,1696060520.8119519
3,18816,1696060520.8270288
3,18880,1696060520.8450649
3,18944,1696060520.8597772
3,19008,1696060520.8774092
3,19072,1696060520.8930085
3,19136,1696060520.9103637
3,19200,1696060520.928738
3,19264,1696060520.941674
3,19328,1696060520.9567006
3,19392,1696060520.9749656
3,19456,1696060520.9895093
3,19520,1696060521.005097
3,19584,1696060521.020617
3,19648,1696060521.0404725
3,19712,1696060521.0544267
3,19776,1696060521.0692968
3,19840,1696060521.0848596
3,19904,1696060521.102685
3,19968,1696060521.1171968
3,20032,1696060521.1327138
3,20096,1696060521.147964
3,20160,1696060521.1681204
3,20224,1696060521.18103
3,20288,1696060521.1993768
3,20352,1696060521.2172441
3,20416,1696060521.2358968
3,20480,1696060521.252381
3,20544,1696060521.2659328
3,20608,1696060521.2803545
3,20672,1696060521.3007262
3,20736,1696060521.3140564
3,20800,1696060521.3298495
3,20864,1696060521.3454907
3,20928,1696060521.3630514
3,20992,1696060521.3800762
3,21056,1696060521.394604
3,21120,1696060521.4099262
3,21184,1696060521.4295232
3,21248,1696060521.4429266
3,21312,1696060521.4587417
3,21376,1696060521.4742966
3,21440,1696060521.4923248
3,21504,1696060521.5068638
3,21568,1696060521.52131
3,21632,1696060521.5376391
3,21696,1696060521.5564504
3,21760,1696060521.5704603
3,21824,1696060521.585991
3,21888,1696060521.6013718
3,21952,1696060521.6201892
3,22016,1696060521.6343095
3,22080,1696060521.649678
3,22144,1696060521.6649313
3,22208,1696060521.6829472
3,22272,1696060521.697917
3,22336,1696060521.71307
3,22400,1696060521.728703
3,22464,1696060521.7472384
3,22528,1696060521.7621825
3,22592,1696060521.7773693
3,22656,1696060521.7926738
3,22720,1696060521.8114657
3,22784,1696060521.8259618
3,22848,1696060521.84167
3,22912,1696060521.8564117
3,22976,1696060521.8756382
3,23040,1696060521.8905823
3,23104,1696060521.9055753
3,23168,1696060521.9210522
3,23232,1696060521.9406853
3,23296,1696060521.9544656
3,23360,1696060521.9694436
3,23424,1696060521.9851098
3,23488,1696060522.003538
3,23552,1696060522.0178823
3,23616,1696060522.0334437
3,23680,1696060522.049084
3,23744,1696060522.0679877
3,23808,1696060522.0818963
3,23872,1696060522.0973902
3,23936,1696060522.1128044
3,24000,1696060522.1310322
3,24064,1696060522.1479282
3,24128,1696060522.1628675
3,24192,1696060522.178329
3,24256,1696060522.1962342
3,24320,1696060522.2112978
3,24384,1696060522.226734
3,24448,1696060522.2411652
3,24512,1696060522.2595124
3,24576,1696060522.2748966
3,24640,1696060522.2901838
3,24704,1696060522.3047838
3,24768,1696060522.3248808
3,24832,1696060522.338288
3,24896,1696060522.3538558
3,24960,1696060522.369538
3,25024,1696060522.3893814
3,25088,1696060522.4061518
3,25152,1696060522.419578
3,25216,1696060522.4389114
3,25280,1696060522.455437
3,25344,1696060522.4728816
3,25408,1696060522.487691
3,25472,1696060522.5032284
3,25536,1696060522.5240593
3,25600,1696060522.5382593
3,25664,1696060522.5523553
3,25728,1696060522.5712838
3,25792,1696060522.5883293
3,25856,1696060522.6048243
3,25920,1696060522.6189694
3,25984,1696060522.6344273
3,26048,1696060522.6537886
3,26112,1696060522.6688821
3,26176,1696060522.6841874
3,26240,1696060522.6994946
3,26304,1696060522.7182581
3,26368,1696060522.7347484
3,26432,1696060522.7498462
3,26496,1696060522.7651486
3,26560,1696060522.7841315
3,26624,1696060522.8001416
3,26688,1696060522.8139882
3,26752,1696060522.8296418
3,26816,1696060522.852218
3,26880,1696060522.8677955
3,26944,1696060522.8833787
3,27008,1696060522.898893
3,27072,1696060522.9176042
3,27136,1696060522.9349205
3,27200,1696060522.9478462
3,27264,1696060522.9637148
3,27328,1696060522.9826741
3,27392,1696060522.9983292
3,27456,1696060523.0175815
3,27520,1696060523.0353234
3,27584,1696060523.0511742
3,27648,1696060523.0671403
3,27712,1696060523.082687
3,27776,1696060523.0989368
3,27840,1696060523.1145098
3,27904,1696060523.13432
3,27968,1696060523.1497264
3,28032,1696060523.165739
3,28096,1696060523.1810467
3,28160,1696060523.1961882
3,28224,1696060523.2118394
3,28288,1696060523.2289965
3,28352,1696060523.245313
3,28416,1696060523.2611856
3,28480,1696060523.2765763
3,28544,1696060523.2939749
3,28608,1696060523.3076613
3,28672,1696060523.3254867
3,28736,1696060523.3401527
3,28800,1696060523.3559597
3,28864,1696060523.372827
3,28928,1696060523.389539
3,28992,1696060523.403715
3,29056,1696060523.4210854
3,29120,1696060523.4369295
3,29184,1696060523.4528308
3,29248,1696060523.4727163
3,29312,1696060523.4877076
3,29376,1696060523.5038803
3,29440,1696060523.518654
3,29504,1696060523.5346699
3,29568,1696060523.5513313
3,29632,1696060523.5668054
3,29696,1696060523.5815153
3,29760,1696060523.5981023
3,29824,1696060523.614727
3,29888,1696060523.6295304
3,29952,1696060523.6460803
3,30016,1696060523.6613834
3,30080,1696060523.6764019
3,30144,1696060523.6919794
3,30208,1696060523.7090247
3,30272,1696060523.7285888
3,30336,1696060523.745797
3,30400,1696060523.7656195
3,30464,1696060523.7858744
3,30528,1696060523.8052447
3,30592,1696060523.8251147
3,30656,1696060523.840626
3,30720,1696060523.8570406
3,30784,1696060523.87435
3,30848,1696060523.8893483
3,30912,1696060523.9058113
3,30976,1696060523.9224837
3,31040,1696060523.9384851
3,31104,1696060523.953574
3,31168,1696060523.9696615
3,31232,1696060523.986238
3,31296,1696060524.0010147
3,31360,1696060524.0174558
3,31424,1696060524.0340886
3,31488,1696060524.0494516
3,31552,1696060524.064712
3,31616,1696060524.081311
3,31680,1696060524.0978441
3,31744,1696060524.11452
3,31808,1696060524.129863
3,31872,1696060524.1444302
3,31936,1696060524.1609685
3,32000,1696060524.1770422
3,32064,1696060524.1918178
3,32128,1696060524.2115252
3,32192,1696060524.225877
3,32256,1696060524.2440088
3,32320,1696060524.2610373
3,32384,1696060524.2782698
3,32448,1696060524.2939126
3,32512,1696060524.309055
3,32576,1696060524.3243356
3,32640,1696060524.3406594
3,32704,1696060524.3556266
3,32768,1696060524.370763
3,32832,1696060524.3862967
3,32896,1696060524.4031563
3,32960,1696060524.4187486
3,33024,1696060524.4356143
3,33088,1696060524.4524856
3,33152,1696060524.468581
3,33216,1696060524.4846745
3,33280,1696060524.5001523
3,33344,1696060524.5157268
3,33408,1696060524.5331461
3,33472,1696060524.5480857
3,33536,1696060524.5641513
3,33600,1696060524.5815394
3,33664,1696060524.5967848
3,33728,1696060524.6155796
3,33792,1696060524.629074
3,33856,1696060524.6434467
3,33920,1696060524.6559129
3,33984,1696060524.6699119
3,34048,1696060524.6829717
3,34112,1696060524.6962585
3,34176,1696060524.7121098
3,34240,1696060524.727433
3,34304,1696060524.7423015
3,34368,1696060524.7552047
3,34432,1696060524.768265
3,34496,1696060524.7830544
3,34560,1696060524.796685
3,34624,1696060524.8096626
3,34688,1696060524.8235648
3,34752,1696060524.836172
3,34816,1696060524.8509374
3,34880,1696060524.8633506
3,34944,1696060524.8777924
3,35008,1696060524.890588
3,35072,1696060524.9038508
3,35136,1696060524.9167387
3,35200,1696060524.9293687
3,35264,1696060524.9436991
3,35328,1696060524.956081
3,35392,1696060524.9722726
3,35456,1696060524.9836235
3,35520,1696060524.9979773
3,35584,1696060525.0105047
3,35648,1696060525.024214
3,35712,1696060525.0366533
3,35776,1696060525.051386
3,35840,1696060525.063752
3,35904,1696060525.0782888
3,35968,1696060525.0907114
3,36032,1696060525.1045816
3,36096,1696060525.1195872
3,36160,1696060525.1336958
3,36224,1696060525.1465046
3,36288,1696060525.1600986
3,36352,1696060525.1726894
3,36416,1696060525.188175
3,36480,1696060525.199656
3,36544,1696060525.213763
3,36608,1696060525.2266216
3,36672,1696060525.2400231
3,36736,1696060525.2526252
3,36800,1696060525.2675722
3,36864,1696060525.2797139
3,36928,1696060525.292686
3,36992,1696060525.3064725
3,37056,1696060525.3188722
3,37120,1696060525.332516
3,37184,1696060525.3470337
3,37248,1696060525.3602116
3,37312,1696060525.373244
3,37376,1696060525.3875625
3,37440,1696060525.3999722
3,37504,1696060525.4143455
3,37568,1696060525.4277499
3,37632,1696060525.4409487
3,37696,1696060525.453819
3,37760,1696060525.467221
3,37824,1696060525.4796655
3,37888,1696060525.493692
3,37952,1696060525.506714
3,38016,1696060525.520468
3,38080,1696060525.5329437
3,38144,1696060525.5474381
3,38208,1696060525.5601535
3,38272,1696060525.5727472
3,38336,1696060525.5857985
3,38400,1696060525.5997326
3,38464,1696060525.6124208
3,38528,1696060525.6250503
3,38592,1696060525.6393113
3,38656,1696060525.6518383
3,38720,1696060525.664446
3,38784,1696060525.6795259
3,38848,1696060525.692944
3,38912,1696060525.7057283
3,38976,1696060525.7198067
3,39040,1696060525.7322526
3,39104,1696060525.7465668
3,39168,1696060525.7590098
3,39232,1696060525.772912
3,39296,1696060525.7853935
3,39360,1696060525.7999
3,39424,1696060525.8124137
3,39488,1696060525.8251767
3,39552,1696060525.838969
3,39616,1696060525.8526864
3,39680,1696060525.8657987
3,39744,1696060525.879211
3,39808,1696060525.8927314
3,39872,1696060525.9053922
3,39936,1696060525.9196506
3,40000,1696060525.9323444
3,40064,1696060525.9448714
3,40128,1696060525.959407
3,40192,1696060525.9719114
3,40256,1696060525.9864116
3,40320,1696060525.9988685
3,40384,1696060526.0128298
3,40448,1696060526.0258377
3,40512,1696060526.039429
3,40576,1696060526.0524812
3,40640,1696060526.067058
3,40704,1696060526.0805237
3,40768,1696060526.0935843
3,40832,1696060526.1074572
3,40896,1696060526.1203153
3,40960,1696060526.132909
3,41024,1696060526.1480236
3,41088,1696060526.1612391
3,41152,1696060526.1744485
3,41216,1696060526.1878154
3,41280,1696060526.2002406
3,41344,1696060526.2142353
3,41408,1696060526.2278638
3,41472,1696060526.2412455
3,41536,1696060526.2537282
3,41600,1696060526.2677863
3,41664,1696060526.2802413
3,41728,1696060526.293149
3,41792,1696060526.3084896
3,41856,1696060526.320615
3,41920,1696060526.334119
3,41984,1696060526.348007
3,42048,1696060526.3603938
3,42112,1696060526.375845
3,42176,1696060526.3906522
3,42240,1696060526.404484
3,42304,1696060526.4174633
3,42368,1696060526.4307833
3,42432,1696060526.4445624
3,42496,1696060526.456709
3,42560,1696060526.4699705
3,42624,1696060526.483813
3,42688,1696060526.4962294
3,42752,1696060526.5106323
3,42816,1696060526.5242183
3,42880,1696060526.537227
3,42944,1696060526.5502372
3,43008,1696060526.5640647
3,43072,1696060526.5764856
3,43136,1696060526.590783
3,43200,1696060526.6046157
3,43264,1696060526.6169968
3,43328,1696060526.6312592
3,43392,1696060526.644208
3,43456,1696060526.656977
3,43520,1696060526.6704526
3,43584,1696060526.6837757
3,43648,1696060526.69642
3,43712,1696060526.712544
3,43776,1696060526.7256536
3,43840,1696060526.7414258
3,43904,1696060526.7530892
3,43968,1696060526.767433
3,44032,1696060526.7799168
3,44096,1696060526.7945008
3,44160,1696060526.8060756
3,44224,1696060526.8245726
3,44288,1696060526.8416038
3,44352,1696060526.860148
3,44416,1696060526.874228
3,44480,1696060526.8879025
3,44544,1696060526.9008567
3,44608,1696060526.9153237
3,44672,1696060526.9301276
3,44736,1696060526.945167
3,44800,1696060526.958639
3,44864,1696060526.9725223
3,44928,1696060526.9861832
3,44992,1696060526.9998977
3,45056,1696060527.0120609
3,45120,1696060527.0274477
3,45184,1696060527.0412333
3,45248,1696060527.0580366
3,45312,1696060527.0702405
3,45376,1696060527.087306
3,45440,1696060527.0992806
3,45504,1696060527.113038
3,45568,1696060527.12543
3,45632,1696060527.1407049
3,45696,1696060527.1515837
3,45760,1696060527.167192
3,45824,1696060527.1796808
3,45888,1696060527.1912968
3,45952,1696060527.2074974
3,46016,1696060527.2217534
3,46080,1696060527.2352116
3,46144,1696060527.2485163
3,46208,1696060527.2646825
3,46272,1696060527.2787368
3,46336,1696060527.295469
3,46400,1696060527.3074932
3,46464,1696060527.3227882
3,46528,1696060527.3350003
3,46592,1696060527.347845
3,46656,1696060527.3632584
3,46720,1696060527.3793588
3,46784,1696060527.3966439
3,46848,1696060527.414423
3,46912,1696060527.4327118
3,46976,1696060527.4467838
3,47040,1696060527.4633815
3,47104,1696060527.4750812
3,47168,1696060527.4908347
3,47232,1696060527.5048146
3,47296,1696060527.5206172
3,47360,1696060527.5342026
3,47424,1696060527.5510526
3,47488,1696060527.5627527
3,47552,1696060527.5795004
3,47616,1696060527.5928295
3,47680,1696060527.608067
3,47744,1696060527.622048
3,47808,1696060527.6364248
3,47872,1696060527.6501117
3,47936,1696060527.6638787
3,48000,1696060527.6764786
3,48064,1696060527.692965
3,48128,1696060527.7050428
3,48192,1696060527.718429
3,48256,1696060527.7322462
3,48320,1696060527.7446842
3,48384,1696060527.7577682
3,48448,1696060527.7716312
3,48512,1696060527.7844129
3,48576,1696060527.799122
3,48640,1696060527.812467
3,48704,1696060527.8247926
3,48768,1696060527.843355
3,48832,1696060527.8625064
3,48896,1696060527.8818417
3,48960,1696060527.9014134
3,49024,1696060527.9217126
3,49088,1696060527.942002
3,49152,1696060527.9616966
3,49216,1696060527.9759634
3,49280,1696060527.9929626
3,49344,1696060528.0051403
3,49408,1696060528.0195832
3,49472,1696060528.0320635
3,49536,1696060528.0500174
3,49600,1696060528.064593
3,49664,1696060528.0766933
3,49728,1696060528.0912974
3,49792,1696060528.1038249
3,49856,1696060528.1177878
3,49920,1696060528.1305578
3,49984,1696060528.143939
3,50000,1696060528.15669
4,64,1696060528.4935737
4,128,1696060528.5097194
4,192,1696060528.522835
4,256,1696060528.5370357
4,320,1696060528.549591
4,384,1696060528.563109
4,448,1696060528.5761096
4,512,1696060528.5915656
4,576,1696060528.6062832
4,640,1696060528.6206856
4,704,1696060528.6331968
4,768,1696060528.6471627
4,832,1696060528.6613224
4,896,1696060528.6740553
4,960,1696060528.6876612
4,1024,1696060528.703269
4,1088,1696060528.717072
4,1152,1696060528.7297025
4,1216,1696060528.7431965
4,1280,1696060528.755809
4,1344,1696060528.7727258
4,1408,1696060528.7846327
4,1472,1696060528.8034787
4,1536,1696060528.8219247
4,1600,1696060528.8424625
4,1664,1696060528.8623476
4,1728,1696060528.88211
4,1792,1696060528.9026396
4,1856,1696060528.9226332
4,1920,1696060528.9423854
4,1984,1696060528.9621646
4,2048,1696060528.9817827
4,2112,1696060529.0024164
4,2176,1696060529.0221624
4,2240,1696060529.0423222
4,2304,1696060529.062921
4,2368,1696060529.0826755
4,2432,1696060529.1021967
4,2496,1696060529.1220555
4,2560,1696060529.1426306
4,2624,1696060529.1617582
4,2688,1696060529.1823041
4,2752,1696060529.2009845
4,2816,1696060529.2159753
4,2880,1696060529.2303286
4,2944,1696060529.2437956
4,3008,1696060529.2569287
4,3072,1696060529.2697363
4,3136,1696060529.2832274
4,3200,1696060529.295643
4,3264,1696060529.3095508
4,3328,1696060529.322245
4,3392,1696060529.3360572
4,3456,1696060529.3485436
4,3520,1696060529.3637304
4,3584,1696060529.376694
4,3648,1696060529.391763
4,3712,1696060529.4060822
4,3776,1696060529.4188585
4,3840,1696060529.4327223
4,3904,1696060529.4451778
4,3968,1696060529.4594853
4,4032,1696060529.4719179
4,4096,1696060529.48596
4,4160,1696060529.50013
4,4224,1696060529.5131965
4,4288,1696060529.5265982
4,4352,1696060529.5402193
4,4416,1696060529.5527892
4,4480,1696060529.5669274
4,4544,1696060529.5806127
4,4608,1696060529.593663
4,4672,1696060529.6071181
4,4736,1696060529.620584
4,4800,1696060529.633162
4,4864,1696060529.6474786
4,4928,1696060529.6600401
4,4992,1696060529.6743827
4,5056,1696060529.6867464
4,5120,1696060529.7007234
4,5184,1696060529.7131896
4,5248,1696060529.7275445
4,5312,1696060529.7403045
4,5376,1696060529.7528648
4,5440,1696060529.766289
4,5504,1696060529.7799425
4,5568,1696060529.7923431
4,5632,1696060529.805201
4,5696,1696060529.8193944
4,5760,1696060529.8318694
4,5824,1696060529.8462427
4,5888,1696060529.8588126
4,5952,1696060529.8723755
4,6016,1696060529.888835
4,6080,1696060529.9038076
4,6144,1696060529.9181402
4,6208,1696060529.9311285
4,6272,1696060529.9442062
4,6336,1696060529.9595828
4,6400,1696060529.9744508
4,6464,1696060529.9885828
4,6528,1696060530.0017712
4,6592,1696060530.0151417
4,6656,1696060530.0285892
4,6720,1696060530.0410857
4,6784,1696060530.0553637
4,6848,1696060530.067771
4,6912,1696060530.0812395
4,6976,1696060530.1005502
4,7040,1696060530.1192527
4,7104,1696060530.1379974
4,7168,1696060530.1585503
4,7232,1696060530.178483
4,7296,1696060530.1980915
4,7360,1696060530.2178974
4,7424,1696060530.238038
4,7488,1696060530.258546
4,7552,1696060530.2782075
4,7616,1696060530.2977958
4,7680,1696060530.3178117
4,7744,1696060530.3378499
4,7808,1696060530.3555284
4,7872,1696060530.3720474
4,7936,1696060530.3850253
4,8000,1696060530.398246
4,8064,1696060530.4117384
4,8128,1696060530.424353
4,8192,1696060530.4386473
4,8256,1696060530.4522712
4,8320,1696060530.4654522
4,8384,1696060530.4781115
4,8448,1696060530.4919143
4,8512,1696060530.5044374
4,8576,1696060530.518684
4,8640,1696060530.5322275
4,8704,1696060530.5443451
4,8768,1696060530.5629852
4,8832,1696060530.582656
4,8896,1696060530.6024384
4,8960,1696060530.6227803
4,9024,1696060530.6420784
4,9088,1696060530.662246
4,9152,1696060530.6830328
4,9216,1696060530.702187
4,9280,1696060530.7224104
4,9344,1696060530.7426245
4,9408,1696060530.7622488
4,9472,1696060530.7821388
4,9536,1696060530.802803
4,9600,1696060530.822256
4,9664,1696060530.842319
4,9728,1696060530.8627224
4,9792,1696060530.8823595
4,9856,1696060530.9024913
4,9920,1696060530.9221754
4,9984,1696060530.9418578
4,10048,1696060530.9624584
4,10112,1696060530.9820166
4,10176,1696060530.995727
4,10240,1696060531.0128622
4,10304,1696060531.0247104
4,10368,1696060531.0384412
4,10432,1696060531.0521188
4,10496,1696060531.0640025
4,10560,1696060531.080867
4,10624,1696060531.0923
4,10688,1696060531.1082585
4,10752,1696060531.119131
4,10816,1696060531.1373055
4,10880,1696060531.155422
4,10944,1696060531.1674051
4,11008,1696060531.1845973
4,11072,1696060531.1978972
4,11136,1696060531.2115164
4,11200,1696060531.2245688
4,11264,1696060531.2365181
4,11328,1696060531.2548711
4,11392,1696060531.2741084
4,11456,1696060531.2945616
4,11520,1696060531.3144858
4,11584,1696060531.334326
4,11648,1696060531.3540733
4,11712,1696060531.3736727
4,11776,1696060531.3879635
4,11840,1696060531.405021
4,11904,1696060531.4169607
4,11968,1696060531.431465
4,12032,1696060531.4433737
4,12096,1696060531.4620013
4,12160,1696060531.4817514
4,12224,1696060531.5022767
4,12288,1696060531.5219877
4,12352,1696060531.5423157
4,12416,1696060531.5626256
4,12480,1696060531.5829368
4,12544,1696060531.602208
4,12608,1696060531.6218095
4,12672,1696060531.6425102
4,12736,1696060531.662504
4,12800,1696060531.6818972
4,12864,1696060531.701931
4,12928,1696060531.7223494
4,12992,1696060531.742488
4,13056,1696060531.762318
4,13120,1696060531.7821214
4,13184,1696060531.8025084
4,13248,1696060531.8222892
4,13312,1696060531.842017
4,13376,1696060531.862224
4,13440,1696060531.881173
4,13504,1696060531.901764
4,13568,1696060531.9218302
4,13632,1696060531.9421406
4,13696,1696060531.9614806
4,13760,1696060531.9820075
4,13824,1696060532.002795
4,13888,1696060532.02349
4,13952,1696060532.0421357
4,14016,1696060532.0625515
4,14080,1696060532.082018
4,14144,1696060532.101992
4,14208,1696060532.122188
4,14272,1696060532.1420605
4,14336,1696060532.1618001
4,14400,1696060532.1826196
4,14464,1696060532.2023695
4,14528,1696060532.222072
4,14592,1696060532.242364
4,14656,1696060532.2622879
4,14720,1696060532.282833
4,14784,1696060532.3022864
4,14848,1696060532.3220701
4,14912,1696060532.3417206
4,14976,1696060532.3623364
4,15040,1696060532.3817992
4,15104,1696060532.401931
4,15168,1696060532.4225214
4,15232,1696060532.4424696
4,15296,1696060532.4618657
4,15360,1696060532.4818425
4,15424,1696060532.502335
4,15488,1696060532.52282
4,15552,1696060532.5421302
4,15616,1696060532.5624628
4,15680,1696060532.582294
4,15744,1696060532.602428
4,15808,1696060532.622346
4,15872,1696060532.6413825
4,15936,1696060532.6593432
4,16000,1696060532.6747534
4,16064,1696060532.6887298
4,16128,1696060532.7007203
4,16192,1696060532.7191775
4,16256,1696060532.7382472
4,16320,1696060532.7584414
4,16384,1696060532.7782729
4,16448,1696060532.797984
4,16512,1696060532.8121135
4,16576,1696060532.828787
4,16640,1696060532.8424854
4,16704,1696060532.8605785
4,16768,1696060532.871813
4,16832,1696060532.8897164
4,16896,1696060532.9020176
4,16960,1696060532.9167004
4,17024,1696060532.9283934
4,17088,1696060532.9417067
4,17152,1696060532.9543445
4,17216,1696060532.9730139
4,17280,1696060532.9852712
4,17344,1696060533.0000808
4,17408,1696060533.011709
4,17472,1696060533.0285478
4,17536,1696060533.0407276
4,17600,1696060533.0554025
4,17664,1696060533.0669105
4,17728,1696060533.0860715
4,17792,1696060533.106598
4,17856,1696060533.121043
4,17920,1696060533.1355994
4,17984,1696060533.1481147
4,18048,1696060533.1641526
4,18112,1696060533.1754968
4,18176,1696060533.1895244
4,18240,1696060533.2022123
4,18304,1696060533.21829
4,18368,1696060533.2318287
4,18432,1696060533.2437742
4,18496,1696060533.259449
4,18560,1696060533.2728648
4,18624,1696060533.285961
4,18688,1696060533.2998662
4,18752,1696060533.3122516
4,18816,1696060533.3270736
4,18880,1696060533.339682
4,18944,1696060533.3525314
4,19008,1696060533.367516
4,19072,1696060533.3797302
4,19136,1696060533.393359
4,19200,1696060533.4131522
4,19264,1696060533.4317908
4,19328,1696060533.4508169
4,19392,1696060533.4705353
4,19456,1696060533.4907234
4,19520,1696060533.5103042
4,19584,1696060533.5302572
4,19648,1696060533.5493002
4,19712,1696060533.5633621
4,19776,1696060533.581624
4,19840,1696060533.5938013
4,19904,1696060533.608928
4,19968,1696060533.619929
4,20032,1696060533.6387053
4,20096,1696060533.6531374
4,20160,1696060533.666731
4,20224,1696060533.6804347
4,20288,1696060533.6930773
4,20352,1696060533.7077408
4,20416,1696060533.7201636
4,20480,1696060533.7329595
4,20544,1696060533.7469618
4,20608,1696060533.7606049
4,20672,1696060533.775226
4,20736,1696060533.7887967
4,20800,1696060533.8043628
4,20864,1696060533.8182096
4,20928,1696060533.8319876
4,20992,1696060533.8441396
4,21056,1696060533.8630471
4,21120,1696060533.8746166
4,21184,1696060533.888659
4,21248,1696060533.9007924
4,21312,1696060533.9190698
4,21376,1696060533.9346104
4,21440,1696060533.9478989
4,21504,1696060533.9623451
4,21568,1696060533.9754572
4,21632,1696060533.988508
4,21696,1696060534.0011106
4,21760,1696060534.0154853
4,21824,1696060534.0279574
4,21888,1696060534.043135
4,21952,1696060534.0579848
4,22016,1696060534.07151
4,22080,1696060534.0845425
4,22144,1696060534.0971832
4,22208,1696060534.1116807
4,22272,1696060534.1247935
4,22336,1696060534.1403778
4,22400,1696060534.1519017
4,22464,1696060534.1658084
4,22528,1696060534.177779
4,22592,1696060534.1954505
4,22656,1696060534.2071564
4,22720,1696060534.2248018
4,22784,1696060534.2419994
4,22848,1696060534.2544346
4,22912,1696060534.26854
4,22976,1696060534.2809172
4,23040,1696060534.296563
4,23104,1696060534.3085206
4,23168,1696060534.3231344
4,23232,1696060534.335572
4,23296,1696060534.3499057
4,23360,1696060534.3624716
4,23424,1696060534.3762093
4,23488,1696060534.38881
4,23552,1696060534.4019375
4,23616,1696060534.4158218
4,23680,1696060534.4285405
4,23744,1696060534.441107
4,23808,1696060534.4555311
4,23872,1696060534.467982
4,23936,1696060534.4823043
4,24000,1696060534.4946404
4,24064,1696060534.508702
4,24128,1696060534.5213606
4,24192,1696060534.5348005
4,24256,1696060534.5481136
4,24320,1696060534.5627856
4,24384,1696060534.577198
4,24448,1696060534.5900595
4,24512,1696060534.6039002
4,24576,1696060534.6156023
4,24640,1696060534.6313202
4,24704,1696060534.6446245
4,24768,1696060534.6576724
4,24832,1696060534.6715155
4,24896,1696060534.6840198
