epoch,trained_sample,time
1,0,1695613717.959415
1,32,1695613719.187698
1,64,1695613719.2195585
1,96,1695613719.2511222
1,128,1695613719.281512
1,160,1695613719.314976
1,192,1695613719.346401
1,224,1695613719.3766398
1,256,1695613719.4062092
1,288,1695613719.4404333
1,320,1695613719.472
1,352,1695613719.5016685
1,384,1695613719.5350904
1,416,1695613719.5634406
1,448,1695613719.5964255
1,480,1695613719.6280248
1,512,1695613719.6587791
1,544,1695613719.6931417
1,576,1695613719.7333817
1,608,1695613719.764219
1,640,1695613719.7979145
1,672,1695613719.828752
1,704,1695613719.8600783
1,736,1695613719.8918042
1,768,1695613719.9214666
1,800,1695613719.9614303
1,832,1695613719.9886997
1,864,1695613720.0251756
1,896,1695613720.0579553
1,928,1695613720.090374
1,960,1695613720.1223915
1,992,1695613720.1651537
1,1024,1695613720.1956809
1,1056,1695613720.2234688
1,1088,1695613720.252044
1,1120,1695613720.28822
1,1152,1695613720.3168752
1,1184,1695613720.345518
1,1216,1695613720.374157
1,1248,1695613720.410225
1,1280,1695613720.4388647
1,1312,1695613720.4674888
1,1344,1695613720.4960394
1,1376,1695613720.532115
1,1408,1695613720.5606554
1,1440,1695613720.5952494
1,1472,1695613720.6318858
1,1504,1695613720.6661856
1,1536,1695613720.7014227
1,1568,1695613720.7308576
1,1600,1695613720.7657666
1,1632,1695613720.7964342
1,1664,1695613720.827785
1,1696,1695613720.8584483
1,1728,1695613720.8878143
1,1760,1695613720.9193785
1,1792,1695613720.9514704
1,1824,1695613720.9824905
1,1856,1695613721.0167603
1,1888,1695613721.0466926
1,1920,1695613721.0815313
1,1952,1695613721.11251
1,1984,1695613721.144147
1,2016,1695613721.178009
1,2048,1695613721.2071812
1,2080,1695613721.2395372
1,2112,1695613721.271307
1,2144,1695613721.302565
1,2176,1695613721.3310218
1,2208,1695613721.3631566
1,2240,1695613721.3962176
1,2272,1695613721.4312942
1,2304,1695613721.4598403
1,2336,1695613721.4883776
1,2368,1695613721.5169592
1,2400,1695613721.5531435
1,2432,1695613721.5817888
1,2464,1695613721.610345
1,2496,1695613721.6390393
1,2528,1695613721.6779494
1,2560,1695613721.706019
1,2592,1695613721.7346735
1,2624,1695613721.7632883
1,2656,1695613721.7983375
1,2688,1695613721.8316154
1,2720,1695613721.8624206
1,2752,1695613721.8910415
1,2784,1695613721.926201
1,2816,1695613721.9567764
1,2848,1695613721.9887583
1,2880,1695613722.0198967
1,2912,1695613722.0517373
1,2944,1695613722.0824366
1,2976,1695613722.1164336
1,3008,1695613722.1438549
1,3040,1695613722.1798868
1,3072,1695613722.2084968
1,3104,1695613722.2371159
1,3136,1695613722.2659318
1,3168,1695613722.302038
1,3200,1695613722.3307204
1,3232,1695613722.3593497
1,3264,1695613722.3880205
1,3296,1695613722.4241416
1,3328,1695613722.45303
1,3360,1695613722.481428
1,3392,1695613722.510179
1,3424,1695613722.5462842
1,3456,1695613722.5774932
1,3488,1695613722.6071162
1,3520,1695613722.638865
1,3552,1695613722.6734848
1,3584,1695613722.7020617
1,3616,1695613722.7305856
1,3648,1695613722.760832
1,3680,1695613722.7957625
1,3712,1695613722.8243272
1,3744,1695613722.8529153
1,3776,1695613722.8815608
1,3808,1695613722.919493
1,3840,1695613722.9480505
1,3872,1695613722.976723
1,3904,1695613723.0055304
1,3936,1695613723.0468612
1,3968,1695613723.0786135
1,4000,1695613723.1103315
1,4032,1695613723.1423285
1,4064,1695613723.1770759
1,4096,1695613723.2056663
1,4128,1695613723.2342825
1,4160,1695613723.262917
1,4192,1695613723.299053
1,4224,1695613723.3276422
1,4256,1695613723.3562353
1,4288,1695613723.384892
1,4320,1695613723.421033
1,4352,1695613723.466024
1,4384,1695613723.498431
1,4416,1695613723.530369
1,4448,1695613723.562414
1,4480,1695613723.5929208
1,4512,1695613723.6259027
1,4544,1695613723.6587064
1,4576,1695613723.6905744
1,4608,1695613723.7224324
1,4640,1695613723.7507343
1,4672,1695613723.7859597
1,4704,1695613723.8149762
1,4736,1695613723.8497484
1,4768,1695613723.8827963
1,4800,1695613723.9155464
1,4832,1695613723.9523075
1,4864,1695613723.9921982
1,4896,1695613724.0230098
1,4928,1695613724.057801
1,4960,1695613724.088596
1,4992,1695613724.1201713
1,5024,1695613724.147959
1,5056,1695613724.1817193
1,5088,1695613724.2173743
1,5120,1695613724.2475686
1,5152,1695613724.2784305
1,5184,1695613724.3080235
1,5216,1695613724.3452206
1,5248,1695613724.3742938
1,5280,1695613724.4047942
1,5312,1695613724.4354005
1,5344,1695613724.4729278
1,5376,1695613724.5036325
1,5408,1695613724.5342712
1,5440,1695613724.5648358
1,5472,1695613724.6004987
1,5504,1695613724.63035
1,5536,1695613724.6621475
1,5568,1695613724.6956291
1,5600,1695613724.726825
1,5632,1695613724.759796
1,5664,1695613724.7914226
1,5696,1695613724.8227136
1,5728,1695613724.8552032
1,5760,1695613724.8866825
1,5792,1695613724.918393
1,5824,1695613724.951851
1,5856,1695613724.9833083
1,5888,1695613725.014324
1,5920,1695613725.0476527
1,5952,1695613725.0779047
1,5984,1695613725.109479
1,6016,1695613725.1455734
1,6048,1695613725.1770294
1,6080,1695613725.2108397
1,6112,1695613725.2461154
1,6144,1695613725.2794113
1,6176,1695613725.3105495
1,6208,1695613725.342708
1,6240,1695613725.3759663
1,6272,1695613725.406726
1,6304,1695613725.4416175
1,6336,1695613725.4711602
1,6368,1695613725.507318
1,6400,1695613725.5459158
1,6432,1695613725.5763273
1,6464,1695613725.6109054
1,6496,1695613725.645564
1,6528,1695613725.6788487
1,6560,1695613725.710553
1,6592,1695613725.7425683
1,6624,1695613725.7745132
1,6656,1695613725.8049371
1,6688,1695613725.8340821
1,6720,1695613725.8774748
1,6752,1695613725.9073665
1,6784,1695613725.940793
1,6816,1695613725.9727788
1,6848,1695613726.0133579
1,6880,1695613726.0472803
1,6912,1695613726.079979
1,6944,1695613726.1186104
1,6976,1695613726.1509728
1,7008,1695613726.1913984
1,7040,1695613726.2234786
1,7072,1695613726.2544625
1,7104,1695613726.2952125
1,7136,1695613726.3280315
1,7168,1695613726.363242
1,7200,1695613726.4039724
1,7232,1695613726.440722
1,7264,1695613726.472577
1,7296,1695613726.5065398
1,7328,1695613726.5416167
1,7360,1695613726.577064
1,7392,1695613726.6110826
1,7424,1695613726.6435826
1,7456,1695613726.6827538
1,7488,1695613726.7266483
1,7520,1695613726.758457
1,7552,1695613726.7945764
1,7584,1695613726.8343048
1,7616,1695613726.8738072
1,7648,1695613726.9067683
1,7680,1695613726.94767
1,7712,1695613726.9783359
1,7744,1695613727.0265434
1,7776,1695613727.0580022
1,7808,1695613727.0953257
1,7840,1695613727.1341527
1,7872,1695613727.1738486
1,7904,1695613727.206636
1,7936,1695613727.2385874
1,7968,1695613727.279303
1,8000,1695613727.3213024
1,8032,1695613727.3548293
1,8064,1695613727.3932412
1,8096,1695613727.4265
1,8128,1695613727.4674466
1,8160,1695613727.498691
1,8192,1695613727.5359626
1,8224,1695613727.5789492
1,8256,1695613727.6156604
1,8288,1695613727.6486332
1,8320,1695613727.68456
1,8352,1695613727.7227242
1,8384,1695613727.764242
1,8416,1695613727.7952647
1,8448,1695613727.8344293
1,8480,1695613727.8705235
1,8512,1695613727.912967
1,8544,1695613727.9470892
1,8576,1695613727.9801366
1,8608,1695613728.0179088
1,8640,1695613728.0631473
1,8672,1695613728.0982585
1,8704,1695613728.130816
1,8736,1695613728.1708014
1,8768,1695613728.2100487
1,8800,1695613728.249711
1,8832,1695613728.2813592
1,8864,1695613728.3191557
1,8896,1695613728.3623333
1,8928,1695613728.4019861
1,8960,1695613728.434805
1,8992,1695613728.4735403
1,9024,1695613728.5156567
1,9056,1695613728.5463667
1,9088,1695613728.58367
1,9120,1695613728.6221194
1,9152,1695613728.6587026
1,9184,1695613728.6926622
1,9216,1695613728.730373
1,9248,1695613728.7695324
1,9280,1695613728.8097725
1,9312,1695613728.8405743
1,9344,1695613728.8786576
1,9376,1695613728.9171774
1,9408,1695613728.9548445
1,9440,1695613728.9941003
1,9472,1695613729.0265539
1,9504,1695613729.0668738
1,9536,1695613729.1097844
1,9568,1695613729.1408453
1,9600,1695613729.185287
1,9632,1695613729.2166429
1,9664,1695613729.2624006
1,9696,1695613729.2976787
1,9728,1695613729.3335092
1,9760,1695613729.3643181
1,9792,1695613729.4084537
1,9824,1695613729.4423814
1,9856,1695613729.478164
1,9888,1695613729.5110455
1,9920,1695613729.5557005
1,9952,1695613729.5922527
1,9984,1695613729.623633
1,10016,1695613729.6628408
1,10048,1695613729.7056973
1,10080,1695613729.7368886
1,10112,1695613729.7726681
1,10144,1695613729.8075347
1,10176,1695613729.851199
1,10208,1695613729.883435
1,10240,1695613729.9220152
1,10272,1695613729.95472
1,10304,1695613729.9988437
1,10336,1695613730.0342584
1,10368,1695613730.0667863
1,10400,1695613730.1058733
1,10432,1695613730.1389005
1,10464,1695613730.181823
1,10496,1695613730.214634
1,10528,1695613730.257858
1,10560,1695613730.2907624
1,10592,1695613730.326372
1,10624,1695613730.3667746
1,10656,1695613730.4069555
1,10688,1695613730.4458914
1,10720,1695613730.4796054
1,10752,1695613730.5198684
1,10784,1695613730.5582697
1,10816,1695613730.5978043
1,10848,1695613730.6321728
1,10880,1695613730.6704445
1,10912,1695613730.713589
1,10944,1695613730.7449105
1,10976,1695613730.785239
1,11008,1695613730.8219063
1,11040,1695613730.855385
1,11072,1695613730.896027
1,11104,1695613730.9271889
1,11136,1695613730.9664311
1,11168,1695613731.0043042
1,11200,1695613731.049881
1,11232,1695613731.0825262
1,11264,1695613731.115623
1,11296,1695613731.1551847
1,11328,1695613731.1954753
1,11360,1695613731.2307065
1,11392,1695613731.266371
1,11424,1695613731.305557
1,11456,1695613731.3423927
1,11488,1695613731.376515
1,11520,1695613731.4113476
1,11552,1695613731.4495127
1,11584,1695613731.4900331
1,11616,1695613731.5196385
1,11648,1695613731.5587242
1,11680,1695613731.5967412
1,11712,1695613731.638457
1,11744,1695613731.6714623
1,11776,1695613731.7098596
1,11808,1695613731.7461767
1,11840,1695613731.7841735
1,11872,1695613731.8207183
1,11904,1695613731.8514385
1,11936,1695613731.8906076
1,11968,1695613731.9337695
1,12000,1695613731.9669986
1,12032,1695613732.0025904
1,12064,1695613732.0418367
1,12096,1695613732.0827518
1,12128,1695613732.11445
1,12160,1695613732.1535857
1,12192,1695613732.186848
1,12224,1695613732.230299
1,12256,1695613732.262243
1,12288,1695613732.3021555
1,12320,1695613732.3346128
1,12352,1695613732.376241
1,12384,1695613732.4106421
1,12416,1695613732.4434352
1,12448,1695613732.4844358
1,12480,1695613732.525847
1,12512,1695613732.555458
1,12544,1695613732.5949118
1,12576,1695613732.6339152
1,12608,1695613732.6744153
1,12640,1695613732.7067952
1,12672,1695613732.7395835
1,12704,1695613732.7794135
1,12736,1695613732.8226893
1,12768,1695613732.8546042
1,12800,1695613732.8912818
1,12832,1695613732.9294796
1,12864,1695613732.9718122
1,12896,1695613733.0100894
1,12928,1695613733.0427928
1,12960,1695613733.0822494
1,12992,1695613733.1253583
1,13024,1695613733.156742
1,13056,1695613733.1927881
1,13088,1695613733.2289677
1,13120,1695613733.2702537
1,13152,1695613733.3035948
1,13184,1695613733.341686
1,13216,1695613733.3779137
1,13248,1695613733.416277
1,13280,1695613733.4484131
1,13312,1695613733.484186
1,13344,1695613733.52255
1,13376,1695613733.5623305
1,13408,1695613733.595819
1,13440,1695613733.6335297
1,13472,1695613733.6652372
1,13504,1695613733.711281
1,13536,1695613733.7439198
1,13568,1695613733.7817886
1,13600,1695613733.8249567
1,13632,1695613733.8613641
1,13664,1695613733.895349
1,13696,1695613733.932957
1,13728,1695613733.9666524
1,13760,1695613734.0102143
1,13792,1695613734.0425892
1,13824,1695613734.0823603
1,13856,1695613734.1161103
1,13888,1695613734.158064
1,13920,1695613734.1919234
1,13952,1695613734.2220604
1,13984,1695613734.2602646
1,14016,1695613734.2984138
1,14048,1695613734.3312
1,14080,1695613734.3679402
1,14112,1695613734.4039943
1,14144,1695613734.4482207
1,14176,1695613734.4799068
1,14208,1695613734.5155294
1,14240,1695613734.5571053
1,14272,1695613734.5989287
1,14304,1695613734.6335702
1,14336,1695613734.66686
1,14368,1695613734.7027822
1,14400,1695613734.7449243
1,14432,1695613734.7778752
1,14464,1695613734.8189754
1,14496,1695613734.8506536
1,14528,1695613734.8940096
1,14560,1695613734.9273465
1,14592,1695613734.9658968
1,14624,1695613734.998306
1,14656,1695613735.0456765
1,14688,1695613735.0767777
1,14720,1695613735.1128697
1,14752,1695613735.1505437
1,14784,1695613735.1914773
1,14816,1695613735.221531
1,14848,1695613735.2590685
1,14880,1695613735.298828
1,14912,1695613735.340186
1,14944,1695613735.3746874
1,14976,1695613735.4142544
1,15008,1695613735.452491
1,15040,1695613735.4901724
1,15072,1695613735.5332794
1,15104,1695613735.5637238
1,15136,1695613735.6022835
1,15168,1695613735.6417491
1,15200,1695613735.677533
1,15232,1695613735.710613
1,15264,1695613735.7495801
1,15296,1695613735.7909133
1,15328,1695613735.82281
1,15360,1695613735.861881
1,15392,1695613735.894851
1,15424,1695613735.9392276
1,15456,1695613735.9719045
1,15488,1695613736.0095558
1,15520,1695613736.0426419
1,15552,1695613736.083129
1,15584,1695613736.119158
1,15616,1695613736.1577823
1,15648,1695613736.1940818
1,15680,1695613736.232758
1,15712,1695613736.264645
1,15744,1695613736.3025622
1,15776,1695613736.3419404
1,15808,1695613736.378691
1,15840,1695613736.4127567
1,15872,1695613736.4520135
1,15904,1695613736.4900448
1,15936,1695613736.531063
1,15968,1695613736.5626452
1,16000,1695613736.601979
1,16032,1695613736.6355004
1,16064,1695613736.6832275
1,16096,1695613736.7148736
1,16128,1695613736.7543955
1,16160,1695613736.786897
1,16192,1695613736.8307526
1,16224,1695613736.863651
1,16256,1695613736.9021592
1,16288,1695613736.938721
1,16320,1695613736.983999
1,16352,1695613737.0148222
1,16384,1695613737.0543218
1,16416,1695613737.0872624
1,16448,1695613737.134368
1,16480,1695613737.1667376
1,16512,1695613737.206193
1,16544,1695613737.2420208
1,16576,1695613737.2784002
1,16608,1695613737.3115835
1,16640,1695613737.3498306
1,16672,1695613737.3859649
1,16704,1695613737.4296548
1,16736,1695613737.461614
1,16768,1695613737.498491
1,16800,1695613737.5354185
1,16832,1695613737.578349
1,16864,1695613737.6106577
1,16896,1695613737.6469715
1,16928,1695613737.685552
1,16960,1695613737.7234268
1,16992,1695613737.7650576
1,17024,1695613737.796531
1,17056,1695613737.8329418
1,17088,1695613737.876277
1,17120,1695613737.9133098
1,17152,1695613737.9464839
1,17184,1695613737.985439
1,17216,1695613738.0277107
1,17248,1695613738.0588315
1,17280,1695613738.0977664
1,17312,1695613738.1341414
1,17344,1695613738.1752589
1,17376,1695613738.2067642
1,17408,1695613738.2430801
1,17440,1695613738.2756248
1,17472,1695613738.3191898
1,17504,1695613738.358638
1,17536,1695613738.3913252
1,17568,1695613738.4301105
1,17600,1695613738.4732583
1,17632,1695613738.504799
1,17664,1695613738.5409696
1,17696,1695613738.5785894
1,17728,1695613738.6221209
1,17760,1695613738.6547403
1,17792,1695613738.693805
1,17824,1695613738.727548
1,17856,1695613738.7712052
1,17888,1695613738.80364
1,17920,1695613738.8426015
1,17952,1695613738.881602
1,17984,1695613738.9226706
1,18016,1695613738.9628174
1,18048,1695613738.9946468
1,18080,1695613739.0338535
1,18112,1695613739.0707552
1,18144,1695613739.1046524
1,18176,1695613739.1405072
1,18208,1695613739.1816988
1,18240,1695613739.223875
1,18272,1695613739.2549033
1,18304,1695613739.2942092
1,18336,1695613739.3271632
1,18368,1695613739.370458
1,18400,1695613739.411384
1,18432,1695613739.4460428
1,18464,1695613739.4853687
1,18496,1695613739.5286787
1,18528,1695613739.5614467
1,18560,1695613739.598554
1,18592,1695613739.6360714
1,18624,1695613739.6726565
1,18656,1695613739.7159739
1,18688,1695613739.752162
1,18720,1695613739.7882605
1,18752,1695613739.8257208
1,18784,1695613739.862378
1,18816,1695613739.898108
1,18848,1695613739.9356892
1,18880,1695613739.9708078
1,18912,1695613740.008495
1,18944,1695613740.0487108
1,18976,1695613740.0836685
1,19008,1695613740.119756
1,19040,1695613740.159177
1,19072,1695613740.1965632
1,19104,1695613740.2355711
1,19136,1695613740.2693558
1,19168,1695613740.3006096
1,19200,1695613740.336662
1,19232,1695613740.3729372
1,19264,1695613740.4094079
1,19296,1695613740.4505467
1,19328,1695613740.4825325
1,19360,1695613740.5191443
1,19392,1695613740.5561006
1,19424,1695613740.5925446
1,19456,1695613740.6303535
1,19488,1695613740.6668468
1,19520,1695613740.7032409
1,19552,1695613740.73977
1,19584,1695613740.7769413
1,19616,1695613740.8143654
1,19648,1695613740.8508902
1,19680,1695613740.8870249
1,19712,1695613740.9229612
1,19744,1695613740.959377
1,19776,1695613740.9962256
1,19808,1695613741.032862
1,19840,1695613741.0691655
1,19872,1695613741.1053636
1,19904,1695613741.1408615
1,19936,1695613741.1773021
1,19968,1695613741.2139158
1,20000,1695613741.2496223
1,20032,1695613741.2976396
1,20064,1695613741.3289568
1,20096,1695613741.364925
1,20128,1695613741.4102798
1,20160,1695613741.4427352
1,20192,1695613741.4755456
1,20224,1695613741.5146317
1,20256,1695613741.5507343
1,20288,1695613741.5870457
1,20320,1695613741.6226301
1,20352,1695613741.6630154
1,20384,1695613741.7022839
1,20416,1695613741.7350798
1,20448,1695613741.7745566
1,20480,1695613741.8133967
1,20512,1695613741.8465135
1,20544,1695613741.886022
1,20576,1695613741.922047
1,20608,1695613741.9558077
1,20640,1695613741.994526
1,20672,1695613742.030217
1,20704,1695613742.063265
1,20736,1695613742.1028752
1,20768,1695613742.1351595
1,20800,1695613742.1755683
1,20832,1695613742.2140791
1,20864,1695613742.2499843
1,20896,1695613742.2840033
1,20928,1695613742.3302531
1,20960,1695613742.3624709
1,20992,1695613742.3956304
1,21024,1695613742.4355145
1,21056,1695613742.4740224
1,21088,1695613742.5064077
1,21120,1695613742.546709
1,21152,1695613742.5852685
1,21184,1695613742.6186128
1,21216,1695613742.6583095
1,21248,1695613742.6923587
1,21280,1695613742.730121
1,21312,1695613742.763056
1,21344,1695613742.8030794
1,21376,1695613742.8387313
1,21408,1695613742.8779936
1,21440,1695613742.910977
1,21472,1695613742.9509661
1,21504,1695613742.9839048
1,21536,1695613743.0254784
1,21568,1695613743.059092
1,21600,1695613743.0989056
1,21632,1695613743.131261
1,21664,1695613743.1741645
1,21696,1695613743.2078562
1,21728,1695613743.2430809
1,21760,1695613743.2833018
1,21792,1695613743.3151357
1,21824,1695613743.355173
1,21856,1695613743.3941138
1,21888,1695613743.4278736
1,21920,1695613743.4664147
1,21952,1695613743.5019336
1,21984,1695613743.5380983
1,22016,1695613743.574109
1,22048,1695613743.6103191
1,22080,1695613743.649375
1,22112,1695613743.6832323
1,22144,1695613743.7221437
1,22176,1695613743.7566478
1,22208,1695613743.797668
1,22240,1695613743.8340652
1,22272,1695613743.8723588
1,22304,1695613743.9116547
1,22336,1695613743.9430735
1,22368,1695613743.9831145
1,22400,1695613744.026667
1,22432,1695613744.0586288
1,22464,1695613744.0952008
1,22496,1695613744.1341887
1,22528,1695613744.17227
1,22560,1695613744.2105155
1,22592,1695613744.2489886
1,22624,1695613744.2828355
1,22656,1695613744.3221378
1,22688,1695613744.3550217
1,22720,1695613744.3941681
1,22752,1695613744.427099
1,22784,1695613744.4711301
1,22816,1695613744.5061226
1,22848,1695613744.5394883
1,22880,1695613744.5746317
1,22912,1695613744.6147807
1,22944,1695613744.654734
1,22976,1695613744.694997
1,23008,1695613744.7267432
1,23040,1695613744.7663405
1,23072,1695613744.8047235
1,23104,1695613744.8417404
1,23136,1695613744.8751073
1,23168,1695613744.9149237
1,23200,1695613744.9540732
1,23232,1695613744.9873805
1,23264,1695613745.0272245
1,23296,1695613745.0658257
1,23328,1695613745.099236
1,23360,1695613745.1386642
1,23392,1695613745.178386
1,23424,1695613745.2177918
1,23456,1695613745.2517602
1,23488,1695613745.286109
1,23520,1695613745.3263478
1,23552,1695613745.3646069
1,23584,1695613745.4019458
1,23616,1695613745.43581
1,23648,1695613745.474708
1,23680,1695613745.514247
1,23712,1695613745.5475593
1,23744,1695613745.5867205
1,23776,1695613745.6262026
1,23808,1695613745.6650321
1,23840,1695613745.6978211
1,23872,1695613745.7351792
1,23904,1695613745.774954
1,23936,1695613745.8140182
1,23968,1695613745.8471572
1,24000,1695613745.891019
1,24032,1695613745.9267583
1,24064,1695613745.9654746
1,24096,1695613746.0004408
1,24128,1695613746.0366783
1,24160,1695613746.0744755
1,24192,1695613746.1140788
1,24224,1695613746.1506283
1,24256,1695613746.1897047
1,24288,1695613746.2245507
1,24320,1695613746.260283
1,24352,1695613746.2990317
1,24384,1695613746.3419504
1,24416,1695613746.3763032
1,24448,1695613746.413306
1,24480,1695613746.4467874
1,24512,1695613746.4863927
1,24544,1695613746.5222943
1,24576,1695613746.5561678
1,24608,1695613746.5941706
1,24640,1695613746.6271052
1,24672,1695613746.6668453
1,24704,1695613746.7062612
1,24736,1695613746.7409813
1,24768,1695613746.775271
1,24800,1695613746.8153818
1,24832,1695613746.8539343
1,24864,1695613746.8901222
1,24896,1695613746.9265654
1,24928,1695613746.9656916
1,24960,1695613746.9986222
1,24992,1695613747.0382009
1,25024,1695613747.0766702
1,25056,1695613747.113896
1,25088,1695613747.1475518
1,25120,1695613747.1867347
1,25152,1695613747.226064
1,25184,1695613747.2601895
1,25216,1695613747.30041
1,25248,1695613747.3349173
1,25280,1695613747.3711095
1,25312,1695613747.406963
1,25344,1695613747.4465806
1,25376,1695613747.4866347
1,25408,1695613747.5199726
1,25440,1695613747.5587413
1,25472,1695613747.598203
1,25504,1695613747.6344295
1,25536,1695613747.667059
1,25568,1695613747.7077315
1,25600,1695613747.74638
1,25632,1695613747.7855525
1,25664,1695613747.8214996
1,25696,1695613747.8547497
1,25728,1695613747.8942623
1,25760,1695613747.9270794
1,25792,1695613747.9669437
1,25824,1695613748.0063643
1,25856,1695613748.0399618
1,25888,1695613748.0793433
1,25920,1695613748.1144915
1,25952,1695613748.1555986
1,25984,1695613748.1907513
1,26016,1695613748.2311177
1,26048,1695613748.2645266
1,26080,1695613748.3091378
1,26112,1695613748.342312
1,26144,1695613748.3796613
1,26176,1695613748.4163206
1,26208,1695613748.4541078
1,26240,1695613748.4908314
1,26272,1695613748.5269988
1,26304,1695613748.5661232
1,26336,1695613748.602257
1,26368,1695613748.6389818
1,26400,1695613748.6782372
1,26432,1695613748.7121997
1,26464,1695613748.7506268
1,26496,1695613748.78981
1,26528,1695613748.8263025
1,26560,1695613748.8621414
1,26592,1695613748.895412
1,26624,1695613748.9344592
1,26656,1695613748.9741461
1,26688,1695613749.0070512
1,26720,1695613749.046429
1,26752,1695613749.080413
1,26784,1695613749.1213875
1,26816,1695613749.154797
1,26848,1695613749.194123
1,26880,1695613749.226858
1,26912,1695613749.2625673
1,26944,1695613749.302756
1,26976,1695613749.3420422
1,27008,1695613749.374937
1,27040,1695613749.4103487
1,27072,1695613749.4513073
1,27104,1695613749.4896135
1,27136,1695613749.5230527
1,27168,1695613749.5622315
1,27200,1695613749.6015518
1,27232,1695613749.634779
1,27264,1695613749.6739607
1,27296,1695613749.7069094
1,27328,1695613749.7421992
1,27360,1695613749.7830997
1,27392,1695613749.8217337
1,27424,1695613749.8534746
1,27456,1695613749.8942668
1,27488,1695613749.928274
1,27520,1695613749.9666529
1,27552,1695613749.9993453
1,27584,1695613750.046174
1,27616,1695613750.0786245
1,27648,1695613750.1122768
1,27680,1695613750.1504688
1,27712,1695613750.1899064
1,27744,1695613750.2229054
1,27776,1695613750.2625287
1,27808,1695613750.3059714
1,27840,1695613750.3386333
1,27872,1695613750.3790574
1,27904,1695613750.4106731
1,27936,1695613750.4499466
1,27968,1695613750.4827015
1,28000,1695613750.5225515
1,28032,1695613750.5555139
1,28064,1695613750.5946167
1,28096,1695613750.6340857
1,28128,1695613750.6668687
1,28160,1695613750.7064428
1,28192,1695613750.7390234
1,28224,1695613750.7793343
1,28256,1695613750.8114624
1,28288,1695613750.8512774
1,28320,1695613750.8902323
1,28352,1695613750.9261603
1,28384,1695613750.9591148
1,28416,1695613750.9993205
1,28448,1695613751.0374193
1,28480,1695613751.070677
1,28512,1695613751.1100276
1,28544,1695613751.1425154
1,28576,1695613751.189145
1,28608,1695613751.2206059
1,28640,1695613751.2588642
1,28672,1695613751.3018231
1,28704,1695613751.3329577
1,28736,1695613751.3704934
1,28768,1695613751.4057128
1,28800,1695613751.4428873
1,28832,1695613751.486863
1,28864,1695613751.5280664
1,28896,1695613751.5584517
1,28928,1695613751.5986948
1,28960,1695613751.6375458
1,28992,1695613751.6739256
1,29024,1695613751.7078483
1,29056,1695613751.7459996
1,29088,1695613751.7821288
1,29120,1695613751.8228257
1,29152,1695613751.8551698
1,29184,1695613751.8912327
1,29216,1695613751.9300342
1,29248,1695613751.9674916
1,29280,1695613752.0092864
1,29312,1695613752.0408053
1,29344,1695613752.0784667
1,29376,1695613752.119572
1,29408,1695613752.1610467
1,29440,1695613752.1924279
1,29472,1695613752.2311864
1,29504,1695613752.2733595
1,29536,1695613752.3047056
1,29568,1695613752.3408527
1,29600,1695613752.3774445
1,29632,1695613752.4205675
1,29664,1695613752.4587955
1,29696,1695613752.4967475
1,29728,1695613752.528744
1,29760,1695613752.577819
1,29792,1695613752.6082885
1,29824,1695613752.6498601
1,29856,1695613752.6827595
1,29888,1695613752.7278638
1,29920,1695613752.7591484
1,29952,1695613752.799332
1,29984,1695613752.8385284
1,30016,1695613752.8788157
1,30048,1695613752.9108868
1,30080,1695613752.9506094
1,30112,1695613752.9895313
1,30144,1695613753.0271854
1,30176,1695613753.0603595
1,30208,1695613753.0971227
1,30240,1695613753.134523
1,30272,1695613753.1740944
1,30304,1695613753.21064
1,30336,1695613753.249919
1,30368,1695613753.285883
1,30400,1695613753.3306046
1,30432,1695613753.3648837
1,30464,1695613753.402393
1,30496,1695613753.4407701
1,30528,1695613753.4791162
1,30560,1695613753.5185297
1,30592,1695613753.5585084
1,30624,1695613753.6019394
1,30656,1695613753.635774
1,30688,1695613753.6819832
1,30720,1695613753.715836
1,30752,1695613753.7575648
1,30784,1695613753.7981884
1,30816,1695613753.831269
1,30848,1695613753.868639
1,30880,1695613753.9153726
1,30912,1695613753.9483654
1,30944,1695613753.9840288
1,30976,1695613754.0230734
1,31008,1695613754.055877
1,31040,1695613754.0908883
1,31072,1695613754.1238897
1,31104,1695613754.164052
1,31136,1695613754.19755
1,31168,1695613754.2421281
1,31200,1695613754.2755222
1,31232,1695613754.3140302
1,31264,1695613754.3478322
1,31296,1695613754.3803744
1,31328,1695613754.4152956
1,31360,1695613754.4481344
1,31392,1695613754.4822385
1,31424,1695613754.5186179
1,31456,1695613754.5521286
1,31488,1695613754.587339
1,31520,1695613754.6200044
1,31552,1695613754.6563854
1,31584,1695613754.688947
1,31616,1695613754.724154
1,31648,1695613754.7584918
1,31680,1695613754.7991495
1,31712,1695613754.8304827
1,31744,1695613754.8600261
1,31776,1695613754.8917356
1,31808,1695613754.9235466
1,31840,1695613754.9547105
1,31872,1695613754.9862685
1,31904,1695613755.018328
1,31936,1695613755.0506148
1,31968,1695613755.088917
1,32000,1695613755.124063
1,32032,1695613755.1575594
1,32064,1695613755.1938193
1,32096,1695613755.2283893
1,32128,1695613755.270559
1,32160,1695613755.3060012
1,32192,1695613755.335688
1,32224,1695613755.3712068
1,32256,1695613755.4040658
1,32288,1695613755.4377165
1,32320,1695613755.4711938
1,32352,1695613755.5083618
1,32384,1695613755.5434706
1,32416,1695613755.5795045
1,32448,1695613755.6132855
1,32480,1695613755.6486437
1,32512,1695613755.6813107
1,32544,1695613755.715844
1,32576,1695613755.7466536
1,32608,1695613755.784152
1,32640,1695613755.8168015
1,32672,1695613755.8517845
1,32704,1695613755.8826354
1,32736,1695613755.920614
1,32768,1695613755.9534996
1,32800,1695613755.9881291
1,32832,1695613756.0188863
1,32864,1695613756.0518892
1,32896,1695613756.0977945
1,32928,1695613756.1301937
1,32960,1695613756.1676538
1,32992,1695613756.2085595
1,33024,1695613756.2400618
1,33056,1695613756.2801352
1,33088,1695613756.3124514
1,33120,1695613756.3441863
1,33152,1695613756.3758662
1,33184,1695613756.4170678
1,33216,1695613756.4480484
1,33248,1695613756.4867563
1,33280,1695613756.5190215
1,33312,1695613756.558785
1,33344,1695613756.5906084
1,33376,1695613756.6287467
1,33408,1695613756.6608808
1,33440,1695613756.7012532
1,33472,1695613756.7399106
1,33504,1695613756.7769167
1,33536,1695613756.8099217
1,33568,1695613756.849409
1,33600,1695613756.8822591
1,33632,1695613756.9229057
1,33664,1695613756.9543574
1,33696,1695613756.992626
1,33728,1695613757.02604
1,33760,1695613757.0626793
1,33792,1695613757.0946028
1,33824,1695613757.134229
1,33856,1695613757.1663244
1,33888,1695613757.2045774
1,33920,1695613757.2362835
1,33952,1695613757.2748165
1,33984,1695613757.3062406
1,34016,1695613757.3460379
1,34048,1695613757.3785653
1,34080,1695613757.4181743
1,34112,1695613757.4505324
1,34144,1695613757.4829273
1,34176,1695613757.5144386
1,34208,1695613757.5541143
1,34240,1695613757.5941997
1,34272,1695613757.6324522
1,34304,1695613757.6639879
1,34336,1695613757.706144
1,34368,1695613757.7463925
1,34400,1695613757.7865758
1,34432,1695613757.8208873
1,34464,1695613757.8611271
1,34496,1695613757.892523
1,34528,1695613757.9292953
1,34560,1695613757.9632206
1,34592,1695613758.0027995
1,34624,1695613758.033132
1,34656,1695613758.0742197
1,34688,1695613758.1134593
1,34720,1695613758.15327
1,34752,1695613758.1846678
1,34784,1695613758.221479
1,34816,1695613758.2546318
1,34848,1695613758.2940395
1,34880,1695613758.3277633
1,34912,1695613758.3688624
1,34944,1695613758.3988974
1,34976,1695613758.4409354
1,35008,1695613758.4720852
1,35040,1695613758.5089183
1,35072,1695613758.5416903
1,35104,1695613758.5816445
1,35136,1695613758.614232
1,35168,1695613758.6542482
1,35200,1695613758.6865234
1,35232,1695613758.7246156
1,35264,1695613758.7555473
1,35296,1695613758.7970207
1,35328,1695613758.8282852
1,35360,1695613758.8694115
1,35392,1695613758.9004543
1,35424,1695613758.9390106
1,35456,1695613758.9702742
1,35488,1695613759.0093164
1,35520,1695613759.0404494
1,35552,1695613759.079142
1,35584,1695613759.1105514
1,35616,1695613759.1501255
1,35648,1695613759.185137
1,35680,1695613759.223037
1,35712,1695613759.255396
1,35744,1695613759.294791
1,35776,1695613759.3235037
1,35808,1695613759.3568563
1,35840,1695613759.390327
1,35872,1695613759.4285731
1,35904,1695613759.4601116
1,35936,1695613759.50008
1,35968,1695613759.5382612
1,36000,1695613759.5705621
1,36032,1695613759.6076796
1,36064,1695613759.6420815
1,36096,1695613759.6744394
1,36128,1695613759.7097864
1,36160,1695613759.742483
1,36192,1695613759.7745085
1,36224,1695613759.8065321
1,36256,1695613759.8369226
1,36288,1695613759.8701136
1,36320,1695613759.900717
1,36352,1695613759.9344423
1,36384,1695613759.9653528
1,36416,1695613759.9989276
1,36448,1695613760.0293508
1,36480,1695613760.06272
1,36512,1695613760.1028364
1,36544,1695613760.1346126
1,36576,1695613760.1740415
1,36608,1695613760.2061734
1,36640,1695613760.245433
1,36672,1695613760.2765942
1,36704,1695613760.3147218
1,36736,1695613760.34648
1,36768,1695613760.3844683
1,36800,1695613760.421365
1,36832,1695613760.4615793
1,36864,1695613760.4943364
1,36896,1695613760.5346854
1,36928,1695613760.57564
1,36960,1695613760.615815
1,36992,1695613760.6473498
1,37024,1695613760.688827
1,37056,1695613760.722539
1,37088,1695613760.762862
1,37120,1695613760.7945707
1,37152,1695613760.8345609
1,37184,1695613760.869563
1,37216,1695613760.905734
1,37248,1695613760.9413953
1,37280,1695613760.9816258
1,37312,1695613761.014206
1,37344,1695613761.0545344
1,37376,1695613761.085242
1,37408,1695613761.124414
1,37440,1695613761.1616988
1,37472,1695613761.2031047
1,37504,1695613761.24276
1,37536,1695613761.2801828
1,37568,1695613761.3100715
1,37600,1695613761.3503296
1,37632,1695613761.37884
1,37664,1695613761.4111423
1,37696,1695613761.4432247
1,37728,1695613761.4819424
1,37760,1695613761.5140316
1,37792,1695613761.551722
1,37824,1695613761.5891445
1,37856,1695613761.6236706
1,37888,1695613761.6543531
1,37920,1695613761.6923041
1,37952,1695613761.7232032
1,37984,1695613761.7620795
1,38016,1695613761.8013358
1,38048,1695613761.8383086
1,38080,1695613761.8700562
1,38112,1695613761.908929
1,38144,1695613761.939788
1,38176,1695613761.9761186
1,38208,1695613762.013933
1,38240,1695613762.0483217
1,38272,1695613762.081389
1,38304,1695613762.1181405
1,38336,1695613762.149664
1,38368,1695613762.1790102
1,38400,1695613762.2154655
1,38432,1695613762.2541306
1,38464,1695613762.2855992
1,38496,1695613762.3205564
1,38528,1695613762.353832
1,38560,1695613762.3906934
1,38592,1695613762.429465
1,38624,1695613762.471265
1,38656,1695613762.502422
1,38688,1695613762.5420005
1,38720,1695613762.5727909
1,38752,1695613762.6110237
1,38784,1695613762.6424801
1,38816,1695613762.6821434
1,38848,1695613762.714328
1,38880,1695613762.7524881
1,38912,1695613762.7840116
1,38944,1695613762.823784
1,38976,1695613762.8540323
1,39008,1695613762.894357
1,39040,1695613762.9263637
1,39072,1695613762.9661133
1,39104,1695613762.9981742
1,39136,1695613763.0389044
1,39168,1695613763.0694551
1,39200,1695613763.1100724
1,39232,1695613763.140792
1,39264,1695613763.1777399
1,39296,1695613763.2108839
1,39328,1695613763.253994
1,39360,1695613763.2863858
1,39392,1695613763.324551
1,39424,1695613763.361936
1,39456,1695613763.4023402
1,39488,1695613763.4349837
1,39520,1695613763.4741518
1,39552,1695613763.5063546
1,39584,1695613763.546033
1,39616,1695613763.578475
1,39648,1695613763.6180182
1,39680,1695613763.650363
1,39712,1695613763.6898267
1,39744,1695613763.7206619
1,39776,1695613763.7572803
1,39808,1695613763.7936685
1,39840,1695613763.837454
1,39872,1695613763.870079
1,39904,1695613763.9087985
1,39936,1695613763.9400954
1,39968,1695613763.9799268
1,40000,1695613764.0105312
