epoch,trained_sample,time
1,0,1696059343.8387916
1,32,1696059345.025202
1,64,1696059345.037174
1,96,1696059345.047909
1,128,1696059345.0583508
1,160,1696059345.0694916
1,192,1696059345.0804853
1,224,1696059345.091264
1,256,1696059345.1020641
1,288,1696059345.112657
1,320,1696059345.123224
1,352,1696059345.1339571
1,384,1696059345.145353
1,416,1696059345.15665
1,448,1696059345.16741
1,480,1696059345.177953
1,512,1696059345.189151
1,544,1696059345.2003896
1,576,1696059345.2112901
1,608,1696059345.2217686
1,640,1696059345.232356
1,672,1696059345.243158
1,704,1696059345.2544618
1,736,1696059345.2652807
1,768,1696059345.2761295
1,800,1696059345.2863948
1,832,1696059345.2971148
1,864,1696059345.308201
1,896,1696059345.3189943
1,928,1696059345.3297274
1,960,1696059345.340141
1,992,1696059345.3508708
1,1024,1696059345.4157858
1,1056,1696059345.4265022
1,1088,1696059345.4377832
1,1120,1696059345.4491782
1,1152,1696059345.5527954
1,1184,1696059345.5632339
1,1216,1696059345.5747397
1,1248,1696059345.58654
1,1280,1696059345.5970385
1,1312,1696059345.6087239
1,1344,1696059345.6191785
1,1376,1696059345.6300964
1,1408,1696059345.6410744
1,1440,1696059345.6519125
1,1472,1696059345.6625006
1,1504,1696059345.6730547
1,1536,1696059345.683209
1,1568,1696059345.6942575
1,1600,1696059345.7051961
1,1632,1696059345.7159877
1,1664,1696059345.726555
1,1696,1696059345.737469
1,1728,1696059345.7488053
1,1760,1696059345.7596588
1,1792,1696059345.770321
1,1824,1696059345.78093
1,1856,1696059345.7911627
1,1888,1696059345.8016186
1,1920,1696059345.8124316
1,1952,1696059345.8236916
1,1984,1696059345.83444
1,2016,1696059345.8450859
1,2048,1696059345.855281
1,2080,1696059345.866825
1,2112,1696059345.8777206
1,2144,1696059345.8884113
1,2176,1696059345.8989294
1,2208,1696059345.909579
1,2240,1696059345.9201047
1,2272,1696059345.9306667
1,2304,1696059345.9417295
1,2336,1696059345.9527576
1,2368,1696059345.9635167
1,2400,1696059345.9741101
1,2432,1696059345.9846697
1,2464,1696059345.9949014
1,2496,1696059346.005912
1,2528,1696059346.0168831
1,2560,1696059346.027664
1,2592,1696059346.0384982
1,2624,1696059346.0489495
1,2656,1696059346.0591683
1,2688,1696059346.0696084
1,2720,1696059346.0803814
1,2752,1696059346.0915883
1,2784,1696059346.1023195
1,2816,1696059346.1129732
1,2848,1696059346.123169
1,2880,1696059346.1342342
1,2912,1696059346.1451974
1,2944,1696059346.1559978
1,2976,1696059346.1665246
1,3008,1696059346.177285
1,3040,1696059346.188348
1,3072,1696059346.1992574
1,3104,1696059346.209871
1,3136,1696059346.2206573
1,3168,1696059346.2308586
1,3200,1696059346.241798
1,3232,1696059346.252771
1,3264,1696059346.2636542
1,3296,1696059346.2743106
1,3328,1696059346.2849116
1,3360,1696059346.2951312
1,3392,1696059346.3055766
1,3424,1696059346.3163857
1,3456,1696059346.327546
1,3488,1696059346.3383195
1,3520,1696059346.3487272
1,3552,1696059346.358965
1,3584,1696059346.3700902
1,3616,1696059346.3810453
1,3648,1696059346.3919322
1,3680,1696059346.403514
1,3712,1696059346.415088
1,3744,1696059346.4263444
1,3776,1696059346.4386675
1,3808,1696059346.4512613
1,3840,1696059346.4627035
1,3872,1696059346.474674
1,3904,1696059346.4870346
1,3936,1696059346.4982805
1,3968,1696059346.5106065
1,4000,1696059346.523298
1,4032,1696059346.5346937
1,4064,1696059346.5467772
1,4096,1696059346.5595095
1,4128,1696059346.570887
1,4160,1696059346.582967
1,4192,1696059346.5951326
1,4224,1696059346.6069927
1,4256,1696059346.6219966
1,4288,1696059346.6340306
1,4320,1696059346.6464581
1,4352,1696059346.658268
1,4384,1696059346.6700017
1,4416,1696059346.6825757
1,4448,1696059346.6940575
1,4480,1696059346.7052636
1,4512,1696059346.7169461
1,4544,1696059346.7296522
1,4576,1696059346.7414384
1,4608,1696059346.752728
1,4640,1696059346.7655027
1,4672,1696059346.777318
1,4704,1696059346.79157
1,4736,1696059346.8033593
1,4768,1696059346.8142312
1,4800,1696059346.8250856
1,4832,1696059346.8366992
1,4864,1696059346.8476272
1,4896,1696059346.8585622
1,4928,1696059346.8729768
1,4960,1696059346.8848538
1,4992,1696059346.8957856
1,5024,1696059346.9067376
1,5056,1696059346.921109
1,5088,1696059346.9330564
1,5120,1696059346.9444714
1,5152,1696059346.9573565
1,5184,1696059346.9692516
1,5216,1696059346.9806218
1,5248,1696059346.9922757
1,5280,1696059347.0041423
1,5312,1696059347.0171466
1,5344,1696059347.0286613
1,5376,1696059347.0403569
1,5408,1696059347.0529096
1,5440,1696059347.0644593
1,5472,1696059347.0790577
1,5504,1696059347.0912066
1,5536,1696059347.1023834
1,5568,1696059347.1135066
1,5600,1696059347.1302044
1,5632,1696059347.1425765
1,5664,1696059347.15358
1,5696,1696059347.164661
1,5728,1696059347.1795251
1,5760,1696059347.191414
1,5792,1696059347.2024066
1,5824,1696059347.2135413
1,5856,1696059347.228451
1,5888,1696059347.240392
1,5920,1696059347.252636
1,5952,1696059347.2636523
1,5984,1696059347.2786472
1,6016,1696059347.2909083
1,6048,1696059347.3021793
1,6080,1696059347.3132968
1,6112,1696059347.3281925
1,6144,1696059347.3402796
1,6176,1696059347.3512595
1,6208,1696059347.3618839
1,6240,1696059347.3771648
1,6272,1696059347.38865
1,6304,1696059347.3997214
1,6336,1696059347.4107664
1,6368,1696059347.4270062
1,6400,1696059347.442074
1,6432,1696059347.4552157
1,6464,1696059347.467153
1,6496,1696059347.4789734
1,6528,1696059347.492329
1,6560,1696059347.5038288
1,6592,1696059347.516248
1,6624,1696059347.5306723
1,6656,1696059347.5427973
1,6688,1696059347.555394
1,6720,1696059347.5674908
1,6752,1696059347.5804734
1,6784,1696059347.5928636
1,6816,1696059347.6046984
1,6848,1696059347.6179054
1,6880,1696059347.630077
1,6912,1696059347.6454482
1,6944,1696059347.6634488
1,6976,1696059347.6773567
1,7008,1696059347.6905856
1,7040,1696059347.7026103
1,7072,1696059347.713998
1,7104,1696059347.7264473
1,7136,1696059347.7398012
1,7168,1696059347.7515118
1,7200,1696059347.76446
1,7232,1696059347.7769687
1,7264,1696059347.7884748
1,7296,1696059347.8000593
1,7328,1696059347.8132384
1,7360,1696059347.8255856
1,7392,1696059347.8371153
1,7424,1696059347.8502367
1,7456,1696059347.8622777
1,7488,1696059347.8740401
1,7520,1696059347.886843
1,7552,1696059347.8990679
1,7584,1696059347.9114673
1,7616,1696059347.9238932
1,7648,1696059347.9358778
1,7680,1696059347.9490528
1,7712,1696059347.9630659
1,7744,1696059347.975391
1,7776,1696059347.9878352
1,7808,1696059347.9998848
1,7840,1696059348.013096
1,7872,1696059348.0254018
1,7904,1696059348.036865
1,7936,1696059348.0501552
1,7968,1696059348.0622811
1,8000,1696059348.074082
1,8032,1696059348.0868955
1,8064,1696059348.0990865
1,8096,1696059348.1117365
1,8128,1696059348.1243038
1,8160,1696059348.1362047
1,8192,1696059348.1493068
1,8224,1696059348.1608825
1,8256,1696059348.1740222
1,8288,1696059348.1861165
1,8320,1696059348.1978676
1,8352,1696059348.2106605
1,8384,1696059348.2227113
1,8416,1696059348.2346926
1,8448,1696059348.2473955
1,8480,1696059348.2595894
1,8512,1696059348.2725425
1,8544,1696059348.2850745
1,8576,1696059348.296472
1,8608,1696059348.3080602
1,8640,1696059348.321013
1,8672,1696059348.3329117
1,8704,1696059348.3445678
1,8736,1696059348.3578362
1,8768,1696059348.369952
1,8800,1696059348.3815625
1,8832,1696059348.394671
1,8864,1696059348.4066374
1,8896,1696059348.4185557
1,8928,1696059348.4313824
1,8960,1696059348.4435701
1,8992,1696059348.4565456
1,9024,1696059348.4690363
1,9056,1696059348.480468
1,9088,1696059348.4920642
1,9120,1696059348.504909
1,9152,1696059348.5166242
1,9184,1696059348.5281768
1,9216,1696059348.5411735
1,9248,1696059348.552836
1,9280,1696059348.5658898
1,9312,1696059348.5780172
1,9344,1696059348.5897331
1,9376,1696059348.60252
1,9408,1696059348.6145513
1,9440,1696059348.626552
1,9472,1696059348.6393514
1,9504,1696059348.651521
1,9536,1696059348.664167
1,9568,1696059348.6759412
1,9600,1696059348.6871066
1,9632,1696059348.7015433
1,9664,1696059348.7145815
1,9696,1696059348.726972
1,9728,1696059348.7397559
1,9760,1696059348.7511187
1,9792,1696059348.7639415
1,9824,1696059348.7762964
1,9856,1696059348.78804
1,9888,1696059348.8005927
1,9920,1696059348.8139622
1,9952,1696059348.825494
1,9984,1696059348.8374827
1,10016,1696059348.8505278
1,10048,1696059348.862492
1,10080,1696059348.8742874
1,10112,1696059348.887226
1,10144,1696059348.8994107
1,10176,1696059348.9107609
1,10208,1696059348.9236598
1,10240,1696059348.9368863
1,10272,1696059348.9483087
1,10304,1696059348.9614239
1,10336,1696059348.9737275
1,10368,1696059348.985319
1,10400,1696059348.9984295
1,10432,1696059349.0104978
1,10464,1696059349.0224414
1,10496,1696059349.0354195
1,10528,1696059349.0471683
1,10560,1696059349.0595567
1,10592,1696059349.0719576
1,10624,1696059349.0839748
1,10656,1696059349.097187
1,10688,1696059349.1095
1,10720,1696059349.1210153
1,10752,1696059349.134114
1,10784,1696059349.1463168
1,10816,1696059349.158062
1,10848,1696059349.1708014
1,10880,1696059349.1824167
1,10912,1696059349.194687
1,10944,1696059349.2075815
1,10976,1696059349.2196136
1,11008,1696059349.230949
1,11040,1696059349.24385
1,11072,1696059349.256808
1,11104,1696059349.2682385
1,11136,1696059349.285172
1,11168,1696059349.2977173
1,11200,1696059349.3086126
1,11232,1696059349.3196323
1,11264,1696059349.334479
1,11296,1696059349.3462124
1,11328,1696059349.3571117
1,11360,1696059349.3681252
1,11392,1696059349.3829944
1,11424,1696059349.394699
1,11456,1696059349.4057918
1,11488,1696059349.417621
1,11520,1696059349.433355
1,11552,1696059349.4442928
1,11584,1696059349.4556968
1,11616,1696059349.4664679
1,11648,1696059349.477158
1,11680,1696059349.487408
1,11712,1696059349.498441
1,11744,1696059349.5092764
1,11776,1696059349.5216408
1,11808,1696059349.5332985
1,11840,1696059349.5465248
1,11872,1696059349.558479
1,11904,1696059349.5701132
1,11936,1696059349.582447
1,11968,1696059349.5951595
1,12000,1696059349.606482
1,12032,1696059349.6193495
1,12064,1696059349.6323228
1,12096,1696059349.64613
1,12128,1696059349.6584916
1,12160,1696059349.6741555
1,12192,1696059349.6849997
1,12224,1696059349.69623
1,12256,1696059349.706982
1,12288,1696059349.7176278
1,12320,1696059349.727916
1,12352,1696059349.7390954
1,12384,1696059349.7499313
1,12416,1696059349.7622004
1,12448,1696059349.7737658
1,12480,1696059349.7864974
1,12512,1696059349.7986968
1,12544,1696059349.8108034
1,12576,1696059349.8235116
1,12608,1696059349.8355181
1,12640,1696059349.8484244
1,12672,1696059349.8610032
1,12704,1696059349.8724504
1,12736,1696059349.885664
1,12768,1696059349.8998733
1,12800,1696059349.9128764
1,12832,1696059349.9248195
1,12864,1696059349.9364889
1,12896,1696059349.9487762
1,12928,1696059349.9617639
1,12960,1696059349.9733448
1,12992,1696059349.9851167
1,13024,1696059349.9982686
1,13056,1696059350.0104208
1,13088,1696059350.0222547
1,13120,1696059350.0350363
1,13152,1696059350.04723
1,13184,1696059350.059931
1,13216,1696059350.0723453
1,13248,1696059350.0843349
1,13280,1696059350.0956972
1,13312,1696059350.1117873
1,13344,1696059350.1251447
1,13376,1696059350.1376448
1,13408,1696059350.1492658
1,13440,1696059350.1625178
1,13472,1696059350.1747575
1,13504,1696059350.1867857
1,13536,1696059350.1995509
1,13568,1696059350.2119281
1,13600,1696059350.2233236
1,13632,1696059350.2363303
1,13664,1696059350.248977
1,13696,1696059350.2604725
1,13728,1696059350.2720547
1,13760,1696059350.2847724
1,13792,1696059350.3011756
1,13824,1696059350.3123407
1,13856,1696059350.3235173
1,13888,1696059350.3345714
1,13920,1696059350.3494756
1,13952,1696059350.3613894
1,13984,1696059350.372421
1,14016,1696059350.384805
1,14048,1696059350.3993711
1,14080,1696059350.4118161
1,14112,1696059350.42279
1,14144,1696059350.434061
1,14176,1696059350.4489894
1,14208,1696059350.4609432
1,14240,1696059350.4718642
1,14272,1696059350.4828932
1,14304,1696059350.497833
1,14336,1696059350.5098286
1,14368,1696059350.5209327
1,14400,1696059350.5319557
1,14432,1696059350.5468552
1,14464,1696059350.558914
1,14496,1696059350.5698972
1,14528,1696059350.5809634
1,14560,1696059350.5976398
1,14592,1696059350.614052
1,14624,1696059350.6272988
1,14656,1696059350.639543
1,14688,1696059350.6510372
1,14720,1696059350.6641588
1,14752,1696059350.6767535
1,14784,1696059350.6888893
1,14816,1696059350.7023768
1,14848,1696059350.714754
1,14880,1696059350.7272549
1,14912,1696059350.7399576
1,14944,1696059350.7520993
1,14976,1696059350.7649648
1,15008,1696059350.778523
1,15040,1696059350.7905538
1,15072,1696059350.8036196
1,15104,1696059350.8158424
1,15136,1696059350.8272817
1,15168,1696059350.8396702
1,15200,1696059350.8517392
1,15232,1696059350.8646271
1,15264,1696059350.8785117
1,15296,1696059350.8907752
1,15328,1696059350.9035935
1,15360,1696059350.9158874
1,15392,1696059350.9273467
1,15424,1696059350.9404006
1,15456,1696059350.952913
1,15488,1696059350.964464
1,15520,1696059350.9770563
1,15552,1696059350.9900663
1,15584,1696059351.0019507
1,15616,1696059351.0149417
1,15648,1696059351.0271103
1,15680,1696059351.039757
1,15712,1696059351.0523186
1,15744,1696059351.0647664
1,15776,1696059351.0779505
1,15808,1696059351.090253
1,15840,1696059351.102219
1,15872,1696059351.1151807
1,15904,1696059351.127508
1,15936,1696059351.1404386
1,15968,1696059351.1529257
1,16000,1696059351.1644437
1,16032,1696059351.177113
1,16064,1696059351.1903884
1,16096,1696059351.2063577
1,16128,1696059351.2201564
1,16160,1696059351.2329223
1,16192,1696059351.2463427
1,16224,1696059351.2594445
1,16256,1696059351.271948
1,16288,1696059351.283483
1,16320,1696059351.296984
1,16352,1696059351.30953
1,16384,1696059351.3213127
1,16416,1696059351.3344555
1,16448,1696059351.3465674
1,16480,1696059351.3587675
1,16512,1696059351.3714585
1,16544,1696059351.3838394
1,16576,1696059351.397051
1,16608,1696059351.408759
1,16640,1696059351.420326
1,16672,1696059351.4345884
1,16704,1696059351.448348
1,16736,1696059351.4602857
1,16768,1696059351.4714608
1,16800,1696059351.4840403
1,16832,1696059351.497909
1,16864,1696059351.5097737
1,16896,1696059351.52287
1,16928,1696059351.5351489
1,16960,1696059351.548348
1,16992,1696059351.5611646
1,17024,1696059351.5727408
1,17056,1696059351.585926
1,17088,1696059351.5983174
1,17120,1696059351.6102946
1,17152,1696059351.622721
1,17184,1696059351.6358516
1,17216,1696059351.647298
1,17248,1696059351.6603284
1,17280,1696059351.673316
1,17312,1696059351.6849911
1,17344,1696059351.6985836
1,17376,1696059351.7108254
1,17408,1696059351.7253327
1,17440,1696059351.7403393
1,17472,1696059351.7527971
1,17504,1696059351.7653706
1,17536,1696059351.7789636
1,17568,1696059351.7915254
1,17600,1696059351.8055787
1,17632,1696059351.818786
1,17664,1696059351.8324337
1,17696,1696059351.8466861
1,17728,1696059351.861189
1,17760,1696059351.8737469
1,17792,1696059351.8872132
1,17824,1696059351.8999016
1,17856,1696059351.9182363
1,17888,1696059351.932084
1,17920,1696059351.9448147
1,17952,1696059351.9569697
1,17984,1696059351.9700112
1,18016,1696059351.9825103
1,18048,1696059351.9957712
1,18080,1696059352.0088832
1,18112,1696059352.0225956
1,18144,1696059352.0357568
1,18176,1696059352.048649
1,18208,1696059352.061063
1,18240,1696059352.074708
1,18272,1696059352.0879028
1,18304,1696059352.1014419
1,18336,1696059352.1140282
1,18368,1696059352.127493
1,18400,1696059352.1401713
1,18432,1696059352.1535282
1,18464,1696059352.167901
1,18496,1696059352.1806262
1,18528,1696059352.1949058
1,18560,1696059352.2098153
1,18592,1696059352.222995
1,18624,1696059352.2363918
1,18656,1696059352.2480917
1,18688,1696059352.2609637
1,18720,1696059352.2766247
1,18752,1696059352.288407
1,18784,1696059352.301458
1,18816,1696059352.3142917
1,18848,1696059352.3302543
1,18880,1696059352.3447504
1,18912,1696059352.3579788
1,18944,1696059352.3709638
1,18976,1696059352.3888283
1,19008,1696059352.4027002
1,19040,1696059352.416284
1,19072,1696059352.4283974
1,19104,1696059352.4449153
1,19136,1696059352.4574306
1,19168,1696059352.4709337
1,19200,1696059352.4832885
1,19232,1696059352.5001426
1,19264,1696059352.514581
1,19296,1696059352.5331213
1,19328,1696059352.5470095
1,19360,1696059352.5606654
1,19392,1696059352.5722377
1,19424,1696059352.5854957
1,19456,1696059352.596966
1,19488,1696059352.613173
1,19520,1696059352.6251216
1,19552,1696059352.6393452
1,19584,1696059352.6507573
1,19616,1696059352.6653714
1,19648,1696059352.6801238
1,19680,1696059352.6925218
1,19712,1696059352.705587
1,19744,1696059352.7209067
1,19776,1696059352.7352715
1,19808,1696059352.7485092
1,19840,1696059352.7611885
1,19872,1696059352.7770724
1,19904,1696059352.7897243
1,19936,1696059352.804546
1,19968,1696059352.8249552
1,20000,1696059352.840662
1,20032,1696059352.8548386
1,20064,1696059352.8682513
1,20096,1696059352.8806403
1,20128,1696059352.8941336
1,20160,1696059352.9065044
1,20192,1696059352.919899
1,20224,1696059352.933283
1,20256,1696059352.946042
1,20288,1696059352.9593346
1,20320,1696059352.9718952
1,20352,1696059352.9865417
1,20384,1696059353.001429
1,20416,1696059353.0145974
1,20448,1696059353.0286758
1,20480,1696059353.041335
1,20512,1696059353.0551383
1,20544,1696059353.0677683
1,20576,1696059353.0826488
1,20608,1696059353.0963047
1,20640,1696059353.1092865
1,20672,1696059353.1232624
1,20704,1696059353.1372213
1,20736,1696059353.149745
1,20768,1696059353.1632502
1,20800,1696059353.1755743
1,20832,1696059353.1891546
1,20864,1696059353.2016137
1,20896,1696059353.214965
1,20928,1696059353.2280862
1,20960,1696059353.240433
1,20992,1696059353.252862
1,21024,1696059353.2663872
1,21056,1696059353.2797303
1,21088,1696059353.2936907
1,21120,1696059353.306058
1,21152,1696059353.3201895
1,21184,1696059353.3330083
1,21216,1696059353.3478558
1,21248,1696059353.3604841
1,21280,1696059353.3734357
1,21312,1696059353.3882694
1,21344,1696059353.400954
1,21376,1696059353.413294
1,21408,1696059353.428381
1,21440,1696059353.4414437
1,21472,1696059353.455776
1,21504,1696059353.4687483
1,21536,1696059353.4811993
1,21568,1696059353.4948914
1,21600,1696059353.507224
1,21632,1696059353.521072
1,21664,1696059353.5345316
1,21696,1696059353.5483286
1,21728,1696059353.5612693
1,21760,1696059353.573704
1,21792,1696059353.587074
1,21824,1696059353.6002347
1,21856,1696059353.6162515
1,21888,1696059353.6306634
1,21920,1696059353.6445687
1,21952,1696059353.6564841
1,21984,1696059353.6712918
1,22016,1696059353.6850224
1,22048,1696059353.6981747
1,22080,1696059353.7124527
1,22112,1696059353.7250645
1,22144,1696059353.7365987
1,22176,1696059353.7485077
1,22208,1696059353.7655835
1,22240,1696059353.7778547
1,22272,1696059353.7913225
1,22304,1696059353.8050654
1,22336,1696059353.8167937
1,22368,1696059353.836288
1,22400,1696059353.8486757
1,22432,1696059353.8627708
1,22464,1696059353.8749084
1,22496,1696059353.8885314
1,22528,1696059353.9025714
1,22560,1696059353.9159172
1,22592,1696059353.9280453
1,22624,1696059353.9432294
1,22656,1696059353.955547
1,22688,1696059353.968933
1,22720,1696059353.9810147
1,22752,1696059353.9935405
1,22784,1696059354.0060775
1,22816,1696059354.0191026
1,22848,1696059354.0326679
1,22880,1696059354.0446792
1,22912,1696059354.0595708
1,22944,1696059354.073111
1,22976,1696059354.0854988
1,23008,1696059354.0985851
1,23040,1696059354.1107974
1,23072,1696059354.1237803
1,23104,1696059354.1376653
1,23136,1696059354.1497223
1,23168,1696059354.171647
1,23200,1696059354.1839337
1,23232,1696059354.1998534
1,23264,1696059354.2129242
1,23296,1696059354.2259731
1,23328,1696059354.2411568
1,23360,1696059354.254876
1,23392,1696059354.267989
1,23424,1696059354.2805705
1,23456,1696059354.2934008
1,23488,1696059354.3114767
1,23520,1696059354.3305812
1,23552,1696059354.348841
1,23584,1696059354.363102
1,23616,1696059354.3767407
1,23648,1696059354.388798
1,23680,1696059354.4016874
1,23712,1696059354.4154024
1,23744,1696059354.4274783
1,23776,1696059354.4397528
1,23808,1696059354.4538188
1,23840,1696059354.466712
1,23872,1696059354.480611
1,23904,1696059354.4930408
1,23936,1696059354.5077822
1,23968,1696059354.5219038
1,24000,1696059354.5404947
1,24032,1696059354.558829
1,24064,1696059354.5778198
1,24096,1696059354.5975106
1,24128,1696059354.6113405
1,24160,1696059354.6302645
1,24192,1696059354.6484463
1,24224,1696059354.6669269
1,24256,1696059354.6852555
1,24288,1696059354.7055404
1,24320,1696059354.7260852
1,24352,1696059354.74553
1,24384,1696059354.7651606
1,24416,1696059354.7792387
1,24448,1696059354.796287
1,24480,1696059354.8097644
1,24512,1696059354.8237185
1,24544,1696059354.8363063
1,24576,1696059354.8477297
1,24608,1696059354.8632379
1,24640,1696059354.8762667
1,24672,1696059354.8953795
1,24704,1696059354.913818
1,24736,1696059354.9268243
1,24768,1696059354.9457197
1,24800,1696059354.958628
1,24832,1696059354.9721847
1,24864,1696059354.9873083
1,24896,1696059355.0001552
1,24928,1696059355.019711
1,24960,1696059355.0391016
1,24992,1696059355.0571182
1,25024,1696059355.0748248
1,25056,1696059355.09013
1,25088,1696059355.1022265
1,25120,1696059355.1153505
1,25152,1696059355.1272688
1,25184,1696059355.139943
1,25216,1696059355.1629817
1,25248,1696059355.1787488
1,25280,1696059355.190588
1,25312,1696059355.2086344
1,25344,1696059355.2237349
1,25376,1696059355.2366962
1,25408,1696059355.248419
1,25440,1696059355.261077
1,25472,1696059355.2801797
1,25504,1696059355.2920744
1,25536,1696059355.3039484
1,25568,1696059355.3164299
1,25600,1696059355.3322105
1,25632,1696059355.3442824
1,25664,1696059355.356023
1,25696,1696059355.3684902
1,25728,1696059355.3869095
1,25760,1696059355.3990972
1,25792,1696059355.4106882
1,25824,1696059355.4230433
1,25856,1696059355.4405642
1,25888,1696059355.4523299
1,25920,1696059355.4644349
1,25952,1696059355.4769151
1,25984,1696059355.4955575
1,26016,1696059355.5077188
1,26048,1696059355.5194829
1,26080,1696059355.5314314
1,26112,1696059355.5477693
1,26144,1696059355.5593107
1,26176,1696059355.5710568
1,26208,1696059355.5831895
1,26240,1696059355.60002
1,26272,1696059355.6112099
1,26304,1696059355.622974
1,26336,1696059355.6362197
1,26368,1696059355.6516986
1,26400,1696059355.6638238
1,26432,1696059355.6756697
1,26464,1696059355.6884463
1,26496,1696059355.7035613
1,26528,1696059355.7155845
1,26560,1696059355.7279863
1,26592,1696059355.7401714
1,26624,1696059355.755252
1,26656,1696059355.7672067
1,26688,1696059355.7796283
1,26720,1696059355.7911458
1,26752,1696059355.807266
1,26784,1696059355.819531
1,26816,1696059355.830955
1,26848,1696059355.843016
1,26880,1696059355.8592327
1,26912,1696059355.8705177
1,26944,1696059355.8862448
1,26976,1696059355.8996215
1,27008,1696059355.9123101
1,27040,1696059355.9248176
1,27072,1696059355.9372325
1,27104,1696059355.951388
1,27136,1696059355.962617
1,27168,1696059355.9761703
1,27200,1696059355.9900534
1,27232,1696059356.0031617
1,27264,1696059356.0172002
1,27296,1696059356.029696
1,27328,1696059356.0418055
1,27360,1696059356.0545874
1,27392,1696059356.0721056
1,27424,1696059356.0836515
1,27456,1696059356.0955396
1,27488,1696059356.108755
1,27520,1696059356.1241384
1,27552,1696059356.1371439
1,27584,1696059356.1492047
1,27616,1696059356.1620102
1,27648,1696059356.1792507
1,27680,1696059356.1905835
1,27712,1696059356.2022672
1,27744,1696059356.214867
1,27776,1696059356.233664
1,27808,1696059356.245506
1,27840,1696059356.2570746
1,27872,1696059356.2687247
1,27904,1696059356.28659
1,27936,1696059356.2976713
1,27968,1696059356.3096325
1,28000,1696059356.3219755
1,28032,1696059356.338568
1,28064,1696059356.349983
1,28096,1696059356.36186
1,28128,1696059356.3747878
1,28160,1696059356.392565
1,28192,1696059356.4030585
1,28224,1696059356.4150703
1,28256,1696059356.4315114
1,28288,1696059356.4469485
1,28320,1696059356.4638186
1,28352,1696059356.478986
1,28384,1696059356.4988801
1,28416,1696059356.5180943
1,28448,1696059356.538782
1,28480,1696059356.5583665
1,28512,1696059356.5782378
1,28544,1696059356.5982447
1,28576,1696059356.6186147
1,28608,1696059356.6383493
1,28640,1696059356.658031
1,28672,1696059356.6784253
1,28704,1696059356.6983922
1,28736,1696059356.7182174
1,28768,1696059356.738305
1,28800,1696059356.758138
1,28832,1696059356.7780027
1,28864,1696059356.7986212
1,28896,1696059356.8181577
1,28928,1696059356.8379738
1,28960,1696059356.8581297
1,28992,1696059356.8787012
1,29024,1696059356.8978977
1,29056,1696059356.9180017
1,29088,1696059356.9386363
1,29120,1696059356.957791
1,29152,1696059356.9785824
1,29184,1696059356.9985156
1,29216,1696059357.0178668
1,29248,1696059357.0383484
1,29280,1696059357.0582888
1,29312,1696059357.0786183
1,29344,1696059357.098201
1,29376,1696059357.117804
1,29408,1696059357.1385512
1,29440,1696059357.1579714
1,29472,1696059357.1787732
1,29504,1696059357.1984432
1,29536,1696059357.2179167
1,29568,1696059357.237605
1,29600,1696059357.2576122
1,29632,1696059357.2749672
1,29664,1696059357.288484
1,29696,1696059357.304452
1,29728,1696059357.31918
1,29760,1696059357.3317568
1,29792,1696059357.3505278
1,29824,1696059357.370635
1,29856,1696059357.3900347
1,29888,1696059357.4091008
1,29920,1696059357.4300401
1,29952,1696059357.4488902
1,29984,1696059357.4640572
1,30016,1696059357.4795158
1,30048,1696059357.4913943
1,30080,1696059357.5110679
1,30112,1696059357.523447
1,30144,1696059357.5399704
1,30176,1696059357.5538096
1,30208,1696059357.571248
1,30240,1696059357.5825684
1,30272,1696059357.593936
1,30304,1696059357.60659
1,30336,1696059357.6214895
1,30368,1696059357.6348393
1,30400,1696059357.6456594
1,30432,1696059357.6614218
1,30464,1696059357.6808546
1,30496,1696059357.6952233
1,30528,1696059357.7064354
1,30560,1696059357.7185636
1,30592,1696059357.7347715
1,30624,1696059357.7466276
1,30656,1696059357.7581177
1,30688,1696059357.7710154
1,30720,1696059357.787881
1,30752,1696059357.801746
1,30784,1696059357.8206236
1,30816,1696059357.8342843
1,30848,1696059357.8527205
1,30880,1696059357.8701346
1,30912,1696059357.8831666
1,30944,1696059357.8969257
1,30976,1696059357.9113245
1,31008,1696059357.923836
1,31040,1696059357.9388857
1,31072,1696059357.950609
1,31104,1696059357.963251
1,31136,1696059357.9766648
1,31168,1696059357.9899254
1,31200,1696059358.009168
1,31232,1696059358.0254245
1,31264,1696059358.0405397
1,31296,1696059358.055157
1,31328,1696059358.067215
1,31360,1696059358.0812607
1,31392,1696059358.0941446
1,31424,1696059358.106307
1,31456,1696059358.12614
1,31488,1696059358.1458797
1,31520,1696059358.1652946
1,31552,1696059358.1831937
1,31584,1696059358.2001624
1,31616,1696059358.212062
1,31648,1696059358.2282276
1,31680,1696059358.24223
1,31712,1696059358.2551644
1,31744,1696059358.2672377
1,31776,1696059358.2825222
1,31808,1696059358.2995946
1,31840,1696059358.3106585
1,31872,1696059358.3253248
1,31904,1696059358.339876
1,31936,1696059358.3515818
1,31968,1696059358.3706453
1,32000,1696059358.3899689
1,32032,1696059358.4092603
1,32064,1696059358.427017
1,32096,1696059358.4454641
1,32128,1696059358.4638407
1,32160,1696059358.4748018
1,32192,1696059358.4890645
1,32224,1696059358.502361
1,32256,1696059358.5151799
1,32288,1696059358.534419
1,32320,1696059358.5536768
1,32352,1696059358.5718982
1,32384,1696059358.5859
1,32416,1696059358.600031
1,32448,1696059358.6113458
1,32480,1696059358.6281772
1,32512,1696059358.63966
1,32544,1696059358.6552734
1,32576,1696059358.669591
1,32608,1696059358.6839597
1,32640,1696059358.6964238
1,32672,1696059358.7126021
1,32704,1696059358.7274857
1,32736,1696059358.7414448
1,32768,1696059358.7529745
1,32800,1696059358.7684977
1,32832,1696059358.7814145
1,32864,1696059358.795094
1,32896,1696059358.8115518
1,32928,1696059358.8244255
1,32960,1696059358.8433595
1,32992,1696059358.8630154
1,33024,1696059358.880926
1,33056,1696059358.8987892
1,33088,1696059358.9165752
1,33120,1696059358.9303248
1,33152,1696059358.945695
1,33184,1696059358.9610631
1,33216,1696059358.973117
1,33248,1696059358.985475
1,33280,1696059358.9986696
1,33312,1696059359.0107431
1,33344,1696059359.0247867
1,33376,1696059359.0383108
1,33408,1696059359.0505245
1,33440,1696059359.0649009
1,33472,1696059359.0766954
1,33504,1696059359.0941668
1,33536,1696059359.1055624
1,33568,1696059359.1236475
1,33600,1696059359.1415868
1,33632,1696059359.1585326
1,33664,1696059359.1717286
1,33696,1696059359.187455
1,33728,1696059359.1992717
1,33760,1696059359.2133048
1,33792,1696059359.2248583
1,33824,1696059359.2436914
1,33856,1696059359.2629688
1,33888,1696059359.2839262
1,33920,1696059359.302391
1,33952,1696059359.3213286
1,33984,1696059359.3406308
1,34016,1696059359.356242
1,34048,1696059359.3689492
1,34080,1696059359.3827596
1,34112,1696059359.395725
1,34144,1696059359.4103456
1,34176,1696059359.4220452
1,34208,1696059359.4369564
1,34240,1696059359.4481149
1,34272,1696059359.4653869
1,34304,1696059359.4782128
1,34336,1696059359.495996
1,34368,1696059359.5077996
1,34400,1696059359.5252767
1,34432,1696059359.5424378
1,34464,1696059359.5567956
1,34496,1696059359.5718765
1,34528,1696059359.5865216
1,34560,1696059359.598693
1,34592,1696059359.612836
1,34624,1696059359.6251237
1,34656,1696059359.637298
1,34688,1696059359.6500793
1,34720,1696059359.667556
1,34752,1696059359.6868606
1,34784,1696059359.7064202
1,34816,1696059359.7261786
1,34848,1696059359.7453012
1,34880,1696059359.7626486
1,34912,1696059359.7771032
1,34944,1696059359.789033
1,34976,1696059359.807695
1,35008,1696059359.8248768
1,35040,1696059359.8454525
1,35072,1696059359.8658814
1,35104,1696059359.8857746
1,35136,1696059359.904531
1,35168,1696059359.9197488
1,35200,1696059359.9350703
1,35232,1696059359.9486518
1,35264,1696059359.9607308
1,35296,1696059359.9772382
1,35328,1696059359.9891417
1,35360,1696059360.0046105
1,35392,1696059360.0187964
1,35424,1696059360.032038
1,35456,1696059360.0449693
1,35488,1696059360.0600574
1,35520,1696059360.073119
1,35552,1696059360.0880182
1,35584,1696059360.099773
1,35616,1696059360.1165059
1,35648,1696059360.1284432
1,35680,1696059360.14727
1,35712,1696059360.165455
1,35744,1696059360.1836414
1,35776,1696059360.2046638
1,35808,1696059360.2232554
1,35840,1696059360.24216
1,35872,1696059360.2598035
1,35904,1696059360.276427
1,35936,1696059360.2904894
1,35968,1696059360.3026977
1,36000,1696059360.318248
1,36032,1696059360.3296049
1,36064,1696059360.34834
1,36096,1696059360.3654077
1,36128,1696059360.3860607
1,36160,1696059360.4071882
1,36192,1696059360.4248338
1,36224,1696059360.44581
1,36256,1696059360.465263
1,36288,1696059360.482662
1,36320,1696059360.496759
1,36352,1696059360.5103254
1,36384,1696059360.5234551
1,36416,1696059360.53461
1,36448,1696059360.547782
1,36480,1696059360.5643532
1,36512,1696059360.575655
1,36544,1696059360.591609
1,36576,1696059360.6050632
1,36608,1696059360.616971
1,36640,1696059360.6310887
1,36672,1696059360.64296
1,36704,1696059360.6563723
1,36736,1696059360.6708128
1,36768,1696059360.682754
1,36800,1696059360.7002075
1,36832,1696059360.7199488
1,36864,1696059360.734576
1,36896,1696059360.7485614
1,36928,1696059360.7634687
1,36960,1696059360.7757912
1,36992,1696059360.7941601
1,37024,1696059360.8134592
1,37056,1696059360.8310592
1,37088,1696059360.8467355
1,37120,1696059360.8590798
1,37152,1696059360.8732486
1,37184,1696059360.8869715
1,37216,1696059360.901381
1,37248,1696059360.9140406
1,37280,1696059360.9276884
1,37312,1696059360.942255
1,37344,1696059360.957459
1,37376,1696059360.9693239
1,37408,1696059360.9824054
1,37440,1696059361.0019734
1,37472,1696059361.0182195
1,37504,1696059361.0303824
1,37536,1696059361.0483649
1,37568,1696059361.0624113
1,37600,1696059361.077195
1,37632,1696059361.0891953
1,37664,1696059361.1022995
1,37696,1696059361.1158762
1,37728,1696059361.129883
1,37760,1696059361.1418738
1,37792,1696059361.1553786
1,37824,1696059361.166869
1,37856,1696059361.1867535
1,37888,1696059361.2050693
1,37920,1696059361.2213476
1,37952,1696059361.2386189
1,37984,1696059361.2526014
1,38016,1696059361.2649765
1,38048,1696059361.278497
1,38080,1696059361.292812
1,38112,1696059361.3040657
1,38144,1696059361.3199718
1,38176,1696059361.333574
1,38208,1696059361.349359
1,38240,1696059361.362397
1,38272,1696059361.375264
1,38304,1696059361.3883517
1,38336,1696059361.4051416
1,38368,1696059361.4176931
1,38400,1696059361.4309957
1,38432,1696059361.444884
1,38464,1696059361.4607239
1,38496,1696059361.4715672
1,38528,1696059361.4903038
1,38560,1696059361.510201
1,38592,1696059361.5305989
1,38624,1696059361.5426228
1,38656,1696059361.5556414
1,38688,1696059361.5725174
1,38720,1696059361.5874355
1,38752,1696059361.5994802
1,38784,1696059361.6163268
1,38816,1696059361.6295333
1,38848,1696059361.650242
1,38880,1696059361.666864
1,38912,1696059361.6802232
1,38944,1696059361.695291
1,38976,1696059361.707888
1,39008,1696059361.7247899
1,39040,1696059361.739602
1,39072,1696059361.7507687
1,39104,1696059361.765835
1,39136,1696059361.7789931
1,39168,1696059361.7910903
1,39200,1696059361.810252
1,39232,1696059361.8297186
1,39264,1696059361.8469708
1,39296,1696059361.8700674
1,39328,1696059361.8896813
1,39360,1696059361.910202
1,39392,1696059361.9298255
1,39424,1696059361.950106
1,39456,1696059361.9702682
1,39488,1696059361.9898388
1,39520,1696059362.009662
1,39552,1696059362.0297644
1,39584,1696059362.0500786
1,39616,1696059362.0700977
1,39648,1696059362.0896719
1,39680,1696059362.103544
1,39712,1696059362.1210446
1,39744,1696059362.1383467
1,39776,1696059362.1511102
1,39808,1696059362.1639612
1,39840,1696059362.1826735
1,39872,1696059362.2021768
1,39904,1696059362.2219536
1,39936,1696059362.2424052
1,39968,1696059362.26242
1,40000,1696059362.2821178
1,40032,1696059362.3026252
1,40064,1696059362.322464
1,40096,1696059362.3352866
1,40128,1696059362.3579268
1,40160,1696059362.378305
1,40192,1696059362.3984256
1,40224,1696059362.4183416
1,40256,1696059362.4378552
1,40288,1696059362.4579892
1,40320,1696059362.4777613
1,40352,1696059362.498453
1,40384,1696059362.518279
1,40416,1696059362.5383203
1,40448,1696059362.5584245
1,40480,1696059362.5733118
1,40512,1696059362.5870047
1,40544,1696059362.6004333
1,40576,1696059362.6164758
1,40608,1696059362.629441
1,40640,1696059362.6425092
1,40672,1696059362.6566694
1,40704,1696059362.6690605
1,40736,1696059362.6819212
1,40768,1696059362.7027433
1,40800,1696059362.7197726
1,40832,1696059362.739462
1,40864,1696059362.760132
1,40896,1696059362.778559
1,40928,1696059362.7983217
1,40960,1696059362.8180509
1,40992,1696059362.838116
1,41024,1696059362.8584383
1,41056,1696059362.8778834
1,41088,1696059362.89827
1,41120,1696059362.9184546
1,41152,1696059362.9387827
1,41184,1696059362.9644861
1,41216,1696059362.9821696
1,41248,1696059363.0016885
1,41280,1696059363.017441
1,41312,1696059363.0330472
1,41344,1696059363.0484507
1,41376,1696059363.0640278
1,41408,1696059363.0792558
1,41440,1696059363.095159
1,41472,1696059363.1110005
1,41504,1696059363.1252398
1,41536,1696059363.1410246
1,41568,1696059363.1590228
1,41600,1696059363.1744902
1,41632,1696059363.1925225
1,41664,1696059363.2086163
1,41696,1696059363.2246327
1,41728,1696059363.2382722
1,41760,1696059363.2540753
1,41792,1696059363.2679002
1,41824,1696059363.2824738
1,41856,1696059363.2979078
1,41888,1696059363.312619
1,41920,1696059363.3281357
1,41952,1696059363.3433833
1,41984,1696059363.3592913
1,42016,1696059363.373531
1,42048,1696059363.3895755
1,42080,1696059363.4068232
1,42112,1696059363.4229407
1,42144,1696059363.4381588
1,42176,1696059363.4545436
1,42208,1696059363.4701765
1,42240,1696059363.4837246
1,42272,1696059363.4981644
1,42304,1696059363.5138488
1,42336,1696059363.5286508
1,42368,1696059363.545272
1,42400,1696059363.5614357
1,42432,1696059363.575184
1,42464,1696059363.589901
1,42496,1696059363.6037695
1,42528,1696059363.6180272
1,42560,1696059363.6353269
1,42592,1696059363.650302
1,42624,1696059363.6660452
1,42656,1696059363.6814058
1,42688,1696059363.696557
1,42720,1696059363.7129579
1,42752,1696059363.7281625
1,42784,1696059363.7421174
1,42816,1696059363.7577713
1,42848,1696059363.7730381
1,42880,1696059363.7883584
1,42912,1696059363.803609
1,42944,1696059363.8186991
1,42976,1696059363.8338218
1,43008,1696059363.8511045
1,43040,1696059363.8670444
1,43072,1696059363.882772
1,43104,1696059363.8967767
1,43136,1696059363.9107862
1,43168,1696059363.9264507
1,43200,1696059363.9407392
1,43232,1696059363.9571397
1,43264,1696059363.972539
1,43296,1696059363.9879837
1,43328,1696059364.0034792
1,43360,1696059364.0192292
1,43392,1696059364.032775
1,43424,1696059364.0478804
1,43456,1696059364.0625696
1,43488,1696059364.0776117
1,43520,1696059364.0927706
1,43552,1696059364.1071234
1,43584,1696059364.1224425
1,43616,1696059364.138108
1,43648,1696059364.152847
1,43680,1696059364.1689575
1,43712,1696059364.1837304
1,43744,1696059364.1998901
1,43776,1696059364.2152476
1,43808,1696059364.2278812
1,43840,1696059364.2409692
1,43872,1696059364.2533321
1,43904,1696059364.266606
1,43936,1696059364.278789
1,43968,1696059364.291757
1,44000,1696059364.304552
1,44032,1696059364.3180163
1,44064,1696059364.3329258
1,44096,1696059364.34532
1,44128,1696059364.358698
1,44160,1696059364.3708804
1,44192,1696059364.3854833
1,44224,1696059364.398132
1,44256,1696059364.4108014
1,44288,1696059364.42471
1,44320,1696059364.4361696
1,44352,1696059364.4495318
1,44384,1696059364.4633172
1,44416,1696059364.4762475
1,44448,1696059364.488901
1,44480,1696059364.50235
1,44512,1696059364.5145655
1,44544,1696059364.5276754
1,44576,1696059364.5406883
1,44608,1696059364.5546672
1,44640,1696059364.566888
1,44672,1696059364.5799353
1,44704,1696059364.5924633
1,44736,1696059364.6065862
1,44768,1696059364.6201015
1,44800,1696059364.632769
1,44832,1696059364.6448202
1,44864,1696059364.6584632
1,44896,1696059364.6707177
1,44928,1696059364.6836689
1,44960,1696059364.6961458
1,44992,1696059364.708475
1,45024,1696059364.7227955
1,45056,1696059364.7349653
1,45088,1696059364.7484546
1,45120,1696059364.7643595
1,45152,1696059364.7781012
1,45184,1696059364.7904184
1,45216,1696059364.8029714
1,45248,1696059364.8157465
1,45280,1696059364.8282614
1,45312,1696059364.8425097
1,45344,1696059364.8546422
1,45376,1696059364.868011
1,45408,1696059364.8810346
1,45440,1696059364.8935513
1,45472,1696059364.9077096
1,45504,1696059364.9198873
1,45536,1696059364.9344115
1,45568,1696059364.94732
1,45600,1696059364.960282
1,45632,1696059364.9727294
1,45664,1696059364.9861546
1,45696,1696059364.9980679
1,45728,1696059365.0126667
1,45760,1696059365.0260897
1,45792,1696059365.0396807
1,45824,1696059365.0529246
1,45856,1696059365.0666473
1,45888,1696059365.080249
1,45920,1696059365.093332
1,45952,1696059365.1059809
1,45984,1696059365.119159
1,46016,1696059365.1316285
1,46048,1696059365.1452358
1,46080,1696059365.1586094
1,46112,1696059365.1724238
1,46144,1696059365.1857798
1,46176,1696059365.1981988
1,46208,1696059365.2111921
1,46240,1696059365.223769
1,46272,1696059365.2379076
1,46304,1696059365.2504976
1,46336,1696059365.263679
1,46368,1696059365.2764494
1,46400,1696059365.2885551
1,46432,1696059365.302377
1,46464,1696059365.3160331
1,46496,1696059365.3280761
1,46528,1696059365.3418417
1,46560,1696059365.3551474
1,46592,1696059365.371982
1,46624,1696059365.387782
1,46656,1696059365.401664
1,46688,1696059365.414915
1,46720,1696059365.4286597
1,46752,1696059365.4424734
1,46784,1696059365.4559476
1,46816,1696059365.4683042
1,46848,1696059365.4803605
1,46880,1696059365.4922645
1,46912,1696059365.5061762
1,46944,1696059365.5183132
1,46976,1696059365.532701
1,47008,1696059365.5455022
1,47040,1696059365.559606
1,47072,1696059365.5720289
1,47104,1696059365.585412
1,47136,1696059365.6007042
1,47168,1696059365.6131458
1,47200,1696059365.6267762
1,47232,1696059365.6387599
1,47264,1696059365.6507697
1,47296,1696059365.6637883
1,47328,1696059365.6773946
1,47360,1696059365.690653
1,47392,1696059365.7038746
1,47424,1696059365.716045
1,47456,1696059365.731869
1,47488,1696059365.7437081
1,47520,1696059365.758295
1,47552,1696059365.7710004
1,47584,1696059365.7838664
1,47616,1696059365.7962472
1,47648,1696059365.8108356
1,47680,1696059365.825896
1,47712,1696059365.8391404
1,47744,1696059365.8529472
1,47776,1696059365.8671257
1,47808,1696059365.8806107
1,47840,1696059365.8976333
1,47872,1696059365.9093552
1,47904,1696059365.9233308
1,47936,1696059365.936589
1,47968,1696059365.9526892
1,48000,1696059365.964657
1,48032,1696059365.9789715
1,48064,1696059365.992341
1,48096,1696059366.0097487
1,48128,1696059366.0232537
1,48160,1696059366.035407
1,48192,1696059366.0490801
1,48224,1696059366.065043
1,48256,1696059366.0780017
1,48288,1696059366.091121
1,48320,1696059366.1054025
1,48352,1696059366.1213388
1,48384,1696059366.1350372
1,48416,1696059366.1478755
1,48448,1696059366.1626265
1,48480,1696059366.1782098
1,48512,1696059366.1912937
1,48544,1696059366.2056475
1,48576,1696059366.217405
1,48608,1696059366.2352376
1,48640,1696059366.247267
1,48672,1696059366.2606702
1,48704,1696059366.273962
1,48736,1696059366.2895408
1,48768,1696059366.3010345
1,48800,1696059366.3148022
1,48832,1696059366.3280985
1,48864,1696059366.3434932
1,48896,1696059366.3580468
1,48928,1696059366.3699179
1,48960,1696059366.3832467
1,48992,1696059366.397972
1,49024,1696059366.4087977
1,49056,1696059366.422571
1,49088,1696059366.4358466
1,49120,1696059366.451296
1,49152,1696059366.4654288
1,49184,1696059366.4775171
1,49216,1696059366.4914093
1,49248,1696059366.5058763
1,49280,1696059366.5192292
1,49312,1696059366.5320761
1,49344,1696059366.5449514
1,49376,1696059366.5606875
1,49408,1696059366.571713
1,49440,1696059366.5842416
1,49472,1696059366.5973313
1,49504,1696059366.612731
1,49536,1696059366.6263177
1,49568,1696059366.6394403
1,49600,1696059366.653437
1,49632,1696059366.668033
1,49664,1696059366.6806197
1,49696,1696059366.6930532
1,49728,1696059366.7057796
1,49760,1696059366.722183
1,49792,1696059366.7351046
1,49824,1696059366.7495797
1,49856,1696059366.7629242
1,49888,1696059366.777535
1,49920,1696059366.7911336
1,49952,1696059366.8054228
1,49984,1696059366.8187387
1,50000,1696059366.839535
2,32,1696059367.120226
2,64,1696059367.1325135
2,96,1696059367.1487012
2,128,1696059367.159679
2,160,1696059367.1731057
2,192,1696059367.1853273
2,224,1696059367.2011955
2,256,1696059367.2140815
2,288,1696059367.22505
2,320,1696059367.2391355
2,352,1696059367.2557116
2,384,1696059367.267274
2,416,1696059367.2789457
2,448,1696059367.291104
2,480,1696059367.306732
2,512,1696059367.3188646
2,544,1696059367.3318775
2,576,1696059367.3445723
2,608,1696059367.3602893
2,640,1696059367.3723073
2,672,1696059367.3850758
2,704,1696059367.397545
2,736,1696059367.4132905
2,768,1696059367.4256153
2,800,1696059367.4386303
2,832,1696059367.450911
2,864,1696059367.4668214
2,896,1696059367.4791672
2,928,1696059367.4921393
2,960,1696059367.5039918
2,992,1696059367.5206788
2,1024,1696059367.5322475
2,1056,1696059367.5454285
2,1088,1696059367.5572393
2,1120,1696059367.5759277
2,1152,1696059367.5872524
2,1184,1696059367.6002586
2,1216,1696059367.6125028
2,1248,1696059367.6284459
2,1280,1696059367.6401277
2,1312,1696059367.653365
2,1344,1696059367.665673
2,1376,1696059367.68137
2,1408,1696059367.6957147
2,1440,1696059367.7074096
2,1472,1696059367.7197485
2,1504,1696059367.735689
2,1536,1696059367.7483659
2,1568,1696059367.7612917
2,1600,1696059367.773781
2,1632,1696059367.7896335
2,1664,1696059367.802
2,1696,1696059367.8147752
2,1728,1696059367.8277388
2,1760,1696059367.8457878
2,1792,1696059367.8617089
2,1824,1696059367.8749707
2,1856,1696059367.8869243
2,1888,1696059367.9007523
2,1920,1696059367.9131575
2,1952,1696059367.9250867
2,1984,1696059367.9386287
2,2016,1696059367.950803
2,2048,1696059367.9657917
2,2080,1696059367.9782267
2,2112,1696059367.9912388
2,2144,1696059368.0042984
2,2176,1696059368.0191026
2,2208,1696059368.0331326
2,2240,1696059368.0458822
2,2272,1696059368.059249
2,2304,1696059368.0717943
2,2336,1696059368.086071
2,2368,1696059368.0989466
2,2400,1696059368.112415
2,2432,1696059368.1248858
2,2464,1696059368.1385128
2,2496,1696059368.1518009
2,2528,1696059368.1659873
2,2560,1696059368.17822
2,2592,1696059368.1912498
2,2624,1696059368.203958
2,2656,1696059368.2178183
2,2688,1696059368.231384
2,2720,1696059368.245099
2,2752,1696059368.2568443
2,2784,1696059368.2699318
2,2816,1696059368.2836664
2,2848,1696059368.2954538
2,2880,1696059368.3086846
2,2912,1696059368.3249257
2,2944,1696059368.3395627
2,2976,1696059368.3532317
2,3008,1696059368.3650403
2,3040,1696059368.3784149
2,3072,1696059368.3907905
2,3104,1696059368.404909
2,3136,1696059368.4191709
2,3168,1696059368.4329994
2,3200,1696059368.446522
2,3232,1696059368.4599793
2,3264,1696059368.472395
2,3296,1696059368.4845576
2,3328,1696059368.4966307
2,3360,1696059368.5102003
2,3392,1696059368.5236495
2,3424,1696059368.5367482
2,3456,1696059368.5496886
2,3488,1696059368.5632586
2,3520,1696059368.575086
2,3552,1696059368.5886595
2,3584,1696059368.6020412
2,3616,1696059368.6155746
2,3648,1696059368.6286156
2,3680,1696059368.6407268
2,3712,1696059368.6532788
2,3744,1696059368.6663375
2,3776,1696059368.6807811
2,3808,1696059368.6932585
2,3840,1696059368.7055826
2,3872,1696059368.7183785
2,3904,1696059368.7321045
2,3936,1696059368.7447453
2,3968,1696059368.7564754
2,4000,1696059368.772956
2,4032,1696059368.7874713
2,4064,1696059368.8014593
2,4096,1696059368.813441
2,4128,1696059368.8268673
2,4160,1696059368.840009
2,4192,1696059368.8572726
2,4224,1696059368.8701901
2,4256,1696059368.8839862
2,4288,1696059368.8955963
2,4320,1696059368.9109776
2,4352,1696059368.9233656
2,4384,1696059368.937129
2,4416,1696059368.9501328
2,4448,1696059368.9625895
2,4480,1696059368.9766498
2,4512,1696059368.9890501
2,4544,1696059369.0022595
2,4576,1696059369.0143545
2,4608,1696059369.0267608
2,4640,1696059369.0405617
2,4672,1696059369.05432
2,4704,1696059369.067685
2,4736,1696059369.0800605
2,4768,1696059369.0937285
2,4800,1696059369.1072016
2,4832,1696059369.1211698
2,4864,1696059369.1335125
2,4896,1696059369.1470592
2,4928,1696059369.1603746
2,4960,1696059369.1737602
2,4992,1696059369.186604
2,5024,1696059369.1996117
2,5056,1696059369.2117932
2,5088,1696059369.2252867
2,5120,1696059369.2377057
2,5152,1696059369.251332
2,5184,1696059369.2644851
2,5216,1696059369.2790034
2,5248,1696059369.2923872
2,5280,1696059369.3049126
2,5312,1696059369.3169172
2,5344,1696059369.3306324
2,5376,1696059369.3427653
2,5408,1696059369.3558054
2,5440,1696059369.3691828
2,5472,1696059369.3824294
2,5504,1696059369.3962972
2,5536,1696059369.408311
2,5568,1696059369.4239676
2,5600,1696059369.4394217
2,5632,1696059369.4558337
2,5664,1696059369.4693966
2,5696,1696059369.4819028
2,5728,1696059369.495345
2,5760,1696059369.5082202
2,5792,1696059369.5229962
2,5824,1696059369.5363357
2,5856,1696059369.54882
2,5888,1696059369.561905
2,5920,1696059369.5771914
2,5952,1696059369.5893266
2,5984,1696059369.6028523
2,6016,1696059369.615495
2,6048,1696059369.6305115
2,6080,1696059369.6481917
2,6112,1696059369.662465
2,6144,1696059369.675789
2,6176,1696059369.6886468
2,6208,1696059369.704968
2,6240,1696059369.7187753
2,6272,1696059369.7333078
2,6304,1696059369.7457244
2,6336,1696059369.759892
2,6368,1696059369.772637
2,6400,1696059369.7873168
2,6432,1696059369.8007152
2,6464,1696059369.8130212
2,6496,1696059369.8296342
2,6528,1696059369.8425436
2,6560,1696059369.8560135
2,6592,1696059369.8697608
2,6624,1696059369.8851826
2,6656,1696059369.8977451
2,6688,1696059369.911673
2,6720,1696059369.9236524
2,6752,1696059369.9385095
2,6784,1696059369.950795
2,6816,1696059369.9640942
2,6848,1696059369.9770489
2,6880,1696059369.9891956
2,6912,1696059370.0041618
2,6944,1696059370.0167842
2,6976,1696059370.0289965
2,7008,1696059370.041581
2,7040,1696059370.0543628
2,7072,1696059370.0685055
2,7104,1696059370.082458
2,7136,1696059370.0961695
2,7168,1696059370.109017
2,7200,1696059370.1210585
2,7232,1696059370.1360624
2,7264,1696059370.148173
2,7296,1696059370.1602192
2,7328,1696059370.1752446
2,7360,1696059370.1879528
2,7392,1696059370.2001514
2,7424,1696059370.2132907
2,7456,1696059370.2283325
2,7488,1696059370.2407243
2,7520,1696059370.2569454
2,7552,1696059370.2709193
2,7584,1696059370.2857242
2,7616,1696059370.2977135
2,7648,1696059370.3108954
2,7680,1696059370.323085
2,7712,1696059370.3373566
2,7744,1696059370.3492057
2,7776,1696059370.3634238
2,7808,1696059370.3754401
2,7840,1696059370.387756
2,7872,1696059370.4029236
2,7904,1696059370.4165268
2,7936,1696059370.4299667
2,7968,1696059370.4428408
2,8000,1696059370.4566386
2,8032,1696059370.468638
2,8064,1696059370.4829824
2,8096,1696059370.4956877
2,8128,1696059370.5093288
2,8160,1696059370.5238783
2,8192,1696059370.5362277
2,8224,1696059370.5483458
2,8256,1696059370.5603154
2,8288,1696059370.5755892
2,8320,1696059370.5887182
2,8352,1696059370.6011274
2,8384,1696059370.6144557
2,8416,1696059370.6316311
2,8448,1696059370.645099
2,8480,1696059370.6572602
2,8512,1696059370.6706982
2,8544,1696059370.684182
2,8576,1696059370.6980312
2,8608,1696059370.7115867
2,8640,1696059370.725093
2,8672,1696059370.7383006
2,8704,1696059370.7515838
2,8736,1696059370.7641816
2,8768,1696059370.7769258
2,8800,1696059370.7906854
2,8832,1696059370.8036604
2,8864,1696059370.8161354
2,8896,1696059370.8298573
2,8928,1696059370.8415542
2,8960,1696059370.8553278
2,8992,1696059370.8673568
2,9024,1696059370.8819487
2,9056,1696059370.894912
2,9088,1696059370.9072874
2,9120,1696059370.920632
2,9152,1696059370.9331696
2,9184,1696059370.948348
2,9216,1696059370.9600322
2,9248,1696059370.9727063
2,9280,1696059370.9848845
2,9312,1696059370.9982595
2,9344,1696059371.0106678
2,9376,1696059371.0228755
2,9408,1696059371.0363019
2,9440,1696059371.0497344
2,9472,1696059371.063391
2,9504,1696059371.0769398
2,9536,1696059371.088463
2,9568,1696059371.1023505
2,9600,1696059371.1156178
2,9632,1696059371.1278517
2,9664,1696059371.141011
2,9696,1696059371.153929
2,9728,1696059371.1681492
2,9760,1696059371.1829324
2,9792,1696059371.195007
2,9824,1696059371.2093642
2,9856,1696059371.2219074
2,9888,1696059371.2352786
2,9920,1696059371.247237
2,9952,1696059371.2609463
2,9984,1696059371.274379
2,10016,1696059371.2881472
2,10048,1696059371.3005574
2,10080,1696059371.3126457
2,10112,1696059371.3252559
2,10144,1696059371.3386629
2,10176,1696059371.3507905
2,10208,1696059371.3637671
2,10240,1696059371.3776786
2,10272,1696059371.3896334
2,10304,1696059371.4027479
2,10336,1696059371.4162095
2,10368,1696059371.432155
2,10400,1696059371.446017
2,10432,1696059371.460286
2,10464,1696059371.472129
2,10496,1696059371.4844925
2,10528,1696059371.4973514
2,10560,1696059371.515584
2,10592,1696059371.5272498
2,10624,1696059371.5425482
2,10656,1696059371.554916
2,10688,1696059371.5684483
2,10720,1696059371.581102
2,10752,1696059371.5956137
2,10784,1696059371.6090844
2,10816,1696059371.621324
2,10848,1696059371.6347768
2,10880,1696059371.6484597
2,10912,1696059371.6627927
2,10944,1696059371.6760664
2,10976,1696059371.6906052
2,11008,1696059371.7040725
2,11040,1696059371.7168894
2,11072,1696059371.7324882
2,11104,1696059371.7463465
2,11136,1696059371.7609
2,11168,1696059371.7734315
2,11200,1696059371.7869318
2,11232,1696059371.7987523
2,11264,1696059371.812088
2,11296,1696059371.8244498
2,11328,1696059371.8378649
2,11360,1696059371.8517327
2,11392,1696059371.864398
2,11424,1696059371.8760993
2,11456,1696059371.8888645
2,11488,1696059371.903846
2,11520,1696059371.9168448
2,11552,1696059371.929125
2,11584,1696059371.9428208
2,11616,1696059371.955431
2,11648,1696059371.970193
2,11680,1696059371.983206
2,11712,1696059371.9962122
2,11744,1696059372.007643
2,11776,1696059372.0207558
2,11808,1696059372.036836
2,11840,1696059372.048867
2,11872,1696059372.062374
2,11904,1696059372.0759642
2,11936,1696059372.0882926
2,11968,1696059372.1025264
2,12000,1696059372.1153226
2,12032,1696059372.1280136
2,12064,1696059372.1417978
2,12096,1696059372.153465
2,12128,1696059372.1672976
2,12160,1696059372.1802428
2,12192,1696059372.1961617
2,12224,1696059372.2075865
2,12256,1696059372.2266588
2,12288,1696059372.2468882
2,12320,1696059372.266201
2,12352,1696059372.2866037
2,12384,1696059372.3066988
2,12416,1696059372.3262074
2,12448,1696059372.3464572
2,12480,1696059372.3662152
2,12512,1696059372.380241
2,12544,1696059372.3950615
2,12576,1696059372.408513
2,12608,1696059372.4225464
2,12640,1696059372.4374228
2,12672,1696059372.4496217
2,12704,1696059372.4639592
2,12736,1696059372.4779146
2,12768,1696059372.491623
2,12800,1696059372.5045757
2,12832,1696059372.5172927
2,12864,1696059372.5310278
2,12896,1696059372.5447588
2,12928,1696059372.5572615
2,12960,1696059372.5690517
2,12992,1696059372.582472
2,13024,1696059372.596973
2,13056,1696059372.6096334
2,13088,1696059372.6215184
2,13120,1696059372.6337469
2,13152,1696059372.647059
2,13184,1696059372.6591287
2,13216,1696059372.6715431
2,13248,1696059372.6891441
2,13280,1696059372.702244
2,13312,1696059372.7147787
2,13344,1696059372.7290058
2,13376,1696059372.741023
2,13408,1696059372.7545056
2,13440,1696059372.7684119
2,13472,1696059372.78229
2,13504,1696059372.794927
2,13536,1696059372.8076859
2,13568,1696059372.821486
2,13600,1696059372.834497
2,13632,1696059372.847887
2,13664,1696059372.8595238
2,13696,1696059372.872946
2,13728,1696059372.8849165
2,13760,1696059372.8987136
2,13792,1696059372.910899
2,13824,1696059372.9239442
2,13856,1696059372.9376996
2,13888,1696059372.9500425
2,13920,1696059372.9637253
2,13952,1696059372.9754
2,13984,1696059372.9900746
2,14016,1696059373.002757
2,14048,1696059373.0163846
2,14080,1696059373.0295162
2,14112,1696059373.0437164
2,14144,1696059373.0566037
2,14176,1696059373.0702398
2,14208,1696059373.0822957
2,14240,1696059373.0968626
2,14272,1696059373.1094432
2,14304,1696059373.1218958
2,14336,1696059373.135311
2,14368,1696059373.1475036
2,14400,1696059373.1613503
2,14432,1696059373.173685
2,14464,1696059373.187834
2,14496,1696059373.1996262
2,14528,1696059373.21705
2,14560,1696059373.2297814
2,14592,1696059373.2442307
2,14624,1696059373.257563
2,14656,1696059373.2715406
2,14688,1696059373.2836962
2,14720,1696059373.2960074
2,14752,1696059373.3080702
2,14784,1696059373.3207726
2,14816,1696059373.3345833
2,14848,1696059373.348316
2,14880,1696059373.360463
2,14912,1696059373.3721526
2,14944,1696059373.3866303
2,14976,1696059373.4004803
2,15008,1696059373.4129267
2,15040,1696059373.4247546
2,15072,1696059373.4385712
2,15104,1696059373.4515584
2,15136,1696059373.4663293
2,15168,1696059373.479128
2,15200,1696059373.4919724
2,15232,1696059373.504432
2,15264,1696059373.520217
2,15296,1696059373.5325544
2,15328,1696059373.5451725
2,15360,1696059373.558587
2,15392,1696059373.5713444
2,15424,1696059373.5854027
2,15456,1696059373.5979974
2,15488,1696059373.6113577
2,15520,1696059373.6249235
2,15552,1696059373.6383147
2,15584,1696059373.6504266
2,15616,1696059373.6639915
2,15648,1696059373.676027
2,15680,1696059373.6908226
2,15712,1696059373.702825
2,15744,1696059373.7167144
2,15776,1696059373.7304826
2,15808,1696059373.7443762
2,15840,1696059373.757096
2,15872,1696059373.769304
2,15904,1696059373.7869143
2,15936,1696059373.7985666
2,15968,1696059373.8125725
2,16000,1696059373.8259413
2,16032,1696059373.8403153
2,16064,1696059373.853297
2,16096,1696059373.865437
2,16128,1696059373.8790936
2,16160,1696059373.8925707
2,16192,1696059373.9067476
2,16224,1696059373.9192228
2,16256,1696059373.932237
2,16288,1696059373.9457312
2,16320,1696059373.9595237
2,16352,1696059373.9721022
2,16384,1696059373.9846766
2,16416,1696059374.0002868
2,16448,1696059374.012637
2,16480,1696059374.0252948
2,16512,1696059374.0391018
2,16544,1696059374.0514777
2,16576,1696059374.0643883
2,16608,1696059374.0784638
2,16640,1696059374.092114
2,16672,1696059374.103756
2,16704,1696059374.117086
2,16736,1696059374.1286988
2,16768,1696059374.1416636
2,16800,1696059374.15643
2,16832,1696059374.1691144
2,16864,1696059374.183737
2,16896,1696059374.1960866
2,16928,1696059374.2125142
2,16960,1696059374.224818
2,16992,1696059374.240195
2,17024,1696059374.2527025
2,17056,1696059374.2650118
2,17088,1696059374.27849
2,17120,1696059374.291247
2,17152,1696059374.306956
2,17184,1696059374.3193643
2,17216,1696059374.3318594
2,17248,1696059374.3429592
2,17280,1696059374.3621879
2,17312,1696059374.3826492
2,17344,1696059374.4013636
2,17376,1696059374.415137
2,17408,1696059374.4327352
2,17440,1696059374.4453466
2,17472,1696059374.4589934
2,17504,1696059374.4709344
2,17536,1696059374.4853437
2,17568,1696059374.497784
2,17600,1696059374.5111864
2,17632,1696059374.524292
2,17664,1696059374.5366018
2,17696,1696059374.5489311
2,17728,1696059374.5625823
2,17760,1696059374.57507
2,17792,1696059374.5897892
2,17824,1696059374.6024482
2,17856,1696059374.6159444
2,17888,1696059374.6284766
2,17920,1696059374.6403344
2,17952,1696059374.6559312
2,17984,1696059374.668014
2,18016,1696059374.682213
2,18048,1696059374.6945927
2,18080,1696059374.7070477
2,18112,1696059374.7211347
2,18144,1696059374.734362
2,18176,1696059374.7477753
2,18208,1696059374.7600126
2,18240,1696059374.7735503
2,18272,1696059374.7854207
2,18304,1696059374.798749
2,18336,1696059374.8111582
2,18368,1696059374.82599
2,18400,1696059374.838702
2,18432,1696059374.8521416
2,18464,1696059374.8648143
2,18496,1696059374.879471
2,18528,1696059374.8915632
2,18560,1696059374.9048805
2,18592,1696059374.9186642
2,18624,1696059374.93152
2,18656,1696059374.9463344
2,18688,1696059374.9594336
2,18720,1696059374.9721987
2,18752,1696059374.9843817
2,18784,1696059374.9982328
2,18816,1696059375.0103164
2,18848,1696059375.0245583
2,18880,1696059375.039473
2,18912,1696059375.0533965
2,18944,1696059375.06627
2,18976,1696059375.0796366
2,19008,1696059375.092221
2,19040,1696059375.106581
2,19072,1696059375.1190403
2,19104,1696059375.133641
2,19136,1696059375.1459148
2,19168,1696059375.1591148
2,19200,1696059375.1711245
2,19232,1696059375.184348
2,19264,1696059375.197978
2,19296,1696059375.2119384
2,19328,1696059375.2243595
2,19360,1696059375.2361808
2,19392,1696059375.2531402
2,19424,1696059375.26719
2,19456,1696059375.2817209
2,19488,1696059375.2943602
2,19520,1696059375.307654
2,19552,1696059375.3199844
2,19584,1696059375.3358958
2,19616,1696059375.3477325
2,19648,1696059375.3618417
2,19680,1696059375.3735952
2,19712,1696059375.3872962
2,19744,1696059375.4007566
2,19776,1696059375.414915
2,19808,1696059375.4272761
2,19840,1696059375.4405105
2,19872,1696059375.4568043
2,19904,1696059375.470577
2,19936,1696059375.4850445
2,19968,1696059375.4975746
2,20000,1696059375.5113254
2,20032,1696059375.5232744
2,20064,1696059375.5364301
2,20096,1696059375.550087
2,20128,1696059375.5642107
2,20160,1696059375.5768573
2,20192,1696059375.5901046
2,20224,1696059375.603578
2,20256,1696059375.61685
2,20288,1696059375.6312392
2,20320,1696059375.644945
2,20352,1696059375.6580975
2,20384,1696059375.6726122
2,20416,1696059375.6849704
2,20448,1696059375.6988559
2,20480,1696059375.7122025
2,20512,1696059375.7262528
2,20544,1696059375.7399247
2,20576,1696059375.7524989
2,20608,1696059375.7667098
2,20640,1696059375.7812214
2,20672,1696059375.794327
2,20704,1696059375.8084824
2,20736,1696059375.8208556
2,20768,1696059375.8373716
2,20800,1696059375.8504822
2,20832,1696059375.8637013
2,20864,1696059375.8757691
2,20896,1696059375.888477
2,20928,1696059375.9001317
2,20960,1696059375.9121027
2,20992,1696059375.924783
2,21024,1696059375.9407215
2,21056,1696059375.95558
2,21088,1696059375.9692755
2,21120,1696059375.9827762
2,21152,1696059375.9969158
2,21184,1696059376.0091188
2,21216,1696059376.0227714
2,21248,1696059376.0353436
2,21280,1696059376.050651
2,21312,1696059376.062899
2,21344,1696059376.07593
2,21376,1696059376.0884979
2,21408,1696059376.1085038
2,21440,1696059376.1251006
2,21472,1696059376.1418455
2,21504,1696059376.153454
2,21536,1696059376.1670134
2,21568,1696059376.178923
2,21600,1696059376.1928377
2,21632,1696059376.2067974
2,21664,1696059376.2190373
2,21696,1696059376.2327373
2,21728,1696059376.2451394
2,21760,1696059376.258441
2,21792,1696059376.2701702
2,21824,1696059376.284118
2,21856,1696059376.2970011
2,21888,1696059376.309996
2,21920,1696059376.32392
2,21952,1696059376.33603
2,21984,1696059376.348344
2,22016,1696059376.3600404
2,22048,1696059376.3733346
2,22080,1696059376.387472
2,22112,1696059376.4001727
2,22144,1696059376.4124815
2,22176,1696059376.4268038
2,22208,1696059376.4391851
2,22240,1696059376.4535902
2,22272,1696059376.4661832
2,22304,1696059376.4798436
2,22336,1696059376.4927354
2,22368,1696059376.5064425
2,22400,1696059376.5204878
2,22432,1696059376.5333197
2,22464,1696059376.5465524
2,22496,1696059376.5596
2,22528,1696059376.5715818
2,22560,1696059376.5846362
2,22592,1696059376.5964134
2,22624,1696059376.6113868
2,22656,1696059376.6255386
2,22688,1696059376.6375978
2,22720,1696059376.6509008
2,22752,1696059376.6630027
2,22784,1696059376.6771638
2,22816,1696059376.6916263
2,22848,1696059376.706301
2,22880,1696059376.7192333
2,22912,1696059376.733927
2,22944,1696059376.7462058
2,22976,1696059376.7592893
2,23008,1696059376.77121
2,23040,1696059376.7846222
2,23072,1696059376.7977512
2,23104,1696059376.8120282
2,23136,1696059376.8242185
2,23168,1696059376.8390589
2,23200,1696059376.8543177
2,23232,1696059376.867562
2,23264,1696059376.8814628
2,23296,1696059376.893484
2,23328,1696059376.9082437
2,23360,1696059376.9202228
2,23392,1696059376.9322646
2,23424,1696059376.9462821
2,23456,1696059376.9587216
2,23488,1696059376.9718456
2,23520,1696059376.9853468
2,23552,1696059376.99867
2,23584,1696059377.011663
2,23616,1696059377.0240428
2,23648,1696059377.0372868
2,23680,1696059377.0508988
2,23712,1696059377.0647695
2,23744,1696059377.0805159
2,23776,1696059377.095686
2,23808,1696059377.1093276
2,23840,1696059377.123676
2,23872,1696059377.1363516
2,23904,1696059377.1489892
2,23936,1696059377.1630492
2,23968,1696059377.1763482
2,24000,1696059377.193011
2,24032,1696059377.2037258
2,24064,1696059377.221567
2,24096,1696059377.2364314
2,24128,1696059377.2504456
2,24160,1696059377.2642279
2,24192,1696059377.2761405
2,24224,1696059377.2885451
2,24256,1696059377.3021889
2,24288,1696059377.31411
2,24320,1696059377.3279788
2,24352,1696059377.3429527
2,24384,1696059377.3568144
2,24416,1696059377.3722105
2,24448,1696059377.3875306
2,24480,1696059377.3995478
2,24512,1696059377.4131734
2,24544,1696059377.4250455
2,24576,1696059377.4386177
2,24608,1696059377.4516902
2,24640,1696059377.4638386
2,24672,1696059377.47792
2,24704,1696059377.4908786
2,24736,1696059377.5043838
2,24768,1696059377.5176136
2,24800,1696059377.5292363
2,24832,1696059377.5444884
2,24864,1696059377.556886
2,24896,1696059377.5722985
2,24928,1696059377.5838323
2,24960,1696059377.5990477
2,24992,1696059377.6120842
2,25024,1696059377.6244755
2,25056,1696059377.640901
2,25088,1696059377.6546783
2,25120,1696059377.6682692
2,25152,1696059377.6815321
2,25184,1696059377.6959326
2,25216,1696059377.7075057
2,25248,1696059377.722377
2,25280,1696059377.7367935
2,25312,1696059377.74961
2,25344,1696059377.7624876
2,25376,1696059377.777034
2,25408,1696059377.7890315
2,25440,1696059377.8014033
2,25472,1696059377.8165436
2,25504,1696059377.8296623
2,25536,1696059377.8446383
2,25568,1696059377.8572922
2,25600,1696059377.8726132
2,25632,1696059377.884726
2,25664,1696059377.8998764
2,25696,1696059377.9117565
2,25728,1696059377.9250128
2,25760,1696059377.9401507
2,25792,1696059377.9528942
2,25824,1696059377.9668214
2,25856,1696059377.9794
2,25888,1696059377.9938881
2,25920,1696059378.0066888
2,25952,1696059378.0206
2,25984,1696059378.0332687
2,26016,1696059378.0476947
2,26048,1696059378.0600162
2,26080,1696059378.0741434
2,26112,1696059378.0873332
2,26144,1696059378.1004684
2,26176,1696059378.113627
2,26208,1696059378.126643
2,26240,1696059378.1407502
2,26272,1696059378.1532772
2,26304,1696059378.167516
2,26336,1696059378.1801853
2,26368,1696059378.194343
2,26400,1696059378.2081575
2,26432,1696059378.2220964
2,26464,1696059378.2360294
2,26496,1696059378.2501454
2,26528,1696059378.2672412
2,26560,1696059378.281492
2,26592,1696059378.2944782
2,26624,1696059378.3081164
2,26656,1696059378.3209288
2,26688,1696059378.3333492
2,26720,1696059378.346975
2,26752,1696059378.359561
2,26784,1696059378.3726373
2,26816,1696059378.3876684
2,26848,1696059378.40059
2,26880,1696059378.4137704
2,26912,1696059378.429169
2,26944,1696059378.4415975
2,26976,1696059378.4565475
2,27008,1696059378.4682822
2,27040,1696059378.4828632
2,27072,1696059378.4959188
2,27104,1696059378.5094013
2,27136,1696059378.5218265
2,27168,1696059378.5356553
2,27200,1696059378.5487802
2,27232,1696059378.5611079
2,27264,1696059378.5754414
2,27296,1696059378.587507
2,27328,1696059378.601332
2,27360,1696059378.6136966
2,27392,1696059378.6273537
2,27424,1696059378.6409316
2,27456,1696059378.6541314
2,27488,1696059378.6685271
2,27520,1696059378.681025
2,27552,1696059378.6951034
2,27584,1696059378.707545
2,27616,1696059378.7219653
2,27648,1696059378.73472
2,27680,1696059378.7475426
2,27712,1696059378.7606044
2,27744,1696059378.7734206
2,27776,1696059378.7878106
2,27808,1696059378.8009925
2,27840,1696059378.815351
2,27872,1696059378.828866
2,27904,1696059378.8420143
2,27936,1696059378.854167
2,27968,1696059378.867305
2,28000,1696059378.8831043
2,28032,1696059378.8990948
2,28064,1696059378.9114773
2,28096,1696059378.9265947
2,28128,1696059378.9404874
2,28160,1696059378.9558153
2,28192,1696059378.9708862
2,28224,1696059378.9844694
2,28256,1696059378.9983985
2,28288,1696059379.0142303
2,28320,1696059379.027585
2,28352,1696059379.0418527
2,28384,1696059379.0545895
2,28416,1696059379.0684648
2,28448,1696059379.0811908
2,28480,1696059379.0970657
2,28512,1696059379.1123025
2,28544,1696059379.125789
2,28576,1696059379.1407413
2,28608,1696059379.1536233
2,28640,1696059379.1727688
2,28672,1696059379.1881473
2,28704,1696059379.2029405
2,28736,1696059379.2163434
2,28768,1696059379.2305925
2,28800,1696059379.2441752
2,28832,1696059379.2586067
2,28864,1696059379.2738194
2,28896,1696059379.286824
2,28928,1696059379.300699
2,28960,1696059379.3147771
2,28992,1696059379.329013
2,29024,1696059379.343735
2,29056,1696059379.3595216
2,29088,1696059379.3720436
2,29120,1696059379.3865776
2,29152,1696059379.4007666
2,29184,1696059379.415851
2,29216,1696059379.4312625
2,29248,1696059379.4448369
2,29280,1696059379.459973
2,29312,1696059379.4754708
2,29344,1696059379.4896164
2,29376,1696059379.5053377
2,29408,1696059379.5207956
2,29440,1696059379.540284
2,29472,1696059379.5590208
2,29504,1696059379.5789986
2,29536,1696059379.5953395
2,29568,1696059379.6105695
2,29600,1696059379.6256533
2,29632,1696059379.641262
2,29664,1696059379.6539996
2,29696,1696059379.6681004
2,29728,1696059379.68133
2,29760,1696059379.6959374
2,29792,1696059379.708519
2,29824,1696059379.7228992
2,29856,1696059379.7362864
2,29888,1696059379.749942
2,29920,1696059379.7627966
2,29952,1696059379.776871
2,29984,1696059379.7900746
2,30016,1696059379.8048878
2,30048,1696059379.819818
2,30080,1696059379.8318443
2,30112,1696059379.8451712
2,30144,1696059379.8612726
2,30176,1696059379.8759346
2,30208,1696059379.8875523
2,30240,1696059379.9012794
2,30272,1696059379.9194424
2,30304,1696059379.9412284
2,30336,1696059379.9601736
2,30368,1696059379.9809537
2,30400,1696059380.0007813
2,30432,1696059380.0200076
2,30464,1696059380.0408618
2,30496,1696059380.0602338
2,30528,1696059380.0735233
2,30560,1696059380.0882227
2,30592,1696059380.1005948
2,30624,1696059380.114723
2,30656,1696059380.127688
2,30688,1696059380.1412241
2,30720,1696059380.1538095
2,30752,1696059380.1685236
2,30784,1696059380.1811888
2,30816,1696059380.1954243
2,30848,1696059380.2077017
2,30880,1696059380.2221618
2,30912,1696059380.2354786
2,30944,1696059380.2498436
2,30976,1696059380.2623537
2,31008,1696059380.2763104
2,31040,1696059380.2892776
2,31072,1696059380.3037233
2,31104,1696059380.3174303
2,31136,1696059380.3303366
2,31168,1696059380.3444223
2,31200,1696059380.3568435
2,31232,1696059380.3689945
2,31264,1696059380.385992
2,31296,1696059380.4009373
2,31328,1696059380.4162686
2,31360,1696059380.4310982
2,31392,1696059380.444625
2,31424,1696059380.4584746
2,31456,1696059380.4734898
2,31488,1696059380.4862905
2,31520,1696059380.5006604
2,31552,1696059380.5129597
2,31584,1696059380.5274615
2,31616,1696059380.5405848
2,31648,1696059380.5549712
2,31680,1696059380.5682983
2,31712,1696059380.581868
2,31744,1696059380.5958333
2,31776,1696059380.6098464
2,31808,1696059380.623574
2,31840,1696059380.6391995
2,31872,1696059380.6517167
2,31904,1696059380.6662486
2,31936,1696059380.6790621
2,31968,1696059380.6925554
2,32000,1696059380.7050931
2,32032,1696059380.7196395
2,32064,1696059380.7333848
2,32096,1696059380.7469895
2,32128,1696059380.7618544
2,32160,1696059380.7744765
2,32192,1696059380.7884374
2,32224,1696059380.8011942
2,32256,1696059380.8154683
2,32288,1696059380.8280268
2,32320,1696059380.8425097
2,32352,1696059380.8553307
2,32384,1696059380.8690822
2,32416,1696059380.881993
2,32448,1696059380.8962624
2,32480,1696059380.9085195
2,32512,1696059380.9202316
2,32544,1696059380.9321547
2,32576,1696059380.9440002
2,32608,1696059380.95978
2,32640,1696059380.9715512
2,32672,1696059380.983481
2,32704,1696059380.9955983
2,32736,1696059381.0114157
2,32768,1696059381.0231757
2,32800,1696059381.035111
2,32832,1696059381.0469854
2,32864,1696059381.0633948
2,32896,1696059381.075728
2,32928,1696059381.0875342
2,32960,1696059381.0987551
2,32992,1696059381.1149695
2,33024,1696059381.1267152
2,33056,1696059381.1386545
2,33088,1696059381.1505272
2,33120,1696059381.1663
2,33152,1696059381.178169
2,33184,1696059381.1967368
2,33216,1696059381.2115343
2,33248,1696059381.2239385
2,33280,1696059381.2389042
2,33312,1696059381.251853
2,33344,1696059381.267741
2,33376,1696059381.281662
2,33408,1696059381.2948928
2,33440,1696059381.3084736
2,33472,1696059381.3225539
2,33504,1696059381.3362007
2,33536,1696059381.3500116
2,33568,1696059381.3647273
2,33600,1696059381.3780022
2,33632,1696059381.3906085
2,33664,1696059381.4043243
2,33696,1696059381.4171274
2,33728,1696059381.4316702
2,33760,1696059381.444435
2,33792,1696059381.456725
2,33824,1696059381.4712276
2,33856,1696059381.4843266
2,33888,1696059381.4965773
2,33920,1696059381.5106
2,33952,1696059381.5231767
2,33984,1696059381.5376434
2,34016,1696059381.550157
2,34048,1696059381.5640638
2,34080,1696059381.5767431
2,34112,1696059381.591048
2,34144,1696059381.6041753
2,34176,1696059381.6172895
2,34208,1696059381.6328685
2,34240,1696059381.6490216
2,34272,1696059381.663534
2,34304,1696059381.67576
2,34336,1696059381.6894097
2,34368,1696059381.7051122
2,34400,1696059381.720677
2,34432,1696059381.735701
2,34464,1696059381.7480428
2,34496,1696059381.7624948
2,34528,1696059381.7753515
2,34560,1696059381.788811
2,34592,1696059381.8014367
2,34624,1696059381.8132992
2,34656,1696059381.829018
2,34688,1696059381.840988
2,34720,1696059381.8530474
2,34752,1696059381.8649075
2,34784,1696059381.8805892
2,34816,1696059381.8925383
2,34848,1696059381.9044626
2,34880,1696059381.9163113
2,34912,1696059381.932023
2,34944,1696059381.943926
2,34976,1696059381.9558485
2,35008,1696059381.9677186
2,35040,1696059381.9834855
2,35072,1696059381.9959688
2,35104,1696059382.007894
2,35136,1696059382.0197775
2,35168,1696059382.0355482
2,35200,1696059382.0474122
2,35232,1696059382.0593545
2,35264,1696059382.0712118
2,35296,1696059382.0869396
2,35328,1696059382.0987716
2,35360,1696059382.1107047
2,35392,1696059382.122651
2,35424,1696059382.138384
2,35456,1696059382.1502345
2,35488,1696059382.1621816
2,35520,1696059382.1740572
2,35552,1696059382.1898003
2,35584,1696059382.2015607
2,35616,1696059382.213239
2,35648,1696059382.224801
2,35680,1696059382.241744
2,35712,1696059382.2533002
2,35744,1696059382.265244
2,35776,1696059382.2770982
2,35808,1696059382.2928262
2,35840,1696059382.3050396
2,35872,1696059382.316851
2,35904,1696059382.328779
2,35936,1696059382.344467
2,35968,1696059382.3563416
2,36000,1696059382.3683982
2,36032,1696059382.3801088
2,36064,1696059382.3959043
2,36096,1696059382.4079096
2,36128,1696059382.419996
2,36160,1696059382.431743
2,36192,1696059382.4474623
2,36224,1696059382.459319
2,36256,1696059382.471246
2,36288,1696059382.4831188
2,36320,1696059382.4988306
2,36352,1696059382.5106552
2,36384,1696059382.522591
2,36416,1696059382.5344713
2,36448,1696059382.550212
2,36480,1696059382.5621102
2,36512,1696059382.57403
2,36544,1696059382.5859041
2,36576,1696059382.6016352
2,36608,1696059382.6135094
2,36640,1696059382.6254294
2,36672,1696059382.6372972
2,36704,1696059382.6530175
2,36736,1696059382.6646552
2,36768,1696059382.6765969
2,36800,1696059382.6902556
2,36832,1696059382.7056398
2,36864,1696059382.7213576
2,36896,1696059382.7319934
2,36928,1696059382.747127
2,36960,1696059382.7617369
2,36992,1696059382.7739863
2,37024,1696059382.784912
2,37056,1696059382.795935
2,37088,1696059382.810861
2,37120,1696059382.8225162
2,37152,1696059382.8334098
2,37184,1696059382.8444283
2,37216,1696059382.8592947
2,37248,1696059382.8703427
2,37280,1696059382.8819873
2,37312,1696059382.8929338
2,37344,1696059382.907836
2,37376,1696059382.9195123
2,37408,1696059382.9304178
2,37440,1696059382.9414551
2,37472,1696059382.9563692
2,37504,1696059382.9680347
2,37536,1696059382.9789371
2,37568,1696059382.9895792
2,37600,1696059383.0039234
2,37632,1696059383.0170946
2,37664,1696059383.0281763
2,37696,1696059383.0402956
2,37728,1696059383.0551145
2,37760,1696059383.0668
2,37792,1696059383.0776987
2,37824,1696059383.0887082
2,37856,1696059383.1035614
2,37888,1696059383.1151907
2,37920,1696059383.1260839
2,37952,1696059383.137187
2,37984,1696059383.1544561
2,38016,1696059383.1659298
2,38048,1696059383.1784256
2,38080,1696059383.1917963
2,38112,1696059383.2032962
2,38144,1696059383.2157848
2,38176,1696059383.2285166
2,38208,1696059383.2406905
2,38240,1696059383.2523134
2,38272,1696059383.2680924
2,38304,1696059383.2803073
2,38336,1696059383.293194
2,38368,1696059383.304777
2,38400,1696059383.3164089
2,38432,1696059383.3313136
2,38464,1696059383.3460832
2,38496,1696059383.357781
2,38528,1696059383.3707573
2,38560,1696059383.3828268
2,38592,1696059383.3950014
2,38624,1696059383.4074712
2,38656,1696059383.4193823
2,38688,1696059383.4320693
2,38720,1696059383.4446442
2,38752,1696059383.4566536
2,38784,1696059383.468196
2,38816,1696059383.4832711
2,38848,1696059383.495557
2,38880,1696059383.5078964
2,38912,1696059383.519786
2,38944,1696059383.5327141
2,38976,1696059383.546938
2,39008,1696059383.5589952
2,39040,1696059383.5714383
2,39072,1696059383.5836444
2,39104,1696059383.5966563
2,39136,1696059383.6090615
2,39168,1696059383.6205628
2,39200,1696059383.6322117
2,39232,1696059383.6473668
2,39264,1696059383.6616514
2,39296,1696059383.6750607
2,39328,1696059383.68696
2,39360,1696059383.6992826
2,39392,1696059383.7116513
2,39424,1696059383.7236416
2,39456,1696059383.7367382
2,39488,1696059383.7491155
2,39520,1696059383.7606049
2,39552,1696059383.7735715
2,39584,1696059383.7859068
2,39616,1696059383.7975998
2,39648,1696059383.810338
2,39680,1696059383.8223026
2,39712,1696059383.8341293
2,39744,1696059383.8469603
2,39776,1696059383.8589902
2,39808,1696059383.8712997
2,39840,1696059383.8837543
2,39872,1696059383.895771
2,39904,1696059383.9087794
2,39936,1696059383.9211245
2,39968,1696059383.932591
2,40000,1696059383.9458053
2,40032,1696059383.957792
2,40064,1696059383.969427
2,40096,1696059383.9825213
2,40128,1696059383.9946146
2,40160,1696059384.0065453
2,40192,1696059384.019099
2,40224,1696059384.0312085
2,40256,1696059384.043829
2,40288,1696059384.0564504
2,40320,1696059384.067889
2,40352,1696059384.0806181
2,40384,1696059384.0954015
2,40416,1696059384.1079018
2,40448,1696059384.1206634
2,40480,1696059384.1322074
2,40512,1696059384.1438732
2,40544,1696059384.1560812
2,40576,1696059384.1692395
2,40608,1696059384.1816108
2,40640,1696059384.1932266
2,40672,1696059384.206172
2,40704,1696059384.2182057
2,40736,1696059384.2299936
2,40768,1696059384.2430482
2,40800,1696059384.2549634
2,40832,1696059384.2672439
2,40864,1696059384.279798
2,40896,1696059384.291831
2,40928,1696059384.304878
2,40960,1696059384.3172069
2,40992,1696059384.3287473
2,41024,1696059384.3417087
2,41056,1696059384.3538988
2,41088,1696059384.365647
2,41120,1696059384.3786683
2,41152,1696059384.3906503
2,41184,1696059384.402736
2,41216,1696059384.4152799
2,41248,1696059384.4274921
2,41280,1696059384.4401305
2,41312,1696059384.45236
2,41344,1696059384.465823
2,41376,1696059384.4779725
2,41408,1696059384.4910088
2,41440,1696059384.502771
2,41472,1696059384.5148735
2,41504,1696059384.52749
2,41536,1696059384.5397224
2,41568,1696059384.5528712
2,41600,1696059384.5651464
2,41632,1696059384.5765913
2,41664,1696059384.5882254
2,41696,1696059384.6011279
2,41728,1696059384.6129174
2,41760,1696059384.6259658
2,41792,1696059384.638256
2,41824,1696059384.650032
2,41856,1696059384.6625817
2,41888,1696059384.6746676
2,41920,1696059384.686903
2,41952,1696059384.6994557
2,41984,1696059384.7115
2,42016,1696059384.724305
2,42048,1696059384.736494
2,42080,1696059384.747809
2,42112,1696059384.7605054
2,42144,1696059384.7723668
2,42176,1696059384.785053
2,42208,1696059384.7981293
2,42240,1696059384.80992
2,42272,1696059384.8228564
2,42304,1696059384.8349636
2,42336,1696059384.847234
2,42368,1696059384.859696
2,42400,1696059384.87174
2,42432,1696059384.8848205
2,42464,1696059384.897061
2,42496,1696059384.9085212
2,42528,1696059384.9201846
2,42560,1696059384.933119
2,42592,1696059384.9447296
2,42624,1696059384.9563074
2,42656,1696059384.9685135
2,42688,1696059384.9817758
2,42720,1696059384.9938407
2,42752,1696059385.0055299
2,42784,1696059385.0191288
2,42816,1696059385.0311942
2,42848,1696059385.043689
2,42880,1696059385.0560765
2,42912,1696059385.0682025
2,42944,1696059385.079614
2,42976,1696059385.09242
2,43008,1696059385.1048121
2,43040,1696059385.1162114
2,43072,1696059385.1278465
2,43104,1696059385.140698
2,43136,1696059385.1526792
2,43168,1696059385.1642697
2,43200,1696059385.1765997
2,43232,1696059385.1897142
2,43264,1696059385.201952
2,43296,1696059385.2136712
2,43328,1696059385.2266228
2,43360,1696059385.238562
2,43392,1696059385.2506115
2,43424,1696059385.2632177
2,43456,1696059385.2753413
2,43488,1696059385.287918
2,43520,1696059385.3001795
2,43552,1696059385.3120258
2,43584,1696059385.3251076
2,43616,1696059385.3367178
2,43648,1696059385.3513973
2,43680,1696059385.3634493
2,43712,1696059385.3764071
2,43744,1696059385.3888354
2,43776,1696059385.4002779
2,43808,1696059385.4118745
2,43840,1696059385.4250202
2,43872,1696059385.4373116
2,43904,1696059385.448819
2,43936,1696059385.46184
2,43968,1696059385.474011
2,44000,1696059385.4856727
2,44032,1696059385.4985209
2,44064,1696059385.5104635
2,44096,1696059385.5223877
2,44128,1696059385.5349514
2,44160,1696059385.5468028
2,44192,1696059385.5586052
2,44224,1696059385.5706317
2,44256,1696059385.5832553
2,44288,1696059385.5961132
2,44320,1696059385.6083825
2,44352,1696059385.6203463
2,44384,1696059385.6319144
2,44416,1696059385.6445746
2,44448,1696059385.6563869
2,44480,1696059385.6678088
2,44512,1696059385.6805968
2,44544,1696059385.6925097
2,44576,1696059385.703898
2,44608,1696059385.7168903
2,44640,1696059385.7292347
2,44672,1696059385.740695
2,44704,1696059385.752322
2,44736,1696059385.7652242
2,44768,1696059385.7768674
2,44800,1696059385.789873
2,44832,1696059385.8019917
2,44864,1696059385.813757
2,44896,1696059385.8264563
2,44928,1696059385.8383565
2,44960,1696059385.8503265
2,44992,1696059385.8635013
2,45024,1696059385.875087
2,45056,1696059385.8873303
2,45088,1696059385.8996243
2,45120,1696059385.9116535
2,45152,1696059385.9246688
2,45184,1696059385.9370646
2,45216,1696059385.9485471
2,45248,1696059385.9601855
2,45280,1696059385.9732764
2,45312,1696059385.985474
2,45344,1696059385.9969027
2,45376,1696059386.0086272
2,45408,1696059386.0217783
2,45440,1696059386.0338311
2,45472,1696059386.0454473
2,45504,1696059386.0585313
2,45536,1696059386.0704906
2,45568,1696059386.082607
2,45600,1696059386.0953898
2,45632,1696059386.1071928
2,45664,1696059386.1198363
2,45696,1696059386.1323183
2,45728,1696059386.1456544
2,45760,1696059386.1575336
2,45792,1696059386.1704443
2,45824,1696059386.1822839
2,45856,1696059386.194234
2,45888,1696059386.2072868
2,45920,1696059386.2190397
2,45952,1696059386.2314284
2,45984,1696059386.244283
2,46016,1696059386.255783
2,46048,1696059386.2689137
2,46080,1696059386.281124
2,46112,1696059386.2925947
2,46144,1696059386.3042355
2,46176,1696059386.3173366
2,46208,1696059386.3296292
2,46240,1696059386.341181
2,46272,1696059386.3541925
2,46304,1696059386.3661835
2,46336,1696059386.377929
2,46368,1696059386.3906426
2,46400,1696059386.402793
2,46432,1696059386.4148676
2,46464,1696059386.427388
2,46496,1696059386.4422414
2,46528,1696059386.455237
2,46560,1696059386.4671357
2,46592,1696059386.4795737
2,46624,1696059386.4918897
2,46656,1696059386.503983
2,46688,1696059386.5172505
2,46720,1696059386.5296607
2,46752,1696059386.541186
2,46784,1696059386.5543332
2,46816,1696059386.5664577
2,46848,1696059386.5785115
2,46880,1696059386.5913963
2,46912,1696059386.6031828
2,46944,1696059386.6156304
2,46976,1696059386.6280487
2,47008,1696059386.6399167
2,47040,1696059386.6530638
2,47072,1696059386.6646192
2,47104,1696059386.6762033
2,47136,1696059386.6890326
2,47168,1696059386.7007654
2,47200,1696059386.7124496
2,47232,1696059386.72549
2,47264,1696059386.7375321
2,47296,1696059386.749166
2,47328,1696059386.7621996
2,47360,1696059386.7741838
2,47392,1696059386.7859306
2,47424,1696059386.7987688
2,47456,1696059386.8107016
2,47488,1696059386.8228016
2,47520,1696059386.835283
2,47552,1696059386.8475173
2,47584,1696059386.860404
2,47616,1696059386.8728058
2,47648,1696059386.8842933
2,47680,1696059386.8959289
2,47712,1696059386.9088216
2,47744,1696059386.921112
2,47776,1696059386.9325502
2,47808,1696059386.947748
2,47840,1696059386.9598172
2,47872,1696059386.9729292
2,47904,1696059386.9851432
2,47936,1696059386.996608
2,47968,1696059387.0082521
2,48000,1696059387.0210726
2,48032,1696059387.032884
2,48064,1696059387.0445797
2,48096,1696059387.0577793
2,48128,1696059387.069823
2,48160,1696059387.0815382
2,48192,1696059387.0946248
2,48224,1696059387.1064417
2,48256,1696059387.118433
2,48288,1696059387.1309924
2,48320,1696059387.1430576
2,48352,1696059387.1552925
2,48384,1696059387.1676574
2,48416,1696059387.1795206
2,48448,1696059387.192514
2,48480,1696059387.2048733
2,48512,1696059387.2162995
2,48544,1696059387.2279055
2,48576,1696059387.2408285
2,48608,1696059387.252759
2,48640,1696059387.264371
2,48672,1696059387.2799942
2,48704,1696059387.2927277
2,48736,1696059387.3042338
2,48768,1696059387.3157644
2,48800,1696059387.32829
2,48832,1696059387.3402383
2,48864,1696059387.3529844
2,48896,1696059387.3663836
2,48928,1696059387.3783169
2,48960,1696059387.3911273
2,48992,1696059387.403167
2,49024,1696059387.4156017
2,49056,1696059387.4279094
2,49088,1696059387.4399111
2,49120,1696059387.4553576
2,49152,1696059387.4675262
2,49184,1696059387.4803627
2,49216,1696059387.4923236
2,49248,1696059387.5050418
2,49280,1696059387.5181167
2,49312,1696059387.5302715
2,49344,1696059387.5431976
2,49376,1696059387.5552735
2,49408,1696059387.5677025
2,49440,1696059387.5799875
2,49472,1696059387.5921006
2,49504,1696059387.605446
2,49536,1696059387.6176527
2,49568,1696059387.6293848
2,49600,1696059387.642531
2,49632,1696059387.6544333
2,49664,1696059387.666377
2,49696,1696059387.679105
2,49728,1696059387.6911838
2,49760,1696059387.710616
2,49792,1696059387.7206385
2,49824,1696059387.7306242
2,49856,1696059387.7405953
2,49888,1696059387.7506046
2,49920,1696059387.7606246
2,49952,1696059387.7706182
2,49984,1696059387.78062
2,50000,1696059387.7908
3,32,1696059388.0843537
3,64,1696059388.09555
3,96,1696059388.106715
3,128,1696059388.1178138
3,160,1696059388.1288831
3,192,1696059388.1401546
3,224,1696059388.1532876
3,256,1696059388.1644945
3,288,1696059388.1767945
3,320,1696059388.1881385
3,352,1696059388.2005248
3,384,1696059388.2142673
3,416,1696059388.2276793
3,448,1696059388.2393277
3,480,1696059388.2519293
3,512,1696059388.2642941
3,544,1696059388.2753966
3,576,1696059388.2874506
3,608,1696059388.3020442
3,640,1696059388.3142521
3,672,1696059388.3274689
3,704,1696059388.338968
3,736,1696059388.3512893
3,768,1696059388.3637373
3,800,1696059388.3760092
3,832,1696059388.390417
3,864,1696059388.4021592
3,896,1696059388.4148874
3,928,1696059388.4267685
3,960,1696059388.4389818
3,992,1696059388.4517455
3,1024,1696059388.4635494
3,1056,1696059388.4745164
3,1088,1696059388.4875886
3,1120,1696059388.5006793
3,1152,1696059388.5120482
3,1184,1696059388.5230978
3,1216,1696059388.5361874
3,1248,1696059388.5484455
3,1280,1696059388.560417
3,1312,1696059388.5718064
3,1344,1696059388.584495
3,1376,1696059388.5963986
3,1408,1696059388.607748
3,1440,1696059388.6202314
3,1472,1696059388.6329134
3,1504,1696059388.6442943
3,1536,1696059388.6570947
3,1568,1696059388.6686544
3,1600,1696059388.681921
3,1632,1696059388.6939588
3,1664,1696059388.7055783
3,1696,1696059388.717826
3,1728,1696059388.7301202
3,1760,1696059388.7425537
3,1792,1696059388.755592
3,1824,1696059388.767468
3,1856,1696059388.7803261
3,1888,1696059388.7928956
3,1920,1696059388.8042812
3,1952,1696059388.8153846
3,1984,1696059388.8287222
3,2016,1696059388.8411689
3,2048,1696059388.8537245
3,2080,1696059388.8672101
3,2112,1696059388.878983
3,2144,1696059388.8912354
3,2176,1696059388.903771
3,2208,1696059388.914881
3,2240,1696059388.9280484
3,2272,1696059388.9406538
3,2304,1696059388.9524734
3,2336,1696059388.9650693
3,2368,1696059388.977993
3,2400,1696059388.9899883
3,2432,1696059389.0030975
3,2464,1696059389.0144603
3,2496,1696059389.0272937
3,2528,1696059389.0401933
3,2560,1696059389.0515273
3,2592,1696059389.06384
3,2624,1696059389.0794978
3,2656,1696059389.0919392
3,2688,1696059389.1042418
3,2720,1696059389.115306
3,2752,1696059389.1296825
3,2784,1696059389.142658
3,2816,1696059389.154959
3,2848,1696059389.1670933
3,2880,1696059389.1812668
3,2912,1696059389.1932154
3,2944,1696059389.2049553
3,2976,1696059389.2191756
3,3008,1696059389.2314048
3,3040,1696059389.2437716
3,3072,1696059389.255763
3,3104,1696059389.2685926
3,3136,1696059389.2810714
3,3168,1696059389.2925925
3,3200,1696059389.3057787
3,3232,1696059389.3178427
3,3264,1696059389.3294175
3,3296,1696059389.3423398
3,3328,1696059389.3546822
3,3360,1696059389.3667657
3,3392,1696059389.3793602
3,3424,1696059389.3913808
3,3456,1696059389.4027147
3,3488,1696059389.4147975
3,3520,1696059389.4289796
3,3552,1696059389.4406223
3,3584,1696059389.453485
3,3616,1696059389.4649656
3,3648,1696059389.4781199
3,3680,1696059389.490143
3,3712,1696059389.5019863
3,3744,1696059389.5142684
3,3776,1696059389.5268307
3,3808,1696059389.5396023
3,3840,1696059389.5523555
3,3872,1696059389.5642834
3,3904,1696059389.575816
3,3936,1696059389.5889437
3,3968,1696059389.6012793
3,4000,1696059389.6128664
3,4032,1696059389.6245933
3,4064,1696059389.6366968
3,4096,1696059389.6510112
3,4128,1696059389.6644192
3,4160,1696059389.678471
3,4192,1696059389.6921356
3,4224,1696059389.7064552
3,4256,1696059389.7199595
3,4288,1696059389.7344317
3,4320,1696059389.7472098
3,4352,1696059389.7609947
3,4384,1696059389.7752116
3,4416,1696059389.7896755
3,4448,1696059389.8024166
3,4480,1696059389.816534
3,4512,1696059389.8291209
3,4544,1696059389.8448315
3,4576,1696059389.8559973
3,4608,1696059389.8714404
3,4640,1696059389.882141
