epoch,trained_sample,time
1,0,1695614079.4310005
1,32,1695614080.6692595
1,64,1695614080.7045844
1,96,1695614080.7424786
1,128,1695614080.7792156
1,160,1695614080.8134375
1,192,1695614080.8519673
1,224,1695614080.8941107
1,256,1695614080.932056
1,288,1695614080.9691553
1,320,1695614081.0026493
1,352,1695614081.0365622
1,384,1695614081.0727684
1,416,1695614081.1067517
1,448,1695614081.139863
1,480,1695614081.1729567
1,512,1695614081.2099907
1,544,1695614081.2433524
1,576,1695614081.2764063
1,608,1695614081.3114464
1,640,1695614081.344188
1,672,1695614081.3832536
1,704,1695614081.4158852
1,736,1695614081.4496868
1,768,1695614081.4845426
1,800,1695614081.5178654
1,832,1695614081.5522966
1,864,1695614081.5872376
1,896,1695614081.6223617
1,928,1695614081.655704
1,960,1695614081.6929514
1,992,1695614081.727501
1,1024,1695614081.7702408
1,1056,1695614081.8049347
1,1088,1695614081.8383038
1,1120,1695614081.8797884
1,1152,1695614081.9196465
1,1184,1695614081.961388
1,1216,1695614082.0023212
1,1248,1695614082.0432353
1,1280,1695614082.0847292
1,1312,1695614082.130025
1,1344,1695614082.1739442
1,1376,1695614082.214316
1,1408,1695614082.2587216
1,1440,1695614082.2996805
1,1472,1695614082.3421478
1,1504,1695614082.3858325
1,1536,1695614082.4263463
1,1568,1695614082.4676692
1,1600,1695614082.5079288
1,1632,1695614082.549913
1,1664,1695614082.5975623
1,1696,1695614082.6381505
1,1728,1695614082.6837757
1,1760,1695614082.7235787
1,1792,1695614082.770552
1,1824,1695614082.813917
1,1856,1695614082.8543344
1,1888,1695614082.8978937
1,1920,1695614082.9391363
1,1952,1695614082.9813576
1,1984,1695614083.0223489
1,2016,1695614083.063137
1,2048,1695614083.1078775
1,2080,1695614083.1479285
1,2112,1695614083.1902895
1,2144,1695614083.2338994
1,2176,1695614083.2743351
1,2208,1695614083.308611
1,2240,1695614083.348257
1,2272,1695614083.3902452
1,2304,1695614083.4337626
1,2336,1695614083.4776926
1,2368,1695614083.5218356
1,2400,1695614083.5623891
1,2432,1695614083.5967429
1,2464,1695614083.6366627
1,2496,1695614083.675999
1,2528,1695614083.7161007
1,2560,1695614083.7616947
1,2592,1695614083.8058383
1,2624,1695614083.8426437
1,2656,1695614083.876046
1,2688,1695614083.9072962
1,2720,1695614083.947322
1,2752,1695614083.9881406
1,2784,1695614084.0280676
1,2816,1695614084.0677924
1,2848,1695614084.1079082
1,2880,1695614084.150342
1,2912,1695614084.1907187
1,2944,1695614084.2341247
1,2976,1695614084.274843
1,3008,1695614084.3155785
1,3040,1695614084.3563097
1,3072,1695614084.3959007
1,3104,1695614084.4359207
1,3136,1695614084.4761758
1,3168,1695614084.5216863
1,3200,1695614084.5615172
1,3232,1695614084.6005116
1,3264,1695614084.6311533
1,3296,1695614084.6657817
1,3328,1695614084.70172
1,3360,1695614084.7349563
1,3392,1695614084.769269
1,3424,1695614084.8008635
1,3456,1695614084.8388565
1,3488,1695614084.870441
1,3520,1695614084.8999588
1,3552,1695614084.9367523
1,3584,1695614084.974919
1,3616,1695614085.00641
1,3648,1695614085.0352852
1,3680,1695614085.0719042
1,3712,1695614085.1096442
1,3744,1695614085.1425004
1,3776,1695614085.1744373
1,3808,1695614085.214018
1,3840,1695614085.2495136
1,3872,1695614085.2886817
1,3904,1695614085.3207486
1,3936,1695614085.352204
1,3968,1695614085.3926978
1,4000,1695614085.4314663
1,4032,1695614085.4634566
1,4064,1695614085.4944503
1,4096,1695614085.531651
1,4128,1695614085.5690773
1,4160,1695614085.609301
1,4192,1695614085.642476
1,4224,1695614085.6778526
1,4256,1695614085.7110474
1,4288,1695614085.7425022
1,4320,1695614085.7733564
1,4352,1695614085.8103087
1,4384,1695614085.8439586
1,4416,1695614085.8783934
1,4448,1695614085.9135711
1,4480,1695614085.9534147
1,4512,1695614085.9864504
1,4544,1695614086.021612
1,4576,1695614086.0516534
1,4608,1695614086.0910327
1,4640,1695614086.1215072
1,4672,1695614086.1578255
1,4704,1695614086.193424
1,4736,1695614086.2321043
1,4768,1695614086.2648032
1,4800,1695614086.2968304
1,4832,1695614086.3306022
1,4864,1695614086.3683836
1,4896,1695614086.4001367
1,4928,1695614086.4388452
1,4960,1695614086.469697
1,4992,1695614086.5063622
1,5024,1695614086.5423188
1,5056,1695614086.577455
1,5088,1695614086.607875
1,5120,1695614086.649775
1,5152,1695614086.685481
1,5184,1695614086.7189667
1,5216,1695614086.7505777
1,5248,1695614086.7871623
1,5280,1695614086.8187752
1,5312,1695614086.8506927
1,5344,1695614086.8811052
1,5376,1695614086.9228907
1,5408,1695614086.954818
1,5440,1695614086.9899707
1,5472,1695614087.0196073
1,5504,1695614087.0599892
1,5536,1695614087.091733
1,5568,1695614087.1238313
1,5600,1695614087.155348
1,5632,1695614087.195154
1,5664,1695614087.2267191
1,5696,1695614087.2619138
1,5728,1695614087.2947452
1,5760,1695614087.3298082
1,5792,1695614087.3630664
1,5824,1695614087.394803
1,5856,1695614087.4328966
1,5888,1695614087.4713278
1,5920,1695614087.5090785
1,5952,1695614087.5446267
1,5984,1695614087.5753667
1,6016,1695614087.6070662
1,6048,1695614087.6391199
1,6080,1695614087.6769872
1,6112,1695614087.7132425
1,6144,1695614087.7450526
1,6176,1695614087.7747393
1,6208,1695614087.8153007
1,6240,1695614087.8467624
1,6272,1695614087.878972
1,6304,1695614087.9098072
1,6336,1695614087.9518769
1,6368,1695614087.9910028
1,6400,1695614088.0385053
1,6432,1695614088.0902157
1,6464,1695614088.1343563
1,6496,1695614088.1742928
1,6528,1695614088.220947
1,6560,1695614088.2617428
1,6592,1695614088.313351
1,6624,1695614088.362186
1,6656,1695614088.3985384
1,6688,1695614088.4501073
1,6720,1695614088.5024536
1,6752,1695614088.548334
1,6784,1695614088.5938733
1,6816,1695614088.6418347
1,6848,1695614088.6835005
1,6880,1695614088.7313578
1,6912,1695614088.7816343
1,6944,1695614088.8284554
1,6976,1695614088.880905
1,7008,1695614088.9186406
1,7040,1695614088.9597359
1,7072,1695614089.0082445
1,7104,1695614089.058577
1,7136,1695614089.0985467
1,7168,1695614089.1458533
1,7200,1695614089.193703
1,7232,1695614089.2452874
1,7264,1695614089.2860525
1,7296,1695614089.327405
1,7328,1695614089.376126
1,7360,1695614089.4224458
1,7392,1695614089.4665978
1,7424,1695614089.5151906
1,7456,1695614089.5618465
1,7488,1695614089.6140878
1,7520,1695614089.6541278
1,7552,1695614089.695907
1,7584,1695614089.7468023
1,7616,1695614089.7967174
1,7648,1695614089.8335767
1,7680,1695614089.8833275
1,7712,1695614089.9255006
1,7744,1695614089.9769273
1,7776,1695614090.0225613
1,7808,1695614090.0698736
1,7840,1695614090.1146758
1,7872,1695614090.1650631
1,7904,1695614090.203463
1,7936,1695614090.259442
1,7968,1695614090.294483
1,8000,1695614090.3471093
1,8032,1695614090.3851528
1,8064,1695614090.4415317
1,8096,1695614090.4825194
1,8128,1695614090.5336478
1,8160,1695614090.5747652
1,8192,1695614090.6256218
1,8224,1695614090.666121
1,8256,1695614090.7179883
1,8288,1695614090.7551556
1,8320,1695614090.8032146
1,8352,1695614090.8476813
1,8384,1695614090.898563
1,8416,1695614090.9401684
1,8448,1695614090.9862516
1,8480,1695614091.0303686
1,8512,1695614091.0816343
1,8544,1695614091.130715
1,8576,1695614091.174388
1,8608,1695614091.2114842
1,8640,1695614091.2584286
1,8672,1695614091.302899
1,8704,1695614091.3514178
1,8736,1695614091.3946033
1,8768,1695614091.4495332
1,8800,1695614091.488908
1,8832,1695614091.5413616
1,8864,1695614091.5824604
1,8896,1695614091.6312163
1,8928,1695614091.6735165
1,8960,1695614091.7271514
1,8992,1695614091.770486
1,9024,1695614091.8291433
1,9056,1695614091.8700714
1,9088,1695614091.9175084
1,9120,1695614091.9585855
1,9152,1695614092.0106437
1,9184,1695614092.0507703
1,9216,1695614092.1030695
1,9248,1695614092.142619
1,9280,1695614092.1973882
1,9312,1695614092.2382534
1,9344,1695614092.290393
1,9376,1695614092.3302999
1,9408,1695614092.3859282
1,9440,1695614092.426369
1,9472,1695614092.4758098
1,9504,1695614092.5151346
1,9536,1695614092.5673895
1,9568,1695614092.6071646
1,9600,1695614092.6587162
1,9632,1695614092.6980422
1,9664,1695614092.7471178
1,9696,1695614092.7908056
1,9728,1695614092.8425057
1,9760,1695614092.8831422
1,9792,1695614092.938348
1,9824,1695614092.97935
1,9856,1695614093.027367
1,9888,1695614093.070628
1,9920,1695614093.1246538
1,9952,1695614093.159319
1,9984,1695614093.2061114
1,10016,1695614093.254575
1,10048,1695614093.305641
1,10080,1695614093.3464108
1,10112,1695614093.39916
1,10144,1695614093.4385736
1,10176,1695614093.4894307
1,10208,1695614093.529732
1,10240,1695614093.5761847
1,10272,1695614093.62044
1,10304,1695614093.667921
1,10336,1695614093.70862
1,10368,1695614093.7587867
1,10400,1695614093.8091147
1,10432,1695614093.8541827
1,10464,1695614093.8906856
1,10496,1695614093.9482975
1,10528,1695614093.986682
1,10560,1695614094.0355554
1,10592,1695614094.0793881
1,10624,1695614094.130396
1,10656,1695614094.1704187
1,10688,1695614094.2253585
1,10720,1695614094.2708163
1,10752,1695614094.3206623
1,10784,1695614094.3691893
1,10816,1695614094.4145184
1,10848,1695614094.4540248
1,10880,1695614094.501611
1,10912,1695614094.5452507
1,10944,1695614094.5904078
1,10976,1695614094.6333556
1,11008,1695614094.6824667
1,11040,1695614094.7224271
1,11072,1695614094.7636921
1,11104,1695614094.8105028
1,11136,1695614094.8578157
1,11168,1695614094.8998575
1,11200,1695614094.9471142
1,11232,1695614094.9942489
1,11264,1695614095.041109
1,11296,1695614095.0873647
1,11328,1695614095.1303296
1,11360,1695614095.178286
1,11392,1695614095.2194943
1,11424,1695614095.2727714
1,11456,1695614095.3179429
1,11488,1695614095.3602753
1,11520,1695614095.4143798
1,11552,1695614095.4563737
1,11584,1695614095.5011551
1,11616,1695614095.5427742
1,11648,1695614095.5938425
1,11680,1695614095.6417787
1,11712,1695614095.6829996
1,11744,1695614095.730801
1,11776,1695614095.7775507
1,11808,1695614095.8257432
1,11840,1695614095.8665998
1,11872,1695614095.914259
1,11904,1695614095.9545743
1,11936,1695614096.004088
1,11968,1695614096.0490074
1,12000,1695614096.0905182
1,12032,1695614096.1375618
1,12064,1695614096.186357
1,12096,1695614096.226577
1,12128,1695614096.2742376
1,12160,1695614096.321598
1,12192,1695614096.3708284
1,12224,1695614096.4105175
1,12256,1695614096.4653194
1,12288,1695614096.503008
1,12320,1695614096.5534482
1,12352,1695614096.6003027
1,12384,1695614096.6392376
1,12416,1695614096.6902962
1,12448,1695614096.7386472
1,12480,1695614096.779043
1,12512,1695614096.8265493
1,12544,1695614096.8741472
1,12576,1695614096.9225106
1,12608,1695614096.9625666
1,12640,1695614097.010619
1,12672,1695614097.0574021
1,12704,1695614097.0998454
1,12736,1695614097.1461658
1,12768,1695614097.1939292
1,12800,1695614097.234769
1,12832,1695614097.285038
1,12864,1695614097.3297758
1,12896,1695614097.3709416
1,12928,1695614097.4193487
1,12960,1695614097.4694114
1,12992,1695614097.5113652
1,13024,1695614097.565392
1,13056,1695614097.6051788
1,13088,1695614097.6488714
1,13120,1695614097.6946197
1,13152,1695614097.7408366
1,13184,1695614097.7830868
1,13216,1695614097.832837
1,13248,1695614097.877941
1,13280,1695614097.9254084
1,13312,1695614097.9665837
1,13344,1695614098.0167727
1,13376,1695614098.062259
1,13408,1695614098.1103117
1,13440,1695614098.1576571
1,13472,1695614098.1988885
1,13504,1695614098.254223
1,13536,1695614098.2954285
1,13568,1695614098.3420656
1,13600,1695614098.383996
1,13632,1695614098.43062
1,13664,1695614098.4771237
1,13696,1695614098.5248065
1,13728,1695614098.5695207
1,13760,1695614098.6120112
1,13792,1695614098.662452
1,13824,1695614098.7090342
1,13856,1695614098.7512598
1,13888,1695614098.8020012
1,13920,1695614098.8491232
1,13952,1695614098.8971567
1,13984,1695614098.9385517
1,14016,1695614098.9862018
1,14048,1695614099.0395925
1,14080,1695614099.0786295
1,14112,1695614099.126278
1,14144,1695614099.1737626
1,14176,1695614099.2152545
1,14208,1695614099.2624624
1,14240,1695614099.3155544
1,14272,1695614099.361692
1,14304,1695614099.4117565
1,14336,1695614099.4577963
1,14368,1695614099.4979126
1,14400,1695614099.5429878
1,14432,1695614099.5898705
1,14464,1695614099.636825
1,14496,1695614099.679514
1,14528,1695614099.727145
1,14560,1695614099.7737389
1,14592,1695614099.8210547
1,14624,1695614099.862391
1,14656,1695614099.911102
1,14688,1695614099.9542959
1,14720,1695614099.9983125
1,14752,1695614100.0503874
1,14784,1695614100.0970933
1,14816,1695614100.1394978
1,14848,1695614100.1865036
1,14880,1695614100.2343414
1,14912,1695614100.280841
1,14944,1695614100.3240201
1,14976,1695614100.3706183
1,15008,1695614100.4186053
1,15040,1695614100.46975
1,15072,1695614100.5110042
1,15104,1695614100.5585816
1,15136,1695614100.605526
1,15168,1695614100.6585972
1,15200,1695614100.698616
1,15232,1695614100.743474
1,15264,1695614100.7832127
1,15296,1695614100.8304148
1,15328,1695614100.8788526
1,15360,1695614100.926195
1,15392,1695614100.972707
1,15424,1695614101.0151734
1,15456,1695614101.062466
1,15488,1695614101.114209
1,15520,1695614101.154655
1,15552,1695614101.2026098
1,15584,1695614101.2542417
1,15616,1695614101.3044972
1,15648,1695614101.3431547
1,15680,1695614101.3942273
1,15712,1695614101.4351833
1,15744,1695614101.4865513
1,15776,1695614101.534673
1,15808,1695614101.5813603
1,15840,1695614101.6258974
1,15872,1695614101.672943
1,15904,1695614101.720649
1,15936,1695614101.7601702
1,15968,1695614101.8108492
1,16000,1695614101.8579378
1,16032,1695614101.89929
1,16064,1695614101.951757
1,16096,1695614101.9987566
1,16128,1695614102.0454652
1,16160,1695614102.0872061
1,16192,1695614102.135293
1,16224,1695614102.1823232
1,16256,1695614102.229816
1,16288,1695614102.2820654
1,16320,1695614102.3226275
1,16352,1695614102.36995
1,16384,1695614102.4178033
1,16416,1695614102.459197
1,16448,1695614102.5101862
1,16480,1695614102.551007
1,16512,1695614102.6107323
1,16544,1695614102.6513052
1,16576,1695614102.6974351
1,16608,1695614102.741266
1,16640,1695614102.7828946
1,16672,1695614102.834456
1,16704,1695614102.8820605
1,16736,1695614102.9288685
1,16768,1695614102.9718533
1,16800,1695614103.0210166
1,16832,1695614103.0635228
1,16864,1695614103.1129372
1,16896,1695614103.1579063
1,16928,1695614103.1988852
1,16960,1695614103.2488408
1,16992,1695614103.2938724
1,17024,1695614103.3416455
1,17056,1695614103.3831217
1,17088,1695614103.4340882
1,17120,1695614103.481733
1,17152,1695614103.5233424
1,17184,1695614103.5705307
1,17216,1695614103.6180236
1,17248,1695614103.6657932
1,17280,1695614103.7079203
1,17312,1695614103.7590113
1,17344,1695614103.8101258
1,17376,1695614103.8504734
1,17408,1695614103.8995125
1,17440,1695614103.9457302
1,17472,1695614103.9988966
1,17504,1695614104.0390007
1,17536,1695614104.087187
1,17568,1695614104.1343682
1,17600,1695614104.1816752
1,17632,1695614104.2231424
1,17664,1695614104.2813132
1,17696,1695614104.3214834
1,17728,1695614104.3728645
1,17760,1695614104.4146037
1,17792,1695614104.462676
1,17824,1695614104.5100725
1,17856,1695614104.5571187
1,17888,1695614104.5989246
1,17920,1695614104.6466877
1,17952,1695614104.6944335
1,17984,1695614104.7458327
1,18016,1695614104.7903416
1,18048,1695614104.840637
1,18080,1695614104.8795857
1,18112,1695614104.9293523
1,18144,1695614104.9710248
1,18176,1695614105.015039
1,18208,1695614105.06548
1,18240,1695614105.1063535
1,18272,1695614105.14912
1,18304,1695614105.1988807
1,18336,1695614105.2453296
1,18368,1695614105.2866857
1,18400,1695614105.3414195
1,18432,1695614105.3822856
1,18464,1695614105.4269767
1,18496,1695614105.471356
1,18528,1695614105.52278
1,18560,1695614105.573874
1,18592,1695614105.6160283
1,18624,1695614105.6626956
1,18656,1695614105.710397
1,18688,1695614105.7576823
1,18720,1695614105.804229
1,18752,1695614105.8430552
1,18784,1695614105.8905761
1,18816,1695614105.9375796
1,18848,1695614105.9789808
1,18880,1695614106.0363345
1,18912,1695614106.0747602
1,18944,1695614106.1214886
1,18976,1695614106.168663
1,19008,1695614106.2185562
1,19040,1695614106.2613559
1,19072,1695614106.3078058
1,19104,1695614106.366759
1,19136,1695614106.41244
1,19168,1695614106.4585874
1,19200,1695614106.5111308
1,19232,1695614106.5625403
1,19264,1695614106.6197436
1,19296,1695614106.6588972
1,19328,1695614106.7052891
1,19360,1695614106.7526853
1,19392,1695614106.8021524
1,19424,1695614106.842439
1,19456,1695614106.8897614
1,19488,1695614106.9347427
1,19520,1695614106.9886813
1,19552,1695614107.0266232
1,19584,1695614107.0699568
1,19616,1695614107.1194506
1,19648,1695614107.1731944
1,19680,1695614107.2089534
1,19712,1695614107.2591887
1,19744,1695614107.3069043
1,19776,1695614107.3589494
1,19808,1695614107.3987467
1,19840,1695614107.4461968
1,19872,1695614107.4939814
1,19904,1695614107.542325
1,19936,1695614107.5833902
1,19968,1695614107.6348581
1,20000,1695614107.6817994
1,20032,1695614107.7234566
1,20064,1695614107.7742481
1,20096,1695614107.8219566
1,20128,1695614107.8693516
1,20160,1695614107.9105816
1,20192,1695614107.9654524
1,20224,1695614108.004999
1,20256,1695614108.0527222
1,20288,1695614108.0980399
1,20320,1695614108.1392105
1,20352,1695614108.1865613
1,20384,1695614108.235355
1,20416,1695614108.2813416
1,20448,1695614108.322692
1,20480,1695614108.3741198
1,20512,1695614108.4157274
1,20544,1695614108.462381
1,20576,1695614108.506377
1,20608,1695614108.5570586
1,20640,1695614108.5991392
1,20672,1695614108.6484458
1,20704,1695614108.6944182
1,20736,1695614108.7422235
1,20768,1695614108.7890317
1,20800,1695614108.8318892
1,20832,1695614108.8800108
1,20864,1695614108.9264019
1,20896,1695614108.9735804
1,20928,1695614109.0150354
1,20960,1695614109.0625832
1,20992,1695614109.1097376
1,21024,1695614109.15839
1,21056,1695614109.206304
1,21088,1695614109.2469144
1,21120,1695614109.2951398
1,21152,1695614109.3429415
1,21184,1695614109.3864403
1,21216,1695614109.4347634
1,21248,1695614109.4823885
1,21280,1695614109.5303404
1,21312,1695614109.580624
1,21344,1695614109.6255696
1,21376,1695614109.6676967
1,21408,1695614109.7134883
1,21440,1695614109.7586393
1,21472,1695614109.8066518
1,21504,1695614109.8543217
1,21536,1695614109.9060352
1,21568,1695614109.9466438
1,21600,1695614109.9940588
1,21632,1695614110.0417244
1,21664,1695614110.0833583
1,21696,1695614110.134419
1,21728,1695614110.1818624
1,21760,1695614110.2291675
1,21792,1695614110.2796168
1,21824,1695614110.3181899
1,21856,1695614110.3669777
1,21888,1695614110.4145265
1,21920,1695614110.4546304
1,21952,1695614110.5027118
1,21984,1695614110.5505216
1,22016,1695614110.5981815
1,22048,1695614110.644557
1,22080,1695614110.6926172
1,22112,1695614110.7418013
1,22144,1695614110.7826676
1,22176,1695614110.8297324
1,22208,1695614110.8797984
1,22240,1695614110.9258463
1,22272,1695614110.967366
1,22304,1695614111.0145524
1,22336,1695614111.062529
1,22368,1695614111.1101613
1,22400,1695614111.157844
1,22432,1695614111.1989014
1,22464,1695614111.2468863
1,22496,1695614111.293998
1,22528,1695614111.3352563
1,22560,1695614111.3824775
1,22592,1695614111.4315693
1,22624,1695614111.4780347
1,22656,1695614111.5263696
1,22688,1695614111.5740016
1,22720,1695614111.6213653
1,22752,1695614111.663239
1,22784,1695614111.7107196
1,22816,1695614111.7606447
1,22848,1695614111.805464
1,22880,1695614111.847489
1,22912,1695614111.8975527
1,22944,1695614111.9428003
1,22976,1695614111.9905047
1,23008,1695614112.037824
1,23040,1695614112.0857615
1,23072,1695614112.1270475
1,23104,1695614112.175
1,23136,1695614112.2223432
1,23168,1695614112.2704577
1,23200,1695614112.318414
1,23232,1695614112.3664083
1,23264,1695614112.4140196
1,23296,1695614112.4551158
1,23328,1695614112.5039089
1,23360,1695614112.5497954
1,23392,1695614112.5917654
1,23424,1695614112.6422324
1,23456,1695614112.6898086
1,23488,1695614112.7379425
1,23520,1695614112.7789836
1,23552,1695614112.830321
1,23584,1695614112.8713188
1,23616,1695614112.9269786
1,23648,1695614112.9677868
1,23680,1695614113.0147505
1,23712,1695614113.0622985
1,23744,1695614113.103317
1,23776,1695614113.1506305
1,23808,1695614113.198456
1,23840,1695614113.2456827
1,23872,1695614113.2942162
1,23904,1695614113.337843
1,23936,1695614113.385807
1,23968,1695614113.4266977
1,24000,1695614113.4703376
1,24032,1695614113.5220041
1,24064,1695614113.5704043
1,24096,1695614113.611149
1,24128,1695614113.6621246
1,24160,1695614113.7037213
1,24192,1695614113.7544062
1,24224,1695614113.8018427
1,24256,1695614113.8432796
1,24288,1695614113.8908858
1,24320,1695614113.9322464
1,24352,1695614113.9861612
1,24384,1695614114.030075
1,24416,1695614114.073857
1,24448,1695614114.1156409
1,24480,1695614114.1635654
1,24512,1695614114.2100933
1,24544,1695614114.259254
1,24576,1695614114.2990887
1,24608,1695614114.3506055
1,24640,1695614114.3978112
1,24672,1695614114.4434714
1,24704,1695614114.491571
1,24736,1695614114.5381317
1,24768,1695614114.5856225
1,24800,1695614114.6328168
1,24832,1695614114.6749656
1,24864,1695614114.7215314
1,24896,1695614114.7697124
1,24928,1695614114.8163135
1,24960,1695614114.865691
1,24992,1695614114.9062634
1,25024,1695614114.9507537
1,25056,1695614115.0002637
1,25088,1695614115.0498834
1,25120,1695614115.0906975
1,25152,1695614115.1387317
1,25184,1695614115.1863165
1,25216,1695614115.2347639
1,25248,1695614115.2824616
1,25280,1695614115.3230085
1,25312,1695614115.3744533
1,25344,1695614115.4216232
1,25376,1695614115.462343
1,25408,1695614115.494523
1,25440,1695614115.5256398
1,25472,1695614115.559696
1,25504,1695614115.590773
1,25536,1695614115.6257913
1,25568,1695614115.6568685
1,25600,1695614115.69102
1,25632,1695614115.726548
1,25664,1695614115.7595158
1,25696,1695614115.7917354
1,25728,1695614115.8229523
1,25760,1695614115.8534446
1,25792,1695614115.8865
1,25824,1695614115.9199193
1,25856,1695614115.9514425
1,25888,1695614115.9826984
1,25920,1695614116.0146217
1,25952,1695614116.0464854
1,25984,1695614116.0814512
1,26016,1695614116.1148515
1,26048,1695614116.149679
1,26080,1695614116.1846545
1,26112,1695614116.2191381
1,26144,1695614116.2505834
1,26176,1695614116.280495
1,26208,1695614116.310445
1,26240,1695614116.343473
1,26272,1695614116.37686
1,26304,1695614116.411059
1,26336,1695614116.4424965
1,26368,1695614116.4768474
1,26400,1695614116.5084407
1,26432,1695614116.5461566
1,26464,1695614116.5753102
1,26496,1695614116.610292
1,26528,1695614116.6399536
1,26560,1695614116.671413
1,26592,1695614116.7094357
1,26624,1695614116.7393236
1,26656,1695614116.7739587
1,26688,1695614116.8064032
1,26720,1695614116.8352277
1,26752,1695614116.87068
1,26784,1695614116.9025977
1,26816,1695614116.931535
1,26848,1695614116.9695683
1,26880,1695614116.9993348
1,26912,1695614117.0338962
1,26944,1695614117.066283
1,26976,1695614117.0986688
1,27008,1695614117.1384163
1,27040,1695614117.1717331
1,27072,1695614117.2028205
1,27104,1695614117.2346268
1,27136,1695614117.2664766
1,27168,1695614117.298592
1,27200,1695614117.3471596
1,27232,1695614117.3849788
1,27264,1695614117.4212205
1,27296,1695614117.457835
1,27328,1695614117.4945443
1,27360,1695614117.5314023
1,27392,1695614117.5690022
1,27424,1695614117.6058514
1,27456,1695614117.6423285
1,27488,1695614117.6787803
1,27520,1695614117.7162838
1,27552,1695614117.7529984
1,27584,1695614117.7897944
1,27616,1695614117.8262403
1,27648,1695614117.8654802
1,27680,1695614117.902294
1,27712,1695614117.9388275
1,27744,1695614117.9741237
1,27776,1695614118.010212
1,27808,1695614118.0461113
1,27840,1695614118.0830545
1,27872,1695614118.1195157
1,27904,1695614118.1571074
1,27936,1695614118.2005358
1,27968,1695614118.2379622
1,28000,1695614118.2744672
1,28032,1695614118.311382
1,28064,1695614118.3482294
1,28096,1695614118.3880873
1,28128,1695614118.4265716
1,28160,1695614118.4620478
1,28192,1695614118.498875
1,28224,1695614118.5358384
1,28256,1695614118.573345
1,28288,1695614118.6109216
1,28320,1695614118.6464648
1,28352,1695614118.6819384
1,28384,1695614118.718791
1,28416,1695614118.7556365
1,28448,1695614118.7957895
1,28480,1695614118.8306801
1,28512,1695614118.8651383
1,28544,1695614118.900057
1,28576,1695614118.9415472
1,28608,1695614118.98057
1,28640,1695614119.0175295
1,28672,1695614119.0542548
1,28704,1695614119.089837
1,28736,1695614119.1267545
1,28768,1695614119.163515
1,28800,1695614119.201259
1,28832,1695614119.2371075
1,28864,1695614119.2742586
1,28896,1695614119.311449
1,28928,1695614119.3490674
1,28960,1695614119.388157
1,28992,1695614119.4251366
1,29024,1695614119.4616184
1,29056,1695614119.498203
1,29088,1695614119.5347662
1,29120,1695614119.5721512
1,29152,1695614119.6098547
1,29184,1695614119.6462822
1,29216,1695614119.6851137
1,29248,1695614119.7218745
1,29280,1695614119.7581167
1,29312,1695614119.7979438
1,29344,1695614119.8335857
1,29376,1695614119.8705347
1,29408,1695614119.9069927
1,29440,1695614119.94397
1,29472,1695614119.9832115
1,29504,1695614120.0240257
1,29536,1695614120.0592353
1,29568,1695614120.0970929
1,29600,1695614120.139065
1,29632,1695614120.1747878
1,29664,1695614120.212616
1,29696,1695614120.2499435
1,29728,1695614120.2868197
1,29760,1695614120.32348
1,29792,1695614120.3602357
1,29824,1695614120.3970516
1,29856,1695614120.4332662
1,29888,1695614120.469347
1,29920,1695614120.5051804
1,29952,1695614120.5409765
1,29984,1695614120.5775743
1,30016,1695614120.6140392
1,30048,1695614120.6505334
1,30080,1695614120.6877515
1,30112,1695614120.7349412
1,30144,1695614120.774266
1,30176,1695614120.8062341
1,30208,1695614120.8384192
1,30240,1695614120.8751142
1,30272,1695614120.9130127
1,30304,1695614120.9511433
1,30336,1695614120.9869761
1,30368,1695614121.02497
1,30400,1695614121.0632231
1,30432,1695614121.0978186
1,30464,1695614121.1366746
1,30496,1695614121.1756728
1,30528,1695614121.213048
1,30560,1695614121.249961
1,30592,1695614121.28882
1,30624,1695614121.3256145
1,30656,1695614121.3674464
1,30688,1695614121.405378
1,30720,1695614121.4443693
1,30752,1695614121.4809382
1,30784,1695614121.525793
1,30816,1695614121.5613477
1,30848,1695614121.5981612
1,30880,1695614121.6347125
1,30912,1695614121.6832685
1,30944,1695614121.7212245
1,30976,1695614121.757858
1,31008,1695614121.7944872
1,31040,1695614121.836237
1,31072,1695614121.8759127
1,31104,1695614121.910469
1,31136,1695614121.9513133
1,31168,1695614121.9930284
1,31200,1695614122.029072
1,31232,1695614122.0655775
1,31264,1695614122.1018777
1,31296,1695614122.1452699
1,31328,1695614122.185708
1,31360,1695614122.2234802
1,31392,1695614122.258062
1,31424,1695614122.290583
1,31456,1695614122.322365
1,31488,1695614122.3622098
1,31520,1695614122.3974771
1,31552,1695614122.430426
1,31584,1695614122.4624808
1,31616,1695614122.4945796
1,31648,1695614122.5276651
1,31680,1695614122.5595193
1,31712,1695614122.5907054
1,31744,1695614122.6233683
1,31776,1695614122.6544702
1,31808,1695614122.6871996
1,31840,1695614122.7186427
1,31872,1695614122.748562
1,31904,1695614122.7824218
1,31936,1695614122.8176665
1,31968,1695614122.8508723
1,32000,1695614122.8817725
1,32032,1695614122.915015
1,32064,1695614122.9503849
1,32096,1695614122.9831953
1,32128,1695614123.0146134
1,32160,1695614123.0482225
1,32192,1695614123.0855606
1,32224,1695614123.1318402
1,32256,1695614123.1671429
1,32288,1695614123.2053146
1,32320,1695614123.2485452
1,32352,1695614123.2871075
1,32384,1695614123.3330789
1,32416,1695614123.3700943
1,32448,1695614123.4155304
1,32480,1695614123.4560719
1,32512,1695614123.4932077
1,32544,1695614123.5296984
1,32576,1695614123.5753503
1,32608,1695614123.6103501
1,32640,1695614123.6475577
1,32672,1695614123.6850626
1,32704,1695614123.7220788
1,32736,1695614123.7588139
1,32768,1695614123.7956786
1,32800,1695614123.8329828
1,32832,1695614123.8779716
1,32864,1695614123.9165223
1,32896,1695614123.9530413
1,32928,1695614123.9919195
1,32960,1695614124.035949
1,32992,1695614124.0712988
1,33024,1695614124.1092646
1,33056,1695614124.1472101
1,33088,1695614124.1836786
1,33120,1695614124.2188282
1,33152,1695614124.2544255
1,33184,1695614124.2872682
1,33216,1695614124.322583
1,33248,1695614124.3595023
1,33280,1695614124.3905578
1,33312,1695614124.4255216
1,33344,1695614124.4628806
1,33376,1695614124.4928944
1,33408,1695614124.5243669
1,33440,1695614124.5569031
1,33472,1695614124.5970469
1,33504,1695614124.628661
1,33536,1695614124.666847
1,33568,1695614124.699347
1,33600,1695614124.734333
1,33632,1695614124.7665832
1,33664,1695614124.798483
1,33696,1695614124.8275561
1,33728,1695614124.8683
1,33760,1695614124.9090748
1,33792,1695614124.9390829
1,33824,1695614124.9738927
1,33856,1695614125.013384
1,33888,1695614125.05715
1,33920,1695614125.0940573
1,33952,1695614125.1305797
1,33984,1695614125.174854
1,34016,1695614125.2125428
1,34048,1695614125.2495434
1,34080,1695614125.2864954
1,34112,1695614125.3298562
1,34144,1695614125.3660278
1,34176,1695614125.4031987
1,34208,1695614125.4389553
1,34240,1695614125.4819179
