epoch,trained_sample,time
1,0,1695615525.5759656
1,64,1695615526.8360922
1,128,1695615526.868151
1,192,1695615526.9197874
1,256,1695615526.967571
1,320,1695615527.0183506
1,384,1695615527.0660093
1,448,1695615527.1143322
1,512,1695615527.1619685
1,576,1695615527.205907
1,640,1695615527.2576833
1,704,1695615527.3058832
1,768,1695615527.3583624
1,832,1695615527.4088964
1,896,1695615527.4497366
1,960,1695615527.4978788
1,1024,1695615527.5408862
1,1088,1695615527.5937464
1,1152,1695615527.641405
1,1216,1695615527.6894195
1,1280,1695615527.7369215
1,1344,1695615527.7794516
1,1408,1695615527.8306305
1,1472,1695615527.8804924
1,1536,1695615527.9224966
1,1600,1695615527.9703836
1,1664,1695615528.018167
1,1728,1695615528.0722904
1,1792,1695615528.1149359
1,1856,1695615528.1628475
1,1920,1695615528.2106009
1,1984,1695615528.26459
1,2048,1695615528.307365
1,2112,1695615528.3550544
1,2176,1695615528.4028156
1,2240,1695615528.4572902
1,2304,1695615528.4996543
1,2368,1695615528.5487516
1,2432,1695615528.5952563
1,2496,1695615528.649297
1,2560,1695615528.6918757
1,2624,1695615528.7397597
1,2688,1695615528.7874668
1,2752,1695615528.8414679
1,2816,1695615528.8840785
1,2880,1695615528.9319057
1,2944,1695615528.9796877
1,3008,1695615529.0350013
1,3072,1695615529.0771139
1,3136,1695615529.1249266
1,3200,1695615529.172478
1,3264,1695615529.2266092
1,3328,1695615529.2690582
1,3392,1695615529.3170195
1,3456,1695615529.364754
1,3520,1695615529.4190292
1,3584,1695615529.4612932
1,3648,1695615529.509116
1,3712,1695615529.5568504
1,3776,1695615529.610979
1,3840,1695615529.65367
1,3904,1695615529.7015479
1,3968,1695615529.7492557
1,4032,1695615529.8036778
1,4096,1695615529.8458517
1,4160,1695615529.8938277
1,4224,1695615529.9415362
1,4288,1695615529.9956203
1,4352,1695615530.0381472
1,4416,1695615530.0859966
1,4480,1695615530.133757
1,4544,1695615530.187782
1,4608,1695615530.2304173
1,4672,1695615530.278281
1,4736,1695615530.32627
1,4800,1695615530.3804586
1,4864,1695615530.4228702
1,4928,1695615530.4707625
1,4992,1695615530.5185335
1,5056,1695615530.572713
1,5120,1695615530.6152596
1,5184,1695615530.6631699
1,5248,1695615530.7109401
1,5312,1695615530.7651122
1,5376,1695615530.8080413
1,5440,1695615530.8561592
1,5504,1695615530.9040077
1,5568,1695615530.9584677
1,5632,1695615531.0008707
1,5696,1695615531.049141
1,5760,1695615531.0967913
1,5824,1695615531.1510322
1,5888,1695615531.1994061
1,5952,1695615531.2438602
1,6016,1695615531.2964387
1,6080,1695615531.3452237
1,6144,1695615531.3876407
1,6208,1695615531.4353201
1,6272,1695615531.4830577
1,6336,1695615531.5370915
1,6400,1695615531.5799294
1,6464,1695615531.6276407
1,6528,1695615531.6754832
1,6592,1695615531.7316263
1,6656,1695615531.782007
1,6720,1695615531.8354232
1,6784,1695615531.8887434
1,6848,1695615531.9430683
1,6912,1695615531.9976647
1,6976,1695615532.046475
1,7040,1695615532.0984674
1,7104,1695615532.1479647
1,7168,1695615532.199407
1,7232,1695615532.250932
1,7296,1695615532.3039157
1,7360,1695615532.3579106
1,7424,1695615532.4077952
1,7488,1695615532.4610453
1,7552,1695615532.5108972
1,7616,1695615532.5626554
1,7680,1695615532.6150906
1,7744,1695615532.667054
1,7808,1695615532.7203836
1,7872,1695615532.7708902
1,7936,1695615532.825508
1,8000,1695615532.8745525
1,8064,1695615532.9319272
1,8128,1695615532.9779031
1,8192,1695615533.031155
1,8256,1695615533.080128
1,8320,1695615533.1346598
1,8384,1695615533.1868298
1,8448,1695615533.2414172
1,8512,1695615533.2908561
1,8576,1695615533.346175
1,8640,1695615533.395928
1,8704,1695615533.4469602
1,8768,1695615533.5006075
1,8832,1695615533.5542707
1,8896,1695615533.6090627
1,8960,1695615533.6592417
1,9024,1695615533.7139227
1,9088,1695615533.7634773
1,9152,1695615533.8154025
1,9216,1695615533.8666956
1,9280,1695615533.9217784
1,9344,1695615533.9732673
1,9408,1695615534.0230696
1,9472,1695615534.0812736
1,9536,1695615534.1316772
1,9600,1695615534.183395
1,9664,1695615534.238097
1,9728,1695615534.287374
1,9792,1695615534.3388214
1,9856,1695615534.3944156
1,9920,1695615534.4429505
1,9984,1695615534.4981205
1,10048,1695615534.550399
1,10112,1695615534.6053429
1,10176,1695615534.6549046
1,10240,1695615534.707483
1,10304,1695615534.758948
1,10368,1695615534.8175948
1,10432,1695615534.8676531
1,10496,1695615534.9218998
1,10560,1695615534.9744184
1,10624,1695615535.0266812
1,10688,1695615535.0810683
1,10752,1695615535.130522
1,10816,1695615535.183467
1,10880,1695615535.2382846
1,10944,1695615535.292635
1,11008,1695615535.342381
1,11072,1695615535.397846
1,11136,1695615535.446838
1,11200,1695615535.5021307
1,11264,1695615535.554298
1,11328,1695615535.6066043
1,11392,1695615535.6584258
1,11456,1695615535.7107732
1,11520,1695615535.7646139
1,11584,1695615535.8148162
1,11648,1695615535.8740783
1,11712,1695615535.9277136
1,11776,1695615535.986815
1,11840,1695615536.0453525
1,11904,1695615536.0986784
1,11968,1695615536.1583247
1,12032,1695615536.2110548
1,12096,1695615536.2682312
1,12160,1695615536.3247266
1,12224,1695615536.3810697
1,12288,1695615536.4378514
1,12352,1695615536.4936285
1,12416,1695615536.5535774
1,12480,1695615536.60758
1,12544,1695615536.6652253
1,12608,1695615536.7209823
1,12672,1695615536.7778912
1,12736,1695615536.835049
1,12800,1695615536.8918097
1,12864,1695615536.949462
1,12928,1695615537.0064795
1,12992,1695615537.0647328
1,13056,1695615537.1212273
1,13120,1695615537.176864
1,13184,1695615537.236008
1,13248,1695615537.2911086
1,13312,1695615537.3473244
1,13376,1695615537.402734
1,13440,1695615537.4629831
1,13504,1695615537.518631
1,13568,1695615537.5777507
1,13632,1695615537.6315129
1,13696,1695615537.6867812
1,13760,1695615537.7437606
1,13824,1695615537.8052177
1,13888,1695615537.8588307
1,13952,1695615537.9182694
1,14016,1695615537.974541
1,14080,1695615538.034619
1,14144,1695615538.0877917
1,14208,1695615538.1444242
1,14272,1695615538.2048624
1,14336,1695615538.259311
1,14400,1695615538.3179345
1,14464,1695615538.3716366
1,14528,1695615538.4311576
1,14592,1695615538.4902842
1,14656,1695615538.5457635
1,14720,1695615538.6062071
1,14784,1695615538.6609097
1,14848,1695615538.7147584
1,14912,1695615538.773738
1,14976,1695615538.8300734
1,15040,1695615538.8826637
1,15104,1695615538.9392238
1,15168,1695615538.996282
1,15232,1695615539.0526242
1,15296,1695615539.1132073
1,15360,1695615539.1668499
1,15424,1695615539.2246583
1,15488,1695615539.2852616
1,15552,1695615539.3423517
1,15616,1695615539.3961048
1,15680,1695615539.454129
1,15744,1695615539.508652
1,15808,1695615539.5683389
1,15872,1695615539.6303148
1,15936,1695615539.6798437
1,16000,1695615539.7408252
1,16064,1695615539.7979996
1,16128,1695615539.8517854
1,16192,1695615539.9104018
1,16256,1695615539.9698637
1,16320,1695615540.023459
1,16384,1695615540.0848482
1,16448,1695615540.1384048
1,16512,1695615540.1912155
1,16576,1695615540.2502732
1,16640,1695615540.3105783
1,16704,1695615540.365662
1,16768,1695615540.4196367
1,16832,1695615540.4785903
1,16896,1695615540.538505
1,16960,1695615540.593289
1,17024,1695615540.6480525
1,17088,1695615540.7066104
1,17152,1695615540.7664976
1,17216,1695615540.822197
1,17280,1695615540.8760464
1,17344,1695615540.933314
1,17408,1695615540.992305
1,17472,1695615541.0501428
1,17536,1695615541.1040688
1,17600,1695615541.1651099
1,17664,1695615541.2193136
1,17728,1695615541.2783806
1,17792,1695615541.3323898
1,17856,1695615541.397944
1,17920,1695615541.4505568
1,17984,1695615541.508287
1,18048,1695615541.5699244
1,18112,1695615541.6187923
1,18176,1695615541.6813362
1,18240,1695615541.7343163
1,18304,1695615541.788785
1,18368,1695615541.8543644
1,18432,1695615541.9053595
1,18496,1695615541.9627504
1,18560,1695615542.0220058
1,18624,1695615542.0757985
1,18688,1695615542.13772
1,18752,1695615542.1935213
1,18816,1695615542.2475939
1,18880,1695615542.3065805
1,18944,1695615542.3663642
1,19008,1695615542.4196224
1,19072,1695615542.4785326
1,19136,1695615542.5375586
1,19200,1695615542.591298
1,19264,1695615542.6551511
1,19328,1695615542.7079241
1,19392,1695615542.7640698
1,19456,1695615542.8226247
1,19520,1695615542.8753166
1,19584,1695615542.9348502
1,19648,1695615542.9940524
1,19712,1695615543.047417
1,19776,1695615543.1089995
1,19840,1695615543.16262
1,19904,1695615543.2226167
1,19968,1695615543.2819867
1,20032,1695615543.3356526
1,20096,1695615543.393839
1,20160,1695615543.4470425
1,20224,1695615543.5076776
1,20288,1695615543.5603633
1,20352,1695615543.6219277
1,20416,1695615543.6750646
1,20480,1695615543.738432
1,20544,1695615543.7913628
1,20608,1695615543.8499343
1,20672,1695615543.9038794
1,20736,1695615543.9656312
1,20800,1695615544.0222898
1,20864,1695615544.0756493
1,20928,1695615544.1423788
1,20992,1695615544.1910942
1,21056,1695615544.2497838
1,21120,1695615544.303707
1,21184,1695615544.3721015
1,21248,1695615544.4270165
1,21312,1695615544.4808095
1,21376,1695615544.5326786
1,21440,1695615544.5906749
1,21504,1695615544.6501713
1,21568,1695615544.7064905
1,21632,1695615544.7599757
1,21696,1695615544.819633
1,21760,1695615544.8781126
1,21824,1695615544.9337852
1,21888,1695615544.99447
1,21952,1695615545.054447
1,22016,1695615545.109857
1,22080,1695615545.1624684
1,22144,1695615545.2173347
1,22208,1695615545.2748046
1,22272,1695615545.3340566
1,22336,1695615545.3873327
1,22400,1695615545.4491193
1,22464,1695615545.5033338
1,22528,1695615545.5622208
1,22592,1695615545.6160066
1,22656,1695615545.683918
1,22720,1695615545.7341862
1,22784,1695615545.7898998
1,22848,1695615545.847723
1,22912,1695615545.9057186
1,22976,1695615545.9620364
1,23040,1695615546.0156956
1,23104,1695615546.0750086
1,23168,1695615546.1388326
1,23232,1695615546.192745
1,23296,1695615546.249272
1,23360,1695615546.3009264
1,23424,1695615546.3612494
1,23488,1695615546.4154587
1,23552,1695615546.4715285
1,23616,1695615546.5283499
1,23680,1695615546.5924327
1,23744,1695615546.643566
1,23808,1695615546.7054374
1,23872,1695615546.758483
1,23936,1695615546.8144937
1,24000,1695615546.8716748
1,24064,1695615546.9346282
1,24128,1695615546.9862525
1,24192,1695615547.045738
1,24256,1695615547.1022124
1,24320,1695615547.1655385
1,24384,1695615547.2147164
1,24448,1695615547.2738104
1,24512,1695615547.3316534
1,24576,1695615547.397893
1,24640,1695615547.4494247
1,24704,1695615547.5018525
1,24768,1695615547.5565913
1,24832,1695615547.6179416
1,24896,1695615547.6821122
1,24960,1695615547.733193
1,25024,1695615547.7903256
1,25088,1695615547.8540282
1,25152,1695615547.903405
1,25216,1695615547.9616423
1,25280,1695615548.0163398
1,25344,1695615548.0739386
1,25408,1695615548.1340208
1,25472,1695615548.184708
1,25536,1695615548.2455797
1,25600,1695615548.3019652
1,25664,1695615548.3659694
1,25728,1695615548.4150193
1,25792,1695615548.4768605
1,25856,1695615548.526607
1,25920,1695615548.5909877
1,25984,1695615548.6477172
1,26048,1695615548.7055824
1,26112,1695615548.7547293
1,26176,1695615548.8219616
1,26240,1695615548.8705413
1,26304,1695615548.925063
1,26368,1695615548.9857864
1,26432,1695615549.0499184
1,26496,1695615549.0984626
1,26560,1695615549.1524637
1,26624,1695615549.213325
1,26688,1695615549.2775896
1,26752,1695615549.329712
1,26816,1695615549.3807
1,26880,1695615549.4439645
1,26944,1695615549.4985342
1,27008,1695615549.5543013
1,27072,1695615549.6118014
1,27136,1695615549.6676114
1,27200,1695615549.723681
1,27264,1695615549.789867
1,27328,1695615549.8399627
1,27392,1695615549.8946204
1,27456,1695615549.9584343
1,27520,1695615550.010533
1,27584,1695615550.0640612
1,27648,1695615550.1200237
1,27712,1695615550.1802127
1,27776,1695615550.2361946
1,27840,1695615550.2923691
1,27904,1695615550.3527465
1,27968,1695615550.4120076
1,28032,1695615550.4666545
1,28096,1695615550.5297244
1,28160,1695615550.5816233
1,28224,1695615550.6460478
1,28288,1695615550.694665
1,28352,1695615550.7491477
1,28416,1695615550.8046386
1,28480,1695615550.8702877
1,28544,1695615550.9219897
1,28608,1695615550.9768865
1,28672,1695615551.037852
1,28736,1695615551.101641
1,28800,1695615551.1502733
1,28864,1695615551.2050471
1,28928,1695615551.2614086
1,28992,1695615551.3299072
1,29056,1695615551.3788273
1,29120,1695615551.4334989
1,29184,1695615551.4918506
1,29248,1695615551.5553563
1,29312,1695615551.6047726
1,29376,1695615551.6649303
1,29440,1695615551.7184515
1,29504,1695615551.7860603
1,29568,1695615551.839752
1,29632,1695615551.8939085
1,29696,1695615551.9500592
1,29760,1695615552.0100434
1,29824,1695615552.069805
1,29888,1695615552.1217186
1,29952,1695615552.1778498
1,30016,1695615552.2422266
1,30080,1695615552.293859
1,30144,1695615552.350191
1,30208,1695615552.4041986
1,30272,1695615552.4688292
1,30336,1695615552.5216615
1,30400,1695615552.5759583
1,30464,1695615552.637466
1,30528,1695615552.6922972
1,30592,1695615552.7577484
1,30656,1695615552.8095982
1,30720,1695615552.865842
1,30784,1695615552.9300776
1,30848,1695615552.978711
1,30912,1695615553.0331132
1,30976,1695615553.0936766
1,31040,1695615553.151486
1,31104,1695615553.2032342
1,31168,1695615553.2651994
1,31232,1695615553.3215058
1,31296,1695615553.3824956
1,31360,1695615553.4346368
1,31424,1695615553.4925203
1,31488,1695615553.557998
1,31552,1695615553.610593
1,31616,1695615553.6683917
1,31680,1695615553.7263215
1,31744,1695615553.7785559
1,31808,1695615553.8357112
1,31872,1695615553.8917358
1,31936,1695615553.9480062
1,32000,1695615554.0062947
1,32064,1695615554.0687094
1,32128,1695615554.1149025
1,32192,1695615554.1798642
1,32256,1695615554.2312698
1,32320,1695615554.2946951
1,32384,1695615554.3474689
1,32448,1695615554.4035678
1,32512,1695615554.4598768
1,32576,1695615554.520105
1,32640,1695615554.5776463
1,32704,1695615554.633833
1,32768,1695615554.6880405
1,32832,1695615554.747407
1,32896,1695615554.8059394
1,32960,1695615554.8642478
1,33024,1695615554.9208643
1,33088,1695615554.9803271
1,33152,1695615555.0319176
1,33216,1695615555.0909026
1,33280,1695615555.1498237
1,33344,1695615555.2137802
1,33408,1695615555.2623127
1,33472,1695615555.3168314
1,33536,1695615555.3797245
1,33600,1695615555.4397724
1,33664,1695615555.4897683
1,33728,1695615555.5457954
1,33792,1695615555.6060045
1,33856,1695615555.6605356
1,33920,1695615555.7178063
1,33984,1695615555.782016
1,34048,1695615555.8322942
1,34112,1695615555.8877945
1,34176,1695615555.9465148
1,34240,1695615556.0061114
1,34304,1695615556.061118
1,34368,1695615556.1263473
1,34432,1695615556.1814027
1,34496,1695615556.2318227
1,34560,1695615556.2950764
1,34624,1695615556.3523378
1,34688,1695615556.4064612
1,34752,1695615556.4610615
1,34816,1695615556.5212803
1,34880,1695615556.5827262
1,34944,1695615556.6419375
1,35008,1695615556.6906557
1,35072,1695615556.74649
1,35136,1695615556.8080087
1,35200,1695615556.862397
1,35264,1695615556.9172683
1,35328,1695615556.977734
1,35392,1695615557.0394971
1,35456,1695615557.088827
1,35520,1695615557.1458108
1,35584,1695615557.2037446
1,35648,1695615557.2638874
1,35712,1695615557.3217385
1,35776,1695615557.3756664
1,35840,1695615557.4343185
1,35904,1695615557.5019329
1,35968,1695615557.54765
1,36032,1695615557.6078582
1,36096,1695615557.6641273
1,36160,1695615557.7242908
1,36224,1695615557.7758105
1,36288,1695615557.8395355
1,36352,1695615557.8896165
1,36416,1695615557.9579203
1,36480,1695615558.0083785
1,36544,1695615558.0613341
1,36608,1695615558.12333
1,36672,1695615558.1800137
1,36736,1695615558.2369378
1,36800,1695615558.289813
1,36864,1695615558.3502383
1,36928,1695615558.4130578
1,36992,1695615558.4654818
1,37056,1695615558.5217564
1,37120,1695615558.5778193
1,37184,1695615558.6356914
1,37248,1695615558.6941357
1,37312,1695615558.7502139
1,37376,1695615558.809319
1,37440,1695615558.8636305
1,37504,1695615558.9219081
1,37568,1695615558.9757707
1,37632,1695615559.031738
1,37696,1695615559.0919387
1,37760,1695615559.1494718
1,37824,1695615559.2062814
1,37888,1695615559.2604282
1,37952,1695615559.326092
1,38016,1695615559.3780138
1,38080,1695615559.4324539
1,38144,1695615559.493829
1,38208,1695615559.5548658
1,38272,1695615559.6045508
1,38336,1695615559.660191
1,38400,1695615559.7258978
1,38464,1695615559.7860253
1,38528,1695615559.8391557
1,38592,1695615559.8933747
1,38656,1695615559.9497602
1,38720,1695615560.0063388
1,38784,1695615560.0607345
1,38848,1695615560.1202579
1,38912,1695615560.176438
1,38976,1695615560.2422113
1,39040,1695615560.2950468
1,39104,1695615560.3503866
1,39168,1695615560.4083338
1,39232,1695615560.4641743
1,39296,1695615560.5217335
1,39360,1695615560.584202
1,39424,1695615560.6376407
1,39488,1695615560.6942773
1,39552,1695615560.7486067
1,39616,1695615560.8125215
1,39680,1695615560.866123
1,39744,1695615560.920481
1,39808,1695615560.9820209
1,39872,1695615561.0381932
1,39936,1695615561.0925534
1,40000,1695615561.1580257
1,40064,1695615561.2175589
1,40128,1695615561.2712119
1,40192,1695615561.329311
1,40256,1695615561.3789485
1,40320,1695615561.438141
1,40384,1695615561.4948437
1,40448,1695615561.5425785
1,40512,1695615561.6015685
1,40576,1695615561.6524467
1,40640,1695615561.7068594
1,40704,1695615561.7545407
1,40768,1695615561.8011672
1,40832,1695615561.853937
1,40896,1695615561.895181
1,40960,1695615561.9454615
1,41024,1695615561.9888966
1,41088,1695615562.037038
1,41152,1695615562.0863302
1,41216,1695615562.1439784
1,41280,1695615562.1825862
1,41344,1695615562.2337158
1,41408,1695615562.2778726
1,41472,1695615562.3300595
1,41536,1695615562.3742259
1,41600,1695615562.4258022
1,41664,1695615562.4740977
1,41728,1695615562.522072
1,41792,1695615562.5701747
1,41856,1695615562.6183612
1,41920,1695615562.666168
1,41984,1695615562.7144053
1,42048,1695615562.7622993
1,42112,1695615562.8103812
1,42176,1695615562.8583066
1,42240,1695615562.909265
1,42304,1695615562.954255
1,42368,1695615562.999899
1,42432,1695615563.050485
1,42496,1695615563.0993402
1,42560,1695615563.1466203
1,42624,1695615563.1948173
1,42688,1695615563.2447727
1,42752,1695615563.292272
1,42816,1695615563.3369737
1,42880,1695615563.385175
1,42944,1695615563.4333272
1,43008,1695615563.481373
1,43072,1695615563.52967
1,43136,1695615563.5814142
1,43200,1695615563.6273484
1,43264,1695615563.674296
1,43328,1695615563.7242844
1,43392,1695615563.781466
1,43456,1695615563.8238306
1,43520,1695615563.8780568
1,43584,1695615563.9224727
1,43648,1695615563.966428
1,43712,1695615564.0171266
1,43776,1695615564.058462
1,43840,1695615564.1095207
1,43904,1695615564.158433
1,43968,1695615564.208167
1,44032,1695615564.253554
1,44096,1695615564.3019588
1,44160,1695615564.3507397
1,44224,1695615564.398344
1,44288,1695615564.4465141
1,44352,1695615564.4944115
1,44416,1695615564.5428877
1,44480,1695615564.592275
1,44544,1695615564.6403253
1,44608,1695615564.6869915
1,44672,1695615564.7374964
1,44736,1695615564.7811255
1,44800,1695615564.8294914
1,44864,1695615564.877345
1,44928,1695615564.9297652
1,44992,1695615564.97329
1,45056,1695615565.0217955
1,45120,1695615565.073751
1,45184,1695615565.1259928
1,45248,1695615565.1695259
1,45312,1695615565.2180994
1,45376,1695615565.2626517
1,45440,1695615565.31389
1,45504,1695615565.3618855
1,45568,1695615565.4148462
1,45632,1695615565.4582171
1,45696,1695615565.5059886
1,45760,1695615565.5539727
1,45824,1695615565.607112
1,45888,1695615565.649822
1,45952,1695615565.6981664
1,46016,1695615565.745985
1,46080,1695615565.794308
1,46144,1695615565.8458333
1,46208,1695615565.8898363
1,46272,1695615565.9386275
1,46336,1695615565.988186
1,46400,1695615566.036314
1,46464,1695615566.0850704
1,46528,1695615566.1286469
1,46592,1695615566.1767485
1,46656,1695615566.226489
1,46720,1695615566.2750034
1,46784,1695615566.3257504
1,46848,1695615566.3692994
1,46912,1695615566.418667
1,46976,1695615566.4674017
1,47040,1695615566.5154872
1,47104,1695615566.5634627
1,47168,1695615566.6123257
1,47232,1695615566.6636322
1,47296,1695615566.7075927
1,47360,1695615566.7578866
1,47424,1695615566.8064687
1,47488,1695615566.8540246
1,47552,1695615566.9023285
1,47616,1695615566.950049
1,47680,1695615566.998413
1,47744,1695615567.0465171
1,47808,1695615567.0940728
1,47872,1695615567.1419966
1,47936,1695615567.1900616
1,48000,1695615567.2382514
1,48064,1695615567.286298
1,48128,1695615567.3344119
1,48192,1695615567.378641
1,48256,1695615567.4317973
1,48320,1695615567.4753108
1,48384,1695615567.5280058
1,48448,1695615567.5755332
1,48512,1695615567.6283443
1,48576,1695615567.6717052
1,48640,1695615567.7211077
1,48704,1695615567.7653956
1,48768,1695615567.8138506
1,48832,1695615567.8700361
1,48896,1695615567.9136457
1,48960,1695615567.957946
1,49024,1695615568.0097864
1,49088,1695615568.0542653
1,49152,1695615568.1025684
1,49216,1695615568.1539333
1,49280,1695615568.201849
1,49344,1695615568.2500758
1,49408,1695615568.2919111
1,49472,1695615568.3438315
1,49536,1695615568.3991773
1,49600,1695615568.4397347
1,49664,1695615568.490481
1,49728,1695615568.5385897
1,49792,1695615568.5862
1,49856,1695615568.6377425
1,49920,1695615568.6872215
1,49984,1695615568.7306874
1,50000,1695615568.7909508
2,64,1695615569.0939257
2,128,1695615569.1313293
2,192,1695615569.1816466
2,256,1695615569.2264724
2,320,1695615569.2740312
2,384,1695615569.3273547
2,448,1695615569.3739982
2,512,1695615569.42095
2,576,1695615569.4713585
2,640,1695615569.5218916
2,704,1695615569.574317
2,768,1695615569.6188478
2,832,1695615569.669977
2,896,1695615569.7139902
2,960,1695615569.7621949
2,1024,1695615569.8101847
2,1088,1695615569.8585315
2,1152,1695615569.9067218
2,1216,1695615569.9564548
2,1280,1695615570.0025015
2,1344,1695615570.0528514
2,1408,1695615570.0973716
2,1472,1695615570.1456692
2,1536,1695615570.1941345
2,1600,1695615570.2461574
2,1664,1695615570.2911668
2,1728,1695615570.3399546
2,1792,1695615570.3883896
2,1856,1695615570.4368021
2,1920,1695615570.4842637
2,1984,1695615570.5374613
2,2048,1695615570.5815637
2,2112,1695615570.6380773
2,2176,1695615570.6828809
2,2240,1695615570.72743
2,2304,1695615570.7754846
2,2368,1695615570.8236291
2,2432,1695615570.8721764
2,2496,1695615570.9218998
2,2560,1695615570.9704955
2,2624,1695615571.0182176
2,2688,1695615571.0664086
2,2752,1695615571.114861
2,2816,1695615571.1650968
2,2880,1695615571.2135704
2,2944,1695615571.2571702
2,3008,1695615571.3054333
2,3072,1695615571.354033
2,3136,1695615571.4054413
2,3200,1695615571.4542959
2,3264,1695615571.502273
2,3328,1695615571.5490005
2,3392,1695615571.6024694
2,3456,1695615571.648082
