epoch,trained_sample,time
1,0,1695618960.4190962
1,32,1695618961.7447321
1,64,1695618961.7676446
1,96,1695618961.7876377
1,128,1695618961.8078449
1,160,1695618961.830734
1,192,1695618961.8501494
1,224,1695618961.8660414
1,256,1695618961.8889096
1,288,1695618961.906449
1,320,1695618961.926022
1,352,1695618961.9461489
1,384,1695618961.9659905
1,416,1695618961.9865937
1,448,1695618962.0071464
1,480,1695618962.0285637
1,512,1695618962.049451
1,544,1695618962.0732431
1,576,1695618962.094496
1,608,1695618962.1140423
1,640,1695618962.1343684
1,672,1695618962.1542034
1,704,1695618962.174265
1,736,1695618962.1942728
1,768,1695618962.2141461
1,800,1695618962.2344785
1,832,1695618962.2543104
1,864,1695618962.2733808
1,896,1695618962.2973917
1,928,1695618962.31726
1,960,1695618962.3409867
1,992,1695618962.3625114
1,1024,1695618962.3820145
1,1056,1695618962.4027207
1,1088,1695618962.4221315
1,1120,1695618962.4394393
1,1152,1695618962.4554744
1,1184,1695618962.4725142
1,1216,1695618962.490805
1,1248,1695618962.5099504
1,1280,1695618962.5283315
1,1312,1695618962.545194
1,1344,1695618962.5629416
1,1376,1695618962.5810924
1,1408,1695618962.601249
1,1440,1695618962.6192048
1,1472,1695618962.6359513
1,1504,1695618962.652968
1,1536,1695618962.6699429
1,1568,1695618962.6872606
1,1600,1695618962.7045798
1,1632,1695618962.729083
1,1664,1695618962.7482517
1,1696,1695618962.7672007
1,1728,1695618962.7849393
1,1760,1695618962.8054411
1,1792,1695618962.8208404
1,1824,1695618962.8401628
1,1856,1695618962.860385
1,1888,1695618962.88014
1,1920,1695618962.9030657
1,1952,1695618962.919132
1,1984,1695618962.9357371
1,2016,1695618962.9527495
1,2048,1695618962.969283
1,2080,1695618962.9871998
1,2112,1695618963.00396
1,2144,1695618963.0207815
1,2176,1695618963.0374851
1,2208,1695618963.055102
1,2240,1695618963.0741136
1,2272,1695618963.0942674
1,2304,1695618963.112226
1,2336,1695618963.1290374
1,2368,1695618963.1464202
1,2400,1695618963.1630206
1,2432,1695618963.1798954
1,2464,1695618963.196807
1,2496,1695618963.2140007
1,2528,1695618963.2320523
1,2560,1695618963.2481525
1,2592,1695618963.266994
1,2624,1695618963.284093
1,2656,1695618963.300849
1,2688,1695618963.317513
1,2720,1695618963.3352704
1,2752,1695618963.3543124
1,2784,1695618963.374791
1,2816,1695618963.391387
1,2848,1695618963.4081135
1,2880,1695618963.4249115
1,2912,1695618963.4399996
1,2944,1695618963.4653285
1,2976,1695618963.4856718
1,3008,1695618963.5067463
1,3040,1695618963.5265093
1,3072,1695618963.5427916
1,3104,1695618963.5664654
1,3136,1695618963.5885243
1,3168,1695618963.6095552
1,3200,1695618963.633585
1,3232,1695618963.656172
1,3264,1695618963.676638
1,3296,1695618963.7000217
1,3328,1695618963.7224689
1,3360,1695618963.7424283
1,3392,1695618963.7623324
1,3424,1695618963.7823167
1,3456,1695618963.8021586
1,3488,1695618963.822945
1,3520,1695618963.8433452
1,3552,1695618963.858666
1,3584,1695618963.8806837
1,3616,1695618963.902532
1,3648,1695618963.922196
1,3680,1695618963.9415007
1,3712,1695618963.9571362
1,3744,1695618963.977266
1,3776,1695618963.9986165
1,3808,1695618964.018279
1,3840,1695618964.0380578
1,3872,1695618964.0585623
1,3904,1695618964.0789576
1,3936,1695618964.102405
1,3968,1695618964.1175554
1,4000,1695618964.1378107
1,4032,1695618964.1589355
1,4064,1695618964.173753
1,4096,1695618964.1973774
1,4128,1695618964.2177565
1,4160,1695618964.2422986
1,4192,1695618964.2583847
1,4224,1695618964.2750804
1,4256,1695618964.2919698
1,4288,1695618964.308846
1,4320,1695618964.3255837
1,4352,1695618964.3416905
1,4384,1695618964.3596108
1,4416,1695618964.3826838
1,4448,1695618964.402312
1,4480,1695618964.4251835
1,4512,1695618964.442661
1,4544,1695618964.4623253
1,4576,1695618964.4823234
1,4608,1695618964.502421
1,4640,1695618964.5206711
1,4672,1695618964.5374193
1,4704,1695618964.555326
1,4736,1695618964.5732336
1,4768,1695618964.5911787
1,4800,1695618964.6089315
1,4832,1695618964.6264305
1,4864,1695618964.6439478
1,4896,1695618964.6608248
1,4928,1695618964.6776133
1,4960,1695618964.6952884
1,4992,1695618964.7121077
1,5024,1695618964.728954
1,5056,1695618964.745929
1,5088,1695618964.762273
1,5120,1695618964.7796805
1,5152,1695618964.7987778
1,5184,1695618964.8160903
1,5216,1695618964.8329077
1,5248,1695618964.8496673
1,5280,1695618964.8672774
1,5312,1695618964.8841646
1,5344,1695618964.9009187
1,5376,1695618964.917735
1,5408,1695618964.9353895
1,5440,1695618964.9543052
1,5472,1695618964.9784968
1,5504,1695618964.9952047
1,5536,1695618965.0122313
1,5568,1695618965.028937
1,5600,1695618965.0456438
1,5632,1695618965.0631468
1,5664,1695618965.0799358
1,5696,1695618965.0967555
1,5728,1695618965.1125648
1,5760,1695618965.1293082
1,5792,1695618965.1473432
1,5824,1695618965.1701734
1,5856,1695618965.1903865
1,5888,1695618965.2101135
1,5920,1695618965.2300022
1,5952,1695618965.2485266
1,5984,1695618965.2651594
1,6016,1695618965.283064
1,6048,1695618965.2998333
1,6080,1695618965.3180833
1,6112,1695618965.3386183
1,6144,1695618965.3563282
1,6176,1695618965.3730695
1,6208,1695618965.3908458
1,6240,1695618965.4073014
1,6272,1695618965.4261167
1,6304,1695618965.4464676
1,6336,1695618965.464285
1,6368,1695618965.4809244
1,6400,1695618965.497434
1,6432,1695618965.5151832
1,6464,1695618965.5343163
1,6496,1695618965.5543694
1,6528,1695618965.5722468
1,6560,1695618965.5889866
1,6592,1695618965.6045268
1,6624,1695618965.621128
1,6656,1695618965.6385489
1,6688,1695618965.6552794
1,6720,1695618965.672162
1,6752,1695618965.6888852
1,6784,1695618965.706103
1,6816,1695618965.7229757
1,6848,1695618965.7450228
1,6880,1695618965.7622888
1,6912,1695618965.7788763
1,6944,1695618965.7958858
1,6976,1695618965.8130162
1,7008,1695618965.8298678
1,7040,1695618965.8475742
1,7072,1695618965.8637617
1,7104,1695618965.8841593
1,7136,1695618965.902859
1,7168,1695618965.9224176
1,7200,1695618965.9423535
1,7232,1695618965.9624546
1,7264,1695618965.9796221
1,7296,1695618965.9961028
1,7328,1695618966.012948
1,7360,1695618966.030147
1,7392,1695618966.0469048
1,7424,1695618966.0664306
1,7456,1695618966.0838048
1,7488,1695618966.1023774
1,7520,1695618966.1224651
1,7552,1695618966.1420834
1,7584,1695618966.162578
1,7616,1695618966.1823874
1,7648,1695618966.2021432
1,7680,1695618966.2263727
1,7712,1695618966.2474825
1,7744,1695618966.2660773
1,7776,1695618966.2839541
1,7808,1695618966.3047552
1,7840,1695618966.325266
1,7872,1695618966.3449523
1,7904,1695618966.3665705
1,7936,1695618966.386601
1,7968,1695618966.4061115
1,8000,1695618966.4262602
1,8032,1695618966.4464183
1,8064,1695618966.4661067
1,8096,1695618966.486641
1,8128,1695618966.5065575
1,8160,1695618966.5263453
1,8192,1695618966.5450501
1,8224,1695618966.5687525
1,8256,1695618966.5889719
1,8288,1695618966.6077383
1,8320,1695618966.6262462
1,8352,1695618966.650719
1,8384,1695618966.6720974
1,8416,1695618966.688475
1,8448,1695618966.7061632
1,8480,1695618966.7312105
1,8512,1695618966.750801
1,8544,1695618966.7700906
1,8576,1695618966.7908533
1,8608,1695618966.8105273
1,8640,1695618966.830565
1,8672,1695618966.8506148
1,8704,1695618966.8707142
1,8736,1695618966.8899186
1,8768,1695618966.905515
1,8800,1695618966.9291117
1,8832,1695618966.9486678
1,8864,1695618966.9693224
1,8896,1695618966.9929879
1,8928,1695618967.0127845
1,8960,1695618967.031228
1,8992,1695618967.0503426
1,9024,1695618967.0751255
1,9056,1695618967.0960784
1,9088,1695618967.1174204
1,9120,1695618967.137355
1,9152,1695618967.1607444
1,9184,1695618967.182809
1,9216,1695618967.2023547
1,9248,1695618967.2225027
1,9280,1695618967.2423217
1,9312,1695618967.2621129
1,9344,1695618967.282391
1,9376,1695618967.3018324
1,9408,1695618967.3225117
1,9440,1695618967.342185
1,9472,1695618967.3661942
1,9504,1695618967.385968
1,9536,1695618967.4038737
1,9568,1695618967.4232028
1,9600,1695618967.4456198
1,9632,1695618967.4645815
1,9664,1695618967.483815
1,9696,1695618967.5069063
1,9728,1695618967.5273561
1,9760,1695618967.5483844
1,9792,1695618967.5669203
1,9824,1695618967.5852656
1,9856,1695618967.6021297
1,9888,1695618967.6166408
1,9920,1695618967.641352
1,9952,1695618967.658653
1,9984,1695618967.6777768
1,10016,1695618967.6985483
1,10048,1695618967.720181
1,10080,1695618967.7409887
1,10112,1695618967.7626739
1,10144,1695618967.782004
1,10176,1695618967.8022964
1,10208,1695618967.82239
1,10240,1695618967.8420277
1,10272,1695618967.8624763
1,10304,1695618967.882402
1,10336,1695618967.901708
1,10368,1695618967.921029
1,10400,1695618967.9409006
1,10432,1695618967.955893
1,10464,1695618967.9721212
1,10496,1695618967.9943
1,10528,1695618968.011754
1,10560,1695618968.029495
1,10592,1695618968.0471377
1,10624,1695618968.0636423
1,10656,1695618968.0806308
1,10688,1695618968.1060188
1,10720,1695618968.128449
1,10752,1695618968.150542
1,10784,1695618968.1700344
1,10816,1695618968.1907227
1,10848,1695618968.2163725
1,10880,1695618968.2374492
1,10912,1695618968.261011
1,10944,1695618968.2791827
1,10976,1695618968.2969563
1,11008,1695618968.3184612
1,11040,1695618968.3377898
1,11072,1695618968.3571892
1,11104,1695618968.3777127
1,11136,1695618968.3952498
1,11168,1695618968.410746
1,11200,1695618968.4302025
1,11232,1695618968.4484854
1,11264,1695618968.4663296
1,11296,1695618968.4903283
1,11328,1695618968.5095568
1,11360,1695618968.5275197
1,11392,1695618968.5467181
1,11424,1695618968.5709393
1,11456,1695618968.5909863
1,11488,1695618968.6060221
1,11520,1695618968.6284294
1,11552,1695618968.6508186
1,11584,1695618968.670767
1,11616,1695618968.692246
1,11648,1695618968.712926
1,11680,1695618968.7333765
1,11712,1695618968.7526877
1,11744,1695618968.776847
1,11776,1695618968.798822
1,11808,1695618968.8135202
1,11840,1695618968.8338804
1,11872,1695618968.8547175
1,11904,1695618968.8741841
1,11936,1695618968.9016085
1,11968,1695618968.9194849
1,12000,1695618968.9443808
1,12032,1695618968.9665267
1,12064,1695618968.981624
1,12096,1695618969.0017295
1,12128,1695618969.0197456
1,12160,1695618969.0397565
1,12192,1695618969.062427
1,12224,1695618969.082817
1,12256,1695618969.0978422
1,12288,1695618969.1209598
1,12320,1695618969.1386857
1,12352,1695618969.1584067
1,12384,1695618969.178092
1,12416,1695618969.1985388
1,12448,1695618969.2182739
1,12480,1695618969.2382157
1,12512,1695618969.258294
1,12544,1695618969.2781622
1,12576,1695618969.2986722
1,12608,1695618969.3183181
1,12640,1695618969.338226
1,12672,1695618969.3583384
1,12704,1695618969.3783917
1,12736,1695618969.3981495
1,12768,1695618969.4183679
1,12800,1695618969.4381492
1,12832,1695618969.4585156
1,12864,1695618969.4781072
1,12896,1695618969.4984248
1,12928,1695618969.518167
1,12960,1695618969.5384343
1,12992,1695618969.5579987
1,13024,1695618969.5785592
1,13056,1695618969.5924406
1,13088,1695618969.619113
1,13120,1695618969.639297
1,13152,1695618969.6601212
1,13184,1695618969.6808586
1,13216,1695618969.702837
1,13248,1695618969.7222283
1,13280,1695618969.744562
1,13312,1695618969.765947
1,13344,1695618969.7934232
1,13376,1695618969.8179498
1,13408,1695618969.847326
1,13440,1695618969.869684
1,13472,1695618969.8903441
1,13504,1695618969.910195
1,13536,1695618969.930218
1,13568,1695618969.9503157
1,13600,1695618969.970376
1,13632,1695618969.989924
1,13664,1695618970.0107558
1,13696,1695618970.0245922
1,13728,1695618970.04397
1,13760,1695618970.0693302
1,13792,1695618970.088003
1,13824,1695618970.1136637
1,13856,1695618970.1318364
1,13888,1695618970.15232
1,13920,1695618970.1731794
1,13952,1695618970.1935341
1,13984,1695618970.213661
1,14016,1695618970.2336633
1,14048,1695618970.252985
1,14080,1695618970.272922
1,14112,1695618970.297506
1,14144,1695618970.316714
1,14176,1695618970.3349278
1,14208,1695618970.3570724
1,14240,1695618970.37868
1,14272,1695618970.3983817
1,14304,1695618970.4188092
1,14336,1695618970.4384792
1,14368,1695618970.460754
1,14400,1695618970.4790146
1,14432,1695618970.4968011
1,14464,1695618970.51711
1,14496,1695618970.5402172
1,14528,1695618970.5603495
1,14560,1695618970.5789006
1,14592,1695618970.6011422
1,14624,1695618970.6227195
1,14656,1695618970.6420143
1,14688,1695618970.662511
1,14720,1695618970.6821473
1,14752,1695618970.7022433
1,14784,1695618970.722072
1,14816,1695618970.7424407
1,14848,1695618970.7619934
1,14880,1695618970.7826717
1,14912,1695618970.7974453
1,14944,1695618970.8211849
1,14976,1695618970.8401675
1,15008,1695618970.863336
1,15040,1695618970.887895
1,15072,1695618970.9070578
1,15104,1695618970.9252594
1,15136,1695618970.945745
1,15168,1695618970.9657707
1,15200,1695618970.9869757
1,15232,1695618971.0067897
1,15264,1695618971.032484
1,15296,1695618971.0507169
1,15328,1695618971.0692983
1,15360,1695618971.0905719
1,15392,1695618971.1101336
1,15424,1695618971.1305609
1,15456,1695618971.1503193
1,15488,1695618971.1700644
1,15520,1695618971.1906931
1,15552,1695618971.2099092
1,15584,1695618971.2304797
1,15616,1695618971.2531323
1,15648,1695618971.2747636
1,15680,1695618971.2940233
1,15712,1695618971.3144717
1,15744,1695618971.334347
1,15776,1695618971.3544655
1,15808,1695618971.3740714
1,15840,1695618971.3941162
1,15872,1695618971.4146736
1,15904,1695618971.4346728
1,15936,1695618971.4560118
1,15968,1695618971.4755807
1,16000,1695618971.4968696
1,16032,1695618971.5189803
1,16064,1695618971.537516
1,16096,1695618971.5598862
1,16128,1695618971.5827854
1,16160,1695618971.6014097
1,16192,1695618971.6262894
1,16224,1695618971.6454568
1,16256,1695618971.6637282
1,16288,1695618971.682321
1,16320,1695618971.7065792
1,16352,1695618971.7268355
1,16384,1695618971.7461941
1,16416,1695618971.762836
1,16448,1695618971.7808006
1,16480,1695618971.8014176
1,16512,1695618971.8230813
1,16544,1695618971.8428109
1,16576,1695618971.8668892
1,16608,1695618971.883522
1,16640,1695618971.906656
1,16672,1695618971.930236
1,16704,1695618971.954919
1,16736,1695618971.971931
1,16768,1695618971.9941163
1,16800,1695618972.018589
1,16832,1695618972.035601
1,16864,1695618972.0581493
1,16896,1695618972.0799417
1,16928,1695618972.1004534
1,16960,1695618972.1241598
1,16992,1695618972.1454275
1,17024,1695618972.1678085
1,17056,1695618972.1898878
1,17088,1695618972.2107728
1,17120,1695618972.2303436
1,17152,1695618972.2552195
1,17184,1695618972.2707784
1,17216,1695618972.291462
1,17248,1695618972.3147385
1,17280,1695618972.3299198
1,17312,1695618972.3503056
1,17344,1695618972.37043
1,17376,1695618972.3900602
1,17408,1695618972.4105897
1,17440,1695618972.4332352
1,17472,1695618972.454809
1,17504,1695618972.474647
1,17536,1695618972.4990747
1,17568,1695618972.520877
1,17600,1695618972.54281
1,17632,1695618972.566425
1,17664,1695618972.58818
1,17696,1695618972.609809
1,17728,1695618972.6305027
1,17760,1695618972.6503496
1,17792,1695618972.6731849
1,17824,1695618972.6949747
1,17856,1695618972.7147584
1,17888,1695618972.738571
1,17920,1695618972.7628753
1,17952,1695618972.7838967
1,17984,1695618972.8070424
1,18016,1695618972.827018
1,18048,1695618972.8492742
1,18080,1695618972.8707952
1,18112,1695618972.89114
1,18144,1695618972.9127262
1,18176,1695618972.933917
1,18208,1695618972.9542513
1,18240,1695618972.9744782
1,18272,1695618972.994172
1,18304,1695618973.014369
1,18336,1695618973.0342753
1,18368,1695618973.054342
1,18400,1695618973.0745928
1,18432,1695618973.0952904
1,18464,1695618973.1191885
1,18496,1695618973.1401484
1,18528,1695618973.1626644
1,18560,1695618973.183427
1,18592,1695618973.206714
1,18624,1695618973.230413
1,18656,1695618973.2522643
1,18688,1695618973.2746916
1,18720,1695618973.2896543
1,18752,1695618973.3131037
1,18784,1695618973.3328607
1,18816,1695618973.3549666
1,18848,1695618973.3751771
1,18880,1695618973.3976471
1,18912,1695618973.4201517
1,18944,1695618973.4429
1,18976,1695618973.4629111
1,19008,1695618973.487281
1,19040,1695618973.5091887
1,19072,1695618973.5308142
1,19104,1695618973.5455964
1,19136,1695618973.5598805
1,19168,1695618973.5744355
1,19200,1695618973.587873
1,19232,1695618973.6018875
1,19264,1695618973.6179888
1,19296,1695618973.6327019
1,19328,1695618973.6520655
1,19360,1695618973.6728346
1,19392,1695618973.6921284
1,19424,1695618973.712649
1,19456,1695618973.73208
1,19488,1695618973.752471
1,19520,1695618973.7724955
1,19552,1695618973.7925553
1,19584,1695618973.8125043
1,19616,1695618973.8320324
1,19648,1695618973.8525925
1,19680,1695618973.8724468
1,19712,1695618973.89258
1,19744,1695618973.912481
1,19776,1695618973.9326587
1,19808,1695618973.9521818
1,19840,1695618973.9672863
1,19872,1695618973.9844677
1,19904,1695618974.004597
1,19936,1695618974.0244992
1,19968,1695618974.044501
1,20000,1695618974.0646517
1,20032,1695618974.0842154
1,20064,1695618974.1047313
1,20096,1695618974.1240532
1,20128,1695618974.1381013
1,20160,1695618974.1527004
1,20192,1695618974.1669714
1,20224,1695618974.1829598
1,20256,1695618974.1960495
1,20288,1695618974.219233
1,20320,1695618974.2377255
1,20352,1695618974.259691
1,20384,1695618974.282903
1,20416,1695618974.302331
1,20448,1695618974.3187194
1,20480,1695618974.337381
1,20512,1695618974.3542926
1,20544,1695618974.370896
1,20576,1695618974.3900642
1,20608,1695618974.4159284
1,20640,1695618974.430497
1,20672,1695618974.4470115
1,20704,1695618974.4720516
1,20736,1695618974.4901705
1,20768,1695618974.5097032
1,20800,1695618974.5281966
1,20832,1695618974.548433
1,20864,1695618974.5684009
1,20896,1695618974.5884142
1,20928,1695618974.6083553
1,20960,1695618974.6282773
1,20992,1695618974.6486263
1,21024,1695618974.6688318
1,21056,1695618974.6863966
1,21088,1695618974.707556
1,21120,1695618974.7289271
1,21152,1695618974.7518706
1,21184,1695618974.772818
1,21216,1695618974.7959332
1,21248,1695618974.815389
1,21280,1695618974.8284638
1,21312,1695618974.8432662
1,21344,1695618974.8572023
1,21376,1695618974.873324
1,21408,1695618974.8891525
1,21440,1695618974.904813
1,21472,1695618974.9201488
1,21504,1695618974.9357443
1,21536,1695618974.9510958
1,21568,1695618974.9680777
1,21600,1695618974.988289
1,21632,1695618975.0087864
1,21664,1695618975.0219183
1,21696,1695618975.0369842
1,21728,1695618975.05556
1,21760,1695618975.076378
1,21792,1695618975.092725
1,21824,1695618975.1106224
1,21856,1695618975.1361208
1,21888,1695618975.157392
1,21920,1695618975.1728158
1,21952,1695618975.1888704
1,21984,1695618975.2166343
1,22016,1695618975.2374895
1,22048,1695618975.2622218
1,22080,1695618975.2843924
1,22112,1695618975.307606
1,22144,1695618975.3296955
1,22176,1695618975.3517456
1,22208,1695618975.3713267
1,22240,1695618975.3976336
1,22272,1695618975.4200118
1,22304,1695618975.4433453
1,22336,1695618975.4637647
1,22368,1695618975.489984
1,22400,1695618975.5127823
1,22432,1695618975.5350978
1,22464,1695618975.5590515
1,22496,1695618975.5820055
1,22528,1695618975.60348
1,22560,1695618975.6238356
1,22592,1695618975.6500165
1,22624,1695618975.669525
1,22656,1695618975.68829
1,22688,1695618975.7105763
1,22720,1695618975.7312973
1,22752,1695618975.75461
1,22784,1695618975.778155
1,22816,1695618975.7936234
1,22848,1695618975.81023
1,22880,1695618975.8340278
1,22912,1695618975.8522172
1,22944,1695618975.8739219
1,22976,1695618975.8951106
1,23008,1695618975.9156945
1,23040,1695618975.941732
1,23072,1695618975.9648669
1,23104,1695618975.987256
1,23136,1695618976.0079846
1,23168,1695618976.0340495
1,23200,1695618976.053541
1,23232,1695618976.0797899
1,23264,1695618976.1020877
1,23296,1695618976.1247306
1,23328,1695618976.1518674
1,23360,1695618976.1730123
1,23392,1695618976.188355
1,23424,1695618976.2052646
1,23456,1695618976.2280576
1,23488,1695618976.2548552
1,23520,1695618976.271972
1,23552,1695618976.2937856
1,23584,1695618976.315837
1,23616,1695618976.3363626
1,23648,1695618976.3612578
1,23680,1695618976.3847206
1,23712,1695618976.4067204
1,23744,1695618976.4333668
1,23776,1695618976.4574876
1,23808,1695618976.4782958
1,23840,1695618976.5033581
1,23872,1695618976.5260012
1,23904,1695618976.5465775
1,23936,1695618976.571341
1,23968,1695618976.5941865
1,24000,1695618976.619987
1,24032,1695618976.641861
1,24064,1695618976.668706
1,24096,1695618976.690028
1,24128,1695618976.7150352
1,24160,1695618976.7385
1,24192,1695618976.765047
1,24224,1695618976.7891235
1,24256,1695618976.8110027
1,24288,1695618976.832127
1,24320,1695618976.8567808
1,24352,1695618976.8785143
1,24384,1695618976.9006782
1,24416,1695618976.9226017
1,24448,1695618976.949471
1,24480,1695618976.9724734
1,24512,1695618976.9951975
1,24544,1695618977.0162442
1,24576,1695618977.0386941
1,24608,1695618977.0650318
1,24640,1695618977.0863667
1,24672,1695618977.1084611
1,24704,1695618977.1283517
1,24736,1695618977.1435356
1,24768,1695618977.1601026
1,24800,1695618977.1763434
1,24832,1695618977.1957226
1,24864,1695618977.2198145
1,24896,1695618977.2406669
1,24928,1695618977.2628336
1,24960,1695618977.2871406
1,24992,1695618977.3129103
1,25024,1695618977.3351989
1,25056,1695618977.3564537
1,25088,1695618977.3767345
1,25120,1695618977.391865
1,25152,1695618977.4095929
1,25184,1695618977.4266033
1,25216,1695618977.4454324
1,25248,1695618977.46151
1,25280,1695618977.4788625
1,25312,1695618977.4967577
1,25344,1695618977.5168643
1,25376,1695618977.5399976
1,25408,1695618977.5622892
1,25440,1695618977.589173
1,25472,1695618977.610377
1,25504,1695618977.631178
1,25536,1695618977.6522331
1,25568,1695618977.675762
1,25600,1695618977.6988766
1,25632,1695618977.721543
1,25664,1695618977.743821
1,25696,1695618977.765067
1,25728,1695618977.7879176
1,25760,1695618977.8089864
1,25792,1695618977.8319511
1,25824,1695618977.8531847
1,25856,1695618977.8758912
1,25888,1695618977.897381
1,25920,1695618977.9198217
1,25952,1695618977.9410782
1,25984,1695618977.9637136
1,26016,1695618977.9783225
1,26048,1695618977.9964092
1,26080,1695618978.0136843
1,26112,1695618978.0356424
1,26144,1695618978.0599148
1,26176,1695618978.0813925
1,26208,1695618978.1038818
1,26240,1695618978.12326
1,26272,1695618978.1471007
1,26304,1695618978.1705196
1,26336,1695618978.1913328
1,26368,1695618978.2125072
1,26400,1695618978.2277677
1,26432,1695618978.2447991
1,26464,1695618978.2614768
1,26496,1695618978.2828586
1,26528,1695618978.297485
1,26560,1695618978.3151164
1,26592,1695618978.3325715
1,26624,1695618978.3527336
1,26656,1695618978.3683758
1,26688,1695618978.391053
1,26720,1695618978.407053
1,26752,1695618978.4277298
1,26784,1695618978.450089
1,26816,1695618978.4708958
1,26848,1695618978.4865992
1,26880,1695618978.5051446
1,26912,1695618978.5204961
1,26944,1695618978.5388696
1,26976,1695618978.5565796
1,27008,1695618978.5768855
1,27040,1695618978.5922737
1,27072,1695618978.6109328
1,27104,1695618978.6289544
1,27136,1695618978.648974
1,27168,1695618978.6645055
1,27200,1695618978.6830468
1,27232,1695618978.7081094
1,27264,1695618978.729292
1,27296,1695618978.7517993
1,27328,1695618978.7721639
1,27360,1695618978.7978756
1,27392,1695618978.8206582
1,27424,1695618978.835291
1,27456,1695618978.852817
1,27488,1695618978.8700683
1,27520,1695618978.8888988
1,27552,1695618978.9048612
1,27584,1695618978.9216938
1,27616,1695618978.939428
1,27648,1695618978.962776
1,27680,1695618978.986565
1,27712,1695618979.0095663
1,27744,1695618979.0312207
1,27776,1695618979.052205
1,27808,1695618979.067407
1,27840,1695618979.0846038
1,27872,1695618979.1017053
1,27904,1695618979.1256597
1,27936,1695618979.1414204
1,27968,1695618979.1595883
1,28000,1695618979.177422
1,28032,1695618979.1996243
1,28064,1695618979.215473
1,28096,1695618979.2321897
1,28128,1695618979.2484798
1,28160,1695618979.2677774
1,28192,1695618979.2917712
1,28224,1695618979.314749
1,28256,1695618979.3385122
1,28288,1695618979.3623343
1,28320,1695618979.3771505
1,28352,1695618979.3950715
1,28384,1695618979.4116635
1,28416,1695618979.430044
1,28448,1695618979.4579625
1,28480,1695618979.4787252
1,28512,1695618979.497232
1,28544,1695618979.515922
1,28576,1695618979.534227
1,28608,1695618979.554884
1,28640,1695618979.5763245
1,28672,1695618979.599728
1,28704,1695618979.6142652
1,28736,1695618979.6319954
1,28768,1695618979.64971
1,28800,1695618979.671586
1,28832,1695618979.6958697
1,28864,1695618979.7182782
1,28896,1695618979.7415879
1,28928,1695618979.7639098
1,28960,1695618979.779447
1,28992,1695618979.796932
1,29024,1695618979.8141077
1,29056,1695618979.837697
1,29088,1695618979.8536975
1,29120,1695618979.8722358
1,29152,1695618979.8899596
1,29184,1695618979.9111128
1,29216,1695618979.9358385
1,29248,1695618979.957156
1,29280,1695618979.979912
1,29312,1695618980.0028617
1,29344,1695618980.028279
1,29376,1695618980.0508542
1,29408,1695618980.0676882
1,29440,1695618980.0899284
1,29472,1695618980.111617
1,29504,1695618980.1343942
1,29536,1695618980.1516256
1,29568,1695618980.173682
1,29600,1695618980.1890447
1,29632,1695618980.2066548
1,29664,1695618980.2246788
1,29696,1695618980.2452207
1,29728,1695618980.2609155
1,29760,1695618980.2794592
1,29792,1695618980.2975051
1,29824,1695618980.3194654
1,29856,1695618980.3438218
1,29888,1695618980.3667202
1,29920,1695618980.3835928
1,29952,1695618980.40596
1,29984,1695618980.4236763
1,30016,1695618980.4413552
1,30048,1695618980.4620323
1,30080,1695618980.4836352
1,30112,1695618980.5044456
1,30144,1695618980.5277545
1,30176,1695618980.549172
1,30208,1695618980.5717266
1,30240,1695618980.5929463
1,30272,1695618980.6156151
1,30304,1695618980.6376593
1,30336,1695618980.6567445
1,30368,1695618980.6722512
1,30400,1695618980.6903763
1,30432,1695618980.7162592
1,30464,1695618980.736894
1,30496,1695618980.7587628
1,30528,1695618980.7832491
1,30560,1695618980.8062809
1,30592,1695618980.8271737
1,30624,1695618980.8484862
1,30656,1695618980.8710034
1,30688,1695618980.8932536
1,30720,1695618980.9155848
1,30752,1695618980.9372602
1,30784,1695618980.9594579
1,30816,1695618980.9800773
1,30848,1695618981.0060863
1,30880,1695618981.0259607
1,30912,1695618981.0480204
1,30944,1695618981.065665
1,30976,1695618981.0832608
1,31008,1695618981.102867
1,31040,1695618981.126909
1,31072,1695618981.151632
1,31104,1695618981.1733813
1,31136,1695618981.1951845
1,31168,1695618981.217339
1,31200,1695618981.2386794
1,31232,1695618981.2630718
1,31264,1695618981.2783437
1,31296,1695618981.293793
1,31328,1695618981.310488
1,31360,1695618981.3338804
1,31392,1695618981.3589597
1,31424,1695618981.3807352
1,31456,1695618981.4024322
1,31488,1695618981.426036
1,31520,1695618981.4474535
1,31552,1695618981.470849
1,31584,1695618981.4877126
1,31616,1695618981.5098536
1,31648,1695618981.531569
1,31680,1695618981.5508018
1,31712,1695618981.5763958
1,31744,1695618981.5978205
1,31776,1695618981.6117113
1,31808,1695618981.6280968
1,31840,1695618981.6437507
1,31872,1695618981.6676438
1,31904,1695618981.6906927
1,31936,1695618981.7125332
1,31968,1695618981.7379947
1,32000,1695618981.7583635
1,32032,1695618981.7730289
1,32064,1695618981.790971
1,32096,1695618981.809181
1,32128,1695618981.83191
1,32160,1695618981.852658
1,32192,1695618981.8719156
1,32224,1695618981.8919806
1,32256,1695618981.915199
1,32288,1695618981.941545
1,32320,1695618981.9559746
1,32352,1695618981.9714165
1,32384,1695618981.987288
1,32416,1695618982.0034914
1,32448,1695618982.0204449
1,32480,1695618982.0368366
1,32512,1695618982.0532784
1,32544,1695618982.0704706
1,32576,1695618982.0874214
1,32608,1695618982.1039011
1,32640,1695618982.1204498
1,32672,1695618982.1465406
1,32704,1695618982.1621315
1,32736,1695618982.1778743
1,32768,1695618982.194476
1,32800,1695618982.217039
1,32832,1695618982.2343612
1,32864,1695618982.2505279
1,32896,1695618982.2673903
1,32928,1695618982.293777
1,32960,1695618982.3085556
1,32992,1695618982.3237705
1,33024,1695618982.340163
1,33056,1695618982.3566477
1,33088,1695618982.372981
1,33120,1695618982.3895252
1,33152,1695618982.406673
1,33184,1695618982.4280734
1,33216,1695618982.4437497
1,33248,1695618982.4594934
1,33280,1695618982.4763687
1,33312,1695618982.5009038
1,33344,1695618982.51646
1,33376,1695618982.5329368
1,33408,1695618982.5495455
1,33440,1695618982.566005
1,33472,1695618982.586071
1,33504,1695618982.607677
1,33536,1695618982.6333172
1,33568,1695618982.6524894
1,33600,1695618982.6784487
1,33632,1695618982.695585
1,33664,1695618982.7174656
1,33696,1695618982.7408295
1,33728,1695618982.762231
1,33760,1695618982.7787242
1,33792,1695618982.794499
1,33824,1695618982.8111117
1,33856,1695618982.8281703
1,33888,1695618982.8447247
1,33920,1695618982.8616147
1,33952,1695618982.8787196
1,33984,1695618982.8951862
1,34016,1695618982.9116657
1,34048,1695618982.9281971
1,34080,1695618982.9447172
1,34112,1695618982.9611156
1,34144,1695618982.977976
1,34176,1695618982.9936934
1,34208,1695618983.016828
1,34240,1695618983.0362482
1,34272,1695618983.0550566
1,34304,1695618983.075111
1,34336,1695618983.095216
1,34368,1695618983.1159372
1,34400,1695618983.1396506
1,34432,1695618983.161516
1,34464,1695618983.1764607
1,34496,1695618983.1944883
1,34528,1695618983.2124946
1,34560,1695618983.2296498
1,34592,1695618983.246499
1,34624,1695618983.2635324
1,34656,1695618983.2799776
1,34688,1695618983.2963758
1,34720,1695618983.312959
1,34752,1695618983.3293579
1,34784,1695618983.3464086
1,34816,1695618983.3628862
1,34848,1695618983.3785777
1,34880,1695618983.3960922
1,34912,1695618983.4118717
1,34944,1695618983.4288015
1,34976,1695618983.44549
1,35008,1695618983.4627852
1,35040,1695618983.4783952
1,35072,1695618983.4949713
1,35104,1695618983.5119503
1,35136,1695618983.5285459
1,35168,1695618983.5449579
1,35200,1695618983.5614142
1,35232,1695618983.5769813
1,35264,1695618983.5944946
1,35296,1695618983.611474
1,35328,1695618983.627294
1,35360,1695618983.6426327
1,35392,1695618983.6575575
1,35424,1695618983.6760628
1,35456,1695618983.6970215
1,35488,1695618983.7167518
1,35520,1695618983.7361326
1,35552,1695618983.7559693
1,35584,1695618983.7759137
1,35616,1695618983.7959654
1,35648,1695618983.8163402
1,35680,1695618983.836082
1,35712,1695618983.855881
1,35744,1695618983.8747869
1,35776,1695618983.8972266
1,35808,1695618983.9184756
1,35840,1695618983.9392242
1,35872,1695618983.9599037
1,35904,1695618983.9857638
1,35936,1695618984.0086524
1,35968,1695618984.0315206
1,36000,1695618984.0550947
1,36032,1695618984.0785637
1,36064,1695618984.0953753
1,36096,1695618984.1179574
1,36128,1695618984.1424537
1,36160,1695618984.1658995
1,36192,1695618984.192319
1,36224,1695618984.2156913
1,36256,1695618984.2367048
1,36288,1695618984.2600589
1,36320,1695618984.281405
1,36352,1695618984.3038828
1,36384,1695618984.3268993
1,36416,1695618984.3521187
1,36448,1695618984.3746843
1,36480,1695618984.3960495
1,36512,1695618984.4220111
1,36544,1695618984.4452353
1,36576,1695618984.4661646
1,36608,1695618984.4873488
1,36640,1695618984.5091717
1,36672,1695618984.5318024
1,36704,1695618984.5524347
1,36736,1695618984.5748634
1,36768,1695618984.596327
1,36800,1695618984.6201987
1,36832,1695618984.641732
1,36864,1695618984.6630397
1,36896,1695618984.6899052
1,36928,1695618984.709924
1,36960,1695618984.7314072
1,36992,1695618984.7524426
1,37024,1695618984.775762
1,37056,1695618984.796686
1,37088,1695618984.8199978
1,37120,1695618984.8429806
1,37152,1695618984.865961
1,37184,1695618984.8878243
1,37216,1695618984.9082224
1,37248,1695618984.932074
1,37280,1695618984.9530954
1,37312,1695618984.9758232
1,37344,1695618984.9973917
1,37376,1695618985.0198836
1,37408,1695618985.041356
1,37440,1695618985.063875
1,37472,1695618985.0868132
1,37504,1695618985.1098275
1,37536,1695618985.131615
1,37568,1695618985.153176
1,37600,1695618985.1758316
1,37632,1695618985.1970809
1,37664,1695618985.2198868
1,37696,1695618985.2427275
1,37728,1695618985.267329
1,37760,1695618985.2899883
1,37792,1695618985.3113637
1,37824,1695618985.3347943
1,37856,1695618985.358259
1,37888,1695618985.3791258
1,37920,1695618985.4025517
1,37952,1695618985.4264607
1,37984,1695618985.452448
1,38016,1695618985.4743423
1,38048,1695618985.5008316
1,38080,1695618985.5223699
1,38112,1695618985.547078
1,38144,1695618985.5702367
1,38176,1695618985.5911615
1,38208,1695618985.6128805
1,38240,1695618985.635832
1,38272,1695618985.6570325
1,38304,1695618985.6801603
1,38336,1695618985.700778
1,38368,1695618985.7258167
1,38400,1695618985.7488487
1,38432,1695618985.7715666
1,38464,1695618985.792632
1,38496,1695618985.8158944
1,38528,1695618985.837148
1,38560,1695618985.8595684
1,38592,1695618985.8822265
1,38624,1695618985.90673
1,38656,1695618985.9293709
1,38688,1695618985.95152
1,38720,1695618985.9729757
1,38752,1695618985.9957702
1,38784,1695618986.0174475
1,38816,1695618986.036574
1,38848,1695618986.060242
1,38880,1695618986.0828319
1,38912,1695618986.1070087
1,38944,1695618986.1299098
1,38976,1695618986.1516201
1,39008,1695618986.1725903
1,39040,1695618986.1960351
1,39072,1695618986.217351
1,39104,1695618986.239978
1,39136,1695618986.2610047
1,39168,1695618986.2840993
1,39200,1695618986.305201
1,39232,1695618986.328088
1,39264,1695618986.3494546
1,39296,1695618986.3718495
1,39328,1695618986.392466
1,39360,1695618986.4159086
1,39392,1695618986.4371648
1,39424,1695618986.459601
1,39456,1695618986.480959
1,39488,1695618986.503565
1,39520,1695618986.5245707
1,39552,1695618986.5470774
1,39584,1695618986.565668
1,39616,1695618986.5851474
1,39648,1695618986.6131763
1,39680,1695618986.6343365
1,39712,1695618986.655082
1,39744,1695618986.6772478
1,39776,1695618986.6981628
1,39808,1695618986.7157729
1,39840,1695618986.735938
1,39872,1695618986.7589412
1,39904,1695618986.775731
1,39936,1695618986.7975886
1,39968,1695618986.8167498
1,40000,1695618986.8377743
1,40032,1695618986.8596556
1,40064,1695618986.8809953
1,40096,1695618986.9036636
1,40128,1695618986.9248774
1,40160,1695618986.9479766
1,40192,1695618986.9694355
1,40224,1695618986.9917028
1,40256,1695618987.014803
1,40288,1695618987.0397434
1,40320,1695618987.0614078
1,40352,1695618987.0837145
1,40384,1695618987.1053407
1,40416,1695618987.1278613
1,40448,1695618987.1488967
1,40480,1695618987.1718798
1,40512,1695618987.1930292
1,40544,1695618987.215991
1,40576,1695618987.2374403
1,40608,1695618987.2598586
1,40640,1695618987.2815173
1,40672,1695618987.303744
1,40704,1695618987.3247094
1,40736,1695618987.347934
1,40768,1695618987.3693643
1,40800,1695618987.391776
1,40832,1695618987.4125206
1,40864,1695618987.4357786
1,40896,1695618987.457186
1,40928,1695618987.4796867
1,40960,1695618987.500776
1,40992,1695618987.5240886
1,41024,1695618987.5448358
1,41056,1695618987.5671308
1,41088,1695618987.589543
1,41120,1695618987.6076994
1,41152,1695618987.6301668
1,41184,1695618987.6518302
1,41216,1695618987.6724393
1,41248,1695618987.6957555
1,41280,1695618987.7168076
1,41312,1695618987.7387557
1,41344,1695618987.7555342
1,41376,1695618987.7782738
1,41408,1695618987.8024569
1,41440,1695618987.828979
1,41472,1695618987.8504262
1,41504,1695618987.8711495
1,41536,1695618987.8952444
1,41568,1695618987.9188306
1,41600,1695618987.9411857
1,41632,1695618987.9637995
1,41664,1695618987.9853513
1,41696,1695618988.007946
1,41728,1695618988.0288513
1,41760,1695618988.0539272
1,41792,1695618988.0718079
1,41824,1695618988.0935764
1,41856,1695618988.1155777
1,41888,1695618988.1369445
1,41920,1695618988.1597562
1,41952,1695618988.1808507
1,41984,1695618988.2038772
1,42016,1695618988.2248585
1,42048,1695618988.2479281
1,42080,1695618988.2635539
1,42112,1695618988.2796962
1,42144,1695618988.2967076
1,42176,1695618988.313185
1,42208,1695618988.3299139
1,42240,1695618988.3469417
1,42272,1695618988.363362
1,42304,1695618988.3800757
1,42336,1695618988.3964927
1,42368,1695618988.4129388
1,42400,1695618988.4296212
1,42432,1695618988.4465876
1,42464,1695618988.463147
1,42496,1695618988.4797673
1,42528,1695618988.4961221
1,42560,1695618988.512523
1,42592,1695618988.5363793
1,42624,1695618988.5585992
1,42656,1695618988.5789213
1,42688,1695618988.6035151
1,42720,1695618988.6264186
1,42752,1695618988.6471896
1,42784,1695618988.669302
1,42816,1695618988.692075
1,42848,1695618988.7126253
1,42880,1695618988.735715
1,42912,1695618988.753283
1,42944,1695618988.7771642
1,42976,1695618988.7982574
1,43008,1695618988.8230674
1,43040,1695618988.8461657
1,43072,1695618988.8727045
1,43104,1695618988.894739
1,43136,1695618988.917281
1,43168,1695618988.9398837
1,43200,1695618988.9606378
1,43232,1695618988.984005
1,43264,1695618989.005125
1,43296,1695618989.027651
1,43328,1695618989.0489373
1,43360,1695618989.0719874
1,43392,1695618989.0874956
1,43424,1695618989.1036167
1,43456,1695618989.1205757
1,43488,1695618989.1372638
1,43520,1695618989.1539667
1,43552,1695618989.1707537
1,43584,1695618989.1863303
1,43616,1695618989.2029438
1,43648,1695618989.219933
1,43680,1695618989.2364583
1,43712,1695618989.2529333
1,43744,1695618989.2698948
1,43776,1695618989.286535
1,43808,1695618989.302708
1,43840,1695618989.3184707
1,43872,1695618989.3349984
1,43904,1695618989.3519845
1,43936,1695618989.368499
1,43968,1695618989.3848398
1,44000,1695618989.4016044
1,44032,1695618989.4186087
1,44064,1695618989.4352183
1,44096,1695618989.4515774
1,44128,1695618989.4672651
1,44160,1695618989.4822383
1,44192,1695618989.499222
1,44224,1695618989.515575
1,44256,1695618989.5304666
1,44288,1695618989.5474591
1,44320,1695618989.5641644
1,44352,1695618989.5805755
1,44384,1695618989.59734
1,44416,1695618989.6148229
1,44448,1695618989.6318247
1,44480,1695618989.6479473
1,44512,1695618989.6635494
1,44544,1695618989.678441
1,44576,1695618989.6954224
1,44608,1695618989.7141402
1,44640,1695618989.7306325
1,44672,1695618989.7504663
1,44704,1695618989.7671201
1,44736,1695618989.7835808
1,44768,1695618989.8001497
1,44800,1695618989.8168373
1,44832,1695618989.8400307
1,44864,1695618989.8625283
1,44896,1695618989.8873165
1,44928,1695618989.9100876
1,44960,1695618989.9358308
1,44992,1695618989.9579027
1,45024,1695618989.984106
1,45056,1695618990.00607
1,45088,1695618990.032095
1,45120,1695618990.0555372
1,45152,1695618990.076859
1,45184,1695618990.0987287
1,45216,1695618990.1229317
1,45248,1695618990.1458335
1,45280,1695618990.1683943
1,45312,1695618990.193713
1,45344,1695618990.2167692
1,45376,1695618990.241937
1,45408,1695618990.2631395
1,45440,1695618990.281083
1,45472,1695618990.30267
1,45504,1695618990.32899
1,45536,1695618990.3500934
1,45568,1695618990.374652
1,45600,1695618990.3983407
1,45632,1695618990.4252455
1,45664,1695618990.4459822
1,45696,1695618990.4719794
1,45728,1695618990.4938688
1,45760,1695618990.5201266
1,45792,1695618990.542028
1,45824,1695618990.5589454
1,45856,1695618990.576002
1,45888,1695618990.5926244
1,45920,1695618990.6092029
1,45952,1695618990.6259496
1,45984,1695618990.6429741
1,46016,1695618990.6594493
1,46048,1695618990.67593
1,46080,1695618990.69234
1,46112,1695618990.708805
1,46144,1695618990.725365
1,46176,1695618990.742087
1,46208,1695618990.758402
1,46240,1695618990.7745528
1,46272,1695618990.7899618
1,46304,1695618990.8105295
1,46336,1695618990.8304634
1,46368,1695618990.8574588
1,46400,1695618990.8729
1,46432,1695618990.8941162
1,46464,1695618990.914898
1,46496,1695618990.9346642
1,46528,1695618990.955225
1,46560,1695618990.9751747
1,46592,1695618990.9944706
1,46624,1695618991.0146246
1,46656,1695618991.0380158
1,46688,1695618991.057144
1,46720,1695618991.0756853
1,46752,1695618991.1046546
1,46784,1695618991.1205418
1,46816,1695618991.139633
1,46848,1695618991.1614554
1,46880,1695618991.1817935
1,46912,1695618991.2011127
1,46944,1695618991.2205887
1,46976,1695618991.2437716
1,47008,1695618991.2711954
1,47040,1695618991.2888663
1,47072,1695618991.3139844
1,47104,1695618991.3332539
1,47136,1695618991.3526356
1,47168,1695618991.3721766
1,47200,1695618991.3911533
1,47232,1695618991.4143844
1,47264,1695618991.4353218
1,47296,1695618991.4548275
1,47328,1695618991.4746683
1,47360,1695618991.4936366
1,47392,1695618991.5129318
1,47424,1695618991.5323234
1,47456,1695618991.5576608
1,47488,1695618991.5842743
1,47520,1695618991.6003113
1,47552,1695618991.6204598
1,47584,1695618991.6396976
1,47616,1695618991.6647906
1,47648,1695618991.6841595
1,47680,1695618991.703447
1,47712,1695618991.732678
1,47744,1695618991.7614326
1,47776,1695618991.7770665
1,47808,1695618991.794563
1,47840,1695618991.8168736
1,47872,1695618991.8463888
1,47904,1695618991.8618414
1,47936,1695618991.882893
1,47968,1695618991.9045935
1,48000,1695618991.9278839
1,48032,1695618991.9477062
1,48064,1695618991.9764564
1,48096,1695618991.992666
1,48128,1695618992.0137858
1,48160,1695618992.0330424
1,48192,1695618992.0532002
1,48224,1695618992.0738647
1,48256,1695618992.0941093
1,48288,1695618992.1149995
1,48320,1695618992.1368995
1,48352,1695618992.161061
1,48384,1695618992.1873648
1,48416,1695618992.2125237
1,48448,1695618992.2403388
1,48480,1695618992.2564926
1,48512,1695618992.2766833
1,48544,1695618992.301084
1,48576,1695618992.329247
1,48608,1695618992.3449492
1,48640,1695618992.3650908
1,48672,1695618992.3834877
1,48704,1695618992.4062498
1,48736,1695618992.4302766
1,48768,1695618992.458028
1,48800,1695618992.4784834
1,48832,1695618992.5059073
1,48864,1695618992.5281446
1,48896,1695618992.5514371
1,48928,1695618992.580994
1,48960,1695618992.597731
1,48992,1695618992.6186917
1,49024,1695618992.6377318
1,49056,1695618992.6570647
1,49088,1695618992.676338
1,49120,1695618992.698884
1,49152,1695618992.7193244
1,49184,1695618992.7420926
1,49216,1695618992.7683892
1,49248,1695618992.7917173
1,49280,1695618992.8130531
1,49312,1695618992.837283
1,49344,1695618992.8640285
1,49376,1695618992.8851154
1,49408,1695618992.9091666
1,49440,1695618992.930264
1,49472,1695618992.9578955
1,49504,1695618992.9787693
1,49536,1695618992.9988885
1,49568,1695618993.0287023
1,49600,1695618993.044684
1,49632,1695618993.0657399
1,49664,1695618993.088641
1,49696,1695618993.1112611
1,49728,1695618993.1409981
1,49760,1695618993.1696901
1,49792,1695618993.1894875
1,49824,1695618993.2105298
1,49856,1695618993.229102
1,49888,1695618993.2529075
1,49920,1695618993.2716575
1,49952,1695618993.293772
1,49984,1695618993.3139942
1,50000,1695618993.346083
2,32,1695618993.652422
2,64,1695618993.6726184
2,96,1695618993.6950653
2,128,1695618993.7140498
2,160,1695618993.7342916
2,192,1695618993.7543056
2,224,1695618993.7744613
2,256,1695618993.794219
2,288,1695618993.8143518
2,320,1695618993.8341138
2,352,1695618993.8544552
2,384,1695618993.8743134
2,416,1695618993.8976734
2,448,1695618993.9126544
2,480,1695618993.9319105
2,512,1695618993.957323
2,544,1695618993.976541
2,576,1695618993.9987082
2,608,1695618994.018795
2,640,1695618994.0365129
2,672,1695618994.0547445
2,704,1695618994.0742083
2,736,1695618994.0939426
2,768,1695618994.1114066
2,800,1695618994.130298
2,832,1695618994.1483378
2,864,1695618994.1650314
2,896,1695618994.1804745
2,928,1695618994.197029
2,960,1695618994.2144847
2,992,1695618994.2309613
2,1024,1695618994.2501466
2,1056,1695618994.2704735
2,1088,1695618994.2903492
2,1120,1695618994.3103654
2,1152,1695618994.3302448
2,1184,1695618994.349905
2,1216,1695618994.3704093
2,1248,1695618994.390202
2,1280,1695618994.4105585
2,1312,1695618994.430014
2,1344,1695618994.4494293
2,1376,1695618994.4672503
2,1408,1695618994.4859428
2,1440,1695618994.5088992
2,1472,1695618994.5251503
2,1504,1695618994.5423942
2,1536,1695618994.5623262
2,1568,1695618994.5797505
2,1600,1695618994.598089
2,1632,1695618994.616186
2,1664,1695618994.6331818
2,1696,1695618994.651152
2,1728,1695618994.6676536
2,1760,1695618994.6859167
2,1792,1695618994.7064326
2,1824,1695618994.7242837
2,1856,1695618994.7409453
2,1888,1695618994.758058
2,1920,1695618994.7757804
2,1952,1695618994.7936864
2,1984,1695618994.8131208
2,2016,1695618994.8310776
2,2048,1695618994.8481002
2,2080,1695618994.8648195
2,2112,1695618994.8817487
2,2144,1695618994.8993163
2,2176,1695618994.916103
2,2208,1695618994.9329093
2,2240,1695618994.9498703
2,2272,1695618994.9672668
2,2304,1695618994.9860618
2,2336,1695618995.0045063
2,2368,1695618995.0212047
2,2400,1695618995.0393841
2,2432,1695618995.0564413
2,2464,1695618995.0731788
2,2496,1695618995.0909503
2,2528,1695618995.108003
2,2560,1695618995.1246958
2,2592,1695618995.1411726
2,2624,1695618995.1591747
2,2656,1695618995.1761134
2,2688,1695618995.1987617
2,2720,1695618995.2185931
2,2752,1695618995.2387338
2,2784,1695618995.2580752
2,2816,1695618995.2784767
2,2848,1695618995.2987988
2,2880,1695618995.3156135
2,2912,1695618995.3321435
2,2944,1695618995.348885
2,2976,1695618995.365561
2,3008,1695618995.3830335
2,3040,1695618995.3998516
2,3072,1695618995.416662
2,3104,1695618995.433439
2,3136,1695618995.4511547
2,3168,1695618995.4701002
2,3200,1695618995.4874215
2,3232,1695618995.504009
2,3264,1695618995.5262992
2,3296,1695618995.545997
2,3328,1695618995.5644114
2,3360,1695618995.581022
2,3392,1695618995.5975304
2,3424,1695618995.6168923
2,3456,1695618995.6338556
2,3488,1695618995.647754
2,3520,1695618995.6641316
2,3552,1695618995.6805098
2,3584,1695618995.697885
2,3616,1695618995.7153072
2,3648,1695618995.7319283
2,3680,1695618995.7486813
2,3712,1695618995.7651503
2,3744,1695618995.7833664
2,3776,1695618995.8004262
2,3808,1695618995.8172784
2,3840,1695618995.8345819
2,3872,1695618995.8511634
2,3904,1695618995.8678198
2,3936,1695618995.884622
2,3968,1695618995.9014256
2,4000,1695618995.9191034
2,4032,1695618995.9357746
2,4064,1695618995.9531095
2,4096,1695618995.9729216
2,4128,1695618995.9926338
2,4160,1695618996.0104825
2,4192,1695618996.0272858
2,4224,1695618996.0462735
2,4256,1695618996.066611
2,4288,1695618996.0842304
2,4320,1695618996.100954
2,4352,1695618996.1165679
2,4384,1695618996.1330552
2,4416,1695618996.1503403
2,4448,1695618996.1677687
2,4480,1695618996.1854112
2,4512,1695618996.2088633
2,4544,1695618996.230301
2,4576,1695618996.253456
2,4608,1695618996.270355
2,4640,1695618996.2885427
2,4672,1695618996.307188
2,4704,1695618996.326706
2,4736,1695618996.3458123
2,4768,1695618996.3666854
2,4800,1695618996.3866327
2,4832,1695618996.4067292
2,4864,1695618996.426583
2,4896,1695618996.444224
2,4928,1695618996.4632304
2,4960,1695618996.482498
2,4992,1695618996.4998596
2,5024,1695618996.5165558
2,5056,1695618996.5331092
2,5088,1695618996.5547233
2,5120,1695618996.5721164
2,5152,1695618996.5887063
2,5184,1695618996.6069565
2,5216,1695618996.6263237
2,5248,1695618996.6464055
2,5280,1695618996.666095
2,5312,1695618996.6865077
2,5344,1695618996.7063391
2,5376,1695618996.724487
2,5408,1695618996.7411263
2,5440,1695618996.7586882
2,5472,1695618996.7761915
2,5504,1695618996.794229
2,5536,1695618996.8138726
2,5568,1695618996.8321593
2,5600,1695618996.8492177
2,5632,1695618996.8646076
2,5664,1695618996.8811507
2,5696,1695618996.8984745
2,5728,1695618996.9151387
2,5760,1695618996.9320345
2,5792,1695618996.9488485
2,5824,1695618996.966014
2,5856,1695618996.9828112
2,5888,1695618996.9998462
2,5920,1695618997.0167387
2,5952,1695618997.0333824
2,5984,1695618997.051596
2,6016,1695618997.0744154
2,6048,1695618997.0942483
2,6080,1695618997.114556
2,6112,1695618997.134278
2,6144,1695618997.154218
2,6176,1695618997.174062
2,6208,1695618997.194463
2,6240,1695618997.2140448
2,6272,1695618997.234225
2,6304,1695618997.2543173
2,6336,1695618997.2746015
2,6368,1695618997.2945836
2,6400,1695618997.314262
2,6432,1695618997.3344114
2,6464,1695618997.354412
2,6496,1695618997.3745613
2,6528,1695618997.3944802
2,6560,1695618997.414152
2,6592,1695618997.434642
2,6624,1695618997.4522936
2,6656,1695618997.4689553
2,6688,1695618997.485834
2,6720,1695618997.5064986
2,6752,1695618997.526617
2,6784,1695618997.5462704
2,6816,1695618997.5645375
2,6848,1695618997.5811481
2,6880,1695618997.5990884
2,6912,1695618997.6157355
2,6944,1695618997.6339722
2,6976,1695618997.654364
2,7008,1695618997.6745248
2,7040,1695618997.692068
2,7072,1695618997.7087843
2,7104,1695618997.7253416
2,7136,1695618997.7430432
2,7168,1695618997.7598028
2,7200,1695618997.7765324
2,7232,1695618997.7936838
2,7264,1695618997.8106616
2,7296,1695618997.829943
2,7328,1695618997.8506505
2,7360,1695618997.8709052
2,7392,1695618997.8903916
2,7424,1695618997.9084387
2,7456,1695618997.9251027
2,7488,1695618997.9418004
2,7520,1695618997.9594889
2,7552,1695618997.9779937
2,7584,1695618997.9983346
2,7616,1695618998.0165217
2,7648,1695618998.03325
2,7680,1695618998.0507288
2,7712,1695618998.068391
2,7744,1695618998.086963
2,7776,1695618998.106412
2,7808,1695618998.1240416
2,7840,1695618998.1408005
2,7872,1695618998.1575084
2,7904,1695618998.1748772
2,7936,1695618998.194229
2,7968,1695618998.2143772
2,8000,1695618998.2323065
2,8032,1695618998.2490265
2,8064,1695618998.2658417
2,8096,1695618998.2833743
2,8128,1695618998.3020222
2,8160,1695618998.322359
2,8192,1695618998.3397186
2,8224,1695618998.360679
2,8256,1695618998.3860774
2,8288,1695618998.4086418
2,8320,1695618998.429285
2,8352,1695618998.4491365
2,8384,1695618998.468356
2,8416,1695618998.4941025
2,8448,1695618998.5099833
2,8480,1695618998.533523
2,8512,1695618998.551918
2,8544,1695618998.5698397
2,8576,1695618998.586645
2,8608,1695618998.6065092
2,8640,1695618998.6268327
2,8672,1695618998.6463747
2,8704,1695618998.6642683
2,8736,1695618998.6809413
2,8768,1695618998.6975393
2,8800,1695618998.71528
2,8832,1695618998.733929
2,8864,1695618998.7546995
2,8896,1695618998.7746716
2,8928,1695618998.7923908
2,8960,1695618998.8090472
2,8992,1695618998.8259387
2,9024,1695618998.843174
2,9056,1695618998.8618917
2,9088,1695618998.8806944
2,9120,1695618998.8974447
2,9152,1695618998.915276
2,9184,1695618998.9329755
2,9216,1695618998.9521675
2,9248,1695618998.970838
2,9280,1695618998.9878101
2,9312,1695618999.0045414
2,9344,1695618999.0210302
2,9376,1695618999.0416734
2,9408,1695618999.0593853
2,9440,1695618999.0780854
2,9472,1695618999.0963285
2,9504,1695618999.113049
2,9536,1695618999.1297417
2,9568,1695618999.147448
2,9600,1695618999.1661131
2,9632,1695618999.1863022
2,9664,1695618999.2046525
2,9696,1695618999.2265306
2,9728,1695618999.244186
2,9760,1695618999.2609658
2,9792,1695618999.2778153
2,9824,1695618999.2953231
2,9856,1695618999.312013
2,9888,1695618999.3288789
2,9920,1695618999.3458507
2,9952,1695618999.3634388
2,9984,1695618999.3822248
2,10016,1695618999.4004848
2,10048,1695618999.41714
2,10080,1695618999.4346902
2,10112,1695618999.4526644
2,10144,1695618999.4717767
2,10176,1695618999.492123
2,10208,1695618999.5126727
2,10240,1695618999.5350332
2,10272,1695618999.5538733
2,10304,1695618999.5708742
2,10336,1695618999.588682
2,10368,1695618999.6074169
2,10400,1695618999.628632
2,10432,1695618999.6473973
2,10464,1695618999.6661012
2,10496,1695618999.6862366
2,10528,1695618999.7068388
2,10560,1695618999.7245266
2,10592,1695618999.7409728
2,10624,1695618999.7578807
2,10656,1695618999.7754192
2,10688,1695618999.7943416
2,10720,1695618999.8143775
2,10752,1695618999.8323445
2,10784,1695618999.8490868
2,10816,1695618999.866294
2,10848,1695618999.88412
2,10880,1695618999.9023514
2,10912,1695618999.9224331
2,10944,1695618999.940514
2,10976,1695618999.9572468
2,11008,1695618999.974718
2,11040,1695618999.992553
2,11072,1695619000.011462
2,11104,1695619000.0308082
2,11136,1695619000.0482702
2,11168,1695619000.065027
2,11200,1695619000.0818832
2,11232,1695619000.099362
2,11264,1695619000.118029
2,11296,1695619000.1386862
2,11328,1695619000.158915
2,11360,1695619000.1763399
2,11392,1695619000.1930604
2,11424,1695619000.2106624
2,11456,1695619000.2273107
2,11488,1695619000.2459311
2,11520,1695619000.264229
2,11552,1695619000.2809076
2,11584,1695619000.2976148
2,11616,1695619000.3152788
2,11648,1695619000.3342142
2,11680,1695619000.3546145
2,11712,1695619000.3722682
2,11744,1695619000.3878226
2,11776,1695619000.40936
2,11808,1695619000.4292586
2,11840,1695619000.4528286
2,11872,1695619000.4731147
2,11904,1695619000.4932413
2,11936,1695619000.516314
2,11968,1695619000.538555
2,12000,1695619000.5583236
2,12032,1695619000.5783808
2,12064,1695619000.5982566
2,12096,1695619000.618493
2,12128,1695619000.6383352
2,12160,1695619000.6583962
2,12192,1695619000.678296
2,12224,1695619000.6982245
2,12256,1695619000.7182589
2,12288,1695619000.738761
2,12320,1695619000.7579024
2,12352,1695619000.7751026
2,12384,1695619000.7912786
2,12416,1695619000.8115835
2,12448,1695619000.8348987
2,12480,1695619000.8550632
2,12512,1695619000.8769648
2,12544,1695619000.8976758
2,12576,1695619000.9177642
2,12608,1695619000.9447718
2,12640,1695619000.9648461
2,12672,1695619000.988505
2,12704,1695619001.009995
2,12736,1695619001.0303578
2,12768,1695619001.0502346
2,12800,1695619001.0697515
2,12832,1695619001.0930793
2,12864,1695619001.1147377
2,12896,1695619001.1356366
2,12928,1695619001.157387
2,12960,1695619001.1774428
2,12992,1695619001.1973631
2,13024,1695619001.2131522
2,13056,1695619001.23316
2,13088,1695619001.2545218
2,13120,1695619001.2743804
2,13152,1695619001.294357
2,13184,1695619001.3141196
2,13216,1695619001.3344464
2,13248,1695619001.3536263
2,13280,1695619001.3774984
2,13312,1695619001.3937144
2,13344,1695619001.4172943
2,13376,1695619001.4360638
2,13408,1695619001.4571257
2,13440,1695619001.4774418
2,13472,1695619001.493396
2,13504,1695619001.5137498
2,13536,1695619001.5347679
2,13568,1695619001.5539277
2,13600,1695619001.571425
2,13632,1695619001.5876048
2,13664,1695619001.6076682
2,13696,1695619001.6266751
2,13728,1695619001.6440418
2,13760,1695619001.660834
2,13792,1695619001.67786
2,13824,1695619001.6952605
2,13856,1695619001.7145004
2,13888,1695619001.7326438
2,13920,1695619001.7493708
2,13952,1695619001.7671657
2,13984,1695619001.7849255
2,14016,1695619001.8040345
2,14048,1695619001.8222125
2,14080,1695619001.84718
2,14112,1695619001.8667173
2,14144,1695619001.885953
2,14176,1695619001.9024582
2,14208,1695619001.9194596
2,14240,1695619001.9366033
2,14272,1695619001.9532676
2,14304,1695619001.9710498
2,14336,1695619001.9881268
2,14368,1695619002.004888
2,14400,1695619002.0214684
2,14432,1695619002.039289
2,14464,1695619002.0581493
2,14496,1695619002.0763743
2,14528,1695619002.093121
2,14560,1695619002.1105144
2,14592,1695619002.1271946
2,14624,1695619002.1459415
2,14656,1695619002.1665766
2,14688,1695619002.186577
2,14720,1695619002.2045088
2,14752,1695619002.2211285
2,14784,1695619002.239385
2,14816,1695619002.260117
2,14848,1695619002.2788126
2,14880,1695619002.2982938
2,14912,1695619002.3182905
2,14944,1695619002.3361757
2,14976,1695619002.3529158
2,15008,1695619002.3695257
2,15040,1695619002.3869653
2,15072,1695619002.4038937
2,15104,1695619002.4206214
2,15136,1695619002.4377797
2,15168,1695619002.4545486
2,15200,1695619002.4717295
2,15232,1695619002.4887433
2,15264,1695619002.505913
2,15296,1695619002.522387
2,15328,1695619002.541647
2,15360,1695619002.5594208
2,15392,1695619002.5779023
2,15424,1695619002.5985625
2,15456,1695619002.6167035
2,15488,1695619002.633207
2,15520,1695619002.650719
2,15552,1695619002.668552
2,15584,1695619002.6874814
2,15616,1695619002.7068155
2,15648,1695619002.724125
2,15680,1695619002.740847
2,15712,1695619002.7576773
2,15744,1695619002.7752595
2,15776,1695619002.7941263
2,15808,1695619002.8143368
2,15840,1695619002.8323069
2,15872,1695619002.848892
2,15904,1695619002.865463
2,15936,1695619002.8830256
2,15968,1695619002.8997936
2,16000,1695619002.91635
2,16032,1695619002.9324808
2,16064,1695619002.950916
2,16096,1695619002.967929
2,16128,1695619002.9846456
2,16160,1695619003.0017185
2,16192,1695619003.0183792
2,16224,1695619003.0379276
2,16256,1695619003.0552368
2,16288,1695619003.0738566
2,16320,1695619003.0945625
2,16352,1695619003.1123946
2,16384,1695619003.1289752
2,16416,1695619003.14577
2,16448,1695619003.1634698
2,16480,1695619003.1823173
2,16512,1695619003.2023523
2,16544,1695619003.2204015
2,16576,1695619003.2372522
2,16608,1695619003.2547832
2,16640,1695619003.2782798
2,16672,1695619003.29867
2,16704,1695619003.3162608
2,16736,1695619003.3327792
2,16768,1695619003.3491118
2,16800,1695619003.3668597
2,16832,1695619003.3839955
2,16864,1695619003.4008176
2,16896,1695619003.4173234
2,16928,1695619003.4350562
2,16960,1695619003.451948
2,16992,1695619003.4687414
2,17024,1695619003.4852421
2,17056,1695619003.5033085
2,17088,1695619003.5197442
2,17120,1695619003.5366158
2,17152,1695619003.5529935
2,17184,1695619003.5695572
2,17216,1695619003.5872602
2,17248,1695619003.604029
2,17280,1695619003.6206374
2,17312,1695619003.6371257
2,17344,1695619003.655171
2,17376,1695619003.6739361
2,17408,1695619003.6922581
2,17440,1695619003.709338
2,17472,1695619003.727073
2,17504,1695619003.7449467
2,17536,1695619003.7630296
2,17568,1695619003.7823708
2,17600,1695619003.800365
2,17632,1695619003.817112
2,17664,1695619003.8343046
2,17696,1695619003.8506746
2,17728,1695619003.8695242
2,17760,1695619003.8873591
2,17792,1695619003.904001
2,17824,1695619003.9208732
2,17856,1695619003.9376237
2,17888,1695619003.9592433
2,17920,1695619003.9751945
2,17952,1695619003.9918451
2,17984,1695619004.0081592
2,18016,1695619004.0249386
2,18048,1695619004.0411615
2,18080,1695619004.0591562
2,18112,1695619004.0760925
2,18144,1695619004.0928233
2,18176,1695619004.1092198
2,18208,1695619004.1272492
2,18240,1695619004.1440282
2,18272,1695619004.160882
2,18304,1695619004.1777396
2,18336,1695619004.195149
2,18368,1695619004.2141259
2,18400,1695619004.232562
2,18432,1695619004.2491014
2,18464,1695619004.26709
2,18496,1695619004.2838345
2,18528,1695619004.302264
2,18560,1695619004.3224635
2,18592,1695619004.3427093
2,18624,1695619004.3621967
2,18656,1695619004.3799596
2,18688,1695619004.3967412
2,18720,1695619004.4132972
2,18752,1695619004.4312186
2,18784,1695619004.4474447
2,18816,1695619004.4642215
2,18848,1695619004.4828806
2,18880,1695619004.5000834
2,18912,1695619004.517384
2,18944,1695619004.5405717
2,18976,1695619004.560809
2,19008,1695619004.580111
2,19040,1695619004.596696
2,19072,1695619004.6130602
2,19104,1695619004.6304588
2,19136,1695619004.6472664
2,19168,1695619004.6662083
2,19200,1695619004.68433
2,19232,1695619004.702039
2,19264,1695619004.719739
2,19296,1695619004.7368653
2,19328,1695619004.7537503
2,19360,1695619004.7712493
2,19392,1695619004.7891352
2,19424,1695619004.8086805
2,19456,1695619004.8271356
2,19488,1695619004.8459008
2,19520,1695619004.8662186
2,19552,1695619004.8863997
2,19584,1695619004.9062483
2,19616,1695619004.9268043
2,19648,1695619004.9446578
2,19680,1695619004.9631295
2,19712,1695619004.983444
2,19744,1695619005.0029163
2,19776,1695619005.0200486
2,19808,1695619005.0368214
2,19840,1695619005.0541537
2,19872,1695619005.0707982
2,19904,1695619005.0876412
2,19936,1695619005.1048007
2,19968,1695619005.1213646
2,20000,1695619005.13913
2,20032,1695619005.155926
2,20064,1695619005.1727052
2,20096,1695619005.1894598
2,20128,1695619005.207046
2,20160,1695619005.2299008
2,20192,1695619005.2502835
2,20224,1695619005.270163
2,20256,1695619005.2904165
2,20288,1695619005.3100975
2,20320,1695619005.3302357
2,20352,1695619005.3503692
2,20384,1695619005.3703969
2,20416,1695619005.3899856
2,20448,1695619005.4107003
2,20480,1695619005.430064
2,20512,1695619005.4504795
2,20544,1695619005.4703338
2,20576,1695619005.4901562
2,20608,1695619005.5103412
2,20640,1695619005.5303311
2,20672,1695619005.5505571
2,20704,1695619005.570345
2,20736,1695619005.591152
2,20768,1695619005.611455
2,20800,1695619005.6331491
2,20832,1695619005.6538239
2,20864,1695619005.6740232
2,20896,1695619005.6942568
2,20928,1695619005.7142708
2,20960,1695619005.7342186
2,20992,1695619005.7546349
2,21024,1695619005.7739277
2,21056,1695619005.7945955
2,21088,1695619005.8149924
2,21120,1695619005.8361428
2,21152,1695619005.857468
2,21184,1695619005.878857
2,21216,1695619005.905189
2,21248,1695619005.9238584
2,21280,1695619005.948089
2,21312,1695619005.9703627
2,21344,1695619005.990452
2,21376,1695619006.0103664
2,21408,1695619006.0302613
2,21440,1695619006.0503435
2,21472,1695619006.0701907
2,21504,1695619006.090386
2,21536,1695619006.1102052
2,21568,1695619006.1301565
2,21600,1695619006.1508043
2,21632,1695619006.17016
2,21664,1695619006.190194
2,21696,1695619006.2104788
2,21728,1695619006.2300797
2,21760,1695619006.2504709
2,21792,1695619006.2703292
2,21824,1695619006.2899928
2,21856,1695619006.310587
2,21888,1695619006.3301146
2,21920,1695619006.3501554
2,21952,1695619006.3705924
2,21984,1695619006.3908963
2,22016,1695619006.407185
2,22048,1695619006.4260025
2,22080,1695619006.4434597
2,22112,1695619006.4623606
2,22144,1695619006.4819372
2,22176,1695619006.5021677
2,22208,1695619006.5203595
2,22240,1695619006.5378625
2,22272,1695619006.556756
2,22304,1695619006.5817943
2,22336,1695619006.6027586
2,22368,1695619006.6184509
2,22400,1695619006.634102
2,22432,1695619006.6519551
