epoch,trained_sample,time
1,0,1696066212.8185587
1,64,1696066214.0447054
1,128,1696066214.0812888
1,192,1696066214.1230416
1,256,1696066214.1766753
1,320,1696066214.2274396
1,384,1696066214.2769768
1,448,1696066214.317945
1,512,1696066214.365841
1,576,1696066214.421231
1,640,1696066214.463687
1,704,1696066214.515257
1,768,1696066214.5593648
1,832,1696066214.612713
1,896,1696066214.6574917
1,960,1696066214.7128575
1,1024,1696066214.757991
1,1088,1696066214.8054311
1,1152,1696066214.8537939
1,1216,1696066214.9018562
1,1280,1696066214.9447403
1,1344,1696066214.997667
1,1408,1696066215.0452702
1,1472,1696066215.0883129
1,1536,1696066215.1410859
1,1600,1696066215.1891272
1,1664,1696066215.2321973
1,1728,1696066215.2902083
1,1792,1696066215.33199
1,1856,1696066215.382514
1,1920,1696066215.4348118
1,1984,1696066215.4735255
1,2048,1696066215.5189626
1,2112,1696066215.5726678
1,2176,1696066215.6137185
1,2240,1696066215.6615596
1,2304,1696066215.7097273
1,2368,1696066215.7575366
1,2432,1696066215.8053594
1,2496,1696066215.8532326
1,2560,1696066215.9011786
1,2624,1696066215.9489434
1,2688,1696066215.9968898
1,2752,1696066216.0448737
1,2816,1696066216.0964394
1,2880,1696066216.1405945
1,2944,1696066216.1883721
1,3008,1696066216.2362292
1,3072,1696066216.2877233
1,3136,1696066216.3320434
1,3200,1696066216.3856893
1,3264,1696066216.4277773
1,3328,1696066216.4759667
1,3392,1696066216.5238042
1,3456,1696066216.5775735
1,3520,1696066216.619715
1,3584,1696066216.6675417
1,3648,1696066216.7154117
1,3712,1696066216.7632914
1,3776,1696066216.8137755
1,3840,1696066216.8593218
1,3904,1696066216.9071977
1,3968,1696066216.9550107
1,4032,1696066217.0028815
1,4096,1696066217.050876
1,4160,1696066217.104727
1,4224,1696066217.1545148
1,4288,1696066217.2017722
1,4352,1696066217.249367
1,4416,1696066217.2925308
1,4480,1696066217.3454962
1,4544,1696066217.3974802
1,4608,1696066217.4386187
1,4672,1696066217.4829903
1,4736,1696066217.5374298
1,4800,1696066217.5846558
1,4864,1696066217.6257777
1,4928,1696066217.673591
1,4992,1696066217.7215207
1,5056,1696066217.7694259
1,5120,1696066217.817335
1,5184,1696066217.8653324
1,5248,1696066217.9130661
1,5312,1696066217.966143
1,5376,1696066218.0088644
1,5440,1696066218.0567987
1,5504,1696066218.1047928
1,5568,1696066218.1525676
1,5632,1696066218.203144
1,5696,1696066218.2561393
1,5760,1696066218.29862
1,5824,1696066218.3475275
1,5888,1696066218.3981774
1,5952,1696066218.4424732
1,6016,1696066218.4904711
1,6080,1696066218.538369
1,6144,1696066218.5863254
1,6208,1696066218.6341927
1,6272,1696066218.6820865
1,6336,1696066218.7301083
1,6400,1696066218.7780497
1,6464,1696066218.8259277
1,6528,1696066218.8820934
1,6592,1696066218.926624
1,6656,1696066218.978136
1,6720,1696066219.0318613
1,6784,1696066219.0877936
1,6848,1696066219.1396232
1,6912,1696066219.2016244
1,6976,1696066219.2484841
1,7040,1696066219.3007329
1,7104,1696066219.3501658
1,7168,1696066219.4017496
1,7232,1696066219.454048
1,7296,1696066219.5058086
1,7360,1696066219.557666
1,7424,1696066219.614711
1,7488,1696066219.6597095
1,7552,1696066219.713716
1,7616,1696066219.7699103
1,7680,1696066219.8212829
1,7744,1696066219.8684957
1,7808,1696066219.9194899
1,7872,1696066219.9710472
1,7936,1696066220.0261977
1,8000,1696066220.0765624
1,8064,1696066220.133598
1,8128,1696066220.1800084
1,8192,1696066220.233079
1,8256,1696066220.284022
1,8320,1696066220.3375816
1,8384,1696066220.388085
1,8448,1696066220.438584
1,8512,1696066220.493629
1,8576,1696066220.546205
1,8640,1696066220.5963953
1,8704,1696066220.6496482
1,8768,1696066220.703502
1,8832,1696066220.7533627
1,8896,1696066220.8098652
1,8960,1696066220.861911
1,9024,1696066220.9208055
1,9088,1696066220.9662073
1,9152,1696066221.015705
1,9216,1696066221.0697014
1,9280,1696066221.1205351
1,9344,1696066221.170986
1,9408,1696066221.2235272
1,9472,1696066221.2819965
1,9536,1696066221.3333945
1,9600,1696066221.3861904
1,9664,1696066221.4351447
1,9728,1696066221.4871233
1,9792,1696066221.5405664
1,9856,1696066221.595152
1,9920,1696066221.646752
1,9984,1696066221.6990724
1,10048,1696066221.7518833
1,10112,1696066221.8042674
1,10176,1696066221.8555396
1,10240,1696066221.9089253
1,10304,1696066221.9678764
1,10368,1696066222.016681
1,10432,1696066222.0665376
1,10496,1696066222.1295314
1,10560,1696066222.1780372
1,10624,1696066222.2304444
1,10688,1696066222.2826777
1,10752,1696066222.3437898
1,10816,1696066222.3897524
1,10880,1696066222.4388459
1,10944,1696066222.4930975
1,11008,1696066222.5536823
1,11072,1696066222.605293
1,11136,1696066222.6473482
1,11200,1696066222.70581
1,11264,1696066222.7622027
1,11328,1696066222.8099284
1,11392,1696066222.858981
1,11456,1696066222.9177868
1,11520,1696066222.9699087
1,11584,1696066223.0217528
1,11648,1696066223.0750709
1,11712,1696066223.1338613
1,11776,1696066223.1970048
1,11840,1696066223.2459412
1,11904,1696066223.2989721
1,11968,1696066223.361513
1,12032,1696066223.4248996
1,12096,1696066223.4740543
1,12160,1696066223.5302544
1,12224,1696066223.589392
1,12288,1696066223.6456196
1,12352,1696066223.7024875
1,12416,1696066223.7551503
1,12480,1696066223.8172371
1,12544,1696066223.8715894
1,12608,1696066223.9286737
1,12672,1696066223.9866173
1,12736,1696066224.0458345
1,12800,1696066224.1030722
1,12864,1696066224.1549873
1,12928,1696066224.2145436
1,12992,1696066224.2699106
1,13056,1696066224.3368173
1,13120,1696066224.3854184
1,13184,1696066224.4397647
1,13248,1696066224.501579
1,13312,1696066224.560635
1,13376,1696066224.6134536
1,13440,1696066224.667811
1,13504,1696066224.7284262
1,13568,1696066224.7913346
1,13632,1696066224.8364499
1,13696,1696066224.896257
1,13760,1696066224.9541132
1,13824,1696066225.0153096
1,13888,1696066225.073039
1,13952,1696066225.125913
1,14016,1696066225.18539
1,14080,1696066225.2467568
1,14144,1696066225.2989938
1,14208,1696066225.3512182
1,14272,1696066225.4137065
1,14336,1696066225.4715412
1,14400,1696066225.5230937
1,14464,1696066225.581711
1,14528,1696066225.6364338
1,14592,1696066225.6942408
1,14656,1696066225.751029
1,14720,1696066225.8137703
1,14784,1696066225.863065
1,14848,1696066225.927811
1,14912,1696066225.982586
1,14976,1696066226.0375369
1,15040,1696066226.0914094
1,15104,1696066226.155205
1,15168,1696066226.2086978
1,15232,1696066226.2656393
1,15296,1696066226.3206184
1,15360,1696066226.3857756
1,15424,1696066226.4352884
1,15488,1696066226.4942334
1,15552,1696066226.5474887
1,15616,1696066226.6110065
1,15680,1696066226.6622367
1,15744,1696066226.715696
1,15808,1696066226.7821014
1,15872,1696066226.841132
1,15936,1696066226.890299
1,16000,1696066226.946458
1,16064,1696066227.0075214
1,16128,1696066227.065779
1,16192,1696066227.1151936
1,16256,1696066227.1769688
1,16320,1696066227.2338889
1,16384,1696066227.29706
1,16448,1696066227.3456826
1,16512,1696066227.4020782
1,16576,1696066227.4622848
1,16640,1696066227.5179434
1,16704,1696066227.5745382
1,16768,1696066227.6279533
1,16832,1696066227.689812
1,16896,1696066227.7494497
1,16960,1696066227.795284
1,17024,1696066227.8546324
1,17088,1696066227.9127693
1,17152,1696066227.975598
1,17216,1696066228.0327632
1,17280,1696066228.0808167
1,17344,1696066228.1407537
1,17408,1696066228.2052622
1,17472,1696066228.2504761
1,17536,1696066228.318767
1,17600,1696066228.3665965
1,17664,1696066228.4233031
1,17728,1696066228.4834328
1,17792,1696066228.5422258
1,17856,1696066228.5954626
1,17920,1696066228.6511703
1,17984,1696066228.7138615
1,18048,1696066228.7707067
1,18112,1696066228.826168
1,18176,1696066228.88254
1,18240,1696066228.9421077
1,18304,1696066228.9971642
1,18368,1696066229.0512612
1,18432,1696066229.111918
1,18496,1696066229.1683722
1,18560,1696066229.224857
1,18624,1696066229.2858775
1,18688,1696066229.3386598
1,18752,1696066229.398588
1,18816,1696066229.45192
1,18880,1696066229.5105834
1,18944,1696066229.5694728
1,19008,1696066229.6252904
1,19072,1696066229.6796477
1,19136,1696066229.7380638
1,19200,1696066229.7945206
1,19264,1696066229.8537915
1,19328,1696066229.910155
1,19392,1696066229.962596
1,19456,1696066230.0223083
1,19520,1696066230.0774298
1,19584,1696066230.1370418
1,19648,1696066230.1906867
1,19712,1696066230.2502646
1,19776,1696066230.3104572
1,19840,1696066230.363323
1,19904,1696066230.4224663
1,19968,1696066230.4758523
1,20032,1696066230.5414534
1,20096,1696066230.5918417
1,20160,1696066230.6503074
1,20224,1696066230.709194
1,20288,1696066230.765809
1,20352,1696066230.8189538
1,20416,1696066230.8812852
1,20480,1696066230.9317322
1,20544,1696066230.9912715
1,20608,1696066231.0501301
1,20672,1696066231.1046402
1,20736,1696066231.162977
1,20800,1696066231.219075
1,20864,1696066231.275077
1,20928,1696066231.3350983
1,20992,1696066231.393507
1,21056,1696066231.44989
1,21120,1696066231.5030267
1,21184,1696066231.5659604
1,21248,1696066231.6187673
1,21312,1696066231.6777742
1,21376,1696066231.731236
1,21440,1696066231.7938724
1,21504,1696066231.8471677
1,21568,1696066231.9041286
1,21632,1696066231.9622593
1,21696,1696066232.0212743
1,21760,1696066232.0781472
1,21824,1696066232.1344686
1,21888,1696066232.1883008
1,21952,1696066232.2539027
1,22016,1696066232.3063002
1,22080,1696066232.3599672
1,22144,1696066232.427661
1,22208,1696066232.4749973
1,22272,1696066232.5344045
1,22336,1696066232.5913405
1,22400,1696066232.650455
1,22464,1696066232.7030258
1,22528,1696066232.7626688
1,22592,1696066232.8222165
1,22656,1696066232.8778102
1,22720,1696066232.9316497
1,22784,1696066232.986983
1,22848,1696066233.0496287
1,22912,1696066233.106733
1,22976,1696066233.1633353
1,23040,1696066233.2155428
1,23104,1696066233.2784636
1,23168,1696066233.3343189
1,23232,1696066233.3899176
1,23296,1696066233.4430938
1,23360,1696066233.505064
1,23424,1696066233.5643902
1,23488,1696066233.6148531
1,23552,1696066233.6783721
1,23616,1696066233.7339206
1,23680,1696066233.7869754
1,23744,1696066233.8461046
1,23808,1696066233.9054387
1,23872,1696066233.9621677
1,23936,1696066234.0181153
1,24000,1696066234.0724308
1,24064,1696066234.1386817
1,24128,1696066234.1906672
1,24192,1696066234.2442715
1,24256,1696066234.3066177
1,24320,1696066234.3619063
1,24384,1696066234.4183514
1,24448,1696066234.475283
1,24512,1696066234.5338206
1,24576,1696066234.5895083
1,24640,1696066234.6505418
1,24704,1696066234.7000391
1,24768,1696066234.757977
1,24832,1696066234.8140948
1,24896,1696066234.870042
1,24960,1696066234.938156
1,25024,1696066234.9864392
1,25088,1696066235.042728
1,25152,1696066235.0971138
1,25216,1696066235.1608548
1,25280,1696066235.218093
1,25344,1696066235.272423
1,25408,1696066235.3289425
1,25472,1696066235.3861423
1,25536,1696066235.436308
1,25600,1696066235.4932232
1,25664,1696066235.5494504
1,25728,1696066235.6051214
1,25792,1696066235.663657
1,25856,1696066235.7216122
1,25920,1696066235.7727203
1,25984,1696066235.8304126
1,26048,1696066235.8805988
1,26112,1696066235.9345562
1,26176,1696066235.9886563
1,26240,1696066236.0450287
1,26304,1696066236.101432
1,26368,1696066236.1614892
1,26432,1696066236.2144597
1,26496,1696066236.2728293
1,26560,1696066236.3301985
1,26624,1696066236.3793657
1,26688,1696066236.4378886
1,26752,1696066236.4965317
1,26816,1696066236.5536983
1,26880,1696066236.6103785
1,26944,1696066236.6691732
1,27008,1696066236.723869
1,27072,1696066236.782488
1,27136,1696066236.835968
1,27200,1696066236.8969328
1,27264,1696066236.9516096
1,27328,1696066237.0103538
1,27392,1696066237.064126
1,27456,1696066237.1304722
1,27520,1696066237.1792338
1,27584,1696066237.2379916
1,27648,1696066237.291678
1,27712,1696066237.3597538
1,27776,1696066237.4101765
1,27840,1696066237.4685476
1,27904,1696066237.5255437
1,27968,1696066237.5889916
1,28032,1696066237.6381958
1,28096,1696066237.6917028
1,28160,1696066237.7508051
1,28224,1696066237.8156245
1,28288,1696066237.8693824
1,28352,1696066237.9257665
1,28416,1696066237.9788525
1,28480,1696066238.0431669
1,28544,1696066238.0973725
1,28608,1696066238.152265
1,28672,1696066238.2101376
1,28736,1696066238.2696369
1,28800,1696066238.3206894
1,28864,1696066238.3795733
1,28928,1696066238.43817
1,28992,1696066238.4936469
1,29056,1696066238.5565279
1,29120,1696066238.6086802
1,29184,1696066238.6666763
1,29248,1696066238.7259736
1,29312,1696066238.7799728
1,29376,1696066238.838093
1,29440,1696066238.8949804
1,29504,1696066238.9566157
1,29568,1696066239.0075395
1,29632,1696066239.0668483
1,29696,1696066239.1304288
1,29760,1696066239.189065
1,29824,1696066239.2451527
1,29888,1696066239.3063579
1,29952,1696066239.3591912
1,30016,1696066239.4209883
1,30080,1696066239.4766443
1,30144,1696066239.5331104
1,30208,1696066239.5899951
1,30272,1696066239.649822
1,30336,1696066239.7088404
1,30400,1696066239.7649484
1,30464,1696066239.8211281
1,30528,1696066239.8804135
1,30592,1696066239.9402692
1,30656,1696066239.99421
1,30720,1696066240.0535197
1,30784,1696066240.1122408
1,30848,1696066240.1685786
1,30912,1696066240.225118
1,30976,1696066240.2840738
1,31040,1696066240.3390868
1,31104,1696066240.4008427
1,31168,1696066240.4564948
1,31232,1696066240.5157785
1,31296,1696066240.5710456
1,31360,1696066240.6287887
1,31424,1696066240.679896
1,31488,1696066240.7387328
1,31552,1696066240.8009486
1,31616,1696066240.8561947
1,31680,1696066240.9085057
1,31744,1696066240.9669363
1,31808,1696066241.0295603
1,31872,1696066241.0846484
1,31936,1696066241.1369162
1,32000,1696066241.1981766
1,32064,1696066241.2531772
1,32128,1696066241.3102374
1,32192,1696066241.368893
1,32256,1696066241.4234734
1,32320,1696066241.4833386
1,32384,1696066241.5408628
1,32448,1696066241.592136
1,32512,1696066241.6556413
1,32576,1696066241.708953
1,32640,1696066241.7661967
1,32704,1696066241.8226
1,32768,1696066241.8817003
1,32832,1696066241.936918
1,32896,1696066241.99204
1,32960,1696066242.05032
1,33024,1696066242.1095552
1,33088,1696066242.1642785
1,33152,1696066242.2188396
1,33216,1696066242.2782688
1,33280,1696066242.336911
1,33344,1696066242.3974476
1,33408,1696066242.4603143
1,33472,1696066242.510645
1,33536,1696066242.567259
1,33600,1696066242.6280913
1,33664,1696066242.684667
1,33728,1696066242.738177
1,33792,1696066242.7978823
1,33856,1696066242.8542163
1,33920,1696066242.9077168
1,33984,1696066242.963238
1,34048,1696066243.022588
1,34112,1696066243.0851514
1,34176,1696066243.1373837
1,34240,1696066243.1921134
1,34304,1696066243.2557673
1,34368,1696066243.3074217
1,34432,1696066243.3715098
1,34496,1696066243.4235168
1,34560,1696066243.4825063
1,34624,1696066243.5398839
1,34688,1696066243.6020272
1,34752,1696066243.6522803
1,34816,1696066243.7105548
1,34880,1696066243.7688107
1,34944,1696066243.8301265
1,35008,1696066243.886181
1,35072,1696066243.9422421
1,35136,1696066243.9960802
1,35200,1696066244.053664
1,35264,1696066244.1072233
1,35328,1696066244.1667287
1,35392,1696066244.226759
1,35456,1696066244.2799273
1,35520,1696066244.3401024
1,35584,1696066244.398004
1,35648,1696066244.4577487
1,35712,1696066244.510735
1,35776,1696066244.5700886
1,35840,1696066244.628787
1,35904,1696066244.6864338
1,35968,1696066244.7405298
1,36032,1696066244.8005278
1,36096,1696066244.8578153
1,36160,1696066244.9174426
1,36224,1696066244.972945
1,36288,1696066245.0277271
1,36352,1696066245.086097
1,36416,1696066245.141535
1,36480,1696066245.1993039
1,36544,1696066245.2540789
1,36608,1696066245.3144617
1,36672,1696066245.3745573
1,36736,1696066245.4268923
1,36800,1696066245.48638
1,36864,1696066245.545614
1,36928,1696066245.6020403
1,36992,1696066245.6652434
1,37056,1696066245.7145116
1,37120,1696066245.7737007
1,37184,1696066245.8286688
1,37248,1696066245.8840654
1,37312,1696066245.9440186
1,37376,1696066246.0019252
1,37440,1696066246.0573754
1,37504,1696066246.1146243
1,37568,1696066246.174184
1,37632,1696066246.2304435
1,37696,1696066246.2904696
1,37760,1696066246.3458815
1,37824,1696066246.4022613
1,37888,1696066246.4569213
1,37952,1696066246.5183318
1,38016,1696066246.5745914
1,38080,1696066246.633863
1,38144,1696066246.689968
1,38208,1696066246.745996
1,38272,1696066246.7992246
1,38336,1696066246.8585477
1,38400,1696066246.9176755
1,38464,1696066246.9710965
1,38528,1696066247.0301895
1,38592,1696066247.0894778
1,38656,1696066247.145973
1,38720,1696066247.1994882
1,38784,1696066247.2593622
1,38848,1696066247.3166196
1,38912,1696066247.3744984
1,38976,1696066247.433599
1,39040,1696066247.4861417
1,39104,1696066247.5435314
1,39168,1696066247.6060567
1,39232,1696066247.6621592
1,39296,1696066247.7209136
1,39360,1696066247.7777348
1,39424,1696066247.8341
1,39488,1696066247.8877122
1,39552,1696066247.9556973
1,39616,1696066248.003009
1,39680,1696066248.0645473
1,39744,1696066248.1217597
1,39808,1696066248.1810548
1,39872,1696066248.2318428
1,39936,1696066248.293827
1,40000,1696066248.3468063
1,40064,1696066248.4067433
1,40128,1696066248.4613538
1,40192,1696066248.5222633
1,40256,1696066248.5787492
1,40320,1696066248.6377592
1,40384,1696066248.691545
1,40448,1696066248.7505212
1,40512,1696066248.8088346
1,40576,1696066248.8639815
1,40640,1696066248.916909
1,40704,1696066248.959973
1,40768,1696066249.0133765
1,40832,1696066249.061491
1,40896,1696066249.1095479
1,40960,1696066249.1548078
1,41024,1696066249.2035584
1,41088,1696066249.2510858
1,41152,1696066249.2989893
1,41216,1696066249.3481374
1,41280,1696066249.3952212
1,41344,1696066249.443242
1,41408,1696066249.4945793
1,41472,1696066249.5422707
1,41536,1696066249.5908456
1,41600,1696066249.6411917
1,41664,1696066249.6891012
1,41728,1696066249.7323213
1,41792,1696066249.785548
1,41856,1696066249.8333614
1,41920,1696066249.8771322
1,41984,1696066249.9297101
1,42048,1696066249.9780974
1,42112,1696066250.025739
1,42176,1696066250.0708642
1,42240,1696066250.1196892
1,42304,1696066250.1751652
1,42368,1696066250.215238
1,42432,1696066250.2651267
1,42496,1696066250.3144884
1,42560,1696066250.362512
1,42624,1696066250.4104397
1,42688,1696066250.4586108
1,42752,1696066250.5067973
1,42816,1696066250.5547287
1,42880,1696066250.6030908
1,42944,1696066250.6517751
1,43008,1696066250.6985407
1,43072,1696066250.7469392
1,43136,1696066250.7955213
1,43200,1696066250.844546
1,43264,1696066250.8921351
1,43328,1696066250.9405732
1,43392,1696066250.9889526
1,43456,1696066251.0385115
1,43520,1696066251.0865664
1,43584,1696066251.1328309
1,43648,1696066251.1796463
1,43712,1696066251.232352
1,43776,1696066251.2817512
1,43840,1696066251.327369
1,43904,1696066251.3752944
1,43968,1696066251.4237409
1,44032,1696066251.4719894
1,44096,1696066251.5189903
1,44160,1696066251.5672088
1,44224,1696066251.6149824
1,44288,1696066251.665986
1,44352,1696066251.7119844
1,44416,1696066251.7624516
1,44480,1696066251.8103142
1,44544,1696066251.8580856
1,44608,1696066251.906396
1,44672,1696066251.9548125
1,44736,1696066252.0048254
1,44800,1696066252.052852
1,44864,1696066252.1010997
1,44928,1696066252.1496346
1,44992,1696066252.200284
1,45056,1696066252.2457917
1,45120,1696066252.2938511
1,45184,1696066252.3421047
1,45248,1696066252.3874424
1,45312,1696066252.4360695
1,45376,1696066252.4861412
1,45440,1696066252.5337965
1,45504,1696066252.582541
1,45568,1696066252.6305916
1,45632,1696066252.6746519
1,45696,1696066252.7267368
1,45760,1696066252.774879
1,45824,1696066252.8195274
1,45888,1696066252.8710392
1,45952,1696066252.9192755
1,46016,1696066252.9698038
1,46080,1696066253.022096
1,46144,1696066253.063407
1,46208,1696066253.111216
1,46272,1696066253.162176
1,46336,1696066253.2101462
1,46400,1696066253.2580109
1,46464,1696066253.3065896
1,46528,1696066253.3543212
1,46592,1696066253.4025197
1,46656,1696066253.4506788
1,46720,1696066253.4988904
1,46784,1696066253.5480292
1,46848,1696066253.594934
1,46912,1696066253.64298
1,46976,1696066253.6913967
1,47040,1696066253.7393653
1,47104,1696066253.7875988
1,47168,1696066253.8355727
1,47232,1696066253.8828583
1,47296,1696066253.9309325
1,47360,1696066253.979185
1,47424,1696066254.0305266
1,47488,1696066254.078364
1,47552,1696066254.1266534
1,47616,1696066254.1745012
1,47680,1696066254.218743
1,47744,1696066254.2729952
1,47808,1696066254.320888
1,47872,1696066254.3644764
1,47936,1696066254.4127047
1,48000,1696066254.465828
1,48064,1696066254.5149393
1,48128,1696066254.5618498
1,48192,1696066254.609691
1,48256,1696066254.6551502
1,48320,1696066254.703007
1,48384,1696066254.7511458
1,48448,1696066254.8023524
1,48512,1696066254.850044
1,48576,1696066254.905412
1,48640,1696066254.9466965
1,48704,1696066254.9909225
1,48768,1696066255.0427573
1,48832,1696066255.0931761
1,48896,1696066255.1368034
1,48960,1696066255.1896174
1,49024,1696066255.2377875
1,49088,1696066255.2892857
1,49152,1696066255.330572
1,49216,1696066255.3820922
1,49280,1696066255.4300725
1,49344,1696066255.4782722
1,49408,1696066255.5264997
1,49472,1696066255.5744505
1,49536,1696066255.6244595
1,49600,1696066255.6707423
1,49664,1696066255.718758
1,49728,1696066255.7669199
1,49792,1696066255.8150003
1,49856,1696066255.865643
1,49920,1696066255.913476
1,49984,1696066255.9617503
1,50000,1696066256.0149548
2,64,1696066256.3222313
2,128,1696066256.3557487
2,192,1696066256.4021053
2,256,1696066256.456577
2,320,1696066256.502626
2,384,1696066256.5530748
2,448,1696066256.597639
2,512,1696066256.649707
2,576,1696066256.697769
2,640,1696066256.7459238
2,704,1696066256.7940538
2,768,1696066256.842423
2,832,1696066256.8902817
2,896,1696066256.9381015
2,960,1696066256.9817367
2,1024,1696066257.0342264
2,1088,1696066257.0826993
2,1152,1696066257.1302416
2,1216,1696066257.180814
2,1280,1696066257.2267675
2,1344,1696066257.2763824
2,1408,1696066257.3229346
2,1472,1696066257.371103
2,1536,1696066257.4192488
2,1600,1696066257.4672468
2,1664,1696066257.5146701
2,1728,1696066257.5636318
2,1792,1696066257.6105871
2,1856,1696066257.6588752
2,1920,1696066257.7068918
2,1984,1696066257.757116
2,2048,1696066257.8061936
2,2112,1696066257.8554468
2,2176,1696066257.8988256
2,2240,1696066257.9507535
2,2304,1696066257.9937027
2,2368,1696066258.05131
2,2432,1696066258.102723
2,2496,1696066258.1447861
2,2560,1696066258.198023
2,2624,1696066258.2421384
2,2688,1696066258.2897012
2,2752,1696066258.339312
2,2816,1696066258.3865767
2,2880,1696066258.433867
2,2944,1696066258.4821815
2,3008,1696066258.5306528
2,3072,1696066258.5787213
2,3136,1696066258.6267624
2,3200,1696066258.6781962
2,3264,1696066258.7292757
2,3328,1696066258.7759964
2,3392,1696066258.8241987
2,3456,1696066258.8708305
2,3520,1696066258.919274
