epoch,trained_sample,time
1,0,1696067659.095796
1,128,1696067660.356888
1,256,1696067660.4309914
1,384,1696067660.5213523
1,512,1696067660.6101253
1,640,1696067660.6989517
1,768,1696067660.7877424
1,896,1696067660.8765323
1,1024,1696067660.9654987
1,1152,1696067661.054466
1,1280,1696067661.1434264
1,1408,1696067661.233236
1,1536,1696067661.3221276
1,1664,1696067661.4110587
1,1792,1696067661.5001352
1,1920,1696067661.5888984
1,2048,1696067661.6778383
1,2176,1696067661.7670712
1,2304,1696067661.856459
1,2432,1696067661.945893
1,2560,1696067662.035445
1,2688,1696067662.124922
1,2816,1696067662.2144313
1,2944,1696067662.3038464
1,3072,1696067662.3932643
1,3200,1696067662.4827824
1,3328,1696067662.5721571
1,3456,1696067662.6615798
1,3584,1696067662.751141
1,3712,1696067662.8406737
1,3840,1696067662.9301345
1,3968,1696067663.0197055
1,4096,1696067663.1090324
1,4224,1696067663.198487
1,4352,1696067663.2878733
1,4480,1696067663.3774402
1,4608,1696067663.4667938
1,4736,1696067663.5560315
1,4864,1696067663.645422
1,4992,1696067663.7349238
1,5120,1696067663.8239214
1,5248,1696067663.9127798
1,5376,1696067664.0017765
1,5504,1696067664.0944734
1,5632,1696067664.183395
1,5760,1696067664.272408
1,5888,1696067664.3613703
1,6016,1696067664.4503696
1,6144,1696067664.5393834
1,6272,1696067664.6281586
1,6400,1696067664.7170787
1,6528,1696067664.805769
1,6656,1696067664.894639
1,6784,1696067664.9836018
1,6912,1696067665.0725002
1,7040,1696067665.1615398
1,7168,1696067665.2578633
1,7296,1696067665.3570843
1,7424,1696067665.4562972
1,7552,1696067665.5496643
1,7680,1696067665.6464722
1,7808,1696067665.7426405
1,7936,1696067665.839992
1,8064,1696067665.9365456
1,8192,1696067666.0328176
1,8320,1696067666.1315403
1,8448,1696067666.2278008
1,8576,1696067666.3261056
1,8704,1696067666.424251
1,8832,1696067666.5222979
1,8960,1696067666.620056
1,9088,1696067666.7191093
1,9216,1696067666.8151486
1,9344,1696067666.9143124
1,9472,1696067667.0130782
1,9600,1696067667.1118677
1,9728,1696067667.2112799
1,9856,1696067667.310871
1,9984,1696067667.4068027
1,10112,1696067667.505943
1,10240,1696067667.6058261
1,10368,1696067667.7055328
1,10496,1696067667.8042214
1,10624,1696067667.903541
1,10752,1696067668.0031786
1,10880,1696067668.1022632
1,11008,1696067668.201417
1,11136,1696067668.3014205
1,11264,1696067668.399544
1,11392,1696067668.4992056
1,11520,1696067668.5998769
1,11648,1696067668.6991074
1,11776,1696067668.7982128
1,11904,1696067668.8940542
1,12032,1696067668.9939668
1,12160,1696067669.0937746
1,12288,1696067669.1937032
1,12416,1696067669.2934666
1,12544,1696067669.3923397
1,12672,1696067669.507623
1,12800,1696067669.6229978
1,12928,1696067669.739945
1,13056,1696067669.8559706
1,13184,1696067669.9708955
1,13312,1696067670.0847611
1,13440,1696067670.2007205
1,13568,1696067670.3161688
1,13696,1696067670.4311776
1,13824,1696067670.5461643
1,13952,1696067670.6622431
1,14080,1696067670.776821
1,14208,1696067670.892791
1,14336,1696067671.008149
1,14464,1696067671.124022
1,14592,1696067671.2387166
1,14720,1696067671.3532636
1,14848,1696067671.46826
1,14976,1696067671.5835793
1,15104,1696067671.6974735
1,15232,1696067671.813141
1,15360,1696067671.92799
1,15488,1696067672.043255
1,15616,1696067672.1586037
1,15744,1696067672.2730079
1,15872,1696067672.3884134
1,16000,1696067672.5043972
1,16128,1696067672.6192627
1,16256,1696067672.7338412
1,16384,1696067672.8469036
1,16512,1696067672.9625208
1,16640,1696067673.0767498
1,16768,1696067673.1910465
1,16896,1696067673.30632
1,17024,1696067673.4236424
1,17152,1696067673.538891
1,17280,1696067673.6534572
1,17408,1696067673.7696383
1,17536,1696067673.8847134
1,17664,1696067674.00095
1,17792,1696067674.1159637
1,17920,1696067674.2318227
1,18048,1696067674.3481452
1,18176,1696067674.4622371
1,18304,1696067674.5779529
1,18432,1696067674.6923563
1,18560,1696067674.8062341
1,18688,1696067674.920736
1,18816,1696067675.0343404
1,18944,1696067675.1481082
1,19072,1696067675.2634573
1,19200,1696067675.3777826
1,19328,1696067675.4919696
1,19456,1696067675.6037135
1,19584,1696067675.718377
1,19712,1696067675.8333406
1,19840,1696067675.9471424
1,19968,1696067676.0608222
1,20096,1696067676.1763604
1,20224,1696067676.2886746
1,20352,1696067676.404329
1,20480,1696067676.5190387
1,20608,1696067676.6355047
1,20736,1696067676.7498448
1,20864,1696067676.8655298
1,20992,1696067676.9822536
1,21120,1696067677.0986552
1,21248,1696067677.2138271
1,21376,1696067677.3302255
1,21504,1696067677.4465253
1,21632,1696067677.5628796
1,21760,1696067677.6789353
1,21888,1696067677.7944555
1,22016,1696067677.9105752
1,22144,1696067678.0266585
1,22272,1696067678.142779
1,22400,1696067678.2595348
1,22528,1696067678.3761537
1,22656,1696067678.4931436
1,22784,1696067678.6080763
1,22912,1696067678.7243092
1,23040,1696067678.840265
1,23168,1696067678.9568417
1,23296,1696067679.073534
1,23424,1696067679.1893
1,23552,1696067679.3048928
1,23680,1696067679.4228108
1,23808,1696067679.5382962
1,23936,1696067679.654402
1,24064,1696067679.7708764
1,24192,1696067679.8878057
1,24320,1696067680.0027628
1,24448,1696067680.1181352
1,24576,1696067680.2346933
1,24704,1696067680.3508818
1,24832,1696067680.467582
1,24960,1696067680.5835102
1,25088,1696067680.6998277
1,25216,1696067680.8155928
1,25344,1696067680.9303048
1,25472,1696067681.047449
1,25600,1696067681.1624177
1,25728,1696067681.2783475
1,25856,1696067681.3959248
1,25984,1696067681.5122213
1,26112,1696067681.6265192
1,26240,1696067681.742725
1,26368,1696067681.8582308
1,26496,1696067681.9732215
1,26624,1696067682.0902686
1,26752,1696067682.205892
1,26880,1696067682.3209631
1,27008,1696067682.4370203
1,27136,1696067682.5520124
1,27264,1696067682.6676316
1,27392,1696067682.7842216
1,27520,1696067682.8991776
1,27648,1696067683.0145385
1,27776,1696067683.1307642
1,27904,1696067683.244908
1,28032,1696067683.360349
1,28160,1696067683.4768467
1,28288,1696067683.5940044
1,28416,1696067683.7087314
1,28544,1696067683.8246477
1,28672,1696067683.940415
1,28800,1696067684.0549183
1,28928,1696067684.1716378
1,29056,1696067684.2855637
1,29184,1696067684.401858
1,29312,1696067684.5176704
1,29440,1696067684.633889
1,29568,1696067684.748817
1,29696,1696067684.8650203
1,29824,1696067684.9821866
1,29952,1696067685.09914
1,30080,1696067685.2141347
1,30208,1696067685.3306534
1,30336,1696067685.4474983
1,30464,1696067685.56354
1,30592,1696067685.678795
1,30720,1696067685.7951345
1,30848,1696067685.9102602
1,30976,1696067686.0263462
1,31104,1696067686.1415043
1,31232,1696067686.257417
1,31360,1696067686.371802
1,31488,1696067686.4882536
1,31616,1696067686.6047032
1,31744,1696067686.7197776
1,31872,1696067686.8355114
1,32000,1696067686.952374
1,32128,1696067687.068604
1,32256,1696067687.1840284
1,32384,1696067687.3003032
1,32512,1696067687.417308
1,32640,1696067687.5333197
1,32768,1696067687.648504
1,32896,1696067687.7641215
1,33024,1696067687.8807511
1,33152,1696067687.9957128
1,33280,1696067688.1107306
1,33408,1696067688.226433
1,33536,1696067688.3405433
1,33664,1696067688.4577255
1,33792,1696067688.5724583
1,33920,1696067688.6891646
1,34048,1696067688.8053505
1,34176,1696067688.9206474
1,34304,1696067689.0367815
1,34432,1696067689.1529715
1,34560,1696067689.2680604
1,34688,1696067689.383378
1,34816,1696067689.4986122
1,34944,1696067689.6139483
1,35072,1696067689.7282112
1,35200,1696067689.8456638
1,35328,1696067689.962765
1,35456,1696067690.079891
1,35584,1696067690.195101
1,35712,1696067690.3098364
1,35840,1696067690.4269328
1,35968,1696067690.5420177
1,36096,1696067690.657862
1,36224,1696067690.7747602
1,36352,1696067690.8908136
1,36480,1696067691.0067153
1,36608,1696067691.1236804
1,36736,1696067691.2381618
1,36864,1696067691.3530142
1,36992,1696067691.4687045
1,37120,1696067691.5858583
1,37248,1696067691.7012668
1,37376,1696067691.8161867
1,37504,1696067691.9327114
1,37632,1696067692.0478907
1,37760,1696067692.163594
1,37888,1696067692.2806637
1,38016,1696067692.3977144
1,38144,1696067692.512112
1,38272,1696067692.6279035
1,38400,1696067692.7448804
1,38528,1696067692.8606884
1,38656,1696067692.9766214
1,38784,1696067693.0933366
1,38912,1696067693.2077694
1,39040,1696067693.323338
1,39168,1696067693.4411108
1,39296,1696067693.5578794
1,39424,1696067693.6745446
1,39552,1696067693.7892873
1,39680,1696067693.9046702
1,39808,1696067694.0214515
1,39936,1696067694.137718
1,40064,1696067694.2523315
1,40192,1696067694.3676252
1,40320,1696067694.4828951
1,40448,1696067694.5986452
1,40576,1696067694.7146962
1,40704,1696067694.832869
1,40832,1696067694.9504087
1,40960,1696067695.063621
1,41088,1696067695.1704428
1,41216,1696067695.2596564
1,41344,1696067695.3490176
1,41472,1696067695.4381757
1,41600,1696067695.5275693
1,41728,1696067695.616854
1,41856,1696067695.706258
1,41984,1696067695.7956014
1,42112,1696067695.8849869
1,42240,1696067695.974439
1,42368,1696067696.063751
1,42496,1696067696.1531422
1,42624,1696067696.2424955
1,42752,1696067696.3319483
1,42880,1696067696.4212973
1,43008,1696067696.5106773
1,43136,1696067696.600019
1,43264,1696067696.6893978
1,43392,1696067696.778715
1,43520,1696067696.8680942
1,43648,1696067696.9573064
1,43776,1696067697.0467277
1,43904,1696067697.1361864
1,44032,1696067697.225585
1,44160,1696067697.3150465
1,44288,1696067697.4044855
1,44416,1696067697.493921
1,44544,1696067697.5833366
1,44672,1696067697.6727676
1,44800,1696067697.7621117
1,44928,1696067697.8515036
1,45056,1696067697.9408891
1,45184,1696067698.030258
1,45312,1696067698.1195283
1,45440,1696067698.2089112
1,45568,1696067698.2982304
1,45696,1696067698.3876266
1,45824,1696067698.4767876
1,45952,1696067698.5661087
1,46080,1696067698.655361
1,46208,1696067698.7446847
1,46336,1696067698.8341703
1,46464,1696067698.923552
1,46592,1696067699.0130103
1,46720,1696067699.102279
1,46848,1696067699.1916547
1,46976,1696067699.2809694
1,47104,1696067699.370332
1,47232,1696067699.4596884
1,47360,1696067699.5492299
1,47488,1696067699.638545
1,47616,1696067699.727904
1,47744,1696067699.8172572
1,47872,1696067699.9066098
1,48000,1696067699.9958816
1,48128,1696067700.0860922
1,48256,1696067700.175256
1,48384,1696067700.2645407
1,48512,1696067700.354032
1,48640,1696067700.4441903
1,48768,1696067700.5336635
1,48896,1696067700.623068
1,49024,1696067700.7125344
1,49152,1696067700.8018172
1,49280,1696067700.8911824
1,49408,1696067700.980473
1,49536,1696067701.0698156
1,49664,1696067701.1591966
1,49792,1696067701.24863
1,49920,1696067701.3378499
1,50000,1696067701.4387734
2,128,1696067701.7469537
2,256,1696067701.836038
2,384,1696067701.9253862
2,512,1696067702.0145702
2,640,1696067702.1037576
2,768,1696067702.1932027
2,896,1696067702.282547
2,1024,1696067702.3719301
2,1152,1696067702.4611723
2,1280,1696067702.550488
2,1408,1696067702.6400957
2,1536,1696067702.7295153
2,1664,1696067702.8188117
2,1792,1696067702.9081407
2,1920,1696067702.9974086
2,2048,1696067703.086786
2,2176,1696067703.1761467
2,2304,1696067703.2654178
2,2432,1696067703.3545606
2,2560,1696067703.4437976
2,2688,1696067703.5332541
2,2816,1696067703.6227717
2,2944,1696067703.7122781
2,3072,1696067703.8015292
2,3200,1696067703.8909051
2,3328,1696067703.9801657
2,3456,1696067704.0695236
2,3584,1696067704.1588168
2,3712,1696067704.248164
2,3840,1696067704.337687
2,3968,1696067704.4270613
2,4096,1696067704.5162187
2,4224,1696067704.60578
2,4352,1696067704.6950133
2,4480,1696067704.7844985
2,4608,1696067704.8737252
2,4736,1696067704.963115
2,4864,1696067705.0525498
2,4992,1696067705.1418529
