epoch,trained_sample,time
1,0,1695621671.8210425
1,128,1695621673.176249
1,256,1695621673.1931088
1,384,1695621673.2158158
1,512,1695621673.238623
1,640,1695621673.2586884
1,768,1695621673.2794838
1,896,1695621673.3006895
1,1024,1695621673.3217468
1,1152,1695621673.345431
1,1280,1695621673.3696015
1,1408,1695621673.391068
1,1536,1695621673.4138172
1,1664,1695621673.437108
1,1792,1695621673.4608743
1,1920,1695621673.4814312
1,2048,1695621673.5008216
1,2176,1695621673.5181916
1,2304,1695621673.5422888
1,2432,1695621673.565106
1,2560,1695621673.5895603
1,2688,1695621673.6078138
1,2816,1695621673.6268604
1,2944,1695621673.6436265
1,3072,1695621673.6615438
1,3200,1695621673.678362
1,3328,1695621673.7002087
1,3456,1695621673.7223938
1,3584,1695621673.74436
1,3712,1695621673.76693
1,3840,1695621673.7875857
1,3968,1695621673.8124652
1,4096,1695621673.833802
1,4224,1695621673.857502
1,4352,1695621673.874186
1,4480,1695621673.8974407
1,4608,1695621673.9146247
1,4736,1695621673.9367728
1,4864,1695621673.9591265
1,4992,1695621673.9796052
1,5120,1695621674.0069122
1,5248,1695621674.0330288
1,5376,1695621674.0537302
1,5504,1695621674.0782757
1,5632,1695621674.1014235
1,5760,1695621674.1241376
1,5888,1695621674.1513565
1,6016,1695621674.1765687
1,6144,1695621674.1975346
1,6272,1695621674.2223701
1,6400,1695621674.2445157
1,6528,1695621674.265631
1,6656,1695621674.2897036
1,6784,1695621674.3122184
1,6912,1695621674.332772
1,7040,1695621674.3583505
1,7168,1695621674.3814297
1,7296,1695621674.3975334
1,7424,1695621674.4212258
1,7552,1695621674.4447668
1,7680,1695621674.465927
1,7808,1695621674.4903984
1,7936,1695621674.5081203
1,8064,1695621674.5278776
1,8192,1695621674.5513127
1,8320,1695621674.5704272
1,8448,1695621674.5877934
1,8576,1695621674.606686
1,8704,1695621674.6246483
1,8832,1695621674.6428888
1,8960,1695621674.6655376
1,9088,1695621674.6855094
1,9216,1695621674.7047105
1,9344,1695621674.7223911
1,9472,1695621674.7435946
1,9600,1695621674.7651594
1,9728,1695621674.7837775
1,9856,1695621674.804037
1,9984,1695621674.8249774
1,10112,1695621674.8480458
1,10240,1695621674.8710196
1,10368,1695621674.8917708
1,10496,1695621674.9126146
1,10624,1695621674.9365165
1,10752,1695621674.9586856
1,10880,1695621674.9752717
1,11008,1695621674.994266
1,11136,1695621675.0188262
1,11264,1695621675.0383599
1,11392,1695621675.0551395
1,11520,1695621675.072411
1,11648,1695621675.0901263
1,11776,1695621675.1129892
1,11904,1695621675.1352549
1,12032,1695621675.1548667
1,12160,1695621675.1751666
1,12288,1695621675.201357
1,12416,1695621675.219899
1,12544,1695621675.2455359
1,12672,1695621675.264695
1,12800,1695621675.2886758
1,12928,1695621675.310234
1,13056,1695621675.3304465
1,13184,1695621675.3513668
1,13312,1695621675.3782673
1,13440,1695621675.399129
1,13568,1695621675.4159539
1,13696,1695621675.4327307
1,13824,1695621675.4577532
1,13952,1695621675.4764903
1,14080,1695621675.4962864
1,14208,1695621675.5157242
1,14336,1695621675.5365434
1,14464,1695621675.5586662
1,14592,1695621675.5784938
1,14720,1695621675.5987947
1,14848,1695621675.6224082
1,14976,1695621675.6430507
1,15104,1695621675.663323
1,15232,1695621675.6872725
1,15360,1695621675.7078133
1,15488,1695621675.728956
1,15616,1695621675.749106
1,15744,1695621675.7685885
1,15872,1695621675.791227
1,16000,1695621675.811312
1,16128,1695621675.8311572
1,16256,1695621675.8541915
1,16384,1695621675.872923
1,16512,1695621675.8941548
1,16640,1695621675.9123423
1,16768,1695621675.9305973
1,16896,1695621675.951043
1,17024,1695621675.9752822
1,17152,1695621675.9952292
1,17280,1695621676.0150688
1,17408,1695621676.030677
1,17536,1695621676.0502949
1,17664,1695621676.0709255
1,17792,1695621676.0905492
1,17920,1695621676.1059358
1,18048,1695621676.1291835
1,18176,1695621676.1494524
1,18304,1695621676.1690996
1,18432,1695621676.1871338
1,18560,1695621676.2036278
1,18688,1695621676.221687
1,18816,1695621676.2404263
1,18944,1695621676.2610078
1,19072,1695621676.2834778
1,19200,1695621676.303236
1,19328,1695621676.3255382
1,19456,1695621676.3505383
1,19584,1695621676.3734236
1,19712,1695621676.396132
1,19840,1695621676.418855
1,19968,1695621676.4396844
1,20096,1695621676.461729
1,20224,1695621676.487287
1,20352,1695621676.509488
1,20480,1695621676.5378122
1,20608,1695621676.5517137
1,20736,1695621676.5696201
1,20864,1695621676.5883014
1,20992,1695621676.6074035
1,21120,1695621676.627008
1,21248,1695621676.6470118
1,21376,1695621676.6664524
1,21504,1695621676.6904156
1,21632,1695621676.7130618
1,21760,1695621676.7367566
1,21888,1695621676.759897
1,22016,1695621676.7816825
1,22144,1695621676.8051581
1,22272,1695621676.8272665
1,22400,1695621676.845854
1,22528,1695621676.8705301
1,22656,1695621676.8923533
1,22784,1695621676.9183242
1,22912,1695621676.9409564
1,23040,1695621676.96662
1,23168,1695621676.9835596
1,23296,1695621677.004767
1,23424,1695621677.0254147
1,23552,1695621677.044441
1,23680,1695621677.0630748
1,23808,1695621677.0828242
1,23936,1695621677.103331
1,24064,1695621677.125855
1,24192,1695621677.1433208
1,24320,1695621677.1626894
1,24448,1695621677.183168
1,24576,1695621677.2028995
1,24704,1695621677.222654
1,24832,1695621677.2429464
1,24960,1695621677.2627053
1,25088,1695621677.287281
1,25216,1695621677.3081605
1,25344,1695621677.32947
1,25472,1695621677.354084
1,25600,1695621677.377546
1,25728,1695621677.4032311
1,25856,1695621677.424901
1,25984,1695621677.4509354
1,26112,1695621677.4745865
1,26240,1695621677.4976609
1,26368,1695621677.519072
1,26496,1695621677.5393758
1,26624,1695621677.5632834
1,26752,1695621677.5844636
1,26880,1695621677.6069632
1,27008,1695621677.6278672
1,27136,1695621677.6496594
1,27264,1695621677.6739376
1,27392,1695621677.697508
1,27520,1695621677.7213209
1,27648,1695621677.7474298
1,27776,1695621677.768831
1,27904,1695621677.7945914
1,28032,1695621677.8153725
1,28160,1695621677.8344316
1,28288,1695621677.8620653
1,28416,1695621677.8799505
1,28544,1695621677.899824
1,28672,1695621677.9224043
1,28800,1695621677.9433572
1,28928,1695621677.9628415
1,29056,1695621677.9823673
1,29184,1695621678.0070055
1,29312,1695621678.0294344
1,29440,1695621678.0525665
1,29568,1695621678.075021
1,29696,1695621678.0942447
1,29824,1695621678.1192589
1,29952,1695621678.141374
1,30080,1695621678.1661322
1,30208,1695621678.185552
1,30336,1695621678.2047122
1,30464,1695621678.2262635
1,30592,1695621678.248065
1,30720,1695621678.267851
1,30848,1695621678.2883492
1,30976,1695621678.3095117
1,31104,1695621678.3331196
1,31232,1695621678.3569195
1,31360,1695621678.3781106
1,31488,1695621678.402077
1,31616,1695621678.4223888
1,31744,1695621678.4437585
1,31872,1695621678.4645374
1,32000,1695621678.4838943
1,32128,1695621678.5069911
1,32256,1695621678.5266562
1,32384,1695621678.5531461
1,32512,1695621678.5741296
1,32640,1695621678.5941842
1,32768,1695621678.6164083
1,32896,1695621678.6346755
1,33024,1695621678.6565082
1,33152,1695621678.6771762
1,33280,1695621678.6958025
1,33408,1695621678.7175438
1,33536,1695621678.7409792
1,33664,1695621678.7597554
1,33792,1695621678.7773151
1,33920,1695621678.7987309
1,34048,1695621678.8248768
1,34176,1695621678.8441412
1,34304,1695621678.863547
1,34432,1695621678.8857522
1,34560,1695621678.9021766
1,34688,1695621678.9232879
1,34816,1695621678.9458525
1,34944,1695621678.9680073
1,35072,1695621678.9910874
1,35200,1695621679.0107746
1,35328,1695621679.033515
1,35456,1695621679.056276
1,35584,1695621679.0786965
1,35712,1695621679.103507
1,35840,1695621679.124485
1,35968,1695621679.1505537
1,36096,1695621679.167534
1,36224,1695621679.1873484
1,36352,1695621679.2111797
1,36480,1695621679.2321765
1,36608,1695621679.2539525
1,36736,1695621679.2776363
1,36864,1695621679.2969055
1,36992,1695621679.319493
1,37120,1695621679.3377922
1,37248,1695621679.3626654
1,37376,1695621679.38673
1,37504,1695621679.4086292
1,37632,1695621679.4308805
1,37760,1695621679.4504046
1,37888,1695621679.470989
1,38016,1695621679.488432
1,38144,1695621679.5070586
1,38272,1695621679.5241835
1,38400,1695621679.5436957
1,38528,1695621679.5639422
1,38656,1695621679.5833342
1,38784,1695621679.6050336
1,38912,1695621679.62473
1,39040,1695621679.6448922
1,39168,1695621679.6673305
1,39296,1695621679.6865168
1,39424,1695621679.7026873
1,39552,1695621679.725173
1,39680,1695621679.7511635
1,39808,1695621679.7759762
1,39936,1695621679.795027
1,40064,1695621679.8154411
1,40192,1695621679.8352518
1,40320,1695621679.8635163
1,40448,1695621679.8829243
1,40576,1695621679.9054358
1,40704,1695621679.9285555
1,40832,1695621679.9482214
1,40960,1695621679.9677
1,41088,1695621679.9899564
1,41216,1695621680.014231
1,41344,1695621680.0337424
1,41472,1695621680.0537143
1,41600,1695621680.078049
1,41728,1695621680.0995092
1,41856,1695621680.1192825
1,41984,1695621680.138137
1,42112,1695621680.16567
1,42240,1695621680.1830199
1,42368,1695621680.2128737
1,42496,1695621680.2363086
1,42624,1695621680.2582214
1,42752,1695621680.2796147
1,42880,1695621680.2991867
1,43008,1695621680.3197691
1,43136,1695621680.3414953
1,43264,1695621680.36927
1,43392,1695621680.3873773
1,43520,1695621680.41062
1,43648,1695621680.430444
1,43776,1695621680.4572659
1,43904,1695621680.4805903
1,44032,1695621680.49936
1,44160,1695621680.5240276
1,44288,1695621680.5471845
1,44416,1695621680.5664842
1,44544,1695621680.5892718
1,44672,1695621680.6130526
1,44800,1695621680.6320906
1,44928,1695621680.65267
1,45056,1695621680.6764917
1,45184,1695621680.6979804
1,45312,1695621680.7192392
1,45440,1695621680.7431693
1,45568,1695621680.7642758
1,45696,1695621680.7833414
1,45824,1695621680.8081088
1,45952,1695621680.8285046
1,46080,1695621680.8483348
1,46208,1695621680.8718343
1,46336,1695621680.8926
1,46464,1695621680.9123569
1,46592,1695621680.9328005
1,46720,1695621680.9545517
1,46848,1695621680.9802089
1,46976,1695621680.9988446
1,47104,1695621681.0208569
1,47232,1695621681.041981
1,47360,1695621681.0644612
1,47488,1695621681.0840392
1,47616,1695621681.1046927
1,47744,1695621681.1308396
1,47872,1695621681.1515782
1,48000,1695621681.1780245
1,48128,1695621681.1962554
1,48256,1695621681.2150223
1,48384,1695621681.241027
1,48512,1695621681.2643087
1,48640,1695621681.2856417
1,48768,1695621681.3053582
1,48896,1695621681.3347845
1,49024,1695621681.354903
1,49152,1695621681.3767426
1,49280,1695621681.3961864
1,49408,1695621681.4172363
1,49536,1695621681.4377654
1,49664,1695621681.45849
1,49792,1695621681.4793532
1,49920,1695621681.5004432
1,50000,1695621681.5263848
2,128,1695621681.8483562
2,256,1695621681.866957
2,384,1695621681.8865743
2,512,1695621681.9068418
2,640,1695621681.9266043
2,768,1695621681.9515436
2,896,1695621681.976513
2,1024,1695621682.0005631
2,1152,1695621682.0243094
2,1280,1695621682.0473282
2,1408,1695621682.073558
2,1536,1695621682.102029
2,1664,1695621682.119982
2,1792,1695621682.1479464
2,1920,1695621682.1775088
2,2048,1695621682.1951063
2,2176,1695621682.2232013
2,2304,1695621682.2471743
2,2432,1695621682.2749112
2,2560,1695621682.3005383
2,2688,1695621682.3243053
2,2816,1695621682.3481305
2,2944,1695621682.37196
2,3072,1695621682.397259
2,3200,1695621682.42555
2,3328,1695621682.44307
2,3456,1695621682.4714255
2,3584,1695621682.5015538
2,3712,1695621682.5191727
2,3840,1695621682.5476415
2,3968,1695621682.5771017
2,4096,1695621682.5955296
2,4224,1695621682.6190598
2,4352,1695621682.6423106
2,4480,1695621682.665323
2,4608,1695621682.687074
2,4736,1695621682.7149763
2,4864,1695621682.7370362
2,4992,1695621682.7593796
2,5120,1695621682.781756
2,5248,1695621682.802561
2,5376,1695621682.8227174
2,5504,1695621682.84355
2,5632,1695621682.8635664
2,5760,1695621682.8840315
2,5888,1695621682.905426
2,6016,1695621682.9270098
2,6144,1695621682.9501903
2,6272,1695621682.9705772
2,6400,1695621682.9950786
2,6528,1695621683.016408
2,6656,1695621683.0413547
2,6784,1695621683.06471
2,6912,1695621683.0895422
2,7040,1695621683.109272
2,7168,1695621683.1370764
2,7296,1695621683.160691
2,7424,1695621683.1833484
2,7552,1695621683.202983
2,7680,1695621683.2286944
2,7808,1695621683.248119
2,7936,1695621683.269376
2,8064,1695621683.2938297
2,8192,1695621683.3119907
2,8320,1695621683.3353639
2,8448,1695621683.3633926
2,8576,1695621683.3852654
2,8704,1695621683.4065843
2,8832,1695621683.4314225
2,8960,1695621683.452347
2,9088,1695621683.4797604
2,9216,1695621683.5005076
2,9344,1695621683.5257668
2,9472,1695621683.5418646
2,9600,1695621683.5716717
2,9728,1695621683.5966566
2,9856,1695621683.6179159
2,9984,1695621683.6401265
2,10112,1695621683.6585164
2,10240,1695621683.6856189
2,10368,1695621683.7063425
2,10496,1695621683.7287095
2,10624,1695621683.7494314
2,10752,1695621683.7710242
2,10880,1695621683.7913456
2,11008,1695621683.8121452
2,11136,1695621683.833312
2,11264,1695621683.855484
2,11392,1695621683.8763072
2,11520,1695621683.8959005
2,11648,1695621683.918851
2,11776,1695621683.9389625
2,11904,1695621683.9588668
2,12032,1695621683.9790645
2,12160,1695621684.0000377
2,12288,1695621684.0200515
2,12416,1695621684.0411072
2,12544,1695621684.064218
2,12672,1695621684.0863047
2,12800,1695621684.1110232
2,12928,1695621684.1316488
2,13056,1695621684.1549041
2,13184,1695621684.1774256
2,13312,1695621684.1990683
2,13440,1695621684.2191224
2,13568,1695621684.2444613
2,13696,1695621684.26035
2,13824,1695621684.2813778
2,13952,1695621684.3019369
2,14080,1695621684.323033
2,14208,1695621684.3420985
2,14336,1695621684.3626812
2,14464,1695621684.3829515
2,14592,1695621684.4054265
2,14720,1695621684.42483
2,14848,1695621684.442517
2,14976,1695621684.4624608
2,15104,1695621684.4839609
2,15232,1695621684.5040054
2,15360,1695621684.527438
2,15488,1695621684.5467727
2,15616,1695621684.5705981
2,15744,1695621684.5867164
2,15872,1695621684.6103551
2,16000,1695621684.6272361
2,16128,1695621684.6500492
2,16256,1695621684.6761532
2,16384,1695621684.699
2,16512,1695621684.7193928
2,16640,1695621684.7424433
2,16768,1695621684.767836
2,16896,1695621684.7917871
2,17024,1695621684.8133967
2,17152,1695621684.8359592
2,17280,1695621684.8589365
2,17408,1695621684.8797896
2,17536,1695621684.9065113
2,17664,1695621684.928868
2,17792,1695621684.9509187
2,17920,1695621684.9715712
2,18048,1695621684.9993021
2,18176,1695621685.0240798
2,18304,1695621685.0422902
2,18432,1695621685.064973
2,18560,1695621685.0861819
2,18688,1695621685.1072264
2,18816,1695621685.12801
2,18944,1695621685.1467657
2,19072,1695621685.1697323
2,19200,1695621685.1939256
2,19328,1695621685.2187808
2,19456,1695621685.2404368
2,19584,1695621685.2669826
2,19712,1695621685.2901564
2,19840,1695621685.3118317
2,19968,1695621685.337078
2,20096,1695621685.3575044
2,20224,1695621685.381771
2,20352,1695621685.4052756
2,20480,1695621685.4269416
2,20608,1695621685.4489017
2,20736,1695621685.4711294
2,20864,1695621685.4916062
2,20992,1695621685.514977
2,21120,1695621685.5377038
2,21248,1695621685.5602877
2,21376,1695621685.5824594
2,21504,1695621685.6051195
2,21632,1695621685.6288311
2,21760,1695621685.6505632
2,21888,1695621685.6762073
2,22016,1695621685.6982365
2,22144,1695621685.7190826
2,22272,1695621685.7420764
2,22400,1695621685.7593498
2,22528,1695621685.781628
2,22656,1695621685.8010604
2,22784,1695621685.822297
2,22912,1695621685.8427508
2,23040,1695621685.8632233
2,23168,1695621685.8837426
2,23296,1695621685.9066951
2,23424,1695621685.9276533
2,23552,1695621685.9490263
2,23680,1695621685.9703014
2,23808,1695621685.9906552
2,23936,1695621686.0109274
2,24064,1695621686.0316818
2,24192,1695621686.0540798
2,24320,1695621686.074857
2,24448,1695621686.0951068
2,24576,1695621686.1179063
2,24704,1695621686.1388192
2,24832,1695621686.1592915
2,24960,1695621686.181634
2,25088,1695621686.2074897
2,25216,1695621686.2272666
2,25344,1695621686.2493598
2,25472,1695621686.2743804
2,25600,1695621686.29755
2,25728,1695621686.3216953
2,25856,1695621686.3431723
2,25984,1695621686.3634334
2,26112,1695621686.3867397
2,26240,1695621686.4084575
2,26368,1695621686.4307423
2,26496,1695621686.4514945
2,26624,1695621686.4789438
2,26752,1695621686.5008004
2,26880,1695621686.5216484
2,27008,1695621686.5456247
2,27136,1695621686.5687451
2,27264,1695621686.5898778
2,27392,1695621686.615683
2,27520,1695621686.6367853
2,27648,1695621686.6625173
2,27776,1695621686.6844866
2,27904,1695621686.7111678
2,28032,1695621686.7335281
2,28160,1695621686.7582633
2,28288,1695621686.7791307
2,28416,1695621686.7971706
2,28544,1695621686.8206542
2,28672,1695621686.8448129
2,28800,1695621686.864018
2,28928,1695621686.8851924
2,29056,1695621686.9107423
2,29184,1695621686.9314013
2,29312,1695621686.952066
2,29440,1695621686.9726825
2,29568,1695621686.99242
2,29696,1695621687.01386
2,29824,1695621687.0390296
2,29952,1695621687.060298
2,30080,1695621687.0802066
2,30208,1695621687.102591
2,30336,1695621687.1277094
2,30464,1695621687.147467
2,30592,1695621687.1685686
2,30720,1695621687.1879342
2,30848,1695621687.2081654
2,30976,1695621687.2311237
2,31104,1695621687.2519703
2,31232,1695621687.2729988
2,31360,1695621687.291867
2,31488,1695621687.3124611
2,31616,1695621687.3355634
2,31744,1695621687.3563285
2,31872,1695621687.3757637
2,32000,1695621687.3975508
2,32128,1695621687.4231687
2,32256,1695621687.443548
2,32384,1695621687.4643388
2,32512,1695621687.4848883
2,32640,1695621687.5046473
2,32768,1695621687.5287461
2,32896,1695621687.5486302
2,33024,1695621687.5684664
2,33152,1695621687.5913072
2,33280,1695621687.6119752
2,33408,1695621687.6321712
2,33536,1695621687.655634
2,33664,1695621687.6754153
2,33792,1695621687.6961174
2,33920,1695621687.719766
2,34048,1695621687.7400634
2,34176,1695621687.760735
2,34304,1695621687.7803257
2,34432,1695621687.8019922
2,34560,1695621687.8239944
2,34688,1695621687.8451571
2,34816,1695621687.864337
2,34944,1695621687.8878045
2,35072,1695621687.9087188
2,35200,1695621687.9302416
2,35328,1695621687.9514933
2,35456,1695621687.9727592
2,35584,1695621687.9921935
2,35712,1695621688.0157354
2,35840,1695621688.036634
2,35968,1695621688.0571399
2,36096,1695621688.0816977
2,36224,1695621688.100512
2,36352,1695621688.1206467
2,36480,1695621688.1427305
2,36608,1695621688.1647656
2,36736,1695621688.1844094
2,36864,1695621688.2065642
2,36992,1695621688.2308607
2,37120,1695621688.251894
2,37248,1695621688.2718763
2,37376,1695621688.292585
2,37504,1695621688.3136199
2,37632,1695621688.3362148
2,37760,1695621688.3568761
2,37888,1695621688.376668
2,38016,1695621688.4012518
2,38144,1695621688.422935
2,38272,1695621688.4400291
2,38400,1695621688.4615214
2,38528,1695621688.4839535
2,38656,1695621688.504779
2,38784,1695621688.5254462
2,38912,1695621688.5469763
2,39040,1695621688.5673325
2,39168,1695621688.5900588
2,39296,1695621688.6169996
2,39424,1695621688.6415625
2,39552,1695621688.6612418
2,39680,1695621688.6867855
2,39808,1695621688.7097278
2,39936,1695621688.734623
2,40064,1695621688.7582736
2,40192,1695621688.7831123
2,40320,1695621688.805631
2,40448,1695621688.8303227
2,40576,1695621688.8539474
2,40704,1695621688.8807619
2,40832,1695621688.9025283
2,40960,1695621688.9267874
2,41088,1695621688.9495685
2,41216,1695621688.9752433
2,41344,1695621688.9967685
2,41472,1695621689.0226643
2,41600,1695621689.0456502
2,41728,1695621689.0673726
2,41856,1695621689.0934541
2,41984,1695621689.116175
2,42112,1695621689.1372778
2,42240,1695621689.16264
2,42368,1695621689.18511
2,42496,1695621689.2093713
2,42624,1695621689.2313902
2,42752,1695621689.2534895
2,42880,1695621689.2819164
2,43008,1695621689.3019776
2,43136,1695621689.325799
2,43264,1695621689.3487408
2,43392,1695621689.3698475
2,43520,1695621689.3969002
2,43648,1695621689.4173176
2,43776,1695621689.4424415
2,43904,1695621689.4652932
2,44032,1695621689.4862978
2,44160,1695621689.5126967
2,44288,1695621689.5337493
2,44416,1695621689.5579011
2,44544,1695621689.5779464
2,44672,1695621689.5965598
2,44800,1695621689.6159897
2,44928,1695621689.6369398
2,45056,1695621689.6632607
2,45184,1695621689.6814268
2,45312,1695621689.7029815
2,45440,1695621689.7242997
2,45568,1695621689.7474957
2,45696,1695621689.7678452
2,45824,1695621689.7880197
2,45952,1695621689.8082952
2,46080,1695621689.832601
2,46208,1695621689.853435
2,46336,1695621689.8767326
2,46464,1695621689.9030938
2,46592,1695621689.9255345
2,46720,1695621689.946948
2,46848,1695621689.9695983
2,46976,1695621689.9926202
2,47104,1695621690.0151918
2,47232,1695621690.0366216
2,47360,1695621690.0589309
2,47488,1695621690.07893
2,47616,1695621690.1067433
2,47744,1695621690.129184
2,47872,1695621690.1536767
2,48000,1695621690.1770964
2,48128,1695621690.1992047
2,48256,1695621690.219718
2,48384,1695621690.2432125
2,48512,1695621690.263889
2,48640,1695621690.2870405
2,48768,1695621690.308324
2,48896,1695621690.3297021
2,49024,1695621690.3665214
2,49152,1695621690.3914812
2,49280,1695621690.409769
2,49408,1695621690.432613
2,49536,1695621690.4562957
2,49664,1695621690.4799314
2,49792,1695621690.5026984
2,49920,1695621690.5276184
2,50000,1695621690.5496826
3,128,1695621690.9788988
3,256,1695621691.001967
3,384,1695621691.0254285
3,512,1695621691.0466008
3,640,1695621691.0704944
3,768,1695621691.0947459
3,896,1695621691.1172984
3,1024,1695621691.1390796
3,1152,1695621691.159029
3,1280,1695621691.1829731
3,1408,1695621691.2043273
3,1536,1695621691.2265563
3,1664,1695621691.2475398
3,1792,1695621691.2747257
3,1920,1695621691.3000672
3,2048,1695621691.3199344
3,2176,1695621691.3414707
3,2304,1695621691.3651142
3,2432,1695621691.3872635
3,2560,1695621691.4078062
3,2688,1695621691.4359329
3,2816,1695621691.4568484
3,2944,1695621691.4791336
3,3072,1695621691.4993925
3,3200,1695621691.523066
3,3328,1695621691.5438938
3,3456,1695621691.57089
3,3584,1695621691.5911913
3,3712,1695621691.6168525
3,3840,1695621691.6388328
3,3968,1695621691.6595259
3,4096,1695621691.6832166
3,4224,1695621691.7040844
3,4352,1695621691.726754
3,4480,1695621691.747817
3,4608,1695621691.7758474
3,4736,1695621691.7940578
3,4864,1695621691.816765
3,4992,1695621691.835932
3,5120,1695621691.8581736
3,5248,1695621691.8832715
3,5376,1695621691.9038057
3,5504,1695621691.9243772
3,5632,1695621691.9447246
3,5760,1695621691.9663947
3,5888,1695621691.995712
3,6016,1695621692.017364
3,6144,1695621692.0440874
3,6272,1695621692.0662653
3,6400,1695621692.0877767
3,6528,1695621692.117114
3,6656,1695621692.1370516
3,6784,1695621692.1576517
3,6912,1695621692.1856515
3,7040,1695621692.2089965
3,7168,1695621692.2316942
3,7296,1695621692.253287
3,7424,1695621692.27585
3,7552,1695621692.2963634
3,7680,1695621692.3233182
3,7808,1695621692.3448355
3,7936,1695621692.3639052
3,8064,1695621692.3896334
3,8192,1695621692.410196
3,8320,1695621692.4339242
3,8448,1695621692.4549541
3,8576,1695621692.477699
3,8704,1695621692.5026171
3,8832,1695621692.5260243
3,8960,1695621692.548269
3,9088,1695621692.57097
3,9216,1695621692.5918186
3,9344,1695621692.6151764
3,9472,1695621692.6358175
3,9600,1695621692.6593862
3,9728,1695621692.6794212
3,9856,1695621692.707129
3,9984,1695621692.7288682
3,10112,1695621692.7503653
3,10240,1695621692.766555
3,10368,1695621692.7915742
3,10496,1695621692.8159907
3,10624,1695621692.838052
3,10752,1695621692.8603086
3,10880,1695621692.8812785
3,11008,1695621692.9021735
3,11136,1695621692.929512
3,11264,1695621692.9480112
3,11392,1695621692.9699888
3,11520,1695621692.9976614
3,11648,1695621693.0161278
3,11776,1695621693.0434704
3,11904,1695621693.065492
3,12032,1695621693.0869167
3,12160,1695621693.1076195
3,12288,1695621693.1349156
3,12416,1695621693.1585996
3,12544,1695621693.1807775
3,12672,1695621693.2058754
3,12800,1695621693.23477
3,12928,1695621693.2569256
3,13056,1695621693.281084
3,13184,1695621693.2983408
3,13312,1695621693.3247597
3,13440,1695621693.3487575
3,13568,1695621693.3738341
3,13696,1695621693.3958938
3,13824,1695621693.4184968
3,13952,1695621693.4407918
3,14080,1695621693.459488
3,14208,1695621693.48014
3,14336,1695621693.5070765
3,14464,1695621693.5275269
3,14592,1695621693.551091
3,14720,1695621693.570997
3,14848,1695621693.5942686
3,14976,1695621693.6194825
3,15104,1695621693.6418135
3,15232,1695621693.66303
3,15360,1695621693.6843438
3,15488,1695621693.709194
3,15616,1695621693.7311034
3,15744,1695621693.7513351
3,15872,1695621693.7794302
3,16000,1695621693.8010063
3,16128,1695621693.821868
3,16256,1695621693.8469026
3,16384,1695621693.865539
3,16512,1695621693.889788
3,16640,1695621693.9103765
3,16768,1695621693.9314845
3,16896,1695621693.9549432
3,17024,1695621693.9754312
3,17152,1695621693.9991271
3,17280,1695621694.0198462
3,17408,1695621694.0431
3,17536,1695621694.0644455
3,17664,1695621694.087104
3,17792,1695621694.1073472
3,17920,1695621694.1274316
3,18048,1695621694.1479106
3,18176,1695621694.1724896
3,18304,1695621694.1917667
3,18432,1695621694.220949
3,18560,1695621694.2419865
3,18688,1695621694.2647004
3,18816,1695621694.2876835
3,18944,1695621694.3039012
3,19072,1695621694.325677
3,19200,1695621694.348363
3,19328,1695621694.3718395
3,19456,1695621694.3927877
3,19584,1695621694.4123602
3,19712,1695621694.432276
3,19840,1695621694.453878
3,19968,1695621694.4826548
3,20096,1695621694.505115
3,20224,1695621694.5272393
3,20352,1695621694.5478995
3,20480,1695621694.57132
3,20608,1695621694.5914745
3,20736,1695621694.6149127
3,20864,1695621694.6368837
3,20992,1695621694.6590679
3,21120,1695621694.6793067
3,21248,1695621694.7029326
3,21376,1695621694.724541
3,21504,1695621694.7470012
3,21632,1695621694.7682414
3,21760,1695621694.7917032
3,21888,1695621694.8097358
3,22016,1695621694.8304117
3,22144,1695621694.850604
3,22272,1695621694.8721356
3,22400,1695621694.8929808
3,22528,1695621694.9119666
3,22656,1695621694.9329925
3,22784,1695621694.9547954
3,22912,1695621694.9763453
3,23040,1695621695.000226
3,23168,1695621695.021564
3,23296,1695621695.0428872
3,23424,1695621695.0638893
3,23552,1695621695.0854447
3,23680,1695621695.1095204
3,23808,1695621695.1349344
3,23936,1695621695.157869
3,24064,1695621695.178713
3,24192,1695621695.2024229
3,24320,1695621695.2259266
3,24448,1695621695.2466624
3,24576,1695621695.2625074
3,24704,1695621695.2870095
3,24832,1695621695.3084562
3,24960,1695621695.329333
3,25088,1695621695.3564737
3,25216,1695621695.3800461
3,25344,1695621695.4029443
3,25472,1695621695.4196062
3,25600,1695621695.4431682
3,25728,1695621695.4713871
3,25856,1695621695.4933226
3,25984,1695621695.515293
3,26112,1695621695.5357246
3,26240,1695621695.5591426
3,26368,1695621695.5816414
3,26496,1695621695.6055083
3,26624,1695621695.6291938
3,26752,1695621695.6510153
3,26880,1695621695.671727
3,27008,1695621695.6944242
3,27136,1695621695.714726
3,27264,1695621695.7435894
3,27392,1695621695.7665262
3,27520,1695621695.7933471
3,27648,1695621695.8124568
3,27776,1695621695.8319936
3,27904,1695621695.8529627
3,28032,1695621695.8793807
3,28160,1695621695.9004762
3,28288,1695621695.9196346
3,28416,1695621695.9415956
3,28544,1695621695.9687371
3,28672,1695621695.996221
3,28800,1695621696.0212502
3,28928,1695621696.0451689
3,29056,1695621696.0669873
3,29184,1695621696.087355
3,29312,1695621696.1154747
3,29440,1695621696.1377523
3,29568,1695621696.1596253
3,29696,1695621696.18492
3,29824,1695621696.2104495
3,29952,1695621696.2277024
3,30080,1695621696.250763
3,30208,1695621696.2745557
3,30336,1695621696.2971203
3,30464,1695621696.321219
3,30592,1695621696.3414528
3,30720,1695621696.3655837
3,30848,1695621696.3825536
3,30976,1695621696.4046066
3,31104,1695621696.430738
3,31232,1695621696.4504628
3,31360,1695621696.4722865
3,31488,1695621696.491934
3,31616,1695621696.5122445
3,31744,1695621696.541427
3,31872,1695621696.5603194
3,32000,1695621696.5871367
3,32128,1695621696.6084142
3,32256,1695621696.6311073
3,32384,1695621696.650606
3,32512,1695621696.67218
3,32640,1695621696.6926012
3,32768,1695621696.7108886
3,32896,1695621696.7360318
3,33024,1695621696.7591577
3,33152,1695621696.779413
3,33280,1695621696.8034852
3,33408,1695621696.82598
3,33536,1695621696.8493989
3,33664,1695621696.8731627
3,33792,1695621696.8951292
3,33920,1695621696.9156923
3,34048,1695621696.9354804
3,34176,1695621696.9587896
3,34304,1695621696.9805217
3,34432,1695621697.0028386
3,34560,1695621697.0193503
3,34688,1695621697.043816
3,34816,1695621697.0710828
3,34944,1695621697.0920098
3,35072,1695621697.1150765
3,35200,1695621697.1363363
3,35328,1695621697.158929
3,35456,1695621697.1821733
3,35584,1695621697.2044742
3,35712,1695621697.2267575
3,35840,1695621697.248055
3,35968,1695621697.2711723
3,36096,1695621697.2916238
3,36224,1695621697.3152363
3,36352,1695621697.336226
3,36480,1695621697.358878
3,36608,1695621697.3802795
3,36736,1695621697.4029484
3,36864,1695621697.424769
3,36992,1695621697.4488013
3,37120,1695621697.4711292
3,37248,1695621697.490783
3,37376,1695621697.5197334
3,37504,1695621697.5390177
3,37632,1695621697.5614302
3,37760,1695621697.5831516
3,37888,1695621697.6045597
3,38016,1695621697.626857
3,38144,1695621697.6467357
3,38272,1695621697.6702218
3,38400,1695621697.693608
3,38528,1695621697.7174094
3,38656,1695621697.7391067
3,38784,1695621697.7594345
3,38912,1695621697.7828643
3,39040,1695621697.807185
3,39168,1695621697.8229427
3,39296,1695621697.843303
3,39424,1695621697.8659756
3,39552,1695621697.8876143
3,39680,1695621697.9090822
3,39808,1695621697.9298558
3,39936,1695621697.9503942
3,40064,1695621697.971085
3,40192,1695621697.9964933
3,40320,1695621698.0169387
3,40448,1695621698.0443769
3,40576,1695621698.0666773
3,40704,1695621698.087811
3,40832,1695621698.1112618
3,40960,1695621698.132288
3,41088,1695621698.1550288
3,41216,1695621698.1758509
3,41344,1695621698.2030299
3,41472,1695621698.2253263
3,41600,1695621698.2485564
3,41728,1695621698.2710752
3,41856,1695621698.2928126
3,41984,1695621698.3149164
3,42112,1695621698.335485
3,42240,1695621698.3637452
3,42368,1695621698.385495
3,42496,1695621698.4106965
3,42624,1695621698.4341488
3,42752,1695621698.4575253
3,42880,1695621698.4809618
3,43008,1695621698.5013883
3,43136,1695621698.5262113
3,43264,1695621698.547115
3,43392,1695621698.5702891
3,43520,1695621698.5923567
3,43648,1695621698.6151924
3,43776,1695621698.6364017
3,43904,1695621698.6589026
3,44032,1695621698.6798728
3,44160,1695621698.703007
3,44288,1695621698.7255893
3,44416,1695621698.7461114
3,44544,1695621698.772297
3,44672,1695621698.7939289
3,44800,1695621698.8147428
3,44928,1695621698.8358185
3,45056,1695621698.8634522
3,45184,1695621698.885128
3,45312,1695621698.9068189
3,45440,1695621698.927271
3,45568,1695621698.9523308
3,45696,1695621698.9727883
3,45824,1695621698.9913077
3,45952,1695621699.0131807
3,46080,1695621699.039335
3,46208,1695621699.0571046
3,46336,1695621699.0795734
3,46464,1695621699.0997188
3,46592,1695621699.122993
3,46720,1695621699.1448286
3,46848,1695621699.169197
3,46976,1695621699.1911142
3,47104,1695621699.211454
3,47232,1695621699.2396019
3,47360,1695621699.2609584
3,47488,1695621699.2789197
3,47616,1695621699.3069296
3,47744,1695621699.3225608
3,47872,1695621699.3468728
3,48000,1695621699.3699336
3,48128,1695621699.3940775
3,48256,1695621699.4167979
3,48384,1695621699.438317
3,48512,1695621699.4618568
3,48640,1695621699.483875
3,48768,1695621699.5062788
3,48896,1695621699.522909
3,49024,1695621699.5533965
3,49152,1695621699.572277
3,49280,1695621699.5984397
3,49408,1695621699.621193
3,49536,1695621699.6444707
3,49664,1695621699.6718569
3,49792,1695621699.6927977
3,49920,1695621699.7173665
3,50000,1695621699.7424567
4,128,1695621700.1361885
4,256,1695621700.1613154
4,384,1695621700.1842604
4,512,1695621700.2036
4,640,1695621700.2290816
4,768,1695621700.2534916
4,896,1695621700.2766674
4,1024,1695621700.2991667
4,1152,1695621700.3204787
4,1280,1695621700.3423772
4,1408,1695621700.3655684
4,1536,1695621700.3893955
4,1664,1695621700.4129226
4,1792,1695621700.4349823
4,1920,1695621700.455661
4,2048,1695621700.4774978
4,2176,1695621700.501924
4,2304,1695621700.518783
4,2432,1695621700.5448933
4,2560,1695621700.5668197
4,2688,1695621700.587715
4,2816,1695621700.61538
4,2944,1695621700.6373696
4,3072,1695621700.6607573
4,3200,1695621700.6831858
4,3328,1695621700.7040427
4,3456,1695621700.7296228
4,3584,1695621700.7494352
4,3712,1695621700.7769918
4,3840,1695621700.797552
4,3968,1695621700.8235593
4,4096,1695621700.8486392
4,4224,1695621700.8694768
4,4352,1695621700.8944397
4,4480,1695621700.9169133
4,4608,1695621700.937863
4,4736,1695621700.9629638
4,4864,1695621700.9866514
4,4992,1695621701.0095143
4,5120,1695621701.0255754
4,5248,1695621701.0493803
4,5376,1695621701.0781767
4,5504,1695621701.1013415
4,5632,1695621701.1254244
4,5760,1695621701.1453218
4,5888,1695621701.172772
4,6016,1695621701.1937833
4,6144,1695621701.2184741
4,6272,1695621701.2408597
4,6400,1695621701.2651572
4,6528,1695621701.2875886
4,6656,1695621701.3100696
4,6784,1695621701.3339849
4,6912,1695621701.3569872
4,7040,1695621701.3783424
4,7168,1695621701.4015265
4,7296,1695621701.4180222
4,7424,1695621701.4411972
4,7552,1695621701.4681067
4,7680,1695621701.4911373
4,7808,1695621701.5112
4,7936,1695621701.5367286
4,8064,1695621701.5594592
4,8192,1695621701.5768042
4,8320,1695621701.5971837
4,8448,1695621701.6228523
4,8576,1695621701.6437047
4,8704,1695621701.6634233
4,8832,1695621701.6842632
4,8960,1695621701.7035687
4,9088,1695621701.7269275
4,9216,1695621701.7480097
4,9344,1695621701.767657
4,9472,1695621701.7889743
4,9600,1695621701.8082645
4,9728,1695621701.830152
4,9856,1695621701.8518016
4,9984,1695621701.87193
4,10112,1695621701.8926327
4,10240,1695621701.9127693
4,10368,1695621701.937109
4,10496,1695621701.9642596
4,10624,1695621701.9880085
4,10752,1695621702.0112364
4,10880,1695621702.0321045
4,11008,1695621702.054944
4,11136,1695621702.0757256
4,11264,1695621702.0980072
4,11392,1695621702.1197934
4,11520,1695621702.1394978
4,11648,1695621702.1628337
4,11776,1695621702.1834042
4,11904,1695621702.2034585
4,12032,1695621702.2240694
4,12160,1695621702.245074
4,12288,1695621702.268454
4,12416,1695621702.2892544
4,12544,1695621702.3150327
4,12672,1695621702.3328915
4,12800,1695621702.3582752
4,12928,1695621702.379772
4,13056,1695621702.405928
4,13184,1695621702.427958
4,13312,1695621702.44504
4,13440,1695621702.4688506
4,13568,1695621702.4940324
4,13696,1695621702.5165434
4,13824,1695621702.5434053
4,13952,1695621702.5655026
4,14080,1695621702.5896459
4,14208,1695621702.6141016
4,14336,1695621702.6366415
4,14464,1695621702.6591434
4,14592,1695621702.6797135
4,14720,1695621702.7033465
4,14848,1695621702.7257318
4,14976,1695621702.7487354
4,15104,1695621702.7709794
4,15232,1695621702.790985
4,15360,1695621702.818566
4,15488,1695621702.837505
4,15616,1695621702.8599885
4,15744,1695621702.8827925
4,15872,1695621702.9064744
4,16000,1695621702.930848
4,16128,1695621702.9525225
4,16256,1695621702.9718843
4,16384,1695621702.9922438
4,16512,1695621703.01533
4,16640,1695621703.0349643
4,16768,1695621703.05545
4,16896,1695621703.0762904
4,17024,1695621703.096929
4,17152,1695621703.1185222
4,17280,1695621703.1403453
4,17408,1695621703.1595104
4,17536,1695621703.1804986
4,17664,1695621703.206413
4,17792,1695621703.2336411
4,17920,1695621703.2525427
4,18048,1695621703.2789578
4,18176,1695621703.300712
4,18304,1695621703.3247232
4,18432,1695621703.3470664
4,18560,1695621703.3666565
4,18688,1695621703.3902154
4,18816,1695621703.4122818
4,18944,1695621703.4348416
4,19072,1695621703.454019
4,19200,1695621703.4809976
4,19328,1695621703.500831
4,19456,1695621703.5270047
4,19584,1695621703.546929
4,19712,1695621703.5731966
4,19840,1695621703.593666
4,19968,1695621703.6157217
4,20096,1695621703.6408834
4,20224,1695621703.6616087
4,20352,1695621703.6837115
4,20480,1695621703.7082622
4,20608,1695621703.7311206
4,20736,1695621703.7592142
4,20864,1695621703.7814214
4,20992,1695621703.8048186
4,21120,1695621703.8266923
4,21248,1695621703.8516045
4,21376,1695621703.8720021
4,21504,1695621703.894237
4,21632,1695621703.9195118
4,21760,1695621703.9402945
4,21888,1695621703.9638677
4,22016,1695621703.9882479
4,22144,1695621704.0088487
4,22272,1695621704.0350966
4,22400,1695621704.0561085
4,22528,1695621704.077648
4,22656,1695621704.102282
4,22784,1695621704.1246252
4,22912,1695621704.1479366
4,23040,1695621704.1722426
4,23168,1695621704.193911
4,23296,1695621704.2192895
4,23424,1695621704.2457674
4,23552,1695621704.2697155
4,23680,1695621704.2921605
4,23808,1695621704.3145342
4,23936,1695621704.3359182
4,24064,1695621704.3581977
4,24192,1695621704.3747542
4,24320,1695621704.3977115
4,24448,1695621704.4231265
4,24576,1695621704.4455726
4,24704,1695621704.4668264
4,24832,1695621704.4882455
4,24960,1695621704.5093975
4,25088,1695621704.5373487
4,25216,1695621704.555043
4,25344,1695621704.5755265
4,25472,1695621704.5977528
4,25600,1695621704.6181056
4,25728,1695621704.6395414
4,25856,1695621704.6599348
4,25984,1695621704.68355
4,26112,1695621704.706371
4,26240,1695621704.727519
4,26368,1695621704.746953
4,26496,1695621704.7681031
4,26624,1695621704.787674
4,26752,1695621704.8104513
4,26880,1695621704.832289
4,27008,1695621704.8515322
4,27136,1695621704.8747141
4,27264,1695621704.8960001
4,27392,1695621704.9159162
4,27520,1695621704.9375176
4,27648,1695621704.9629493
4,27776,1695621704.983489
4,27904,1695621705.0042326
4,28032,1695621705.029058
4,28160,1695621705.0506604
4,28288,1695621705.0723317
4,28416,1695621705.095541
4,28544,1695621705.1155047
4,28672,1695621705.136754
4,28800,1695621705.1621428
4,28928,1695621705.1809475
4,29056,1695621705.2044883
4,29184,1695621705.2264516
4,29312,1695621705.2469447
4,29440,1695621705.2717793
4,29568,1695621705.2929277
4,29696,1695621705.316738
4,29824,1695621705.340617
4,29952,1695621705.3672793
4,30080,1695621705.3883598
4,30208,1695621705.410757
4,30336,1695621705.4356987
4,30464,1695621705.4563031
4,30592,1695621705.4799507
4,30720,1695621705.5056453
4,30848,1695621705.5263171
4,30976,1695621705.5510798
4,31104,1695621705.572106
4,31232,1695621705.592831
4,31360,1695621705.6185632
4,31488,1695621705.640811
4,31616,1695621705.6601102
4,31744,1695621705.6833293
4,31872,1695621705.7083566
4,32000,1695621705.7327871
4,32128,1695621705.7541916
4,32256,1695621705.7736125
4,32384,1695621705.7992136
4,32512,1695621705.8209891
4,32640,1695621705.8474963
4,32768,1695621705.8682506
4,32896,1695621705.8892815
4,33024,1695621705.9153721
4,33152,1695621705.9359972
4,33280,1695621705.9566095
4,33408,1695621705.9768136
4,33536,1695621706.0008876
4,33664,1695621706.0205462
4,33792,1695621706.0405457
4,33920,1695621706.065456
4,34048,1695621706.0843458
4,34176,1695621706.1042085
4,34304,1695621706.1329138
4,34432,1695621706.1556306
4,34560,1695621706.1791883
4,34688,1695621706.1999466
4,34816,1695621706.2229297
4,34944,1695621706.2443514
4,35072,1695621706.2670963
4,35200,1695621706.2879179
4,35328,1695621706.3111591
4,35456,1695621706.3317513
4,35584,1695621706.3552246
4,35712,1695621706.3766577
4,35840,1695621706.4028642
4,35968,1695621706.4282491
4,36096,1695621706.4500813
4,36224,1695621706.472232
4,36352,1695621706.494978
4,36480,1695621706.5154579
4,36608,1695621706.539167
4,36736,1695621706.5605447
4,36864,1695621706.5831375
4,36992,1695621706.6034782
4,37120,1695621706.6273403
4,37248,1695621706.6500266
4,37376,1695621706.6702101
4,37504,1695621706.6919255
4,37632,1695621706.7111146
4,37760,1695621706.7331884
4,37888,1695621706.756947
4,38016,1695621706.7803054
4,38144,1695621706.8013346
4,38272,1695621706.8268976
4,38400,1695621706.848328
4,38528,1695621706.873193
4,38656,1695621706.8978446
4,38784,1695621706.920823
4,38912,1695621706.9403698
4,39040,1695621706.9665394
4,39168,1695621706.9881234
4,39296,1695621707.009429
4,39424,1695621707.0349622
4,39552,1695621707.0564837
4,39680,1695621707.077388
4,39808,1695621707.1034381
4,39936,1695621707.1239302
4,40064,1695621707.14814
4,40192,1695621707.170644
4,40320,1695621707.1928759
4,40448,1695621707.2190437
4,40576,1695621707.2408063
4,40704,1695621707.2616305
4,40832,1695621707.2872353
4,40960,1695621707.3080237
4,41088,1695621707.331397
4,41216,1695621707.3604426
4,41344,1695621707.381902
4,41472,1695621707.4048972
4,41600,1695621707.4287236
4,41728,1695621707.4504156
4,41856,1695621707.4771771
4,41984,1695621707.4965243
4,42112,1695621707.5229247
4,42240,1695621707.5460267
4,42368,1695621707.5682445
4,42496,1695621707.5910032
4,42624,1695621707.6136434
4,42752,1695621707.6352928
4,42880,1695621707.6612566
4,43008,1695621707.6827776
4,43136,1695621707.7062788
4,43264,1695621707.7269537
4,43392,1695621707.7500436
4,43520,1695621707.7704859
4,43648,1695621707.7969928
4,43776,1695621707.8190732
4,43904,1695621707.8422945
4,44032,1695621707.858585
4,44160,1695621707.8831654
4,44288,1695621707.9057539
4,44416,1695621707.9293556
4,44544,1695621707.95053
4,44672,1695621707.9731426
4,44800,1695621707.9952362
4,44928,1695621708.0175693
4,45056,1695621708.0383062
4,45184,1695621708.0605617
4,45312,1695621708.0788324
4,45440,1695621708.1008425
4,45568,1695621708.1223829
4,45696,1695621708.1385784
4,45824,1695621708.1607292
4,45952,1695621708.183056
4,46080,1695621708.2015207
4,46208,1695621708.2202468
4,46336,1695621708.2390976
4,46464,1695621708.259271
4,46592,1695621708.2765687
4,46720,1695621708.296577
4,46848,1695621708.3140388
4,46976,1695621708.3310668
4,47104,1695621708.3510804
4,47232,1695621708.369433
4,47360,1695621708.3880677
4,47488,1695621708.4066918
4,47616,1695621708.4268937
4,47744,1695621708.4467685
4,47872,1695621708.4669821
4,48000,1695621708.4869168
4,48128,1695621708.5075362
4,48256,1695621708.5272388
4,48384,1695621708.5471947
4,48512,1695621708.5673575
4,48640,1695621708.5870843
4,48768,1695621708.606903
4,48896,1695621708.6272528
4,49024,1695621708.653099
4,49152,1695621708.672302
4,49280,1695621708.6930223
4,49408,1695621708.7125223
4,49536,1695621708.7327178
4,49664,1695621708.7526681
4,49792,1695621708.7729056
4,49920,1695621708.7926583
4,50000,1695621708.8128183
5,128,1695621709.2404199
5,256,1695621709.2592425
5,384,1695621709.2805138
5,512,1695621709.3011901
5,640,1695621709.3260858
5,768,1695621709.3468616
5,896,1695621709.3653789
5,1024,1695621709.3921363
5,1152,1695621709.4167023
5,1280,1695621709.4380972
5,1408,1695621709.4536774
5,1536,1695621709.4756253
5,1664,1695621709.4984531
5,1792,1695621709.5198755
5,1920,1695621709.5353608
5,2048,1695621709.557107
5,2176,1695621709.579314
5,2304,1695621709.6011646
5,2432,1695621709.6166472
5,2560,1695621709.638102
5,2688,1695621709.6606221
5,2816,1695621709.6824653
5,2944,1695621709.6979167
5,3072,1695621709.7172298
5,3200,1695621709.7325432
5,3328,1695621709.7530591
5,3456,1695621709.7719233
5,3584,1695621709.7906928
5,3712,1695621709.810608
5,3840,1695621709.8311777
5,3968,1695621709.8507469
5,4096,1695621709.8705282
5,4224,1695621709.8916352
5,4352,1695621709.910509
5,4480,1695621709.9311128
5,4608,1695621709.9509115
5,4736,1695621709.9716039
5,4864,1695621709.9906445
5,4992,1695621710.0110173
5,5120,1695621710.035376
5,5248,1695621710.0558617
5,5376,1695621710.077547
5,5504,1695621710.1028304
5,5632,1695621710.1241012
5,5760,1695621710.1433537
5,5888,1695621710.1613827
5,6016,1695621710.17977
5,6144,1695621710.1991003
5,6272,1695621710.2188673
5,6400,1695621710.2392335
5,6528,1695621710.2587957
5,6656,1695621710.2786086
5,6784,1695621710.2997277
5,6912,1695621710.3200698
5,7040,1695621710.3391948
5,7168,1695621710.3590086
5,7296,1695621710.3793936
5,7424,1695621710.398939
5,7552,1695621710.4187958
5,7680,1695621710.4385002
5,7808,1695621710.4627807
5,7936,1695621710.485502
5,8064,1695621710.5114057
5,8192,1695621710.5338712
5,8320,1695621710.5595415
5,8448,1695621710.581644
5,8576,1695621710.603864
5,8704,1695621710.6318054
5,8832,1695621710.6562548
5,8960,1695621710.6774411
5,9088,1695621710.7025785
5,9216,1695621710.7246215
5,9344,1695621710.751227
5,9472,1695621710.7713158
5,9600,1695621710.7900963
5,9728,1695621710.811548
5,9856,1695621710.8396034
5,9984,1695621710.860429
5,10112,1695621710.8863342
5,10240,1695621710.9118278
5,10368,1695621710.930422
5,10496,1695621710.9468303
5,10624,1695621710.9688613
5,10752,1695621710.991944
5,10880,1695621711.0136127
5,11008,1695621711.0292032
5,11136,1695621711.0515828
5,11264,1695621711.0741463
5,11392,1695621711.0959377
5,11520,1695621711.1163964
5,11648,1695621711.141743
5,11776,1695621711.1671898
5,11904,1695621711.1860251
5,12032,1695621711.2051451
5,12160,1695621711.228788
5,12288,1695621711.2502837
5,12416,1695621711.2709286
5,12544,1695621711.293747
5,12672,1695621711.31413
5,12800,1695621711.334567
5,12928,1695621711.3579402
5,13056,1695621711.3787644
5,13184,1695621711.397996
5,13312,1695621711.4199753
5,13440,1695621711.4424047
5,13568,1695621711.463258
5,13696,1695621711.4852068
5,13824,1695621711.5084786
5,13952,1695621711.530383
5,14080,1695621711.5514014
5,14208,1695621711.573795
5,14336,1695621711.598781
5,14464,1695621711.622182
5,14592,1695621711.6415014
5,14720,1695621711.6657677
5,14848,1695621711.6850822
5,14976,1695621711.709113
5,15104,1695621711.7295227
5,15232,1695621711.7540615
5,15360,1695621711.7712522
5,15488,1695621711.7929342
5,15616,1695621711.816453
5,15744,1695621711.8336601
5,15872,1695621711.8513844
5,16000,1695621711.871111
5,16128,1695621711.8911443
5,16256,1695621711.910826
5,16384,1695621711.9310293
5,16512,1695621711.9509392
5,16640,1695621711.9706607
5,16768,1695621711.9910984
5,16896,1695621712.0109217
5,17024,1695621712.0309365
5,17152,1695621712.0507543
5,17280,1695621712.068727
5,17408,1695621712.087546
5,17536,1695621712.1078727
5,17664,1695621712.1272075
5,17792,1695621712.147333
5,17920,1695621712.1669786
5,18048,1695621712.184961
5,18176,1695621712.2120104
5,18304,1695621712.2336452
5,18432,1695621712.2550485
5,18560,1695621712.2731934
5,18688,1695621712.2943044
5,18816,1695621712.3211975
5,18944,1695621712.3417492
5,19072,1695621712.3659787
5,19200,1695621712.389376
5,19328,1695621712.4151082
5,19456,1695621712.4362009
5,19584,1695621712.4636493
5,19712,1695621712.4858983
5,19840,1695621712.506464
5,19968,1695621712.529744
5,20096,1695621712.5532365
5,20224,1695621712.5739515
5,20352,1695621712.5986316
5,20480,1695621712.6217518
5,20608,1695621712.6462784
5,20736,1695621712.66833
5,20864,1695621712.6892064
5,20992,1695621712.7122586
5,21120,1695621712.7350595
5,21248,1695621712.7557101
5,21376,1695621712.7773163
5,21504,1695621712.8018012
5,21632,1695621712.8254254
5,21760,1695621712.8506882
5,21888,1695621712.8738813
5,22016,1695621712.9000514
5,22144,1695621712.9264193
5,22272,1695621712.9434946
5,22400,1695621712.96126
5,22528,1695621712.9786687
5,22656,1695621713.0000446
5,22784,1695621713.0222666
5,22912,1695621713.0382311
5,23040,1695621713.0613735
5,23168,1695621713.086032
5,23296,1695621713.10984
5,23424,1695621713.127084
5,23552,1695621713.14919
5,23680,1695621713.1713285
5,23808,1695621713.191718
5,23936,1695621713.2136624
5,24064,1695621713.2396429
5,24192,1695621713.264835
5,24320,1695621713.2854214
5,24448,1695621713.310223
5,24576,1695621713.3333764
5,24704,1695621713.3573577
5,24832,1695621713.3795404
5,24960,1695621713.401422
5,25088,1695621713.4235497
5,25216,1695621713.4523978
5,25344,1695621713.4760213
5,25472,1695621713.4991727
5,25600,1695621713.5204096
5,25728,1695621713.5431929
5,25856,1695621713.5665078
5,25984,1695621713.5911102
5,26112,1695621713.6136005
5,26240,1695621713.63884
5,26368,1695621713.6634524
5,26496,1695621713.6870909
5,26624,1695621713.707671
5,26752,1695621713.7362852
5,26880,1695621713.7584858
5,27008,1695621713.7842433
5,27136,1695621713.8061635
5,27264,1695621713.8286886
5,27392,1695621713.8473
5,27520,1695621713.867068
5,27648,1695621713.8847923
5,27776,1695621713.9075613
5,27904,1695621713.9270697
5,28032,1695621713.9469662
5,28160,1695621713.9671032
5,28288,1695621713.9866405
5,28416,1695621714.0073304
5,28544,1695621714.0246127
5,28672,1695621714.04335
5,28800,1695621714.062698
5,28928,1695621714.0826318
5,29056,1695621714.10305
5,29184,1695621714.1229007
5,29312,1695621714.1426842
5,29440,1695621714.1626651
5,29568,1695621714.1832578
5,29696,1695621714.202976
5,29824,1695621714.223318
5,29952,1695621714.2428823
5,30080,1695621714.2626321
5,30208,1695621714.283041
5,30336,1695621714.302621
5,30464,1695621714.3227355
5,30592,1695621714.340126
5,30720,1695621714.3601058
5,30848,1695621714.3794136
5,30976,1695621714.399058
5,31104,1695621714.4189408
5,31232,1695621714.4389634
5,31360,1695621714.4591632
5,31488,1695621714.4790745
5,31616,1695621714.4987097
5,31744,1695621714.5188756
5,31872,1695621714.5387635
5,32000,1695621714.559187
5,32128,1695621714.578746
5,32256,1695621714.598721
5,32384,1695621714.619448
5,32512,1695621714.6392252
5,32640,1695621714.6588778
5,32768,1695621714.679135
5,32896,1695621714.6992168
5,33024,1695621714.7189035
5,33152,1695621714.7391562
5,33280,1695621714.7589371
5,33408,1695621714.7793376
5,33536,1695621714.7989151
5,33664,1695621714.8186803
5,33792,1695621714.8389442
5,33920,1695621714.8590348
5,34048,1695621714.8786926
5,34176,1695621714.8990846
5,34304,1695621714.9186528
5,34432,1695621714.9392817
5,34560,1695621714.959504
5,34688,1695621714.980028
5,34816,1695621714.9991853
5,34944,1695621715.018774
5,35072,1695621715.0393393
5,35200,1695621715.0607026
5,35328,1695621715.0793977
5,35456,1695621715.098762
5,35584,1695621715.1192718
5,35712,1695621715.1387672
5,35840,1695621715.1593564
5,35968,1695621715.1792314
5,36096,1695621715.2024167
5,36224,1695621715.2232416
5,36352,1695621715.2411008
5,36480,1695621715.2587817
5,36608,1695621715.279164
5,36736,1695621715.299417
5,36864,1695621715.3187776
5,36992,1695621715.3400345
5,37120,1695621715.361372
5,37248,1695621715.3837523
5,37376,1695621715.4029024
5,37504,1695621715.4242153
5,37632,1695621715.44983
5,37760,1695621715.4744363
5,37888,1695621715.498031
5,38016,1695621715.5217278
5,38144,1695621715.5461364
5,38272,1695621715.5696595
5,38400,1695621715.5933294
5,38528,1695621715.6181083
5,38656,1695621715.6421766
5,38784,1695621715.6661031
5,38912,1695621715.6900415
5,39040,1695621715.7129018
5,39168,1695621715.7324328
5,39296,1695621715.7519853
5,39424,1695621715.7724435
5,39552,1695621715.7919664
5,39680,1695621715.8122678
5,39808,1695621715.8321567
5,39936,1695621715.8524206
5,40064,1695621715.8723462
5,40192,1695621715.8923974
5,40320,1695621715.9122872
5,40448,1695621715.934515
5,40576,1695621715.9620354
5,40704,1695621715.980888
5,40832,1695621715.9993687
5,40960,1695621716.021121
5,41088,1695621716.0444262
5,41216,1695621716.0658014
5,41344,1695621716.0856204
5,41472,1695621716.1128106
5,41600,1695621716.1400304
5,41728,1695621716.1616406
5,41856,1695621716.1779037
5,41984,1695621716.1955235
5,42112,1695621716.2202399
5,42240,1695621716.23984
5,42368,1695621716.2576284
5,42496,1695621716.279377
5,42624,1695621716.3017712
5,42752,1695621716.3218884
5,42880,1695621716.3464215
5,43008,1695621716.3643422
5,43136,1695621716.3854146
5,43264,1695621716.406409
5,43392,1695621716.4235814
5,43520,1695621716.4423833
5,43648,1695621716.4610777
5,43776,1695621716.4798346
5,43904,1695621716.4989216
5,44032,1695621716.5191097
5,44160,1695621716.5410652
5,44288,1695621716.5612779
5,44416,1695621716.5767238
5,44544,1695621716.5954616
5,44672,1695621716.6111412
5,44800,1695621716.6266994
5,44928,1695621716.6484966
5,45056,1695621716.669746
5,45184,1695621716.6908338
5,45312,1695621716.7074256
5,45440,1695621716.7240736
5,45568,1695621716.7428482
5,45696,1695621716.7602537
5,45824,1695621716.7787352
5,45952,1695621716.8007133
5,46080,1695621716.820088
5,46208,1695621716.8377492
5,46336,1695621716.856094
5,46464,1695621716.873892
5,46592,1695621716.8944356
5,46720,1695621716.9153888
5,46848,1695621716.9365544
5,46976,1695621716.960284
5,47104,1695621716.9776757
5,47232,1695621716.9986644
5,47360,1695621717.0153644
5,47488,1695621717.0360641
5,47616,1695621717.057121
5,47744,1695621717.0773842
5,47872,1695621717.0936093
5,48000,1695621717.1127398
5,48128,1695621717.132459
5,48256,1695621717.1516426
5,48384,1695621717.17101
5,48512,1695621717.1910396
5,48640,1695621717.2113533
5,48768,1695621717.2310421
5,48896,1695621717.250805
5,49024,1695621717.272708
5,49152,1695621717.2898486
5,49280,1695621717.306908
5,49408,1695621717.3240578
5,49536,1695621717.3409638
5,49664,1695621717.357659
5,49792,1695621717.3750885
5,49920,1695621717.3917577
5,50000,1695621717.4107537
6,128,1695621717.8507216
6,256,1695621717.873092
6,384,1695621717.8952198
6,512,1695621717.9152005
6,640,1695621717.9375186
6,768,1695621717.958154
6,896,1695621717.975466
6,1024,1695621717.993523
6,1152,1695621718.0131648
6,1280,1695621718.0322514
6,1408,1695621718.0512378
6,1536,1695621718.0709915
6,1664,1695621718.0908852
6,1792,1695621718.111309
6,1920,1695621718.1310985
6,2048,1695621718.1507876
