epoch,trained_sample,time
1,0,1696071033.3350036
1,64,1696071034.6309206
1,128,1696071034.6501353
1,192,1696071034.6702464
1,256,1696071034.686509
1,320,1696071034.7004097
1,384,1696071034.714269
1,448,1696071034.7306793
1,512,1696071034.7457657
1,576,1696071034.7646742
1,640,1696071034.7844226
1,704,1696071034.8026466
1,768,1696071034.8213563
1,832,1696071034.839352
1,896,1696071034.8590295
1,960,1696071034.8781931
1,1024,1696071034.8969963
1,1088,1696071034.9154286
1,1152,1696071034.936448
1,1216,1696071034.9578729
1,1280,1696071034.9782276
1,1344,1696071034.998107
1,1408,1696071035.0170078
1,1472,1696071035.0369363
1,1536,1696071035.0600376
1,1600,1696071035.0824971
1,1664,1696071035.1021986
1,1728,1696071035.1222262
1,1792,1696071035.1421576
1,1856,1696071035.1623724
1,1920,1696071035.1819656
1,1984,1696071035.2019634
1,2048,1696071035.2224147
1,2112,1696071035.2420523
1,2176,1696071035.2616203
1,2240,1696071035.2816663
1,2304,1696071035.3046727
1,2368,1696071035.3255098
1,2432,1696071035.346846
1,2496,1696071035.365856
1,2560,1696071035.3799849
1,2624,1696071035.400178
1,2688,1696071035.4253142
1,2752,1696071035.4423442
1,2816,1696071035.4614344
1,2880,1696071035.4845376
1,2944,1696071035.506415
1,3008,1696071035.5256839
1,3072,1696071035.5464728
1,3136,1696071035.566209
1,3200,1696071035.5855167
1,3264,1696071035.6049225
1,3328,1696071035.6285908
1,3392,1696071035.6470952
1,3456,1696071035.6628067
1,3520,1696071035.6796238
1,3584,1696071035.6988642
1,3648,1696071035.7206845
1,3712,1696071035.741834
1,3776,1696071035.7596722
1,3840,1696071035.7771714
1,3904,1696071035.798424
1,3968,1696071035.8180122
1,4032,1696071035.8343759
1,4096,1696071035.8510323
1,4160,1696071035.8712661
1,4224,1696071035.893042
1,4288,1696071035.914526
1,4352,1696071035.934007
1,4416,1696071035.953914
1,4480,1696071035.9744484
1,4544,1696071035.994143
1,4608,1696071036.0142457
1,4672,1696071036.0342367
1,4736,1696071036.0543199
1,4800,1696071036.0737314
1,4864,1696071036.0948088
1,4928,1696071036.1133525
1,4992,1696071036.13313
1,5056,1696071036.1519363
1,5120,1696071036.1690545
1,5184,1696071036.1898756
1,5248,1696071036.2043588
1,5312,1696071036.2180398
1,5376,1696071036.2352762
1,5440,1696071036.2541053
1,5504,1696071036.2729406
1,5568,1696071036.2917795
1,5632,1696071036.3117478
1,5696,1696071036.330201
1,5760,1696071036.3484576
1,5824,1696071036.3734405
1,5888,1696071036.3926606
1,5952,1696071036.4090745
1,6016,1696071036.4303243
1,6080,1696071036.4504232
1,6144,1696071036.4696581
1,6208,1696071036.4893377
1,6272,1696071036.508826
1,6336,1696071036.5327728
1,6400,1696071036.5507646
1,6464,1696071036.5692036
1,6528,1696071036.5895607
1,6592,1696071036.608979
1,6656,1696071036.6287746
1,6720,1696071036.6488032
1,6784,1696071036.6718354
1,6848,1696071036.69194
1,6912,1696071036.7109065
1,6976,1696071036.733098
1,7040,1696071036.7546313
1,7104,1696071036.774187
1,7168,1696071036.7940865
1,7232,1696071036.8136368
1,7296,1696071036.833985
1,7360,1696071036.859135
1,7424,1696071036.8772774
1,7488,1696071036.894038
1,7552,1696071036.9168737
1,7616,1696071036.9364843
1,7680,1696071036.954691
1,7744,1696071036.9768896
1,7808,1696071036.9986856
1,7872,1696071037.017824
1,7936,1696071037.0383797
1,8000,1696071037.0583673
1,8064,1696071037.077914
1,8128,1696071037.098001
1,8192,1696071037.1177795
1,8256,1696071037.1356025
1,8320,1696071037.1529403
1,8384,1696071037.1713464
1,8448,1696071037.1940825
1,8512,1696071037.2157407
1,8576,1696071037.237075
1,8640,1696071037.2602286
1,8704,1696071037.2786515
1,8768,1696071037.2972424
1,8832,1696071037.3187313
1,8896,1696071037.3374605
1,8960,1696071037.3575866
1,9024,1696071037.3769531
1,9088,1696071037.3971832
1,9152,1696071037.4165926
1,9216,1696071037.4368255
1,9280,1696071037.4606447
1,9344,1696071037.482306
1,9408,1696071037.5017207
1,9472,1696071037.5225997
1,9536,1696071037.5421145
1,9600,1696071037.5616164
1,9664,1696071037.5816615
1,9728,1696071037.6013525
1,9792,1696071037.6206698
1,9856,1696071037.644517
1,9920,1696071037.6645515
1,9984,1696071037.6830363
1,10048,1696071037.7048078
1,10112,1696071037.7246082
1,10176,1696071037.743811
1,10240,1696071037.7669737
1,10304,1696071037.7875748
1,10368,1696071037.808287
1,10432,1696071037.833201
1,10496,1696071037.8505614
1,10560,1696071037.8694563
1,10624,1696071037.886168
1,10688,1696071037.9097111
1,10752,1696071037.9286344
1,10816,1696071037.9470606
1,10880,1696071037.9636972
1,10944,1696071037.986337
1,11008,1696071038.0061579
1,11072,1696071038.0262074
1,11136,1696071038.0458295
1,11200,1696071038.064699
1,11264,1696071038.0886002
1,11328,1696071038.1087916
1,11392,1696071038.1291277
1,11456,1696071038.1519835
1,11520,1696071038.172259
1,11584,1696071038.1915362
1,11648,1696071038.210116
1,11712,1696071038.2336314
1,11776,1696071038.2528071
1,11840,1696071038.2702525
1,11904,1696071038.2930937
1,11968,1696071038.314313
1,12032,1696071038.333185
1,12096,1696071038.3531184
1,12160,1696071038.3731802
1,12224,1696071038.3929496
1,12288,1696071038.4125395
1,12352,1696071038.4361944
1,12416,1696071038.4569366
1,12480,1696071038.4762797
1,12544,1696071038.4951282
1,12608,1696071038.5165458
1,12672,1696071038.5388668
1,12736,1696071038.5580406
1,12800,1696071038.5825121
1,12864,1696071038.5999322
1,12928,1696071038.620036
1,12992,1696071038.6423514
1,13056,1696071038.6625605
1,13120,1696071038.6818361
1,13184,1696071038.702643
1,13248,1696071038.7221184
1,13312,1696071038.7422452
1,13376,1696071038.7623048
1,13440,1696071038.781908
1,13504,1696071038.8022845
1,13568,1696071038.8225334
1,13632,1696071038.8429117
1,13696,1696071038.8650773
1,13760,1696071038.8845158
1,13824,1696071038.9028614
1,13888,1696071038.923708
1,13952,1696071038.944663
1,14016,1696071038.9640558
1,14080,1696071038.982951
1,14144,1696071039.0044112
1,14208,1696071039.026843
1,14272,1696071039.0411556
1,14336,1696071039.065089
1,14400,1696071039.0827222
1,14464,1696071039.1019142
1,14528,1696071039.1186528
1,14592,1696071039.1373975
1,14656,1696071039.1654656
1,14720,1696071039.1833901
1,14784,1696071039.2090325
1,14848,1696071039.2278347
1,14912,1696071039.2488353
1,14976,1696071039.268055
1,15040,1696071039.2882745
1,15104,1696071039.3105366
1,15168,1696071039.3313704
1,15232,1696071039.352251
1,15296,1696071039.3762867
1,15360,1696071039.395627
1,15424,1696071039.416586
1,15488,1696071039.4365847
1,15552,1696071039.4547765
1,15616,1696071039.4757004
1,15680,1696071039.4976006
1,15744,1696071039.5163434
1,15808,1696071039.533741
1,15872,1696071039.5486817
1,15936,1696071039.5709035
1,16000,1696071039.5909455
1,16064,1696071039.6113482
1,16128,1696071039.6302867
1,16192,1696071039.6544595
1,16256,1696071039.6697085
1,16320,1696071039.6881154
1,16384,1696071039.7084198
1,16448,1696071039.7268496
1,16512,1696071039.7487376
1,16576,1696071039.7686687
1,16640,1696071039.7871177
1,16704,1696071039.8086066
1,16768,1696071039.830256
1,16832,1696071039.849873
1,16896,1696071039.8740351
1,16960,1696071039.892716
1,17024,1696071039.9113579
1,17088,1696071039.93084
1,17152,1696071039.954692
1,17216,1696071039.9752204
1,17280,1696071039.997626
1,17344,1696071040.016803
1,17408,1696071040.034504
1,17472,1696071040.0555985
1,17536,1696071040.0780213
1,17600,1696071040.0985603
1,17664,1696071040.117736
1,17728,1696071040.1383379
1,17792,1696071040.162118
1,17856,1696071040.1843324
1,17920,1696071040.201979
1,17984,1696071040.2192786
1,18048,1696071040.2438197
1,18112,1696071040.2616754
1,18176,1696071040.2785633
1,18240,1696071040.302223
1,18304,1696071040.3242598
1,18368,1696071040.3440752
1,18432,1696071040.36301
1,18496,1696071040.3847847
1,18560,1696071040.4066782
1,18624,1696071040.424083
1,18688,1696071040.442468
1,18752,1696071040.4662428
1,18816,1696071040.4879894
1,18880,1696071040.5062056
1,18944,1696071040.5301738
1,19008,1696071040.5574045
1,19072,1696071040.5765905
1,19136,1696071040.5966656
1,19200,1696071040.6150753
1,19264,1696071040.6352632
1,19328,1696071040.6570673
1,19392,1696071040.6761642
1,19456,1696071040.694824
1,19520,1696071040.7166467
1,19584,1696071040.7366512
1,19648,1696071040.7548935
1,19712,1696071040.7755654
1,19776,1696071040.7970088
1,19840,1696071040.8188324
1,19904,1696071040.8384182
1,19968,1696071040.8586287
1,20032,1696071040.8780265
1,20096,1696071040.9023669
1,20160,1696071040.9212594
1,20224,1696071040.9385521
1,20288,1696071040.960564
1,20352,1696071040.982731
1,20416,1696071041.0021107
1,20480,1696071041.0248175
1,20544,1696071041.04386
1,20608,1696071041.0634923
1,20672,1696071041.0829182
1,20736,1696071041.1067083
1,20800,1696071041.1296973
1,20864,1696071041.1499376
1,20928,1696071041.1704547
1,20992,1696071041.1901054
1,21056,1696071041.2099779
1,21120,1696071041.2301764
1,21184,1696071041.2498517
1,21248,1696071041.2705507
1,21312,1696071041.2901328
1,21376,1696071041.3155577
1,21440,1696071041.3386207
1,21504,1696071041.3534195
1,21568,1696071041.3768232
1,21632,1696071041.396791
1,21696,1696071041.415994
1,21760,1696071041.4350755
1,21824,1696071041.4566622
1,21888,1696071041.4785986
1,21952,1696071041.498817
1,22016,1696071041.5202384
1,22080,1696071041.5404556
1,22144,1696071041.56255
1,22208,1696071041.5826752
1,22272,1696071041.6044354
1,22336,1696071041.6236846
1,22400,1696071041.6437201
1,22464,1696071041.6627057
1,22528,1696071041.6871016
1,22592,1696071041.7077196
1,22656,1696071041.7307758
1,22720,1696071041.75027
1,22784,1696071041.7720623
1,22848,1696071041.7934165
1,22912,1696071041.8146474
1,22976,1696071041.8337367
1,23040,1696071041.8563054
1,23104,1696071041.8760726
1,23168,1696071041.8960545
1,23232,1696071041.9184034
1,23296,1696071041.9383578
1,23360,1696071041.9609215
1,23424,1696071041.9828665
1,23488,1696071042.0016665
1,23552,1696071042.0254939
1,23616,1696071042.0451102
1,23680,1696071042.0635862
1,23744,1696071042.0827873
1,23808,1696071042.1072745
1,23872,1696071042.1284044
1,23936,1696071042.1504169
1,24000,1696071042.1703916
1,24064,1696071042.1899846
1,24128,1696071042.2102923
1,24192,1696071042.2299714
1,24256,1696071042.2480395
1,24320,1696071042.2678936
1,24384,1696071042.290768
1,24448,1696071042.3115814
1,24512,1696071042.3344934
1,24576,1696071042.353437
1,24640,1696071042.376845
1,24704,1696071042.3962042
1,24768,1696071042.4188633
1,24832,1696071042.4383314
1,24896,1696071042.4612496
1,24960,1696071042.482692
1,25024,1696071042.502635
1,25088,1696071042.5262756
1,25152,1696071042.5450294
1,25216,1696071042.5632792
1,25280,1696071042.5823207
1,25344,1696071042.59929
1,25408,1696071042.6175084
1,25472,1696071042.6350489
1,25536,1696071042.658712
1,25600,1696071042.6806672
1,25664,1696071042.7027702
1,25728,1696071042.722425
1,25792,1696071042.7463198
1,25856,1696071042.7683506
1,25920,1696071042.7905135
1,25984,1696071042.8117778
1,26048,1696071042.8289528
1,26112,1696071042.851853
1,26176,1696071042.874319
1,26240,1696071042.8943815
1,26304,1696071042.914836
1,26368,1696071042.938208
1,26432,1696071042.9607422
1,26496,1696071042.9828107
1,26560,1696071043.002045
1,26624,1696071043.0199518
1,26688,1696071043.0374649
1,26752,1696071043.062097
1,26816,1696071043.083977
1,26880,1696071043.1064317
1,26944,1696071043.1276796
1,27008,1696071043.1509418
1,27072,1696071043.1687546
1,27136,1696071043.1869411
1,27200,1696071043.2061386
1,27264,1696071043.224111
1,27328,1696071043.2407715
1,27392,1696071043.257159
1,27456,1696071043.2755167
1,27520,1696071043.2989116
1,27584,1696071043.3196268
1,27648,1696071043.3428135
1,27712,1696071043.3639836
1,27776,1696071043.38685
1,27840,1696071043.4016376
1,27904,1696071043.4212816
1,27968,1696071043.4427233
1,28032,1696071043.461731
1,28096,1696071043.4839408
1,28160,1696071043.5084002
1,28224,1696071043.5303493
1,28288,1696071043.550082
1,28352,1696071043.5702748
1,28416,1696071043.5899978
1,28480,1696071043.6102405
1,28544,1696071043.6303706
1,28608,1696071043.650054
1,28672,1696071043.6703265
1,28736,1696071043.6901891
1,28800,1696071043.7105653
1,28864,1696071043.7300925
1,28928,1696071043.7519698
1,28992,1696071043.773652
1,29056,1696071043.7946963
1,29120,1696071043.8139975
1,29184,1696071043.8383257
1,29248,1696071043.8601258
1,29312,1696071043.8830607
1,29376,1696071043.9007196
1,29440,1696071043.918286
1,29504,1696071043.9408455
1,29568,1696071043.9626307
1,29632,1696071043.9824438
1,29696,1696071044.0026398
1,29760,1696071044.0221567
1,29824,1696071044.0464034
1,29888,1696071044.0684724
1,29952,1696071044.0906427
1,30016,1696071044.1116319
1,30080,1696071044.1345627
1,30144,1696071044.1494234
1,30208,1696071044.173096
1,30272,1696071044.1917067
1,30336,1696071044.2170956
1,30400,1696071044.235713
1,30464,1696071044.2611089
1,30528,1696071044.2814865
1,30592,1696071044.3023808
1,30656,1696071044.3219883
1,30720,1696071044.3424623
1,30784,1696071044.3621197
1,30848,1696071044.3825004
1,30912,1696071044.4019456
1,30976,1696071044.4274895
1,31040,1696071044.4503922
1,31104,1696071044.4725442
1,31168,1696071044.4948099
1,31232,1696071044.509392
1,31296,1696071044.529147
1,31360,1696071044.5505412
1,31424,1696071044.5702791
1,31488,1696071044.5899434
1,31552,1696071044.610411
1,31616,1696071044.6301672
1,31680,1696071044.6502469
1,31744,1696071044.67055
1,31808,1696071044.6899335
1,31872,1696071044.710231
1,31936,1696071044.730371
1,32000,1696071044.7461264
1,32064,1696071044.7698493
1,32128,1696071044.7917016
1,32192,1696071044.8122854
1,32256,1696071044.8289301
1,32320,1696071044.8469727
1,32384,1696071044.8687775
1,32448,1696071044.8906436
1,32512,1696071044.9098105
1,32576,1696071044.930478
1,32640,1696071044.9485173
1,32704,1696071044.971745
1,32768,1696071044.9925113
1,32832,1696071045.013417
1,32896,1696071045.0283906
1,32960,1696071045.050198
1,33024,1696071045.064685
1,33088,1696071045.0871706
1,33152,1696071045.1084306
1,33216,1696071045.1307282
1,33280,1696071045.1512125
1,33344,1696071045.1747751
1,33408,1696071045.1952422
1,33472,1696071045.2189417
1,33536,1696071045.2392154
1,33600,1696071045.263071
1,33664,1696071045.278057
1,33728,1696071045.300923
1,33792,1696071045.3227868
1,33856,1696071045.3426418
1,33920,1696071045.3673744
1,33984,1696071045.388099
1,34048,1696071045.4110365
1,34112,1696071045.4314215
1,34176,1696071045.4548419
1,34240,1696071045.4758046
1,34304,1696071045.4987862
1,34368,1696071045.5192647
1,34432,1696071045.5432253
1,34496,1696071045.563895
1,34560,1696071045.5865462
1,34624,1696071045.6096134
1,34688,1696071045.6304395
1,34752,1696071045.6500258
1,34816,1696071045.6706247
1,34880,1696071045.6947134
1,34944,1696071045.7157547
1,35008,1696071045.7386563
1,35072,1696071045.7621386
1,35136,1696071045.782375
1,35200,1696071045.802006
1,35264,1696071045.8224077
1,35328,1696071045.8421748
1,35392,1696071045.8622246
1,35456,1696071045.8821983
1,35520,1696071045.902415
1,35584,1696071045.9233835
1,35648,1696071045.9451554
1,35712,1696071045.9664164
1,35776,1696071045.9890473
1,35840,1696071046.010572
1,35904,1696071046.0303562
1,35968,1696071046.0516114
1,36032,1696071046.0682797
1,36096,1696071046.08463
1,36160,1696071046.1044178
1,36224,1696071046.1226785
1,36288,1696071046.1420395
1,36352,1696071046.160904
1,36416,1696071046.1828082
1,36480,1696071046.2029986
1,36544,1696071046.2267318
1,36608,1696071046.248048
1,36672,1696071046.2706535
1,36736,1696071046.291489
1,36800,1696071046.3125098
1,36864,1696071046.3331323
1,36928,1696071046.3544085
1,36992,1696071046.3741612
1,37056,1696071046.3942323
1,37120,1696071046.4141543
1,37184,1696071046.4338305
1,37248,1696071046.4546726
1,37312,1696071046.4749472
1,37376,1696071046.4989336
1,37440,1696071046.5191407
1,37504,1696071046.5429845
1,37568,1696071046.5640368
1,37632,1696071046.586702
1,37696,1696071046.6076646
1,37760,1696071046.6237445
1,37824,1696071046.6407306
1,37888,1696071046.6666474
1,37952,1696071046.6900916
1,38016,1696071046.7119224
1,38080,1696071046.7344148
1,38144,1696071046.757852
1,38208,1696071046.7805166
1,38272,1696071046.802904
1,38336,1696071046.8251867
1,38400,1696071046.8467116
1,38464,1696071046.865927
1,38528,1696071046.8876262
1,38592,1696071046.912985
1,38656,1696071046.9322293
1,38720,1696071046.957477
1,38784,1696071046.973952
1,38848,1696071046.99052
1,38912,1696071047.0092359
1,38976,1696071047.0265884
1,39040,1696071047.0507867
1,39104,1696071047.0719302
1,39168,1696071047.0931525
1,39232,1696071047.1145992
1,39296,1696071047.1348596
1,39360,1696071047.1583781
1,39424,1696071047.1802187
1,39488,1696071047.202712
1,39552,1696071047.2237906
1,39616,1696071047.2468638
1,39680,1696071047.2666795
1,39744,1696071047.2908351
1,39808,1696071047.3121452
1,39872,1696071047.3349013
1,39936,1696071047.355071
1,40000,1696071047.3791175
1,40064,1696071047.3995311
1,40128,1696071047.422778
1,40192,1696071047.4375834
1,40256,1696071047.4565084
1,40320,1696071047.4765415
1,40384,1696071047.4948668
1,40448,1696071047.5139458
1,40512,1696071047.534161
1,40576,1696071047.551402
1,40640,1696071047.567715
1,40704,1696071047.5848036
1,40768,1696071047.6018798
1,40832,1696071047.618367
1,40896,1696071047.637386
1,40960,1696071047.6550722
1,41024,1696071047.679148
1,41088,1696071047.7000964
1,41152,1696071047.7227855
1,41216,1696071047.7437708
1,41280,1696071047.7665772
1,41344,1696071047.7862737
1,41408,1696071047.8093705
1,41472,1696071047.8307362
1,41536,1696071047.845927
1,41600,1696071047.868115
1,41664,1696071047.890937
1,41728,1696071047.9102378
1,41792,1696071047.9344375
1,41856,1696071047.9563456
1,41920,1696071047.9787855
1,41984,1696071047.999513
1,42048,1696071048.022214
1,42112,1696071048.0374916
1,42176,1696071048.0573957
1,42240,1696071048.0787587
1,42304,1696071048.1007073
1,42368,1696071048.1227834
1,42432,1696071048.1429887
1,42496,1696071048.1664975
1,42560,1696071048.1899517
1,42624,1696071048.2109072
1,42688,1696071048.2326336
1,42752,1696071048.2545984
1,42816,1696071048.274678
1,42880,1696071048.2991595
1,42944,1696071048.3206003
1,43008,1696071048.3416684
1,43072,1696071048.3625097
1,43136,1696071048.3834562
1,43200,1696071048.4068925
1,43264,1696071048.4250822
1,43328,1696071048.4436307
1,43392,1696071048.4623082
1,43456,1696071048.4822676
1,43520,1696071048.5025647
1,43584,1696071048.5266528
1,43648,1696071048.5481045
1,43712,1696071048.5706663
1,43776,1696071048.5857077
1,43840,1696071048.6089096
1,43904,1696071048.628503
1,43968,1696071048.650605
1,44032,1696071048.6710606
1,44096,1696071048.6951902
1,44160,1696071048.7161362
1,44224,1696071048.738886
1,44288,1696071048.7624402
1,44352,1696071048.7836723
1,44416,1696071048.806499
1,44480,1696071048.826914
1,44544,1696071048.848206
1,44608,1696071048.8684309
1,44672,1696071048.886192
1,44736,1696071048.9038055
1,44800,1696071048.9209578
1,44864,1696071048.9463384
1,44928,1696071048.9690921
1,44992,1696071048.990525
1,45056,1696071049.0116293
1,45120,1696071049.0340507
1,45184,1696071049.052292
1,45248,1696071049.0704494
1,45312,1696071049.0902784
1,45376,1696071049.1100066
1,45440,1696071049.129995
1,45504,1696071049.1543403
1,45568,1696071049.1767795
1,45632,1696071049.1986089
1,45696,1696071049.218893
1,45760,1696071049.2420185
1,45824,1696071049.2609518
1,45888,1696071049.2792695
1,45952,1696071049.298121
1,46016,1696071049.3158605
1,46080,1696071049.332621
1,46144,1696071049.3531342
1,46208,1696071049.3698688
1,46272,1696071049.3892493
1,46336,1696071049.4072676
1,46400,1696071049.425732
1,46464,1696071049.4438539
1,46528,1696071049.460711
1,46592,1696071049.478321
1,46656,1696071049.4945693
1,46720,1696071049.518691
1,46784,1696071049.5400918
1,46848,1696071049.558037
1,46912,1696071049.5820386
1,46976,1696071049.6042037
1,47040,1696071049.6266198
1,47104,1696071049.6478162
1,47168,1696071049.6708639
1,47232,1696071049.6914954
1,47296,1696071049.7145169
1,47360,1696071049.7364457
1,47424,1696071049.7542348
1,47488,1696071049.7731946
1,47552,1696071049.7912652
1,47616,1696071049.8097794
1,47680,1696071049.8297923
1,47744,1696071049.847371
1,47808,1696071049.8656886
1,47872,1696071049.8842242
1,47936,1696071049.9067342
1,48000,1696071049.9258645
1,48064,1696071049.9507163
1,48128,1696071049.97235
1,48192,1696071049.994644
1,48256,1696071050.0092819
1,48320,1696071050.0299997
1,48384,1696071050.0504775
1,48448,1696071050.0703976
1,48512,1696071050.0943859
1,48576,1696071050.116099
1,48640,1696071050.1384583
1,48704,1696071050.1583357
1,48768,1696071050.1781938
1,48832,1696071050.198053
1,48896,1696071050.218528
1,48960,1696071050.238086
1,49024,1696071050.2582808
1,49088,1696071050.2785962
1,49152,1696071050.2983549
1,49216,1696071050.3188162
1,49280,1696071050.337436
1,49344,1696071050.3531597
1,49408,1696071050.3753126
1,49472,1696071050.3966951
1,49536,1696071050.4149199
1,49600,1696071050.4287343
1,49664,1696071050.442661
1,49728,1696071050.4561312
1,49792,1696071050.4701328
1,49856,1696071050.4835663
1,49920,1696071050.4984019
1,49984,1696071050.511993
1,50000,1696071050.5317028
2,64,1696071050.8855577
2,128,1696071050.9002576
2,192,1696071050.9136765
2,256,1696071050.9269278
2,320,1696071050.941481
2,384,1696071050.954196
2,448,1696071050.9683855
2,512,1696071050.9813542
2,576,1696071050.9957902
2,640,1696071051.009161
2,704,1696071051.0242105
2,768,1696071051.0381396
2,832,1696071051.0529628
2,896,1696071051.066495
2,960,1696071051.0814323
2,1024,1696071051.0949328
2,1088,1696071051.1096349
2,1152,1696071051.123243
2,1216,1696071051.137692
2,1280,1696071051.15133
2,1344,1696071051.16589
2,1408,1696071051.181746
2,1472,1696071051.195657
2,1536,1696071051.2104073
2,1600,1696071051.2240133
2,1664,1696071051.2380319
2,1728,1696071051.2515497
2,1792,1696071051.2657335
2,1856,1696071051.2793596
2,1920,1696071051.2932854
2,1984,1696071051.3068428
2,2048,1696071051.3208613
2,2112,1696071051.334252
2,2176,1696071051.3480334
2,2240,1696071051.3612585
2,2304,1696071051.3754833
2,2368,1696071051.3899648
2,2432,1696071051.4039972
2,2496,1696071051.418578
2,2560,1696071051.4328127
2,2624,1696071051.4466643
2,2688,1696071051.460506
2,2752,1696071051.4763858
2,2816,1696071051.492259
2,2880,1696071051.5075798
2,2944,1696071051.5244894
2,3008,1696071051.5397213
2,3072,1696071051.5551193
2,3136,1696071051.572263
2,3200,1696071051.5877452
2,3264,1696071051.603121
2,3328,1696071051.6184752
2,3392,1696071051.6358392
2,3456,1696071051.6560147
2,3520,1696071051.6754658
2,3584,1696071051.6937926
2,3648,1696071051.7114966
2,3712,1696071051.731893
2,3776,1696071051.7514644
2,3840,1696071051.7700076
2,3904,1696071051.7873905
2,3968,1696071051.8078868
2,4032,1696071051.828216
2,4096,1696071051.8471825
2,4160,1696071051.8687801
2,4224,1696071051.8906178
2,4288,1696071051.909953
2,4352,1696071051.9299111
2,4416,1696071051.9535785
2,4480,1696071051.9762213
2,4544,1696071051.998623
2,4608,1696071052.0185564
2,4672,1696071052.0412319
2,4736,1696071052.062765
2,4800,1696071052.08154
2,4864,1696071052.0974164
2,4928,1696071052.117146
2,4992,1696071052.138664
2,5056,1696071052.157825
2,5120,1696071052.1781807
2,5184,1696071052.2002263
2,5248,1696071052.2213287
2,5312,1696071052.2403462
2,5376,1696071052.2589102
2,5440,1696071052.2795997
2,5504,1696071052.3007088
2,5568,1696071052.3204055
2,5632,1696071052.3386776
2,5696,1696071052.3599534
2,5760,1696071052.3814504
2,5824,1696071052.4003854
2,5888,1696071052.4189165
2,5952,1696071052.440776
2,6016,1696071052.4626517
2,6080,1696071052.482232
2,6144,1696071052.5044198
2,6208,1696071052.5257301
2,6272,1696071052.5462947
2,6336,1696071052.5662906
2,6400,1696071052.586558
2,6464,1696071052.6067877
2,6528,1696071052.6309059
2,6592,1696071052.650816
2,6656,1696071052.6721928
2,6720,1696071052.6931424
2,6784,1696071052.7147734
2,6848,1696071052.7296875
2,6912,1696071052.752895
2,6976,1696071052.7728937
2,7040,1696071052.7946804
2,7104,1696071052.8141418
2,7168,1696071052.8373847
2,7232,1696071052.8579366
2,7296,1696071052.8745823
2,7360,1696071052.891947
2,7424,1696071052.910304
2,7488,1696071052.9321074
2,7552,1696071052.9547184
2,7616,1696071052.9735014
2,7680,1696071052.9892437
2,7744,1696071053.0086958
2,7808,1696071053.0309918
2,7872,1696071053.0499303
2,7936,1696071053.0726092
2,8000,1696071053.094194
2,8064,1696071053.1144865
2,8128,1696071053.1337981
2,8192,1696071053.1545253
2,8256,1696071053.1747499
2,8320,1696071053.1983926
2,8384,1696071053.216892
2,8448,1696071053.2350733
2,8512,1696071053.254411
2,8576,1696071053.2742398
2,8640,1696071053.2976487
2,8704,1696071053.3168745
2,8768,1696071053.334931
2,8832,1696071053.3567898
2,8896,1696071053.3767264
2,8960,1696071053.3949332
2,9024,1696071053.416428
2,9088,1696071053.4383497
2,9152,1696071053.4582024
2,9216,1696071053.4782584
2,9280,1696071053.49858
2,9344,1696071053.518123
2,9408,1696071053.5411892
2,9472,1696071053.5627074
2,9536,1696071053.5825586
2,9600,1696071053.6069555
2,9664,1696071053.627918
2,9728,1696071053.6483533
2,9792,1696071053.667
2,9856,1696071053.6883953
2,9920,1696071053.7080493
2,9984,1696071053.7271307
2,10048,1696071053.7490504
2,10112,1696071053.770593
2,10176,1696071053.7899024
2,10240,1696071053.8100483
2,10304,1696071053.8342886
2,10368,1696071053.8497324
2,10432,1696071053.871466
2,10496,1696071053.8893778
2,10560,1696071053.9086425
2,10624,1696071053.9302764
2,10688,1696071053.9543884
2,10752,1696071053.9761722
2,10816,1696071053.9987957
2,10880,1696071054.01336
2,10944,1696071054.0317671
2,11008,1696071054.0509024
2,11072,1696071054.0714343
2,11136,1696071054.092706
2,11200,1696071054.112161
2,11264,1696071054.1309743
2,11328,1696071054.1525419
2,11392,1696071054.17447
2,11456,1696071054.1937933
2,11520,1696071054.2144973
2,11584,1696071054.234447
2,11648,1696071054.2591846
2,11712,1696071054.279733
2,11776,1696071054.3002698
2,11840,1696071054.3206065
2,11904,1696071054.340469
2,11968,1696071054.3586369
2,12032,1696071054.3797073
2,12096,1696071054.4013178
2,12160,1696071054.4225643
2,12224,1696071054.4420753
2,12288,1696071054.4624794
2,12352,1696071054.4822257
2,12416,1696071054.5021188
2,12480,1696071054.5222607
2,12544,1696071054.5424929
2,12608,1696071054.565259
2,12672,1696071054.5868661
2,12736,1696071054.601771
2,12800,1696071054.6251545
2,12864,1696071054.6434603
2,12928,1696071054.6609511
2,12992,1696071054.6805809
2,13056,1696071054.6999152
2,13120,1696071054.720315
2,13184,1696071054.7427258
2,13248,1696071054.762229
2,13312,1696071054.7839983
2,13376,1696071054.8027062
2,13440,1696071054.825816
2,13504,1696071054.8449373
2,13568,1696071054.8635058
2,13632,1696071054.8820758
2,13696,1696071054.9023283
2,13760,1696071054.9263217
2,13824,1696071054.9481196
2,13888,1696071054.9707778
2,13952,1696071054.9915874
2,14016,1696071055.0143661
2,14080,1696071055.035726
2,14144,1696071055.058537
2,14208,1696071055.079204
2,14272,1696071055.102613
2,14336,1696071055.1239676
2,14400,1696071055.1467175
2,14464,1696071055.1666975
2,14528,1696071055.1929567
2,14592,1696071055.2127552
2,14656,1696071055.2349253
2,14720,1696071055.2544901
2,14784,1696071055.278407
2,14848,1696071055.2995627
2,14912,1696071055.316755
2,14976,1696071055.3460565
2,15040,1696071055.361762
2,15104,1696071055.3847637
2,15168,1696071055.4048998
2,15232,1696071055.4269423
2,15296,1696071055.4467113
2,15360,1696071055.4707522
2,15424,1696071055.4924207
2,15488,1696071055.5147815
2,15552,1696071055.5341547
2,15616,1696071055.5571053
2,15680,1696071055.5786686
2,15744,1696071055.5981715
2,15808,1696071055.6180024
2,15872,1696071055.63829
2,15936,1696071055.6598122
2,16000,1696071055.6811683
2,16064,1696071055.7028368
2,16128,1696071055.7249553
2,16192,1696071055.7467122
2,16256,1696071055.7664256
2,16320,1696071055.788617
2,16384,1696071055.810535
2,16448,1696071055.8299985
2,16512,1696071055.8502882
2,16576,1696071055.8704212
2,16640,1696071055.8902001
2,16704,1696071055.909972
2,16768,1696071055.9302003
2,16832,1696071055.9505556
2,16896,1696071055.9696643
2,16960,1696071055.9936006
2,17024,1696071056.014407
2,17088,1696071056.0340843
2,17152,1696071056.054469
2,17216,1696071056.074886
2,17280,1696071056.099074
2,17344,1696071056.119644
2,17408,1696071056.1411638
2,17472,1696071056.162519
2,17536,1696071056.1829724
2,17600,1696071056.200585
2,17664,1696071056.2189817
2,17728,1696071056.2379239
2,17792,1696071056.2574842
2,17856,1696071056.2753847
2,17920,1696071056.2920976
2,17984,1696071056.308795
2,18048,1696071056.3248692
2,18112,1696071056.3430357
2,18176,1696071056.3618357
2,18240,1696071056.3822103
2,18304,1696071056.4000902
2,18368,1696071056.416715
2,18432,1696071056.4329598
2,18496,1696071056.4507673
2,18560,1696071056.4686031
2,18624,1696071056.4867501
2,18688,1696071056.5050383
2,18752,1696071056.5229084
2,18816,1696071056.5413878
2,18880,1696071056.5588582
2,18944,1696071056.5776312
2,19008,1696071056.595007
2,19072,1696071056.6118097
2,19136,1696071056.6288257
2,19200,1696071056.6460602
2,19264,1696071056.6627135
2,19328,1696071056.6807346
2,19392,1696071056.7001173
2,19456,1696071056.7184455
2,19520,1696071056.7380414
2,19584,1696071056.7582397
2,19648,1696071056.7780173
2,19712,1696071056.7980735
2,19776,1696071056.818118
2,19840,1696071056.8381834
2,19904,1696071056.8583877
2,19968,1696071056.8779297
2,20032,1696071056.898071
2,20096,1696071056.9182994
2,20160,1696071056.9427369
2,20224,1696071056.9642038
2,20288,1696071056.986837
2,20352,1696071057.0015337
2,20416,1696071057.0252004
2,20480,1696071057.0437396
2,20544,1696071057.06685
2,20608,1696071057.0875788
2,20672,1696071057.111018
2,20736,1696071057.1315784
2,20800,1696071057.1549454
2,20864,1696071057.1757164
2,20928,1696071057.1988945
2,20992,1696071057.218765
2,21056,1696071057.244684
2,21120,1696071057.265172
2,21184,1696071057.2852044
2,21248,1696071057.3065004
2,21312,1696071057.3273926
2,21376,1696071057.3509142
2,21440,1696071057.3658054
2,21504,1696071057.3887327
2,21568,1696071057.4085531
2,21632,1696071057.4307513
2,21696,1696071057.4517748
2,21760,1696071057.4746885
2,21824,1696071057.4984498
2,21888,1696071057.519405
2,21952,1696071057.5355816
2,22016,1696071057.552343
2,22080,1696071057.5693142
2,22144,1696071057.5868447
2,22208,1696071057.6053474
2,22272,1696071057.6229572
2,22336,1696071057.641712
2,22400,1696071057.6589086
2,22464,1696071057.67776
2,22528,1696071057.6958387
2,22592,1696071057.7125762
2,22656,1696071057.7291603
2,22720,1696071057.7467918
2,22784,1696071057.7652686
2,22848,1696071057.7830398
2,22912,1696071057.8011706
2,22976,1696071057.8187726
2,23040,1696071057.8369792
2,23104,1696071057.8547454
2,23168,1696071057.872796
2,23232,1696071057.8906765
2,23296,1696071057.9094377
2,23360,1696071057.9269707
2,23424,1696071057.9438276
2,23488,1696071057.960772
2,23552,1696071057.976434
2,23616,1696071057.9948146
2,23680,1696071058.0120282
2,23744,1696071058.0284996
2,23808,1696071058.0449455
2,23872,1696071058.0627096
2,23936,1696071058.0815377
2,24000,1696071058.0992107
2,24064,1696071058.1173995
2,24128,1696071058.1351542
2,24192,1696071058.1533668
2,24256,1696071058.1710696
2,24320,1696071058.1877954
2,24384,1696071058.2046947
2,24448,1696071058.221184
2,24512,1696071058.2388802
2,24576,1696071058.2550273
2,24640,1696071058.2735085
2,24704,1696071058.292465
2,24768,1696071058.3106499
2,24832,1696071058.3276045
2,24896,1696071058.344601
2,24960,1696071058.3613255
2,25024,1696071058.3822026
2,25088,1696071058.4026182
2,25152,1696071058.4221575
2,25216,1696071058.4418614
2,25280,1696071058.4622905
2,25344,1696071058.48227
2,25408,1696071058.5000603
2,25472,1696071058.5166285
2,25536,1696071058.5331154
2,25600,1696071058.550743
2,25664,1696071058.5678127
2,25728,1696071058.5842779
2,25792,1696071058.6008215
2,25856,1696071058.618648
2,25920,1696071058.6374888
2,25984,1696071058.6549606
2,26048,1696071058.673384
2,26112,1696071058.6909935
2,26176,1696071058.7078512
2,26240,1696071058.7246053
2,26304,1696071058.7413323
2,26368,1696071058.7588258
2,26432,1696071058.7753139
2,26496,1696071058.7959108
2,26560,1696071058.818743
2,26624,1696071058.8383253
2,26688,1696071058.8619866
2,26752,1696071058.883975
2,26816,1696071058.9066572
2,26880,1696071058.9267883
2,26944,1696071058.9493535
2,27008,1696071058.97069
2,27072,1696071058.9852226
2,27136,1696071059.0090988
2,27200,1696071059.0289793
2,27264,1696071059.050576
2,27328,1696071059.0742173
2,27392,1696071059.094722
2,27456,1696071059.1141984
2,27520,1696071059.1345136
2,27584,1696071059.1542907
2,27648,1696071059.174264
2,27712,1696071059.194209
2,27776,1696071059.214223
2,27840,1696071059.2342348
2,27904,1696071059.254169
2,27968,1696071059.2743306
2,28032,1696071059.2940052
2,28096,1696071059.3144376
2,28160,1696071059.3334336
2,28224,1696071059.3537319
2,28288,1696071059.372268
2,28352,1696071059.3881764
2,28416,1696071059.4061975
2,28480,1696071059.4258223
2,28544,1696071059.443779
2,28608,1696071059.460108
2,28672,1696071059.4752893
2,28736,1696071059.4985533
2,28800,1696071059.5203183
2,28864,1696071059.5423117
2,28928,1696071059.562412
2,28992,1696071059.582085
2,29056,1696071059.6023426
2,29120,1696071059.6222112
2,29184,1696071059.6421986
2,29248,1696071059.6624668
2,29312,1696071059.681909
2,29376,1696071059.7021277
2,29440,1696071059.7221835
2,29504,1696071059.742417
2,29568,1696071059.762183
2,29632,1696071059.7819378
2,29696,1696071059.8021433
2,29760,1696071059.8222325
2,29824,1696071059.8450577
2,29888,1696071059.8640811
2,29952,1696071059.8817875
2,30016,1696071059.8968465
2,30080,1696071059.916708
2,30144,1696071059.9363217
2,30208,1696071059.9546938
2,30272,1696071059.9769325
2,30336,1696071059.9981127
2,30400,1696071060.0169284
2,30464,1696071060.0364137
2,30528,1696071060.060779
2,30592,1696071060.0822585
2,30656,1696071060.1024148
2,30720,1696071060.1220756
2,30784,1696071060.1425402
2,30848,1696071060.162161
2,30912,1696071060.1820245
2,30976,1696071060.2024274
2,31040,1696071060.2202365
2,31104,1696071060.239229
2,31168,1696071060.2582767
2,31232,1696071060.2752461
2,31296,1696071060.2917645
2,31360,1696071060.311066
2,31424,1696071060.3301003
2,31488,1696071060.349625
2,31552,1696071060.365032
2,31616,1696071060.3795912
2,31680,1696071060.3940477
2,31744,1696071060.410074
2,31808,1696071060.432262
2,31872,1696071060.451643
2,31936,1696071060.4721394
2,32000,1696071060.4945812
2,32064,1696071060.5156436
2,32128,1696071060.5386736
2,32192,1696071060.5598192
2,32256,1696071060.5799115
2,32320,1696071060.59919
2,32384,1696071060.6206748
2,32448,1696071060.6428204
2,32512,1696071060.661604
2,32576,1696071060.6816463
2,32640,1696071060.7009058
2,32704,1696071060.7180908
2,32768,1696071060.739687
2,32832,1696071060.760522
2,32896,1696071060.7743294
2,32960,1696071060.7896125
2,33024,1696071060.8080544
2,33088,1696071060.8254688
2,33152,1696071060.8408313
2,33216,1696071060.8545856
2,33280,1696071060.8689654
2,33344,1696071060.8826444
2,33408,1696071060.8972504
2,33472,1696071060.9105422
2,33536,1696071060.9267437
2,33600,1696071060.9452007
2,33664,1696071060.9652472
2,33728,1696071060.9852512
2,33792,1696071061.0072577
2,33856,1696071061.0234385
2,33920,1696071061.0385592
2,33984,1696071061.0535917
2,34048,1696071061.0747766
2,34112,1696071061.0896769
2,34176,1696071061.1037333
2,34240,1696071061.1181273
2,34304,1696071061.1317775
2,34368,1696071061.1460893
2,34432,1696071061.1593428
2,34496,1696071061.173509
2,34560,1696071061.1934345
2,34624,1696071061.2119215
2,34688,1696071061.2265437
2,34752,1696071061.2412975
2,34816,1696071061.2597282
2,34880,1696071061.2769403
2,34944,1696071061.2909043
2,35008,1696071061.305387
2,35072,1696071061.324156
2,35136,1696071061.3397105
2,35200,1696071061.3538175
2,35264,1696071061.3672085
2,35328,1696071061.381466
2,35392,1696071061.3949013
2,35456,1696071061.4104598
2,35520,1696071061.4286945
2,35584,1696071061.449912
2,35648,1696071061.466583
2,35712,1696071061.4811292
2,35776,1696071061.495981
2,35840,1696071061.5154634
2,35904,1696071061.5309672
2,35968,1696071061.545678
2,36032,1696071061.5589993
2,36096,1696071061.576581
2,36160,1696071061.5948126
2,36224,1696071061.6103292
2,36288,1696071061.625041
2,36352,1696071061.638293
2,36416,1696071061.6528754
2,36480,1696071061.6661658
2,36544,1696071061.6808608
2,36608,1696071061.6958055
2,36672,1696071061.7188334
2,36736,1696071061.7367465
2,36800,1696071061.7534704
2,36864,1696071061.7697525
2,36928,1696071061.7924278
2,36992,1696071061.8133078
2,37056,1696071061.8344052
2,37120,1696071061.8548677
2,37184,1696071061.8732643
2,37248,1696071061.8886852
2,37312,1696071061.9043624
2,37376,1696071061.9181123
2,37440,1696071061.933089
2,37504,1696071061.9466848
2,37568,1696071061.9616716
2,37632,1696071061.9782956
2,37696,1696071062.0033119
2,37760,1696071062.0233145
2,37824,1696071062.048101
2,37888,1696071062.067501
2,37952,1696071062.088254
2,38016,1696071062.1087916
2,38080,1696071062.1291943
2,38144,1696071062.1514993
2,38208,1696071062.1677222
2,38272,1696071062.1819046
2,38336,1696071062.1967869
2,38400,1696071062.2101874
2,38464,1696071062.225138
2,38528,1696071062.2382293
2,38592,1696071062.2526238
2,38656,1696071062.2732718
2,38720,1696071062.290484
2,38784,1696071062.305318
2,38848,1696071062.320353
2,38912,1696071062.339648
2,38976,1696071062.3559916
2,39040,1696071062.3707416
2,39104,1696071062.385263
2,39168,1696071062.4051774
2,39232,1696071062.4212577
2,39296,1696071062.4360354
2,39360,1696071062.4510748
2,39424,1696071062.4711177
2,39488,1696071062.487152
2,39552,1696071062.501203
2,39616,1696071062.5212057
2,39680,1696071062.539266
2,39744,1696071062.5556946
2,39808,1696071062.5712996
2,39872,1696071062.5873506
2,39936,1696071062.6080122
2,40000,1696071062.623351
2,40064,1696071062.6375256
2,40128,1696071062.6509125
2,40192,1696071062.66545
2,40256,1696071062.6789176
2,40320,1696071062.693155
2,40384,1696071062.7070823
2,40448,1696071062.7292697
2,40512,1696071062.7441385
2,40576,1696071062.7577155
2,40640,1696071062.772426
2,40704,1696071062.7859714
2,40768,1696071062.80093
2,40832,1696071062.8139877
2,40896,1696071062.8286245
2,40960,1696071062.8456073
2,41024,1696071062.8640506
2,41088,1696071062.8796954
2,41152,1696071062.8945472
2,41216,1696071062.912429
2,41280,1696071062.9275372
2,41344,1696071062.9421115
2,41408,1696071062.9566762
2,41472,1696071062.9707367
2,41536,1696071062.9851146
2,41600,1696071062.998214
2,41664,1696071063.0128067
2,41728,1696071063.0298564
2,41792,1696071063.0527852
2,41856,1696071063.0722315
2,41920,1696071063.0917656
2,41984,1696071063.1104953
2,42048,1696071063.1336453
2,42112,1696071063.1538854
2,42176,1696071063.174224
2,42240,1696071063.1949172
2,42304,1696071063.2109818
2,42368,1696071063.225183
2,42432,1696071063.2395978
2,42496,1696071063.2541478
2,42560,1696071063.2726004
2,42624,1696071063.2903442
2,42688,1696071063.310001
2,42752,1696071063.3337986
2,42816,1696071063.353138
2,42880,1696071063.3714628
2,42944,1696071063.3899992
2,43008,1696071063.413519
2,43072,1696071063.4330208
2,43136,1696071063.451439
2,43200,1696071063.470072
2,43264,1696071063.4929838
2,43328,1696071063.5077105
2,43392,1696071063.5219817
2,43456,1696071063.5355792
2,43520,1696071063.5498803
2,43584,1696071063.5687919
2,43648,1696071063.5883057
2,43712,1696071063.607732
2,43776,1696071063.6265612
2,43840,1696071063.6506882
2,43904,1696071063.6705153
2,43968,1696071063.6927192
2,44032,1696071063.7114859
2,44096,1696071063.7267392
2,44160,1696071063.741149
2,44224,1696071063.755217
2,44288,1696071063.7768087
2,44352,1696071063.7927132
2,44416,1696071063.8072367
2,44480,1696071063.8218825
2,44544,1696071063.8352392
2,44608,1696071063.8499234
2,44672,1696071063.8635452
2,44736,1696071063.8778427
2,44800,1696071063.896325
2,44864,1696071063.9145267
2,44928,1696071063.9298668
2,44992,1696071063.9448915
2,45056,1696071063.9633791
2,45120,1696071063.9794679
2,45184,1696071063.994796
2,45248,1696071064.0102584
2,45312,1696071064.025605
2,45376,1696071064.0438397
2,45440,1696071064.0621476
2,45504,1696071064.0836136
2,45568,1696071064.1054008
2,45632,1696071064.1219084
2,45696,1696071064.1367626
2,45760,1696071064.1512768
2,45824,1696071064.1689718
2,45888,1696071064.1864507
2,45952,1696071064.2007005
2,46016,1696071064.2159352
2,46080,1696071064.236977
2,46144,1696071064.2529678
2,46208,1696071064.2672203
2,46272,1696071064.2821863
2,46336,1696071064.3001876
2,46400,1696071064.3156204
2,46464,1696071064.3299634
2,46528,1696071064.343436
2,46592,1696071064.360929
2,46656,1696071064.3787167
2,46720,1696071064.3928645
2,46784,1696071064.4064355
2,46848,1696071064.4276795
2,46912,1696071064.4433856
2,46976,1696071064.4576147
2,47040,1696071064.4709327
2,47104,1696071064.4888134
2,47168,1696071064.5062113
2,47232,1696071064.5202188
2,47296,1696071064.5347385
2,47360,1696071064.5504107
2,47424,1696071064.5651586
2,47488,1696071064.580273
2,47552,1696071064.5939543
2,47616,1696071064.6089337
2,47680,1696071064.622346
2,47744,1696071064.6369803
2,47808,1696071064.6508126
2,47872,1696071064.6690273
2,47936,1696071064.6873357
2,48000,1696071064.7011425
2,48064,1696071064.7160518
2,48128,1696071064.7351558
2,48192,1696071064.7518487
2,48256,1696071064.766827
2,48320,1696071064.7813134
2,48384,1696071064.7998261
2,48448,1696071064.8165221
2,48512,1696071064.830681
2,48576,1696071064.8451824
2,48640,1696071064.8584383
2,48704,1696071064.873145
2,48768,1696071064.8930476
2,48832,1696071064.908062
2,48896,1696071064.9244401
2,48960,1696071064.9426794
2,49024,1696071064.964774
2,49088,1696071064.9867685
2,49152,1696071065.0056117
2,49216,1696071065.0259366
2,49280,1696071065.0503228
2,49344,1696071065.0705295
2,49408,1696071065.08967
2,49472,1696071065.1103313
2,49536,1696071065.1289878
2,49600,1696071065.1465285
2,49664,1696071065.1695735
2,49728,1696071065.1907566
2,49792,1696071065.2116127
2,49856,1696071065.2315595
2,49920,1696071065.2505307
2,49984,1696071065.268569
2,50000,1696071065.286511
3,64,1696071065.6896796
3,128,1696071065.709024
3,192,1696071065.7301457
3,256,1696071065.750349
3,320,1696071065.7704923
3,384,1696071065.789467
3,448,1696071065.8104796
3,512,1696071065.8303812
3,576,1696071065.8504617
3,640,1696071065.8702128
3,704,1696071065.8901563
3,768,1696071065.9103718
3,832,1696071065.9316452
3,896,1696071065.9524927
3,960,1696071065.9732485
3,1024,1696071065.9968772
3,1088,1696071066.0194795
3,1152,1696071066.0403745
3,1216,1696071066.061375
3,1280,1696071066.0811872
3,1344,1696071066.1052732
3,1408,1696071066.124707
3,1472,1696071066.1458082
3,1536,1696071066.1685321
3,1600,1696071066.1905103
3,1664,1696071066.2094755
3,1728,1696071066.229158
3,1792,1696071066.252416
3,1856,1696071066.2727668
3,1920,1696071066.292149
3,1984,1696071066.3102136
3,2048,1696071066.3299603
3,2112,1696071066.3505259
3,2176,1696071066.370521
3,2240,1696071066.390264
3,2304,1696071066.4104223
3,2368,1696071066.4302924
3,2432,1696071066.450074
3,2496,1696071066.470069
3,2560,1696071066.4904568
3,2624,1696071066.5099936
3,2688,1696071066.530006
3,2752,1696071066.5505447
3,2816,1696071066.570337
3,2880,1696071066.5904596
3,2944,1696071066.607232
3,3008,1696071066.6236298
3,3072,1696071066.6405022
3,3136,1696071066.657905
3,3200,1696071066.6745346
3,3264,1696071066.69393
3,3328,1696071066.7114375
3,3392,1696071066.727994
3,3456,1696071066.748757
3,3520,1696071066.7669668
3,3584,1696071066.7835977
3,3648,1696071066.8006654
3,3712,1696071066.8180304
3,3776,1696071066.8345096
3,3840,1696071066.8514285
3,3904,1696071066.8685105
3,3968,1696071066.8852618
3,4032,1696071066.9031792
3,4096,1696071066.9200175
3,4160,1696071066.936737
3,4224,1696071066.9540703
3,4288,1696071066.970478
3,4352,1696071066.9886372
3,4416,1696071067.0068805
3,4480,1696071067.0255947
3,4544,1696071067.043057
3,4608,1696071067.061682
3,4672,1696071067.0790882
3,4736,1696071067.0976012
3,4800,1696071067.1153
3,4864,1696071067.1321616
3,4928,1696071067.148641
3,4992,1696071067.1654966
3,5056,1696071067.1833038
3,5120,1696071067.2019913
3,5184,1696071067.2224529
3,5248,1696071067.239549
3,5312,1696071067.2560086
3,5376,1696071067.2725253
3,5440,1696071067.2942557
3,5504,1696071067.3140218
3,5568,1696071067.3340242
3,5632,1696071067.3522937
3,5696,1696071067.3689005
3,5760,1696071067.384599
3,5824,1696071067.400927
3,5888,1696071067.4185503
3,5952,1696071067.4348059
3,6016,1696071067.453061
3,6080,1696071067.4709432
3,6144,1696071067.4942484
3,6208,1696071067.5163283
3,6272,1696071067.5370812
3,6336,1696071067.559502
3,6400,1696071067.582369
3,6464,1696071067.6032033
3,6528,1696071067.62441
3,6592,1696071067.647725
3,6656,1696071067.6702142
3,6720,1696071067.690241
3,6784,1696071067.710159
3,6848,1696071067.730307
3,6912,1696071067.7503424
3,6976,1696071067.770285
3,7040,1696071067.7902331
3,7104,1696071067.8100348
3,7168,1696071067.83023
3,7232,1696071067.850409
3,7296,1696071067.870109
3,7360,1696071067.890317
3,7424,1696071067.9102843
3,7488,1696071067.9300792
3,7552,1696071067.9508915
3,7616,1696071067.9703202
3,7680,1696071067.9871237
3,7744,1696071068.0035198
3,7808,1696071068.0215898
3,7872,1696071068.0391085
3,7936,1696071068.0557945
3,8000,1696071068.0727322
3,8064,1696071068.0900311
3,8128,1696071068.1064763
3,8192,1696071068.123854
3,8256,1696071068.140585
3,8320,1696071068.1573157
3,8384,1696071068.1752133
3,8448,1696071068.191902
3,8512,1696071068.2085414
3,8576,1696071068.2254543
3,8640,1696071068.2430925
3,8704,1696071068.2618048
3,8768,1696071068.2792053
3,8832,1696071068.2976336
3,8896,1696071068.3153756
3,8960,1696071068.331985
3,9024,1696071068.3484387
3,9088,1696071068.367621
3,9152,1696071068.385948
3,9216,1696071068.4061606
3,9280,1696071068.4262357
3,9344,1696071068.4437156
3,9408,1696071068.4606373
3,9472,1696071068.477208
3,9536,1696071068.4948375
3,9600,1696071068.511879
3,9664,1696071068.5288284
3,9728,1696071068.547023
3,9792,1696071068.5660532
3,9856,1696071068.5861702
3,9920,1696071068.606215
3,9984,1696071068.626498
3,10048,1696071068.6467042
3,10112,1696071068.6662743
3,10176,1696071068.686289
3,10240,1696071068.7061386
3,10304,1696071068.7264457
3,10368,1696071068.7467008
3,10432,1696071068.7644515
3,10496,1696071068.7809067
3,10560,1696071068.7982388
3,10624,1696071068.814846
3,10688,1696071068.8316715
3,10752,1696071068.8486063
3,10816,1696071068.865297
3,10880,1696071068.8827944
3,10944,1696071068.901259
3,11008,1696071068.918927
3,11072,1696071068.9356217
3,11136,1696071068.9526353
3,11200,1696071068.9696684
3,11264,1696071068.987363
3,11328,1696071069.0059907
3,11392,1696071069.0262635
3,11456,1696071069.0462563
3,11520,1696071069.0662282
3,11584,1696071069.0864706
3,11648,1696071069.1062078
3,11712,1696071069.126258
3,11776,1696071069.1463144
3,11840,1696071069.1661103
3,11904,1696071069.1863976
3,11968,1696071069.204252
3,12032,1696071069.2210197
3,12096,1696071069.2379518
3,12160,1696071069.2581706
3,12224,1696071069.278344
3,12288,1696071069.2981484
3,12352,1696071069.3181424
3,12416,1696071069.3381498
3,12480,1696071069.3583732
3,12544,1696071069.3782766
3,12608,1696071069.398129
3,12672,1696071069.4180207
3,12736,1696071069.4383507
3,12800,1696071069.4583826
3,12864,1696071069.47804
3,12928,1696071069.4961965
3,12992,1696071069.5129013
3,13056,1696071069.5302083
3,13120,1696071069.546963
3,13184,1696071069.567725
3,13248,1696071069.5864778
3,13312,1696071069.6058335
3,13376,1696071069.6231458
3,13440,1696071069.6397905
3,13504,1696071069.656741
3,13568,1696071069.6760483
3,13632,1696071069.694242
3,13696,1696071069.714389
3,13760,1696071069.734355
3,13824,1696071069.7544453
3,13888,1696071069.7745013
3,13952,1696071069.792394
3,14016,1696071069.8090935
3,14080,1696071069.8265612
3,14144,1696071069.8430796
3,14208,1696071069.8619142
3,14272,1696071069.87928
3,14336,1696071069.8957815
3,14400,1696071069.9126182
3,14464,1696071069.9299445
3,14528,1696071069.9476066
3,14592,1696071069.9642305
3,14656,1696071069.980556
3,14720,1696071069.9971526
3,14784,1696071070.0147982
3,14848,1696071070.0335183
3,14912,1696071070.0509243
3,14976,1696071070.0692015
3,15040,1696071070.0871615
3,15104,1696071070.10386
3,15168,1696071070.1207182
3,15232,1696071070.1381025
3,15296,1696071070.1544302
3,15360,1696071070.1726112
3,15424,1696071070.190808
3,15488,1696071070.209409
3,15552,1696071070.2269752
3,15616,1696071070.2438092
3,15680,1696071070.2607849
3,15744,1696071070.2777283
3,15808,1696071070.2952566
3,15872,1696071070.3135216
3,15936,1696071070.3309898
3,16000,1696071070.349219
3,16064,1696071070.3667805
3,16128,1696071070.385442
3,16192,1696071070.4027724
3,16256,1696071070.4210067
3,16320,1696071070.438936
3,16384,1696071070.457167
3,16448,1696071070.4747488
3,16512,1696071070.491754
3,16576,1696071070.5083117
3,16640,1696071070.5249643
3,16704,1696071070.5429933
3,16768,1696071070.559809
3,16832,1696071070.5765452
3,16896,1696071070.5932589
3,16960,1696071070.6113443
3,17024,1696071070.628013
3,17088,1696071070.6445768
3,17152,1696071070.6610394
3,17216,1696071070.678845
3,17280,1696071070.6975422
3,17344,1696071070.7148962
3,17408,1696071070.7333598
3,17472,1696071070.751006
3,17536,1696071070.7690682
3,17600,1696071070.786704
3,17664,1696071070.8049214
3,17728,1696071070.8226407
3,17792,1696071070.8408215
3,17856,1696071070.8600225
3,17920,1696071070.8781824
3,17984,1696071070.8977876
3,18048,1696071070.915466
3,18112,1696071070.9319189
3,18176,1696071070.9485943
3,18240,1696071070.9654045
3,18304,1696071070.9829862
3,18368,1696071071.0013065
3,18432,1696071071.018923
3,18496,1696071071.0356057
3,18560,1696071071.0523095
3,18624,1696071071.0690885
3,18688,1696071071.0871596
3,18752,1696071071.1039503
3,18816,1696071071.1209314
3,18880,1696071071.13719
3,18944,1696071071.155266
3,19008,1696071071.1720865
3,19072,1696071071.1886516
3,19136,1696071071.205341
3,19200,1696071071.223182
3,19264,1696071071.2417474
3,19328,1696071071.259143
3,19392,1696071071.275732
3,19456,1696071071.2925844
3,19520,1696071071.3087153
3,19584,1696071071.326898
3,19648,1696071071.345724
3,19712,1696071071.3629804
3,19776,1696071071.3798068
3,19840,1696071071.3967314
3,19904,1696071071.4129934
3,19968,1696071071.4310448
3,20032,1696071071.4481454
3,20096,1696071071.4645689
3,20160,1696071071.4814138
3,20224,1696071071.4991145
3,20288,1696071071.5155551
3,20352,1696071071.5320294
3,20416,1696071071.5484357
3,20480,1696071071.5649238
3,20544,1696071071.582697
3,20608,1696071071.6015897
3,20672,1696071071.6189282
3,20736,1696071071.6372187
3,20800,1696071071.6549041
3,20864,1696071071.6718657
3,20928,1696071071.688468
3,20992,1696071071.7052486
3,21056,1696071071.7227325
3,21120,1696071071.7416224
3,21184,1696071071.7593298
3,21248,1696071071.7760642
3,21312,1696071071.7924206
3,21376,1696071071.8091586
3,21440,1696071071.8273973
3,21504,1696071071.8459332
3,21568,1696071071.8640308
3,21632,1696071071.8807266
3,21696,1696071071.8965511
3,21760,1696071071.9129045
3,21824,1696071071.9300861
3,21888,1696071071.9466836
3,21952,1696071071.9649618
3,22016,1696071071.9826467
3,22080,1696071072.0012174
3,22144,1696071072.018848
3,22208,1696071072.037347
3,22272,1696071072.0546806
3,22336,1696071072.0732765
3,22400,1696071072.0906746
3,22464,1696071072.108697
3,22528,1696071072.1265357
3,22592,1696071072.145261
3,22656,1696071072.1629245
3,22720,1696071072.1813884
3,22784,1696071072.1988678
3,22848,1696071072.216053
3,22912,1696071072.2325048
3,22976,1696071072.249089
3,23040,1696071072.2672365
3,23104,1696071072.285782
3,23168,1696071072.3039987
3,23232,1696071072.3205936
3,23296,1696071072.3372886
3,23360,1696071072.3550847
3,23424,1696071072.3780103
3,23488,1696071072.3978138
3,23552,1696071072.4190574
3,23616,1696071072.4363213
3,23680,1696071072.4525216
3,23744,1696071072.4689713
3,23808,1696071072.4867527
3,23872,1696071072.5056033
3,23936,1696071072.5229259
3,24000,1696071072.539532
3,24064,1696071072.556248
3,24128,1696071072.5726645
3,24192,1696071072.590678
3,24256,1696071072.6080298
3,24320,1696071072.6248975
3,24384,1696071072.6423275
3,24448,1696071072.6589031
3,24512,1696071072.677129
3,24576,1696071072.6949105
3,24640,1696071072.7131586
3,24704,1696071072.7308
3,24768,1696071072.7497678
3,24832,1696071072.7668574
3,24896,1696071072.7844145
3,24960,1696071072.8024337
3,25024,1696071072.8200717
3,25088,1696071072.8366942
3,25152,1696071072.853861
3,25216,1696071072.8703163
3,25280,1696071072.8884861
3,25344,1696071072.906843
3,25408,1696071072.9237723
3,25472,1696071072.940704
3,25536,1696071072.9576976
3,25600,1696071072.9741805
3,25664,1696071072.9934313
3,25728,1696071073.0111127
3,25792,1696071073.0277843
3,25856,1696071073.0443854
3,25920,1696071073.0607321
3,25984,1696071073.078848
3,26048,1696071073.0958128
3,26112,1696071073.1129148
3,26176,1696071073.1356418
3,26240,1696071073.1527407
3,26304,1696071073.17009
3,26368,1696071073.1865416
3,26432,1696071073.204872
3,26496,1696071073.2228658
3,26560,1696071073.2397344
3,26624,1696071073.2566185
3,26688,1696071073.2733595
3,26752,1696071073.2908556
3,26816,1696071073.3077302
3,26880,1696071073.324799
3,26944,1696071073.342095
3,27008,1696071073.3585954
3,27072,1696071073.3767242
3,27136,1696071073.3946598
3,27200,1696071073.4117362
3,27264,1696071073.4288104
3,27328,1696071073.4457672
3,27392,1696071073.4636457
3,27456,1696071073.4819698
3,27520,1696071073.4997487
3,27584,1696071073.5163925
3,27648,1696071073.533159
3,27712,1696071073.5505486
3,27776,1696071073.5669708
3,27840,1696071073.5852027
3,27904,1696071073.6028674
3,27968,1696071073.6211748
3,28032,1696071073.638897
3,28096,1696071073.6574402
3,28160,1696071073.6749442
3,28224,1696071073.6932828
3,28288,1696071073.710776
3,28352,1696071073.7292385
3,28416,1696071073.7468088
3,28480,1696071073.763718
3,28544,1696071073.7805839
3,28608,1696071073.797636
3,28672,1696071073.814161
3,28736,1696071073.8331878
3,28800,1696071073.850842
3,28864,1696071073.86897
3,28928,1696071073.8883493
3,28992,1696071073.9068086
3,29056,1696071073.92402
3,29120,1696071073.9404824
3,29184,1696071073.9570756
3,29248,1696071073.975125
3,29312,1696071073.9918356
3,29376,1696071074.0088043
3,29440,1696071074.0259254
3,29504,1696071074.0436897
3,29568,1696071074.0602431
3,29632,1696071074.0766222
3,29696,1696071074.0933585
3,29760,1696071074.1113405
3,29824,1696071074.1279998
3,29888,1696071074.1446297
3,29952,1696071074.1620195
3,30016,1696071074.1786978
3,30080,1696071074.1958938
3,30144,1696071074.2127275
3,30208,1696071074.2300174
3,30272,1696071074.2466145
3,30336,1696071074.2638035
3,30400,1696071074.2805057
3,30464,1696071074.2975094
3,30528,1696071074.3152435
3,30592,1696071074.3319063
3,30656,1696071074.3488758
3,30720,1696071074.365885
3,30784,1696071074.382455
3,30848,1696071074.3998559
3,30912,1696071074.4250457
3,30976,1696071074.444832
3,31040,1696071074.4645586
3,31104,1696071074.489557
3,31168,1696071074.5125163
3,31232,1696071074.5335
3,31296,1696071074.5537271
3,31360,1696071074.5774262
3,31424,1696071074.5984745
3,31488,1696071074.6181405
3,31552,1696071074.6386206
3,31616,1696071074.6587496
3,31680,1696071074.68093
3,31744,1696071074.7026198
3,31808,1696071074.7227652
3,31872,1696071074.7437813
3,31936,1696071074.7705145
3,32000,1696071074.7919931
3,32064,1696071074.813018
3,32128,1696071074.8331716
3,32192,1696071074.8568592
3,32256,1696071074.8770814
3,32320,1696071074.897004
3,32384,1696071074.920461
3,32448,1696071074.942163
3,32512,1696071074.9623826
3,32576,1696071074.9823303
3,32640,1696071075.0020869
3,32704,1696071075.0225348
3,32768,1696071075.041894
3,32832,1696071075.0627148
3,32896,1696071075.0824335
3,32960,1696071075.0989578
3,33024,1696071075.1168017
3,33088,1696071075.1349428
3,33152,1696071075.1590545
3,33216,1696071075.179309
3,33280,1696071075.200542
3,33344,1696071075.2211645
3,33408,1696071075.2450798
3,33472,1696071075.2647772
3,33536,1696071075.2844667
3,33600,1696071075.3009455
3,33664,1696071075.3180933
3,33728,1696071075.3319778
3,33792,1696071075.3463628
3,33856,1696071075.3608823
3,33920,1696071075.3743188
3,33984,1696071075.3925686
3,34048,1696071075.410297
3,34112,1696071075.4285626
3,34176,1696071075.4462564
3,34240,1696071075.4644504
3,34304,1696071075.4819283
3,34368,1696071075.5002682
3,34432,1696071075.5183852
3,34496,1696071075.5367186
3,34560,1696071075.5539815
3,34624,1696071075.572287
3,34688,1696071075.590246
3,34752,1696071075.608817
3,34816,1696071075.626017
3,34880,1696071075.644366
3,34944,1696071075.6618884
3,35008,1696071075.6806676
3,35072,1696071075.6980565
3,35136,1696071075.7164402
3,35200,1696071075.7340684
3,35264,1696071075.7525232
3,35328,1696071075.7698653
3,35392,1696071075.7884161
3,35456,1696071075.8060846
3,35520,1696071075.824369
3,35584,1696071075.8424175
3,35648,1696071075.860468
3,35712,1696071075.878184
3,35776,1696071075.9010692
3,35840,1696071075.920747
3,35904,1696071075.9425287
3,35968,1696071075.9621258
3,36032,1696071075.9823537
3,36096,1696071076.0060542
3,36160,1696071076.0279837
3,36224,1696071076.048957
3,36288,1696071076.0693853
3,36352,1696071076.089048
3,36416,1696071076.1090045
3,36480,1696071076.1290083
3,36544,1696071076.1458125
3,36608,1696071076.1629555
3,36672,1696071076.1810074
3,36736,1696071076.1964974
3,36800,1696071076.2153933
3,36864,1696071076.2408812
3,36928,1696071076.26049
3,36992,1696071076.2813811
3,37056,1696071076.3041446
3,37120,1696071076.3245025
3,37184,1696071076.344397
3,37248,1696071076.3695042
3,37312,1696071076.389589
3,37376,1696071076.413948
3,37440,1696071076.4366434
3,37504,1696071076.4571886
3,37568,1696071076.4808564
3,37632,1696071076.5011368
3,37696,1696071076.5205827
3,37760,1696071076.5447822
3,37824,1696071076.5664318
3,37888,1696071076.585938
3,37952,1696071076.6062226
3,38016,1696071076.6261384
3,38080,1696071076.6462593
3,38144,1696071076.6664233
3,38208,1696071076.6862926
3,38272,1696071076.7059808
3,38336,1696071076.7262862
3,38400,1696071076.7464948
3,38464,1696071076.7658172
3,38528,1696071076.7866511
3,38592,1696071076.8065534
3,38656,1696071076.8227546
3,38720,1696071076.8407605
3,38784,1696071076.8576932
3,38848,1696071076.882146
3,38912,1696071076.9045527
3,38976,1696071076.9252007
3,39040,1696071076.9491768
3,39104,1696071076.96857
3,39168,1696071076.9874425
3,39232,1696071077.0062006
3,39296,1696071077.0246782
3,39360,1696071077.0440693
3,39424,1696071077.0605316
3,39488,1696071077.0767195
3,39552,1696071077.0928996
3,39616,1696071077.1141264
3,39680,1696071077.134495
3,39744,1696071077.1541238
3,39808,1696071077.1743352
3,39872,1696071077.1942346
3,39936,1696071077.214283
3,40000,1696071077.2341256
3,40064,1696071077.2539623
3,40128,1696071077.2742772
3,40192,1696071077.294306
3,40256,1696071077.3140912
3,40320,1696071077.3342328
3,40384,1696071077.35441
3,40448,1696071077.3738127
3,40512,1696071077.390758
3,40576,1696071077.408118
3,40640,1696071077.4267693
3,40704,1696071077.4444025
3,40768,1696071077.4607549
3,40832,1696071077.4752483
3,40896,1696071077.5006833
3,40960,1696071077.5203586
3,41024,1696071077.5411634
3,41088,1696071077.5610995
3,41152,1696071077.5844352
3,41216,1696071077.606018
3,41280,1696071077.6263087
3,41344,1696071077.6463218
3,41408,1696071077.6660411
3,41472,1696071077.6864507
3,41536,1696071077.7059543
3,41600,1696071077.7263284
3,41664,1696071077.746281
3,41728,1696071077.7662508
3,41792,1696071077.7864785
3,41856,1696071077.8062155
3,41920,1696071077.826108
3,41984,1696071077.8465369
3,42048,1696071077.8663063
3,42112,1696071077.8861368
3,42176,1696071077.9064388
3,42240,1696071077.9259717
3,42304,1696071077.9464254
3,42368,1696071077.9661772
3,42432,1696071077.986306
3,42496,1696071078.0064669
3,42560,1696071078.0252657
3,42624,1696071078.045312
3,42688,1696071078.06033
3,42752,1696071078.0818686
3,42816,1696071078.096503
3,42880,1696071078.1168535
3,42944,1696071078.138478
3,43008,1696071078.1584325
3,43072,1696071078.178712
3,43136,1696071078.1979554
3,43200,1696071078.2148428
3,43264,1696071078.238352
3,43328,1696071078.260343
3,43392,1696071078.280948
3,43456,1696071078.304392
3,43520,1696071078.3261647
3,43584,1696071078.3461564
3,43648,1696071078.3663545
3,43712,1696071078.3858368
3,43776,1696071078.4063003
3,43840,1696071078.426437
3,43904,1696071078.446073
3,43968,1696071078.4665244
3,44032,1696071078.4812837
3,44096,1696071078.5049543
3,44160,1696071078.5226448
3,44224,1696071078.5417187
3,44288,1696071078.5583992
3,44352,1696071078.5764997
3,44416,1696071078.592184
3,44480,1696071078.6121984
3,44544,1696071078.6375089
3,44608,1696071078.6558912
3,44672,1696071078.6763237
3,44736,1696071078.701173
3,44800,1696071078.7197535
3,44864,1696071078.7426975
3,44928,1696071078.7581244
3,44992,1696071078.780563
3,45056,1696071078.8026874
3,45120,1696071078.8225985
3,45184,1696071078.8381944
3,45248,1696071078.8606207
3,45312,1696071078.882679
3,45376,1696071078.9021127
3,45440,1696071078.9176755
3,45504,1696071078.9408262
3,45568,1696071078.9624457
3,45632,1696071078.9824212
3,45696,1696071079.0028005
3,45760,1696071079.021594
3,45824,1696071079.0379443
3,45888,1696071079.0566874
3,45952,1696071079.078714
3,46016,1696071079.0926006
3,46080,1696071079.1133986
3,46144,1696071079.1339147
3,46208,1696071079.1530902
3,46272,1696071079.1735973
3,46336,1696071079.1964755
3,46400,1696071079.2184258
3,46464,1696071079.2380917
3,46528,1696071079.2578669
3,46592,1696071079.2804182
3,46656,1696071079.302663
3,46720,1696071079.3218653
3,46784,1696071079.338733
3,46848,1696071079.356938
3,46912,1696071079.3747401
3,46976,1696071079.3930838
3,47040,1696071079.4123652
3,47104,1696071079.4301183
3,47168,1696071079.4495535
3,47232,1696071079.4662738
3,47296,1696071079.4885793
3,47360,1696071079.5107832
3,47424,1696071079.529788
3,47488,1696071079.5464911
3,47552,1696071079.5638597
3,47616,1696071079.5804334
