epoch,trained_sample,time
1,0,1696064766.6024482
1,32,1696064767.8193414
1,64,1696064767.855855
1,96,1696064767.8982565
1,128,1696064767.930021
1,160,1696064767.9798164
1,192,1696064768.0172765
1,224,1696064768.050242
1,256,1696064768.093944
1,288,1696064768.1309566
1,320,1696064768.1649208
1,352,1696064768.205001
1,384,1696064768.2385626
1,416,1696064768.2819955
1,448,1696064768.318182
1,480,1696064768.353888
1,512,1696064768.3883715
1,544,1696064768.4256759
1,576,1696064768.4586945
1,608,1696064768.495051
1,640,1696064768.5311077
1,672,1696064768.5712006
1,704,1696064768.610613
1,736,1696064768.6465418
1,768,1696064768.6814694
1,800,1696064768.7187018
1,832,1696064768.752934
1,864,1696064768.7865226
1,896,1696064768.82304
1,928,1696064768.8621466
1,960,1696064768.8968112
1,992,1696064768.9294899
1,1024,1696064768.9619768
1,1056,1696064769.0023086
1,1088,1696064769.03882
1,1120,1696064769.0750024
1,1152,1696064769.1108952
1,1184,1696064769.147873
1,1216,1696064769.1826594
1,1248,1696064769.218965
1,1280,1696064769.2549243
1,1312,1696064769.2920594
1,1344,1696064769.3275993
1,1376,1696064769.3632338
1,1408,1696064769.3990433
1,1440,1696064769.4363217
1,1472,1696064769.4704926
1,1504,1696064769.5068645
1,1536,1696064769.5422144
1,1568,1696064769.571348
1,1600,1696064769.6006024
1,1632,1696064769.6292608
1,1664,1696064769.658468
1,1696,1696064769.686208
1,1728,1696064769.7148454
1,1760,1696064769.7435577
1,1792,1696064769.7723172
1,1824,1696064769.8008995
1,1856,1696064769.8321571
1,1888,1696064769.860049
1,1920,1696064769.8886945
1,1952,1696064769.91739
1,1984,1696064769.9461408
1,2016,1696064769.9747965
1,2048,1696064770.0034797
1,2080,1696064770.0331266
1,2112,1696064770.065155
1,2144,1696064770.103007
1,2176,1696064770.138143
1,2208,1696064770.1703603
1,2240,1696064770.20259
1,2272,1696064770.2331474
1,2304,1696064770.269891
1,2336,1696064770.3024254
1,2368,1696064770.3416154
1,2400,1696064770.3741505
1,2432,1696064770.4091182
1,2464,1696064770.4449227
1,2496,1696064770.4765935
1,2528,1696064770.5101645
1,2560,1696064770.542512
1,2592,1696064770.5775666
1,2624,1696064770.6192617
1,2656,1696064770.651255
1,2688,1696064770.682701
1,2720,1696064770.7146392
1,2752,1696064770.7442055
1,2784,1696064770.7783434
1,2816,1696064770.8132646
1,2848,1696064770.8431063
1,2880,1696064770.8779426
1,2912,1696064770.9077008
1,2944,1696064770.939047
1,2976,1696064770.9741304
1,3008,1696064771.006336
1,3040,1696064771.0384855
1,3072,1696064771.0704906
1,3104,1696064771.1023712
1,3136,1696064771.1366057
1,3168,1696064771.166825
1,3200,1696064771.1996515
1,3232,1696064771.230626
1,3264,1696064771.265562
1,3296,1696064771.2967823
1,3328,1696064771.3292599
1,3360,1696064771.3607357
1,3392,1696064771.394222
1,3424,1696064771.426388
1,3456,1696064771.4605875
1,3488,1696064771.4933846
1,3520,1696064771.527221
1,3552,1696064771.5585494
1,3584,1696064771.5905383
1,3616,1696064771.6225207
1,3648,1696064771.6576028
1,3680,1696064771.689614
1,3712,1696064771.7228427
1,3744,1696064771.751763
1,3776,1696064771.7899287
1,3808,1696064771.8233836
1,3840,1696064771.855926
1,3872,1696064771.886798
1,3904,1696064771.9187534
1,3936,1696064771.950668
1,3968,1696064771.982453
1,4000,1696064772.0159442
1,4032,1696064772.0469093
1,4064,1696064772.079321
1,4096,1696064772.1107593
1,4128,1696064772.1439497
1,4160,1696064772.1714947
1,4192,1696064772.2001922
1,4224,1696064772.2288384
1,4256,1696064772.258259
1,4288,1696064772.2865574
1,4320,1696064772.3152823
1,4352,1696064772.3439155
1,4384,1696064772.3725858
1,4416,1696064772.4012442
1,4448,1696064772.4300182
1,4480,1696064772.458709
1,4512,1696064772.4873662
1,4544,1696064772.5161014
1,4576,1696064772.5487936
1,4608,1696064772.5769043
1,4640,1696064772.6049452
1,4672,1696064772.6419528
1,4704,1696064772.67896
1,4736,1696064772.7152727
1,4768,1696064772.7496328
1,4800,1696064772.7856777
1,4832,1696064772.822338
1,4864,1696064772.8569276
1,4896,1696064772.8925612
1,4928,1696064772.927803
1,4960,1696064772.963669
1,4992,1696064772.9990604
1,5024,1696064773.036514
1,5056,1696064773.075477
1,5088,1696064773.1126583
1,5120,1696064773.15101
1,5152,1696064773.1866934
1,5184,1696064773.2231276
1,5216,1696064773.2573872
1,5248,1696064773.295185
1,5280,1696064773.3301284
1,5312,1696064773.3689752
1,5344,1696064773.4044867
1,5376,1696064773.4479342
1,5408,1696064773.4794219
1,5440,1696064773.5179877
1,5472,1696064773.5506964
1,5504,1696064773.5821784
1,5536,1696064773.6157823
1,5568,1696064773.6478117
1,5600,1696064773.680013
1,5632,1696064773.7169595
1,5664,1696064773.7508488
1,5696,1696064773.782812
1,5728,1696064773.8145888
1,5760,1696064773.849607
1,5792,1696064773.882629
1,5824,1696064773.9182472
1,5856,1696064773.951117
1,5888,1696064773.982778
1,5920,1696064774.016004
1,5952,1696064774.0470893
1,5984,1696064774.0817957
1,6016,1696064774.1119347
1,6048,1696064774.1504023
1,6080,1696064774.1828578
1,6112,1696064774.213805
1,6144,1696064774.2472148
1,6176,1696064774.2820215
1,6208,1696064774.3114197
1,6240,1696064774.346673
1,6272,1696064774.3786693
1,6304,1696064774.4107091
1,6336,1696064774.4427688
1,6368,1696064774.474759
1,6400,1696064774.507921
1,6432,1696064774.5389009
1,6464,1696064774.5706873
1,6496,1696064774.60604
1,6528,1696064774.6374564
1,6560,1696064774.666694
1,6592,1696064774.6986804
1,6624,1696064774.7345638
1,6656,1696064774.7656803
1,6688,1696064774.7992089
1,6720,1696064774.8379385
1,6752,1696064774.87042
1,6784,1696064774.9027476
1,6816,1696064774.9345467
1,6848,1696064774.970648
1,6880,1696064775.0059547
1,6912,1696064775.0397544
1,6944,1696064775.071711
1,6976,1696064775.1028962
1,7008,1696064775.1379864
1,7040,1696064775.1708431
1,7072,1696064775.2015748
1,7104,1696064775.2352521
1,7136,1696064775.2678938
1,7168,1696064775.305873
1,7200,1696064775.346132
1,7232,1696064775.3933256
1,7264,1696064775.434851
1,7296,1696064775.4827745
1,7328,1696064775.5381331
1,7360,1696064775.5783699
1,7392,1696064775.6258307
1,7424,1696064775.6676235
1,7456,1696064775.7146692
1,7488,1696064775.763284
1,7520,1696064775.8063755
1,7552,1696064775.8592005
1,7584,1696064775.9030542
1,7616,1696064775.9467883
1,7648,1696064775.9987135
1,7680,1696064776.045717
1,7712,1696064776.0935059
1,7744,1696064776.134825
1,7776,1696064776.1829038
1,7808,1696064776.2306788
1,7840,1696064776.2809634
1,7872,1696064776.3261404
1,7904,1696064776.3777554
1,7936,1696064776.4219103
1,7968,1696064776.4678714
1,8000,1696064776.5141704
1,8032,1696064776.561665
1,8064,1696064776.6034448
1,8096,1696064776.6545262
1,8128,1696064776.7023451
1,8160,1696064776.7433374
1,8192,1696064776.7945738
1,8224,1696064776.8426127
1,8256,1696064776.8897815
1,8288,1696064776.9308603
1,8320,1696064776.9713252
1,8352,1696064777.0181627
1,8384,1696064777.0606048
1,8416,1696064777.1140525
1,8448,1696064777.1542616
1,8480,1696064777.1956134
1,8512,1696064777.242989
1,8544,1696064777.2905893
1,8576,1696064777.3387098
1,8608,1696064777.3856237
1,8640,1696064777.4339118
1,8672,1696064777.475289
1,8704,1696064777.5227733
1,8736,1696064777.5709183
1,8768,1696064777.622218
1,8800,1696064777.6648946
1,8832,1696064777.7098536
1,8864,1696064777.7585764
1,8896,1696064777.79941
1,8928,1696064777.8455362
1,8960,1696064777.8872836
1,8992,1696064777.9307988
1,9024,1696064777.9820929
1,9056,1696064778.0231206
1,9088,1696064778.0709429
1,9120,1696064778.1178849
1,9152,1696064778.1659412
1,9184,1696064778.2135816
1,9216,1696064778.2549381
1,9248,1696064778.3024335
1,9280,1696064778.349878
1,9312,1696064778.39251
1,9344,1696064778.4390566
1,9376,1696064778.4858356
1,9408,1696064778.538552
1,9440,1696064778.579612
1,9472,1696064778.6254888
1,9504,1696064778.6732814
1,9536,1696064778.7146058
1,9568,1696064778.7553854
1,9600,1696064778.802844
1,9632,1696064778.8500297
1,9664,1696064778.8982086
1,9696,1696064778.9386923
1,9728,1696064778.9862823
1,9760,1696064779.0333924
1,9792,1696064779.0755105
1,9824,1696064779.1227639
1,9856,1696064779.1734443
1,9888,1696064779.2152934
1,9920,1696064779.2632735
1,9952,1696064779.3063364
1,9984,1696064779.3547876
1,10016,1696064779.4027057
1,10048,1696064779.442959
1,10080,1696064779.4983084
1,10112,1696064779.5379636
1,10144,1696064779.5791862
1,10176,1696064779.6261995
1,10208,1696064779.6708505
1,10240,1696064779.7192242
1,10272,1696064779.765672
1,10304,1696064779.8140905
1,10336,1696064779.8552454
1,10368,1696064779.902349
1,10400,1696064779.9433832
1,10432,1696064779.9943147
1,10464,1696064780.035926
1,10496,1696064780.0826824
1,10528,1696064780.1299763
1,10560,1696064780.1775885
1,10592,1696064780.2256072
1,10624,1696064780.2667146
1,10656,1696064780.3147688
1,10688,1696064780.3617296
1,10720,1696064780.404681
1,10752,1696064780.4507022
1,10784,1696064780.4988685
1,10816,1696064780.5503175
1,10848,1696064780.5916698
1,10880,1696064780.6301389
1,10912,1696064780.6746013
1,10944,1696064780.7263417
1,10976,1696064780.7665381
1,11008,1696064780.8148828
1,11040,1696064780.86193
1,11072,1696064780.9122097
1,11104,1696064780.9505687
1,11136,1696064781.0036273
1,11168,1696064781.0495129
1,11200,1696064781.0898964
1,11232,1696064781.1319606
1,11264,1696064781.1800241
1,11296,1696064781.229141
1,11328,1696064781.2681081
1,11360,1696064781.3142388
1,11392,1696064781.36133
1,11424,1696064781.4081085
1,11456,1696064781.45882
1,11488,1696064781.4953969
1,11520,1696064781.5498245
1,11552,1696064781.5903976
1,11584,1696064781.6424732
1,11616,1696064781.6821907
1,11648,1696064781.72302
1,11680,1696064781.7709916
1,11712,1696064781.8176997
1,11744,1696064781.8594944
1,11776,1696064781.899161
1,11808,1696064781.9463263
1,11840,1696064781.9910421
1,11872,1696064782.0339344
1,11904,1696064782.0750072
1,11936,1696064782.1222315
1,11968,1696064782.1736557
1,12000,1696064782.2106783
1,12032,1696064782.2519305
1,12064,1696064782.2987041
1,12096,1696064782.349552
1,12128,1696064782.3862576
1,12160,1696064782.4266665
1,12192,1696064782.4673095
1,12224,1696064782.5183847
1,12256,1696064782.5516572
1,12288,1696064782.5986304
1,12320,1696064782.642464
1,12352,1696064782.690386
1,12384,1696064782.73052
1,12416,1696064782.7713594
1,12448,1696064782.8188393
1,12480,1696064782.8702745
1,12512,1696064782.9031413
1,12544,1696064782.9502618
1,12576,1696064782.9944608
1,12608,1696064783.0346544
1,12640,1696064783.0722067
1,12672,1696064783.1201482
1,12704,1696064783.159113
1,12736,1696064783.2104135
1,12768,1696064783.2501059
1,12800,1696064783.2906737
1,12832,1696064783.3421986
1,12864,1696064783.3864038
1,12896,1696064783.425582
1,12928,1696064783.4665585
1,12960,1696064783.5080028
1,12992,1696064783.5566895
1,13024,1696064783.5948825
1,13056,1696064783.6389174
1,13088,1696064783.676032
1,13120,1696064783.726441
1,13152,1696064783.763894
1,13184,1696064783.814056
1,13216,1696064783.8570158
1,13248,1696064783.9062848
1,13280,1696064783.9452052
1,13312,1696064783.982668
1,13344,1696064784.0308113
1,13376,1696064784.0806868
1,13408,1696064784.118479
1,13440,1696064784.1659553
1,13472,1696064784.2067587
1,13504,1696064784.2540138
1,13536,1696064784.2945595
1,13568,1696064784.3359098
1,13600,1696064784.382596
1,13632,1696064784.4273462
1,13664,1696064784.462845
1,13696,1696064784.509657
1,13728,1696064784.5579512
1,13760,1696064784.5995326
1,13792,1696064784.6443233
1,13824,1696064784.6795876
1,13856,1696064784.728253
1,13888,1696064784.7725425
1,13920,1696064784.810936
1,13952,1696064784.8575442
1,13984,1696064784.89791
1,14016,1696064784.945332
1,14048,1696064784.979341
1,14080,1696064785.026388
1,14112,1696064785.0686452
1,14144,1696064785.1215084
1,14176,1696064785.1564033
1,14208,1696064785.2017894
1,14240,1696064785.2439818
1,14272,1696064785.2990203
1,14304,1696064785.3389091
1,14336,1696064785.3940175
1,14368,1696064785.4342115
1,14400,1696064785.4856117
1,14432,1696064785.5263543
1,14464,1696064785.5734544
1,14496,1696064785.620706
1,14528,1696064785.6704025
1,14560,1696064785.7104976
1,14592,1696064785.7513964
1,14624,1696064785.802377
1,14656,1696064785.8541398
1,14688,1696064785.8946688
1,14720,1696064785.945811
1,14752,1696064785.9864683
1,14784,1696064786.0381236
1,14816,1696064786.0782354
1,14848,1696064786.126468
1,14880,1696064786.1734946
1,14912,1696064786.2211416
1,14944,1696064786.262879
1,14976,1696064786.3115587
1,15008,1696064786.358245
1,15040,1696064786.4096909
1,15072,1696064786.450213
1,15104,1696064786.497915
1,15136,1696064786.5459855
1,15168,1696064786.589923
1,15200,1696064786.6308062
1,15232,1696064786.6784122
1,15264,1696064786.7300484
1,15296,1696064786.7726245
1,15328,1696064786.8186767
1,15360,1696064786.8660052
1,15392,1696064786.9186165
1,15424,1696064786.960693
1,15456,1696064787.006152
1,15488,1696064787.0540655
1,15520,1696064787.0955374
1,15552,1696064787.1533449
1,15584,1696064787.1878047
1,15616,1696064787.2383785
1,15648,1696064787.286174
1,15680,1696064787.3362317
1,15712,1696064787.3751764
1,15744,1696064787.4225972
1,15776,1696064787.470191
1,15808,1696064787.5199194
1,15840,1696064787.565773
1,15872,1696064787.6071975
1,15904,1696064787.6549993
1,15936,1696064787.7059627
1,15968,1696064787.7463396
1,16000,1696064787.7881732
1,16032,1696064787.841048
1,16064,1696064787.8912432
1,16096,1696064787.9305022
1,16128,1696064787.9816887
1,16160,1696064788.0214684
1,16192,1696064788.0731325
1,16224,1696064788.114649
1,16256,1696064788.1548433
1,16288,1696064788.2107625
1,16320,1696064788.2548614
1,16352,1696064788.2960446
1,16384,1696064788.3423588
1,16416,1696064788.3895705
1,16448,1696064788.4414845
1,16480,1696064788.4818609
1,16512,1696064788.5231187
1,16544,1696064788.5741577
1,16576,1696064788.6264377
1,16608,1696064788.6667173
1,16640,1696064788.7146835
1,16672,1696064788.7555437
1,16704,1696064788.8087482
1,16736,1696064788.8464897
1,16768,1696064788.898594
1,16800,1696064788.9465954
1,16832,1696064788.9978178
1,16864,1696064789.0385683
1,16896,1696064789.0797477
1,16928,1696064789.1307704
1,16960,1696064789.1819825
1,16992,1696064789.2182577
1,17024,1696064789.2702193
1,17056,1696064789.3112192
1,17088,1696064789.362917
1,17120,1696064789.4032001
1,17152,1696064789.4546516
1,17184,1696064789.5062335
1,17216,1696064789.5540006
1,17248,1696064789.5937767
1,17280,1696064789.6420052
1,17312,1696064789.683032
1,17344,1696064789.736595
1,17376,1696064789.7790833
1,17408,1696064789.825864
1,17440,1696064789.87376
1,17472,1696064789.9199512
1,17504,1696064789.9625459
1,17536,1696064790.0096245
1,17568,1696064790.0511954
1,17600,1696064790.1082785
1,17632,1696064790.1472547
1,17664,1696064790.1938002
1,17696,1696064790.2416296
1,17728,1696064790.2867057
1,17760,1696064790.3301973
1,17792,1696064790.3734622
1,17824,1696064790.4153638
1,17856,1696064790.4736419
1,17888,1696064790.514406
1,17920,1696064790.5613382
1,17952,1696064790.6093585
1,17984,1696064790.6565306
1,18016,1696064790.6997325
1,18048,1696064790.7498658
1,18080,1696064790.790104
1,18112,1696064790.8419483
1,18144,1696064790.8855329
1,18176,1696064790.9353805
1,18208,1696064790.9749703
1,18240,1696064791.0265706
1,18272,1696064791.068859
1,18304,1696064791.1109767
1,18336,1696064791.1593788
1,18368,1696064791.2133446
1,18400,1696064791.2543504
1,18432,1696064791.3016388
1,18464,1696064791.3428736
1,18496,1696064791.3990834
1,18528,1696064791.4379873
1,18560,1696064791.4798634
1,18592,1696064791.5319111
1,18624,1696064791.5740967
1,18656,1696064791.6195881
1,18688,1696064791.6666865
1,18720,1696064791.7145169
1,18752,1696064791.7664125
1,18784,1696064791.8066852
1,18816,1696064791.8537335
1,18848,1696064791.8961828
1,18880,1696064791.946969
1,18912,1696064791.990483
1,18944,1696064792.0370412
1,18976,1696064792.079077
1,19008,1696064792.1351135
1,19040,1696064792.1780062
1,19072,1696064792.2226136
1,19104,1696064792.2699018
1,19136,1696064792.3181407
1,19168,1696064792.3583994
1,19200,1696064792.4063458
1,19232,1696064792.4539378
1,19264,1696064792.5056233
1,19296,1696064792.5533109
1,19328,1696064792.5869052
1,19360,1696064792.634552
1,19392,1696064792.683944
1,19424,1696064792.7267768
1,19456,1696064792.770373
1,19488,1696064792.8219879
1,19520,1696064792.873682
1,19552,1696064792.9141805
1,19584,1696064792.9554672
1,19616,1696064793.0062046
1,19648,1696064793.0584843
1,19680,1696064793.0985494
1,19712,1696064793.1466267
1,19744,1696064793.1877944
1,19776,1696064793.2422016
1,19808,1696064793.285841
1,19840,1696064793.327335
1,19872,1696064793.3746269
1,19904,1696064793.4261672
1,19936,1696064793.4705424
1,19968,1696064793.517105
1,20000,1696064793.559864
1,20032,1696064793.610168
1,20064,1696064793.6544218
1,20096,1696064793.6950812
1,20128,1696064793.7464683
1,20160,1696064793.79811
1,20192,1696064793.8385468
1,20224,1696064793.886049
1,20256,1696064793.927065
1,20288,1696064793.9859262
1,20320,1696064794.0232728
1,20352,1696064794.0705023
1,20384,1696064794.1190948
1,20416,1696064794.1741657
1,20448,1696064794.2142577
1,20480,1696064794.2547607
1,20512,1696064794.3025584
1,20544,1696064794.354708
1,20576,1696064794.3948052
1,20608,1696064794.4427724
1,20640,1696064794.4943564
1,20672,1696064794.5436294
1,20704,1696064794.5824928
1,20736,1696064794.6303613
1,20768,1696064794.6719859
1,20800,1696064794.72619
1,20832,1696064794.7656767
1,20864,1696064794.8072126
1,20896,1696064794.8592532
1,20928,1696064794.9080963
1,20960,1696064794.9476898
1,20992,1696064794.9945788
1,21024,1696064795.0453694
1,21056,1696064795.0920987
1,21088,1696064795.1370218
1,21120,1696064795.178749
1,21152,1696064795.2266498
1,21184,1696064795.2780373
1,21216,1696064795.3188927
1,21248,1696064795.366371
1,21280,1696064795.4138603
1,21312,1696064795.4659505
1,21344,1696064795.5019784
1,21376,1696064795.561887
1,21408,1696064795.594538
1,21440,1696064795.64698
1,21472,1696064795.6867754
1,21504,1696064795.736113
1,21536,1696064795.786013
1,21568,1696064795.8361256
1,21600,1696064795.8743923
1,21632,1696064795.9216962
1,21664,1696064795.963421
1,21696,1696064796.0185473
1,21728,1696064796.0578227
1,21760,1696064796.1056244
1,21792,1696064796.1514192
1,21824,1696064796.2058501
1,21856,1696064796.2390444
1,21888,1696064796.28862
1,21920,1696064796.3310344
1,21952,1696064796.3869734
1,21984,1696064796.4280717
1,22016,1696064796.46757
1,22048,1696064796.5199106
1,22080,1696064796.5665638
1,22112,1696064796.612042
1,22144,1696064796.66148
1,22176,1696064796.7028613
1,22208,1696064796.7553818
1,22240,1696064796.7960794
1,22272,1696064796.8418686
1,22304,1696064796.883031
1,22336,1696064796.9412491
1,22368,1696064796.9752858
1,22400,1696064797.0262265
1,22432,1696064797.0672894
1,22464,1696064797.1233158
1,22496,1696064797.1655657
1,22528,1696064797.206966
1,22560,1696064797.2546015
1,22592,1696064797.3067665
1,22624,1696064797.3466249
1,22656,1696064797.3897228
1,22688,1696064797.4367545
1,22720,1696064797.4864604
1,22752,1696064797.5399055
1,22784,1696064797.578768
1,22816,1696064797.6262267
1,22848,1696064797.6778533
1,22880,1696064797.7184594
1,22912,1696064797.759661
1,22944,1696064797.8133852
1,22976,1696064797.8652449
1,23008,1696064797.905812
1,23040,1696064797.9485831
1,23072,1696064797.9982216
1,23104,1696064798.0506992
1,23136,1696064798.0920963
1,23168,1696064798.138279
1,23200,1696064798.186185
1,23232,1696064798.2383943
1,23264,1696064798.2780325
1,23296,1696064798.319276
1,23328,1696064798.3706374
1,23360,1696064798.4226165
1,23392,1696064798.4626122
1,23424,1696064798.510573
1,23456,1696064798.5518825
1,23488,1696064798.6091661
1,23520,1696064798.6430047
1,23552,1696064798.6907165
1,23584,1696064798.738144
1,23616,1696064798.7900777
1,23648,1696064798.829859
1,23680,1696064798.877601
1,23712,1696064798.9188652
1,23744,1696064798.9738395
1,23776,1696064799.0107224
1,23808,1696064799.058642
1,23840,1696064799.0992203
1,23872,1696064799.1500804
1,23904,1696064799.1943557
1,23936,1696064799.2420473
1,23968,1696064799.2837
1,24000,1696064799.3424041
1,24032,1696064799.3819108
1,24064,1696064799.4238663
1,24096,1696064799.471826
1,24128,1696064799.5189886
1,24160,1696064799.566208
1,24192,1696064799.6136339
1,24224,1696064799.6551065
1,24256,1696064799.708405
1,24288,1696064799.7534912
1,24320,1696064799.7949166
1,24352,1696064799.8423152
1,24384,1696064799.8910658
1,24416,1696064799.934504
1,24448,1696064799.9814672
1,24480,1696064800.02267
1,24512,1696064800.0769336
1,24544,1696064800.1178977
1,24576,1696064800.165582
1,24608,1696064800.2084923
1,24640,1696064800.260522
1,24672,1696064800.3037004
1,24704,1696064800.3500266
1,24736,1696064800.3983972
1,24768,1696064800.450563
1,24800,1696064800.493251
1,24832,1696064800.5505052
1,24864,1696064800.5890846
1,24896,1696064800.6407213
1,24928,1696064800.6813514
1,24960,1696064800.7288716
1,24992,1696064800.7764072
1,25024,1696064800.82588
1,25056,1696064800.8665624
1,25088,1696064800.9123926
1,25120,1696064800.9601123
1,25152,1696064801.0077229
1,25184,1696064801.0490506
1,25216,1696064801.0964346
1,25248,1696064801.1446319
1,25280,1696064801.1966772
1,25312,1696064801.235679
1,25344,1696064801.283461
1,25376,1696064801.332641
1,25408,1696064801.3840451
1,25440,1696064801.425192
1,25472,1696064801.4674225
1,25504,1696064801.5165064
1,25536,1696064801.568112
1,25568,1696064801.6090972
1,25600,1696064801.6569192
1,25632,1696064801.6992462
1,25664,1696064801.7531023
1,25696,1696064801.800049
1,25728,1696064801.8373148
1,25760,1696064801.8848114
1,25792,1696064801.936379
1,25824,1696064801.9793744
1,25856,1696064802.0222912
1,25888,1696064802.0762615
1,25920,1696064802.1267984
1,25952,1696064802.166746
1,25984,1696064802.2140489
1,26016,1696064802.2605712
1,26048,1696064802.3121743
1,26080,1696064802.3525302
1,26112,1696064802.404756
1,26144,1696064802.4456792
1,26176,1696064802.4978857
1,26208,1696064802.5404828
1,26240,1696064802.588724
1,26272,1696064802.636461
1,26304,1696064802.677627
1,26336,1696064802.7154148
1,26368,1696064802.754868
1,26400,1696064802.7929165
1,26432,1696064802.8378477
1,26464,1696064802.8735647
1,26496,1696064802.9104135
1,26528,1696064802.9468362
1,26560,1696064802.992101
1,26592,1696064803.0321014
1,26624,1696064803.0666056
1,26656,1696064803.104191
1,26688,1696064803.1475103
1,26720,1696064803.1826942
1,26752,1696064803.2182517
1,26784,1696064803.2553227
1,26816,1696064803.3002074
1,26848,1696064803.3353722
1,26880,1696064803.3726778
1,26912,1696064803.4149513
1,26944,1696064803.4600463
1,26976,1696064803.4993763
1,27008,1696064803.541507
1,27040,1696064803.5779808
1,27072,1696064803.6210468
1,27104,1696064803.6602888
1,27136,1696064803.6971786
1,27168,1696064803.7339354
1,27200,1696064803.7770364
1,27232,1696064803.813101
1,27264,1696064803.8496318
1,27296,1696064803.8853292
1,27328,1696064803.9265687
1,27360,1696064803.969792
1,27392,1696064804.0061572
1,27424,1696064804.0448942
1,27456,1696064804.0895953
1,27488,1696064804.128421
1,27520,1696064804.1647375
1,27552,1696064804.2011383
1,27584,1696064804.242103
1,27616,1696064804.2775202
1,27648,1696064804.3143935
1,27680,1696064804.3511286
1,27712,1696064804.395975
1,27744,1696064804.4312398
1,27776,1696064804.473192
1,27808,1696064804.5090666
1,27840,1696064804.55379
1,27872,1696064804.5968685
1,27904,1696064804.6335437
1,27936,1696064804.6698384
1,27968,1696064804.7156403
1,28000,1696064804.7553215
1,28032,1696064804.794788
1,28064,1696064804.8299563
1,28096,1696064804.873424
1,28128,1696064804.912448
1,28160,1696064804.948967
1,28192,1696064804.9856217
1,28224,1696064805.0275946
1,28256,1696064805.0626528
1,28288,1696064805.0983164
1,28320,1696064805.1339934
1,28352,1696064805.1782665
1,28384,1696064805.2163785
1,28416,1696064805.2533634
1,28448,1696064805.2891603
1,28480,1696064805.3314722
1,28512,1696064805.371495
1,28544,1696064805.4134283
1,28576,1696064805.4501927
1,28608,1696064805.494727
1,28640,1696064805.533502
1,28672,1696064805.5699039
1,28704,1696064805.6088836
1,28736,1696064805.6535947
1,28768,1696064805.692534
1,28800,1696064805.7296715
1,28832,1696064805.766059
1,28864,1696064805.809672
1,28896,1696064805.845348
1,28928,1696064805.8822048
1,28960,1696064805.9186504
1,28992,1696064805.9626975
1,29024,1696064805.9924085
1,29056,1696064806.0267262
1,29088,1696064806.0588021
1,29120,1696064806.0939293
1,29152,1696064806.127238
1,29184,1696064806.1586916
1,29216,1696064806.1911895
1,29248,1696064806.222668
1,29280,1696064806.257411
1,29312,1696064806.288787
1,29344,1696064806.3225093
1,29376,1696064806.3531399
1,29408,1696064806.382668
1,29440,1696064806.418146
1,29472,1696064806.4511206
1,29504,1696064806.4825897
1,29536,1696064806.5147
1,29568,1696064806.5437987
1,29600,1696064806.57939
1,29632,1696064806.622136
1,29664,1696064806.660859
1,29696,1696064806.6969817
1,29728,1696064806.733784
1,29760,1696064806.7703578
1,29792,1696064806.806747
1,29824,1696064806.8432374
1,29856,1696064806.8798954
1,29888,1696064806.9169822
1,29920,1696064806.9538062
1,29952,1696064806.9902518
1,29984,1696064807.0269463
1,30016,1696064807.0635924
1,30048,1696064807.0992708
1,30080,1696064807.1369104
1,30112,1696064807.173728
1,30144,1696064807.2100394
1,30176,1696064807.2465591
1,30208,1696064807.283183
1,30240,1696064807.3199866
1,30272,1696064807.3569112
1,30304,1696064807.3953643
1,30336,1696064807.4328432
1,30368,1696064807.4689267
1,30400,1696064807.5058997
1,30432,1696064807.5425968
1,30464,1696064807.5791042
1,30496,1696064807.6159656
1,30528,1696064807.652955
1,30560,1696064807.6889803
1,30592,1696064807.7258708
1,30624,1696064807.7631938
1,30656,1696064807.8006256
1,30688,1696064807.8377135
1,30720,1696064807.8740768
1,30752,1696064807.9127684
1,30784,1696064807.9490566
1,30816,1696064807.9884942
1,30848,1696064808.0254116
1,30880,1696064808.0620742
1,30912,1696064808.0983768
1,30944,1696064808.1349614
1,30976,1696064808.1715016
1,31008,1696064808.209019
1,31040,1696064808.245618
1,31072,1696064808.282167
1,31104,1696064808.3187542
1,31136,1696064808.3553936
1,31168,1696064808.39075
1,31200,1696064808.4262588
1,31232,1696064808.4633067
1,31264,1696064808.5003724
1,31296,1696064808.5370166
1,31328,1696064808.5736363
1,31360,1696064808.6103506
1,31392,1696064808.646978
1,31424,1696064808.6836596
1,31456,1696064808.718696
1,31488,1696064808.7549396
1,31520,1696064808.7908285
1,31552,1696064808.8265214
1,31584,1696064808.8632977
1,31616,1696064808.900714
1,31648,1696064808.9403667
1,31680,1696064808.9754407
1,31712,1696064809.012765
1,31744,1696064809.046512
1,31776,1696064809.081711
1,31808,1696064809.112762
1,31840,1696064809.1465356
1,31872,1696064809.1788588
1,31904,1696064809.21481
1,31936,1696064809.2442083
1,31968,1696064809.278195
1,32000,1696064809.3108351
1,32032,1696064809.3433201
1,32064,1696064809.3734
1,32096,1696064809.4072068
1,32128,1696064809.4386947
1,32160,1696064809.4710264
1,32192,1696064809.5025115
1,32224,1696064809.5373719
1,32256,1696064809.5672603
1,32288,1696064809.600512
1,32320,1696064809.6341553
1,32352,1696064809.6652749
1,32384,1696064809.6944373
1,32416,1696064809.728442
1,32448,1696064809.7602706
1,32480,1696064809.7914808
1,32512,1696064809.823849
1,32544,1696064809.8554711
1,32576,1696064809.8862205
1,32608,1696064809.9192555
1,32640,1696064809.9485326
1,32672,1696064809.978794
1,32704,1696064810.0124602
1,32736,1696064810.0441353
1,32768,1696064810.0754092
1,32800,1696064810.108404
1,32832,1696064810.1392968
1,32864,1696064810.1740932
1,32896,1696064810.2067509
1,32928,1696064810.2390852
1,32960,1696064810.2735648
1,32992,1696064810.3032825
1,33024,1696064810.3377743
1,33056,1696064810.3685884
1,33088,1696064810.4026933
1,33120,1696064810.4334645
1,33152,1696064810.466957
1,33184,1696064810.4989963
1,33216,1696064810.5306714
1,33248,1696064810.5628254
1,33280,1696064810.5948327
1,33312,1696064810.6292608
1,33344,1696064810.6621084
1,33376,1696064810.6942003
1,33408,1696064810.7233076
1,33440,1696064810.7563477
1,33472,1696064810.795301
1,33504,1696064810.8265162
1,33536,1696064810.8555923
1,33568,1696064810.8907654
1,33600,1696064810.9196942
1,33632,1696064810.9547038
1,33664,1696064810.9865208
1,33696,1696064811.0193362
1,33728,1696064811.0517406
1,33760,1696064811.0880024
1,33792,1696064811.1195707
1,33824,1696064811.151645
1,33856,1696064811.1846607
1,33888,1696064811.2178516
1,33920,1696064811.2517726
1,33952,1696064811.2836416
1,33984,1696064811.3149042
1,34016,1696064811.3449044
1,34048,1696064811.3741946
1,34080,1696064811.409139
1,34112,1696064811.4406009
1,34144,1696064811.4730206
1,34176,1696064811.5043137
1,34208,1696064811.538274
1,34240,1696064811.5738568
1,34272,1696064811.6106212
1,34304,1696064811.6537707
1,34336,1696064811.6848257
1,34368,1696064811.7150714
1,34400,1696064811.748409
1,34432,1696064811.7826228
1,34464,1696064811.8183105
1,34496,1696064811.8492987
1,34528,1696064811.8805685
1,34560,1696064811.9142623
1,34592,1696064811.949698
1,34624,1696064811.9807734
1,34656,1696064812.0143743
1,34688,1696064812.0432317
1,34720,1696064812.0783741
1,34752,1696064812.1073823
1,34784,1696064812.1424494
1,34816,1696064812.1718392
1,34848,1696064812.203657
1,34880,1696064812.2353818
1,34912,1696064812.266772
1,34944,1696064812.2994008
1,34976,1696064812.3313518
1,35008,1696064812.362891
1,35040,1696064812.3977072
1,35072,1696064812.4287357
1,35104,1696064812.4642665
1,35136,1696064812.4986358
1,35168,1696064812.5308518
1,35200,1696064812.5612218
1,35232,1696064812.5953498
1,35264,1696064812.6265502
1,35296,1696064812.6564014
1,35328,1696064812.691375
