epoch,trained_sample,time
1,0,1696070370.5785367
1,32,1696070371.9128656
1,64,1696070371.936019
1,96,1696070371.9579597
1,128,1696070371.979931
1,160,1696070372.0000389
1,192,1696070372.0232658
1,224,1696070372.0507917
1,256,1696070372.0715084
1,288,1696070372.0973692
1,320,1696070372.117673
1,352,1696070372.1382587
1,384,1696070372.165723
1,416,1696070372.1891751
1,448,1696070372.2106895
1,480,1696070372.23799
1,512,1696070372.2655036
1,544,1696070372.293635
1,576,1696070372.3090138
1,608,1696070372.3291738
1,640,1696070372.3475535
1,672,1696070372.370097
1,704,1696070372.3982766
1,736,1696070372.4147325
1,768,1696070372.4339674
1,800,1696070372.4553854
1,832,1696070372.4817176
1,864,1696070372.5033498
1,896,1696070372.5310614
1,928,1696070372.553122
1,960,1696070372.5776381
1,992,1696070372.6041155
1,1024,1696070372.631045
1,1056,1696070372.6504922
1,1088,1696070372.670088
1,1120,1696070372.69036
1,1152,1696070372.7100902
1,1184,1696070372.730273
1,1216,1696070372.7504988
1,1248,1696070372.7703834
1,1280,1696070372.7900605
1,1312,1696070372.8102632
1,1344,1696070372.8302512
1,1376,1696070372.8506517
1,1408,1696070372.8702197
1,1440,1696070372.8904402
1,1472,1696070372.910374
1,1504,1696070372.9303339
1,1536,1696070372.9499652
1,1568,1696070372.9706888
1,1600,1696070372.9900053
1,1632,1696070373.0107384
1,1664,1696070373.0301328
1,1696,1696070373.0503333
1,1728,1696070373.0704217
1,1760,1696070373.090311
1,1792,1696070373.1101005
1,1824,1696070373.1303196
1,1856,1696070373.1502104
1,1888,1696070373.1704345
1,1920,1696070373.1900659
1,1952,1696070373.2103221
1,1984,1696070373.2304718
1,2016,1696070373.2494042
1,2048,1696070373.2687879
1,2080,1696070373.2892919
1,2112,1696070373.3125877
1,2144,1696070373.3344843
1,2176,1696070373.3532357
1,2208,1696070373.3734226
1,2240,1696070373.3969605
1,2272,1696070373.4193013
1,2304,1696070373.4456203
1,2336,1696070373.4680867
1,2368,1696070373.4895658
1,2400,1696070373.5154576
1,2432,1696070373.5390306
1,2464,1696070373.5652003
1,2496,1696070373.5849664
1,2528,1696070373.6093323
1,2560,1696070373.6294894
1,2592,1696070373.652522
1,2624,1696070373.6745918
1,2656,1696070373.702037
1,2688,1696070373.7260172
1,2720,1696070373.748871
1,2752,1696070373.7723677
1,2784,1696070373.7954144
1,2816,1696070373.8192537
1,2848,1696070373.83975
1,2880,1696070373.8597493
1,2912,1696070373.8888311
1,2944,1696070373.9093657
1,2976,1696070373.938065
1,3008,1696070373.9570985
1,3040,1696070373.9828155
1,3072,1696070374.0007327
1,3104,1696070374.0205982
1,3136,1696070374.046325
1,3168,1696070374.0640147
1,3200,1696070374.0869503
1,3232,1696070374.1167192
1,3264,1696070374.1448274
1,3296,1696070374.1617785
1,3328,1696070374.1810853
1,3360,1696070374.202523
1,3392,1696070374.2238767
1,3424,1696070374.2541726
1,3456,1696070374.273417
1,3488,1696070374.2973025
1,3520,1696070374.316751
1,3552,1696070374.335457
1,3584,1696070374.3591979
1,3616,1696070374.3787441
1,3648,1696070374.3981407
1,3680,1696070374.4183493
1,3712,1696070374.4381807
1,3744,1696070374.458458
1,3776,1696070374.4783015
1,3808,1696070374.4982445
1,3840,1696070374.518296
1,3872,1696070374.5382946
1,3904,1696070374.5577645
1,3936,1696070374.5789511
1,3968,1696070374.6051571
1,4000,1696070374.6227632
1,4032,1696070374.6417735
1,4064,1696070374.6612027
1,4096,1696070374.6808329
1,4128,1696070374.698901
1,4160,1696070374.721287
1,4192,1696070374.7425506
1,4224,1696070374.7621
1,4256,1696070374.7823896
1,4288,1696070374.802296
1,4320,1696070374.822085
1,4352,1696070374.8423986
1,4384,1696070374.862158
1,4416,1696070374.8823793
1,4448,1696070374.9022717
1,4480,1696070374.9223077
1,4512,1696070374.9423106
1,4544,1696070374.9624002
1,4576,1696070374.981458
1,4608,1696070375.0051074
1,4640,1696070375.0258458
1,4672,1696070375.050529
1,4704,1696070375.0724146
1,4736,1696070375.095575
1,4768,1696070375.1158018
1,4800,1696070375.144353
1,4832,1696070375.1697562
1,4864,1696070375.197302
1,4896,1696070375.2211323
1,4928,1696070375.241737
1,4960,1696070375.2627518
1,4992,1696070375.2859674
1,5024,1696070375.304236
1,5056,1696070375.324437
1,5088,1696070375.344648
1,5120,1696070375.3680568
1,5152,1696070375.389442
1,5184,1696070375.414655
1,5216,1696070375.441612
1,5248,1696070375.469007
1,5280,1696070375.492246
1,5312,1696070375.514941
1,5344,1696070375.5370162
1,5376,1696070375.554612
1,5408,1696070375.5830228
1,5440,1696070375.6097672
1,5472,1696070375.6250436
1,5504,1696070375.6479874
1,5536,1696070375.669343
1,5568,1696070375.6947317
1,5600,1696070375.71345
1,5632,1696070375.7317917
1,5664,1696070375.7524707
1,5696,1696070375.7782629
1,5728,1696070375.7979317
1,5760,1696070375.8141108
1,5792,1696070375.8384638
1,5824,1696070375.8573725
1,5856,1696070375.8746285
1,5888,1696070375.899554
1,5920,1696070375.921015
1,5952,1696070375.9389954
1,5984,1696070375.9599943
1,6016,1696070375.979812
1,6048,1696070375.9992907
1,6080,1696070376.0211306
1,6112,1696070376.0426755
1,6144,1696070376.0619302
1,6176,1696070376.0825546
1,6208,1696070376.1022608
1,6240,1696070376.1220057
1,6272,1696070376.1422458
1,6304,1696070376.162313
1,6336,1696070376.1825304
1,6368,1696070376.2020211
1,6400,1696070376.2245631
1,6432,1696070376.2426808
1,6464,1696070376.2629094
1,6496,1696070376.2783337
1,6528,1696070376.2926831
1,6560,1696070376.307811
1,6592,1696070376.3232567
1,6624,1696070376.3384507
1,6656,1696070376.353447
1,6688,1696070376.3685672
1,6720,1696070376.3841875
1,6752,1696070376.399101
1,6784,1696070376.4139752
1,6816,1696070376.4289954
1,6848,1696070376.44395
1,6880,1696070376.4592147
1,6912,1696070376.4742138
1,6944,1696070376.4890718
1,6976,1696070376.503504
1,7008,1696070376.5188367
1,7040,1696070376.5337756
1,7072,1696070376.5492847
1,7104,1696070376.5638835
1,7136,1696070376.5792205
1,7168,1696070376.59421
1,7200,1696070376.6092458
1,7232,1696070376.6243434
1,7264,1696070376.639202
1,7296,1696070376.6540856
1,7328,1696070376.6709292
1,7360,1696070376.6892068
1,7392,1696070376.7059538
1,7424,1696070376.7226462
1,7456,1696070376.7399108
1,7488,1696070376.7565782
1,7520,1696070376.7733483
1,7552,1696070376.7910962
1,7584,1696070376.808764
1,7616,1696070376.8257127
1,7648,1696070376.8435688
1,7680,1696070376.8606863
1,7712,1696070376.8777194
1,7744,1696070376.8953247
1,7776,1696070376.912642
1,7808,1696070376.929474
1,7840,1696070376.9475656
1,7872,1696070376.9657753
1,7904,1696070376.9840474
1,7936,1696070377.00172
1,7968,1696070377.0241954
1,8000,1696070377.0496771
1,8032,1696070377.0685985
1,8064,1696070377.0895538
1,8096,1696070377.111778
1,8128,1696070377.1348314
1,8160,1696070377.1553354
1,8192,1696070377.1764574
1,8224,1696070377.195376
1,8256,1696070377.220373
1,8288,1696070377.2428396
1,8320,1696070377.2612069
1,8352,1696070377.2815652
1,8384,1696070377.302163
1,8416,1696070377.3289628
1,8448,1696070377.3471475
1,8480,1696070377.3660142
1,8512,1696070377.3864553
1,8544,1696070377.4072363
1,8576,1696070377.428514
1,8608,1696070377.4494908
1,8640,1696070377.472398
1,8672,1696070377.4947982
1,8704,1696070377.5095973
1,8736,1696070377.5333443
1,8768,1696070377.5518494
1,8800,1696070377.575732
1,8832,1696070377.591996
1,8864,1696070377.6097875
1,8896,1696070377.6274164
1,8928,1696070377.6464827
1,8960,1696070377.6709187
1,8992,1696070377.6907558
1,9024,1696070377.7105484
1,9056,1696070377.7267187
1,9088,1696070377.7438262
1,9120,1696070377.7697916
1,9152,1696070377.7879674
1,9184,1696070377.8083751
1,9216,1696070377.8333497
1,9248,1696070377.851166
1,9280,1696070377.8693209
1,9312,1696070377.8894994
1,9344,1696070377.9098072
1,9376,1696070377.9326866
1,9408,1696070377.9568105
1,9440,1696070377.9780529
1,9472,1696070377.9983878
1,9504,1696070378.0183232
1,9536,1696070378.0381868
1,9568,1696070378.0583198
1,9600,1696070378.0778728
1,9632,1696070378.0981321
1,9664,1696070378.1215117
1,9696,1696070378.1428423
1,9728,1696070378.157556
1,9760,1696070378.1777477
1,9792,1696070378.1986709
1,9824,1696070378.218324
1,9856,1696070378.2340143
1,9888,1696070378.2561867
1,9920,1696070378.278483
1,9952,1696070378.2983766
1,9984,1696070378.3182797
1,10016,1696070378.3382862
1,10048,1696070378.3584795
1,10080,1696070378.378237
1,10112,1696070378.3982613
1,10144,1696070378.4181507
1,10176,1696070378.4384975
1,10208,1696070378.458312
1,10240,1696070378.4780314
1,10272,1696070378.4987302
1,10304,1696070378.5137835
1,10336,1696070378.5342104
1,10368,1696070378.5543602
1,10400,1696070378.5744517
1,10432,1696070378.5942245
1,10464,1696070378.6143296
1,10496,1696070378.6340766
1,10528,1696070378.6544058
1,10560,1696070378.6742644
1,10592,1696070378.6941967
1,10624,1696070378.7141612
1,10656,1696070378.7344956
1,10688,1696070378.7539673
1,10720,1696070378.7747788
1,10752,1696070378.7941282
1,10784,1696070378.8176363
1,10816,1696070378.8383904
1,10848,1696070378.8547988
1,10880,1696070378.873777
1,10912,1696070378.8965886
1,10944,1696070378.9179397
1,10976,1696070378.9381115
1,11008,1696070378.9583104
1,11040,1696070378.978439
1,11072,1696070378.9983835
1,11104,1696070379.0182838
1,11136,1696070379.0382261
1,11168,1696070379.059794
1,11200,1696070379.081933
1,11232,1696070379.102573
1,11264,1696070379.1221006
1,11296,1696070379.1421762
1,11328,1696070379.162342
1,11360,1696070379.1826305
1,11392,1696070379.201842
1,11424,1696070379.2225554
1,11456,1696070379.2376838
1,11488,1696070379.261283
1,11520,1696070379.278568
1,11552,1696070379.2982452
1,11584,1696070379.3206558
1,11616,1696070379.3390155
1,11648,1696070379.3577864
1,11680,1696070379.3830838
1,11712,1696070379.4039211
1,11744,1696070379.4248142
1,11776,1696070379.449007
1,11808,1696070379.467432
1,11840,1696070379.4890828
1,11872,1696070379.5113451
1,11904,1696070379.5319963
1,11936,1696070379.5577023
1,11968,1696070379.5746505
1,12000,1696070379.5984998
1,12032,1696070379.6208987
1,12064,1696070379.6399033
1,12096,1696070379.6645815
1,12128,1696070379.687202
1,12160,1696070379.70669
1,12192,1696070379.7281091
1,12224,1696070379.751626
1,12256,1696070379.7744598
1,12288,1696070379.795843
1,12320,1696070379.8187578
1,12352,1696070379.836875
1,12384,1696070379.8592267
1,12416,1696070379.8786602
1,12448,1696070379.9007995
1,12480,1696070379.921021
1,12512,1696070379.9403079
1,12544,1696070379.9585211
1,12576,1696070379.9779928
1,12608,1696070379.9996572
1,12640,1696070380.018868
1,12672,1696070380.0382557
1,12704,1696070380.058556
1,12736,1696070380.0784242
1,12768,1696070380.0983984
1,12800,1696070380.1185105
1,12832,1696070380.1390288
1,12864,1696070380.1587276
1,12896,1696070380.1786706
1,12928,1696070380.1987796
1,12960,1696070380.2183142
1,12992,1696070380.2389128
1,13024,1696070380.2579918
1,13056,1696070380.2773225
1,13088,1696070380.2949219
1,13120,1696070380.3147562
1,13152,1696070380.3359754
1,13184,1696070380.357048
1,13216,1696070380.3768342
1,13248,1696070380.3940418
1,13280,1696070380.4158442
1,13312,1696070380.4374413
1,13344,1696070380.4569502
1,13376,1696070380.4742997
1,13408,1696070380.4952362
1,13440,1696070380.51883
1,13472,1696070380.542316
1,13504,1696070380.5603557
1,13536,1696070380.578773
1,13568,1696070380.6028903
1,13600,1696070380.6244745
1,13632,1696070380.6464472
1,13664,1696070380.6659372
1,13696,1696070380.686209
1,13728,1696070380.7053366
1,13760,1696070380.7286503
1,13792,1696070380.748841
1,13824,1696070380.7675304
1,13856,1696070380.7884796
1,13888,1696070380.808009
1,13920,1696070380.8283057
1,13952,1696070380.8475266
1,13984,1696070380.8674302
1,14016,1696070380.886614
1,14048,1696070380.9085948
1,14080,1696070380.928189
1,14112,1696070380.947382
1,14144,1696070380.9675574
1,14176,1696070380.9876215
1,14208,1696070381.007511
1,14240,1696070381.0278502
1,14272,1696070381.0486095
1,14304,1696070381.069193
1,14336,1696070381.08607
1,14368,1696070381.1077402
1,14400,1696070381.1276805
1,14432,1696070381.1472988
1,14464,1696070381.1675975
1,14496,1696070381.187583
1,14528,1696070381.208844
1,14560,1696070381.2283363
1,14592,1696070381.2468345
1,14624,1696070381.2715378
1,14656,1696070381.2891946
1,14688,1696070381.3064854
1,14720,1696070381.3296974
1,14752,1696070381.3466702
1,14784,1696070381.371204
1,14816,1696070381.3894382
1,14848,1696070381.4068527
1,14880,1696070381.4263787
1,14912,1696070381.447175
1,14944,1696070381.4693475
1,14976,1696070381.4889176
1,15008,1696070381.508384
1,15040,1696070381.5308788
1,15072,1696070381.5502143
1,15104,1696070381.5718637
1,15136,1696070381.5951612
1,15168,1696070381.6121757
1,15200,1696070381.6309867
1,15232,1696070381.6549773
1,15264,1696070381.6760132
1,15296,1696070381.6990044
1,15328,1696070381.7185442
1,15360,1696070381.7398667
1,15392,1696070381.761729
1,15424,1696070381.7825933
1,15456,1696070381.8024192
1,15488,1696070381.8224256
1,15520,1696070381.8422194
1,15552,1696070381.8620508
1,15584,1696070381.8824444
1,15616,1696070381.9022365
1,15648,1696070381.9237237
1,15680,1696070381.9459715
1,15712,1696070381.9667554
1,15744,1696070381.9860933
1,15776,1696070382.0037813
1,15808,1696070382.0180593
1,15840,1696070382.0360296
1,15872,1696070382.052379
1,15904,1696070382.070659
1,15936,1696070382.0906951
1,15968,1696070382.1150188
1,16000,1696070382.129517
1,16032,1696070382.1437242
1,16064,1696070382.1606603
1,16096,1696070382.178213
1,16128,1696070382.1951485
1,16160,1696070382.2148962
1,16192,1696070382.2331612
1,16224,1696070382.253112
1,16256,1696070382.2712672
1,16288,1696070382.2903028
1,16320,1696070382.310884
1,16352,1696070382.3306355
1,16384,1696070382.3503203
1,16416,1696070382.368363
1,16448,1696070382.3850145
1,16480,1696070382.401976
1,16512,1696070382.422327
1,16544,1696070382.4425116
1,16576,1696070382.4627557
1,16608,1696070382.4824235
1,16640,1696070382.5022206
1,16672,1696070382.522656
1,16704,1696070382.5426898
1,16736,1696070382.5630171
1,16768,1696070382.582273
1,16800,1696070382.6001256
1,16832,1696070382.616844
1,16864,1696070382.633918
1,16896,1696070382.6507537
1,16928,1696070382.6677613
1,16960,1696070382.6847591
1,16992,1696070382.7012296
1,17024,1696070382.7190862
1,17056,1696070382.7360632
1,17088,1696070382.7528198
1,17120,1696070382.7695541
1,17152,1696070382.7870955
1,17184,1696070382.8065522
1,17216,1696070382.8262506
1,17248,1696070382.846492
1,17280,1696070382.8663373
1,17312,1696070382.886372
1,17344,1696070382.9063425
1,17376,1696070382.9241102
1,17408,1696070382.9408708
1,17440,1696070382.9586053
1,17472,1696070382.9753735
1,17504,1696070382.9920528
1,17536,1696070383.008921
1,17568,1696070383.0261157
1,17600,1696070383.0463095
1,17632,1696070383.0634613
1,17664,1696070383.0799115
1,17696,1696070383.098118
1,17728,1696070383.1189094
1,17760,1696070383.1386695
1,17792,1696070383.15861
1,17824,1696070383.178497
1,17856,1696070383.1984642
1,17888,1696070383.216416
1,17920,1696070383.233152
1,17952,1696070383.2510931
1,17984,1696070383.2676384
1,18016,1696070383.286506
1,18048,1696070383.3060791
1,18080,1696070383.324388
1,18112,1696070383.3476307
1,18144,1696070383.3665426
1,18176,1696070383.3841238
1,18208,1696070383.4012592
1,18240,1696070383.4192076
1,18272,1696070383.4358535
1,18304,1696070383.4571905
1,18336,1696070383.476484
1,18368,1696070383.4968452
1,18400,1696070383.5136588
1,18432,1696070383.5319226
1,18464,1696070383.548982
1,18496,1696070383.5676138
1,18528,1696070383.5846746
1,18560,1696070383.601418
1,18592,1696070383.6200852
1,18624,1696070383.6432018
1,18656,1696070383.6590812
1,18688,1696070383.6816766
1,18720,1696070383.701746
1,18752,1696070383.722511
1,18784,1696070383.742556
1,18816,1696070383.7632287
1,18848,1696070383.7840934
1,18880,1696070383.8054168
1,18912,1696070383.8290453
1,18944,1696070383.8482947
1,18976,1696070383.8717165
1,19008,1696070383.8903518
1,19040,1696070383.9112408
1,19072,1696070383.9309554
1,19104,1696070383.9529324
1,19136,1696070383.9705336
1,19168,1696070383.9951868
1,19200,1696070384.0157273
1,19232,1696070384.0360801
1,19264,1696070384.0554154
1,19296,1696070384.0758145
1,19328,1696070384.0952876
1,19360,1696070384.114497
1,19392,1696070384.1355324
1,19424,1696070384.156057
1,19456,1696070384.1750147
1,19488,1696070384.1946406
1,19520,1696070384.2148843
1,19552,1696070384.2355907
1,19584,1696070384.2558255
1,19616,1696070384.2725432
1,19648,1696070384.2918487
1,19680,1696070384.3184893
1,19712,1696070384.3391883
1,19744,1696070384.3553503
1,19776,1696070384.375249
1,19808,1696070384.3961332
1,19840,1696070384.4145763
1,19872,1696070384.4346867
1,19904,1696070384.454607
1,19936,1696070384.4757333
1,19968,1696070384.4960713
1,20000,1696070384.514658
1,20032,1696070384.5351565
1,20064,1696070384.5560517
1,20096,1696070384.5759447
1,20128,1696070384.597156
1,20160,1696070384.6148489
1,20192,1696070384.6324668
1,20224,1696070384.6490614
1,20256,1696070384.6676462
1,20288,1696070384.6851637
1,20320,1696070384.7032228
1,20352,1696070384.7236185
1,20384,1696070384.743058
1,20416,1696070384.7623367
1,20448,1696070384.782945
1,20480,1696070384.8036895
1,20512,1696070384.825051
1,20544,1696070384.8426971
1,20576,1696070384.8633826
1,20608,1696070384.884337
1,20640,1696070384.9038162
1,20672,1696070384.922314
1,20704,1696070384.943644
1,20736,1696070384.9677591
1,20768,1696070384.986857
1,20800,1696070385.0074396
1,20832,1696070385.0273666
1,20864,1696070385.0475678
1,20896,1696070385.06788
1,20928,1696070385.0862384
1,20960,1696070385.1062727
1,20992,1696070385.1278386
1,21024,1696070385.1506755
1,21056,1696070385.1730587
1,21088,1696070385.1941164
1,21120,1696070385.2139003
1,21152,1696070385.2343879
1,21184,1696070385.2551434
1,21216,1696070385.276616
1,21248,1696070385.2969358
1,21280,1696070385.317357
1,21312,1696070385.3368926
1,21344,1696070385.3574321
1,21376,1696070385.3778186
1,21408,1696070385.3976135
1,21440,1696070385.4181983
1,21472,1696070385.4377754
1,21504,1696070385.457982
1,21536,1696070385.4780529
1,21568,1696070385.4993231
1,21600,1696070385.5204089
1,21632,1696070385.5424533
1,21664,1696070385.5621798
1,21696,1696070385.5801764
1,21728,1696070385.59942
1,21760,1696070385.6181912
1,21792,1696070385.639131
1,21824,1696070385.659868
1,21856,1696070385.6796172
1,21888,1696070385.698989
1,21920,1696070385.7189956
1,21952,1696070385.739248
1,21984,1696070385.7596445
1,22016,1696070385.7798412
1,22048,1696070385.7981849
1,22080,1696070385.8197055
1,22112,1696070385.8400621
1,22144,1696070385.85968
1,22176,1696070385.8783631
1,22208,1696070385.8985977
1,22240,1696070385.9198828
1,22272,1696070385.939903
1,22304,1696070385.9602146
1,22336,1696070385.9786925
1,22368,1696070385.999233
1,22400,1696070386.0202267
1,22432,1696070386.0397348
1,22464,1696070386.0583389
1,22496,1696070386.079803
1,22528,1696070386.1002312
1,22560,1696070386.1222017
1,22592,1696070386.140695
1,22624,1696070386.1574347
1,22656,1696070386.1770298
1,22688,1696070386.194661
1,22720,1696070386.2120564
1,22752,1696070386.2319741
1,22784,1696070386.2506363
1,22816,1696070386.2718334
1,22848,1696070386.2922366
1,22880,1696070386.310864
1,22912,1696070386.3316824
1,22944,1696070386.3521872
1,22976,1696070386.3717647
1,23008,1696070386.3909934
1,23040,1696070386.4113643
1,23072,1696070386.431739
1,23104,1696070386.4513464
1,23136,1696070386.4707057
1,23168,1696070386.4911988
1,23200,1696070386.512171
1,23232,1696070386.5317304
1,23264,1696070386.5504665
1,23296,1696070386.570588
1,23328,1696070386.5915523
1,23360,1696070386.6123555
1,23392,1696070386.632037
1,23424,1696070386.650261
1,23456,1696070386.6711712
1,23488,1696070386.6918275
1,23520,1696070386.7117846
1,23552,1696070386.730347
1,23584,1696070386.7508698
1,23616,1696070386.7720683
1,23648,1696070386.791869
1,23680,1696070386.8105288
1,23712,1696070386.830598
1,23744,1696070386.8514473
1,23776,1696070386.872077
1,23808,1696070386.8920562
1,23840,1696070386.910531
1,23872,1696070386.9306188
1,23904,1696070386.9514537
1,23936,1696070386.971616
1,23968,1696070386.9906611
1,24000,1696070387.0103948
1,24032,1696070387.0326798
1,24064,1696070387.0545294
1,24096,1696070387.0740142
1,24128,1696070387.0942326
1,24160,1696070387.1147175
1,24192,1696070387.1352339
1,24224,1696070387.157253
1,24256,1696070387.1787906
1,24288,1696070387.196997
1,24320,1696070387.2162054
1,24352,1696070387.2349465
1,24384,1696070387.2544866
1,24416,1696070387.2753747
1,24448,1696070387.2964444
1,24480,1696070387.315924
1,24512,1696070387.3343184
1,24544,1696070387.3555024
1,24576,1696070387.376134
1,24608,1696070387.3949666
1,24640,1696070387.4170578
1,24672,1696070387.4380138
1,24704,1696070387.458634
1,24736,1696070387.4737725
1,24768,1696070387.4975164
1,24800,1696070387.5166385
1,24832,1696070387.5362723
1,24864,1696070387.559753
1,24896,1696070387.578094
1,24928,1696070387.6009579
1,24960,1696070387.622518
1,24992,1696070387.6427114
1,25024,1696070387.6627748
1,25056,1696070387.6842024
1,25088,1696070387.7069936
1,25120,1696070387.7255077
1,25152,1696070387.7436829
1,25184,1696070387.7638588
1,25216,1696070387.7836802
1,25248,1696070387.802609
1,25280,1696070387.8228977
1,25312,1696070387.8426762
1,25344,1696070387.8635905
1,25376,1696070387.8826833
1,25408,1696070387.9056673
1,25440,1696070387.9288528
1,25472,1696070387.9501634
1,25504,1696070387.9708889
1,25536,1696070387.9900167
1,25568,1696070388.0078175
1,25600,1696070388.024596
1,25632,1696070388.0430605
1,25664,1696070388.0628185
1,25696,1696070388.0822961
1,25728,1696070388.1032941
1,25760,1696070388.123957
1,25792,1696070388.1439834
1,25824,1696070388.1626036
1,25856,1696070388.1824028
1,25888,1696070388.2043521
1,25920,1696070388.226756
1,25952,1696070388.2472148
1,25984,1696070388.2658973
1,26016,1696070388.2867308
1,26048,1696070388.3074677
1,26080,1696070388.327903
1,26112,1696070388.3470087
1,26144,1696070388.3662062
1,26176,1696070388.387184
1,26208,1696070388.4079065
1,26240,1696070388.427842
1,26272,1696070388.446629
1,26304,1696070388.4667928
1,26336,1696070388.4871314
1,26368,1696070388.508234
1,26400,1696070388.5271943
1,26432,1696070388.5466812
1,26464,1696070388.567637
1,26496,1696070388.5866482
1,26528,1696070388.6064274
1,26560,1696070388.6238325
1,26592,1696070388.64209
1,26624,1696070388.6622126
1,26656,1696070388.6825233
1,26688,1696070388.7023757
1,26720,1696070388.7220032
1,26752,1696070388.7422607
1,26784,1696070388.7623475
1,26816,1696070388.7847211
1,26848,1696070388.8066893
1,26880,1696070388.824626
1,26912,1696070388.842362
1,26944,1696070388.860071
1,26976,1696070388.8812218
1,27008,1696070388.9081724
1,27040,1696070388.9299166
1,27072,1696070388.9510043
1,27104,1696070388.9712927
1,27136,1696070388.9961343
1,27168,1696070389.0174313
1,27200,1696070389.0411706
1,27232,1696070389.0689845
1,27264,1696070389.0861542
1,27296,1696070389.107635
1,27328,1696070389.136873
1,27360,1696070389.15355
1,27392,1696070389.1744745
1,27424,1696070389.1940467
1,27456,1696070389.2134347
1,27488,1696070389.2326856
1,27520,1696070389.2534525
1,27552,1696070389.274885
1,27584,1696070389.2947216
1,27616,1696070389.3149874
1,27648,1696070389.3338032
1,27680,1696070389.353049
1,27712,1696070389.3746567
1,27744,1696070389.3936944
1,27776,1696070389.41294
1,27808,1696070389.4338973
1,27840,1696070389.4548562
1,27872,1696070389.4737158
1,27904,1696070389.4931443
1,27936,1696070389.5134594
1,27968,1696070389.5342054
1,28000,1696070389.5539334
1,28032,1696070389.5732565
1,28064,1696070389.594688
1,28096,1696070389.6133645
1,28128,1696070389.633954
1,28160,1696070389.653794
1,28192,1696070389.6788704
1,28224,1696070389.6995633
1,28256,1696070389.729444
1,28288,1696070389.745754
1,28320,1696070389.7740107
1,28352,1696070389.7901497
1,28384,1696070389.8177645
1,28416,1696070389.8340669
1,28448,1696070389.8615057
1,28480,1696070389.8778257
1,28512,1696070389.905674
1,28544,1696070389.923864
1,28576,1696070389.9473908
1,28608,1696070389.9677157
1,28640,1696070389.9897666
1,28672,1696070390.0106573
1,28704,1696070390.0304685
1,28736,1696070390.0527356
1,28768,1696070390.0749424
1,28800,1696070390.0981858
1,28832,1696070390.1228411
1,28864,1696070390.1483126
1,28896,1696070390.1689975
1,28928,1696070390.1980286
1,28960,1696070390.2174628
1,28992,1696070390.2432022
1,29024,1696070390.2717006
1,29056,1696070390.2890432
1,29088,1696070390.3089705
1,29120,1696070390.329694
1,29152,1696070390.3509362
1,29184,1696070390.370884
1,29216,1696070390.3911836
1,29248,1696070390.4110472
1,29280,1696070390.430165
1,29312,1696070390.4494472
1,29344,1696070390.4697552
1,29376,1696070390.4892783
1,29408,1696070390.5123777
1,29440,1696070390.5319
1,29472,1696070390.5511968
1,29504,1696070390.57149
1,29536,1696070390.5909255
1,29568,1696070390.613819
1,29600,1696070390.63501
1,29632,1696070390.6538298
1,29664,1696070390.6731899
1,29696,1696070390.6926196
1,29728,1696070390.712069
1,29760,1696070390.7314737
1,29792,1696070390.7510715
1,29824,1696070390.7711103
1,29856,1696070390.7910335
1,29888,1696070390.8111055
1,29920,1696070390.8308825
1,29952,1696070390.851004
1,29984,1696070390.870813
1,30016,1696070390.8908339
1,30048,1696070390.910701
1,30080,1696070390.9298816
1,30112,1696070390.9494796
1,30144,1696070390.9693685
1,30176,1696070390.9980743
1,30208,1696070391.0255368
1,30240,1696070391.0445373
1,30272,1696070391.0704162
1,30304,1696070391.0880852
1,30336,1696070391.1063526
1,30368,1696070391.1308587
1,30400,1696070391.1508157
1,30432,1696070391.1715474
1,30464,1696070391.1953716
1,30496,1696070391.2142189
1,30528,1696070391.235223
1,30560,1696070391.256887
1,30592,1696070391.278735
1,30624,1696070391.2987754
1,30656,1696070391.3198423
1,30688,1696070391.3410153
1,30720,1696070391.362253
1,30752,1696070391.382304
1,30784,1696070391.4024496
1,30816,1696070391.4250233
1,30848,1696070391.445667
1,30880,1696070391.4662387
1,30912,1696070391.486552
1,30944,1696070391.501165
1,30976,1696070391.5230753
1,31008,1696070391.5422628
1,31040,1696070391.563184
1,31072,1696070391.5857792
1,31104,1696070391.6063473
1,31136,1696070391.6261547
1,31168,1696070391.6465843
1,31200,1696070391.6663878
1,31232,1696070391.685711
1,31264,1696070391.7054522
1,31296,1696070391.7262766
1,31328,1696070391.7459857
1,31360,1696070391.7651684
1,31392,1696070391.7869985
1,31424,1696070391.807837
1,31456,1696070391.8290327
1,31488,1696070391.8503034
1,31520,1696070391.8704813
1,31552,1696070391.8903837
1,31584,1696070391.9102328
1,31616,1696070391.9296393
1,31648,1696070391.9490237
1,31680,1696070391.9694955
1,31712,1696070391.990478
1,31744,1696070392.0105793
1,31776,1696070392.0281928
1,31808,1696070392.0469494
1,31840,1696070392.0695868
1,31872,1696070392.0899775
1,31904,1696070392.1100867
1,31936,1696070392.1309886
1,31968,1696070392.1523643
1,32000,1696070392.178574
1,32032,1696070392.1964707
1,32064,1696070392.2155402
1,32096,1696070392.234356
1,32128,1696070392.253932
1,32160,1696070392.2787142
1,32192,1696070392.2997751
1,32224,1696070392.3229198
1,32256,1696070392.3442214
1,32288,1696070392.3667521
1,32320,1696070392.3863258
1,32352,1696070392.4095418
1,32384,1696070392.4308882
1,32416,1696070392.4459295
1,32448,1696070392.4691882
1,32480,1696070392.4881806
1,32512,1696070392.5066905
1,32544,1696070392.5293775
1,32576,1696070392.5509703
1,32608,1696070392.570191
1,32640,1696070392.5959058
1,32672,1696070392.6191542
1,32704,1696070392.638163
1,32736,1696070392.6549306
1,32768,1696070392.6787057
1,32800,1696070392.6974947
1,32832,1696070392.7143078
1,32864,1696070392.7387342
1,32896,1696070392.7619379
1,32928,1696070392.7813246
1,32960,1696070392.8016808
1,32992,1696070392.8176153
1,33024,1696070392.8412082
1,33056,1696070392.8587792
1,33088,1696070392.879518
1,33120,1696070392.9000492
1,33152,1696070392.9190495
1,33184,1696070392.9428775
1,33216,1696070392.9624069
1,33248,1696070392.9840574
1,33280,1696070393.0060003
1,33312,1696070393.026488
1,33344,1696070393.0463316
1,33376,1696070393.066315
1,33408,1696070393.086377
1,33440,1696070393.1060956
1,33472,1696070393.126425
1,33504,1696070393.1469452
1,33536,1696070393.1710918
1,33568,1696070393.190599
1,33600,1696070393.2117321
1,33632,1696070393.2334764
1,33664,1696070393.2546628
1,33696,1696070393.2741158
1,33728,1696070393.2943604
1,33760,1696070393.3143
1,33792,1696070393.3383842
1,33824,1696070393.356552
1,33856,1696070393.375104
1,33888,1696070393.3996189
1,33920,1696070393.4198852
1,33952,1696070393.4429374
1,33984,1696070393.4626782
1,34016,1696070393.4845574
1,34048,1696070393.507002
1,34080,1696070393.5217462
1,34112,1696070393.5403903
1,34144,1696070393.5591693
1,34176,1696070393.58094
1,34208,1696070393.6008518
1,34240,1696070393.6190007
1,34272,1696070393.6398923
1,34304,1696070393.6615632
1,34336,1696070393.6807487
1,34368,1696070393.6997666
1,34400,1696070393.723095
1,34432,1696070393.7433443
1,34464,1696070393.7670937
1,34496,1696070393.7864764
1,34528,1696070393.8090022
1,34560,1696070393.8307538
1,34592,1696070393.8512952
1,34624,1696070393.872593
1,34656,1696070393.8936558
1,34688,1696070393.9147263
1,34720,1696070393.9349334
1,34752,1696070393.9563043
1,34784,1696070393.9771051
1,34816,1696070393.998943
1,34848,1696070394.0185735
1,34880,1696070394.040768
1,34912,1696070394.0615084
1,34944,1696070394.0827167
1,34976,1696070394.1021802
1,35008,1696070394.1250024
1,35040,1696070394.145743
1,35072,1696070394.1669927
1,35104,1696070394.1854336
1,35136,1696070394.2013383
1,35168,1696070394.2213233
1,35200,1696070394.242747
1,35232,1696070394.2617786
1,35264,1696070394.2847583
1,35296,1696070394.306203
1,35328,1696070394.3268924
1,35360,1696070394.3469212
1,35392,1696070394.3684468
1,35424,1696070394.3875327
1,35456,1696070394.4084985
1,35488,1696070394.430709
1,35520,1696070394.4502676
1,35552,1696070394.47171
1,35584,1696070394.493579
1,35616,1696070394.513399
1,35648,1696070394.5341961
1,35680,1696070394.5609858
1,35712,1696070394.581081
1,35744,1696070394.6007776
1,35776,1696070394.6190891
1,35808,1696070394.6411765
1,35840,1696070394.6627991
1,35872,1696070394.6823776
1,35904,1696070394.704467
1,35936,1696070394.7292316
1,35968,1696070394.749871
1,36000,1696070394.7702203
1,36032,1696070394.7907872
1,36064,1696070394.811151
1,36096,1696070394.835264
1,36128,1696070394.8527715
1,36160,1696070394.8708642
1,36192,1696070394.8952267
1,36224,1696070394.9106736
1,36256,1696070394.9298978
1,36288,1696070394.948667
1,36320,1696070394.9667568
1,36352,1696070394.9909778
1,36384,1696070395.0123339
1,36416,1696070395.0322905
1,36448,1696070395.0522885
1,36480,1696070395.0749414
1,36512,1696070395.093973
1,36544,1696070395.1205928
1,36576,1696070395.140947
1,36608,1696070395.1629589
1,36640,1696070395.1822793
1,36672,1696070395.2038665
1,36704,1696070395.2240145
1,36736,1696070395.2448673
1,36768,1696070395.2644463
1,36800,1696070395.2830336
1,36832,1696070395.3047972
1,36864,1696070395.3270288
1,36896,1696070395.3465679
1,36928,1696070395.3689265
1,36960,1696070395.3893561
1,36992,1696070395.4105837
1,37024,1696070395.4301057
1,37056,1696070395.450492
1,37088,1696070395.4701982
1,37120,1696070395.489628
1,37152,1696070395.5096836
1,37184,1696070395.5300722
1,37216,1696070395.5502884
1,37248,1696070395.5701141
1,37280,1696070395.5919871
1,37312,1696070395.6138983
1,37344,1696070395.6348631
1,37376,1696070395.64943
1,37408,1696070395.6679688
1,37440,1696070395.6872323
1,37472,1696070395.7118924
1,37504,1696070395.7350025
1,37536,1696070395.7544537
1,37568,1696070395.7760432
1,37600,1696070395.7975116
1,37632,1696070395.8187277
1,37664,1696070395.8338268
1,37696,1696070395.8570588
1,37728,1696070395.8750005
1,37760,1696070395.8957126
1,37792,1696070395.9187005
1,37824,1696070395.9389102
1,37856,1696070395.9612217
1,37888,1696070395.98324
1,37920,1696070396.0012527
1,37952,1696070396.0217524
1,37984,1696070396.042249
1,38016,1696070396.0625868
1,38048,1696070396.0813165
1,38080,1696070396.1019936
1,38112,1696070396.1219833
1,38144,1696070396.1428175
1,38176,1696070396.1575508
1,38208,1696070396.1777346
1,38240,1696070396.1970806
1,38272,1696070396.2162676
1,38304,1696070396.235394
1,38336,1696070396.260249
1,38368,1696070396.2806692
1,38400,1696070396.3030243
1,38432,1696070396.3179736
1,38464,1696070396.340973
1,38496,1696070396.3590336
1,38528,1696070396.3801386
1,38560,1696070396.4006178
1,38592,1696070396.4189157
1,38624,1696070396.4415119
1,38656,1696070396.4625819
1,38688,1696070396.4819365
1,38720,1696070396.502549
1,38752,1696070396.5222993
1,38784,1696070396.5423417
1,38816,1696070396.5622885
1,38848,1696070396.5815964
1,38880,1696070396.6013901
1,38912,1696070396.6227467
1,38944,1696070396.6465032
1,38976,1696070396.6646261
1,39008,1696070396.6834664
1,39040,1696070396.7023737
1,39072,1696070396.726963
1,39104,1696070396.7478883
1,39136,1696070396.7709584
1,39168,1696070396.7920656
1,39200,1696070396.815016
1,39232,1696070396.8327837
1,39264,1696070396.8505192
1,39296,1696070396.871846
1,39328,1696070396.897592
1,39360,1696070396.9171374
1,39392,1696070396.935923
1,39424,1696070396.9540732
1,39456,1696070396.974586
1,39488,1696070396.9945154
1,39520,1696070397.0143383
1,39552,1696070397.0341833
1,39584,1696070397.0515637
1,39616,1696070397.0726414
1,39648,1696070397.0979912
1,39680,1696070397.113843
1,39712,1696070397.1378973
1,39744,1696070397.1586337
1,39776,1696070397.1780913
1,39808,1696070397.1984673
1,39840,1696070397.218205
1,39872,1696070397.2380385
1,39904,1696070397.2564192
1,39936,1696070397.2759042
1,39968,1696070397.298821
1,40000,1696070397.3181815
1,40032,1696070397.338104
1,40064,1696070397.358535
1,40096,1696070397.3785121
1,40128,1696070397.3981545
1,40160,1696070397.418275
1,40192,1696070397.4383092
1,40224,1696070397.4584968
1,40256,1696070397.4781873
1,40288,1696070397.4977994
1,40320,1696070397.5181587
1,40352,1696070397.5385554
1,40384,1696070397.5537593
1,40416,1696070397.5759583
1,40448,1696070397.596739
1,40480,1696070397.6153753
1,40512,1696070397.6326513
1,40544,1696070397.6509435
1,40576,1696070397.6652434
1,40608,1696070397.6851978
1,40640,1696070397.7048683
1,40672,1696070397.724943
1,40704,1696070397.7450957
1,40736,1696070397.7653866
1,40768,1696070397.7894318
1,40800,1696070397.8112795
1,40832,1696070397.827716
1,40864,1696070397.8454306
1,40896,1696070397.8666255
1,40928,1696070397.8856611
1,40960,1696070397.9053504
1,40992,1696070397.9270284
1,41024,1696070397.942389
1,41056,1696070397.9609075
1,41088,1696070397.9793072
1,41120,1696070397.999541
1,41152,1696070398.0214853
1,41184,1696070398.0404546
1,41216,1696070398.059322
1,41248,1696070398.07926
1,41280,1696070398.09988
1,41312,1696070398.12118
1,41344,1696070398.1406534
1,41376,1696070398.1589675
1,41408,1696070398.180442
1,41440,1696070398.2002325
1,41472,1696070398.22041
1,41504,1696070398.242736
1,41536,1696070398.262235
1,41568,1696070398.2822134
1,41600,1696070398.3026288
1,41632,1696070398.3221812
1,41664,1696070398.3420882
1,41696,1696070398.3623872
1,41728,1696070398.3822057
1,41760,1696070398.4025323
1,41792,1696070398.4219506
1,41824,1696070398.4423113
1,41856,1696070398.4624133
1,41888,1696070398.48264
1,41920,1696070398.5021236
1,41952,1696070398.522497
1,41984,1696070398.541515
1,42016,1696070398.5652475
1,42048,1696070398.585047
1,42080,1696070398.6023774
1,42112,1696070398.62304
1,42144,1696070398.6429625
1,42176,1696070398.665199
1,42208,1696070398.684649
1,42240,1696070398.702971
1,42272,1696070398.7235572
1,42304,1696070398.7450778
1,42336,1696070398.7644207
1,42368,1696070398.784241
1,42400,1696070398.8068314
1,42432,1696070398.8261058
1,42464,1696070398.8463411
1,42496,1696070398.866234
1,42528,1696070398.886632
1,42560,1696070398.9061282
1,42592,1696070398.9263191
1,42624,1696070398.9464636
1,42656,1696070398.966276
1,42688,1696070398.9861093
1,42720,1696070399.0063822
1,42752,1696070399.0266817
1,42784,1696070399.0462832
1,42816,1696070399.0660648
1,42848,1696070399.0864735
1,42880,1696070399.1059003
1,42912,1696070399.1266832
1,42944,1696070399.146127
1,42976,1696070399.1664898
1,43008,1696070399.1862528
1,43040,1696070399.2065322
1,43072,1696070399.2275758
1,43104,1696070399.2475793
1,43136,1696070399.2669237
1,43168,1696070399.2880876
1,43200,1696070399.3091598
1,43232,1696070399.328519
1,43264,1696070399.3467426
1,43296,1696070399.3675902
1,43328,1696070399.3890603
1,43360,1696070399.40732
1,43392,1696070399.4244184
1,43424,1696070399.4419057
1,43456,1696070399.458397
1,43488,1696070399.4763281
1,43520,1696070399.4935565
1,43552,1696070399.5146897
1,43584,1696070399.5339434
1,43616,1696070399.5543668
1,43648,1696070399.5769308
1,43680,1696070399.5954454
1,43712,1696070399.6196108
1,43744,1696070399.6401007
1,43776,1696070399.659783
1,43808,1696070399.6831064
1,43840,1696070399.7016385
1,43872,1696070399.719395
1,43904,1696070399.7364082
1,43936,1696070399.757349
1,43968,1696070399.7766957
1,44000,1696070399.8004785
1,44032,1696070399.8207233
1,44064,1696070399.8388581
1,44096,1696070399.860081
1,44128,1696070399.8798246
1,44160,1696070399.9001968
1,44192,1696070399.9208472
1,44224,1696070399.9389126
1,44256,1696070399.9607656
1,44288,1696070399.9807124
1,44320,1696070399.9994624
1,44352,1696070400.0201073
1,44384,1696070400.0403898
1,44416,1696070400.060317
1,44448,1696070400.0830142
1,44480,1696070400.0983655
1,44512,1696070400.1166415
1,44544,1696070400.1354234
1,44576,1696070400.155507
1,44608,1696070400.1757154
1,44640,1696070400.197026
1,44672,1696070400.2177222
1,44704,1696070400.23546
1,44736,1696070400.2553709
1,44768,1696070400.2785628
1,44800,1696070400.298441
1,44832,1696070400.318207
1,44864,1696070400.3383083
1,44896,1696070400.3586028
1,44928,1696070400.377966
1,44960,1696070400.3986442
1,44992,1696070400.4181082
1,45024,1696070400.4384475
1,45056,1696070400.4581704
1,45088,1696070400.4784987
1,45120,1696070400.4980934
1,45152,1696070400.51856
1,45184,1696070400.5379722
1,45216,1696070400.5584612
1,45248,1696070400.5781863
1,45280,1696070400.5984406
1,45312,1696070400.618235
1,45344,1696070400.638439
1,45376,1696070400.657977
1,45408,1696070400.678098
1,45440,1696070400.6983602
1,45472,1696070400.718404
1,45504,1696070400.7381887
1,45536,1696070400.758536
1,45568,1696070400.7780585
1,45600,1696070400.7984607
1,45632,1696070400.8181999
1,45664,1696070400.8384283
1,45696,1696070400.8579473
1,45728,1696070400.8786552
1,45760,1696070400.9007454
1,45792,1696070400.9209154
1,45824,1696070400.9379535
1,45856,1696070400.9599013
1,45888,1696070400.9797523
1,45920,1696070401.0005486
1,45952,1696070401.0226312
1,45984,1696070401.0418336
1,46016,1696070401.0619576
1,46048,1696070401.0857446
1,46080,1696070401.1045854
1,46112,1696070401.1237671
1,46144,1696070401.14688
1,46176,1696070401.1673496
1,46208,1696070401.182654
1,46240,1696070401.2021594
1,46272,1696070401.2196088
1,46304,1696070401.238514
1,46336,1696070401.2629616
1,46368,1696070401.2827547
1,46400,1696070401.3018496
1,46432,1696070401.322545
1,46464,1696070401.3421497
1,46496,1696070401.3624995
1,46528,1696070401.3820927
1,46560,1696070401.4025812
1,46592,1696070401.4219224
1,46624,1696070401.442796
1,46656,1696070401.4625506
1,46688,1696070401.482831
1,46720,1696070401.502224
1,46752,1696070401.5222216
1,46784,1696070401.5422516
1,46816,1696070401.561536
1,46848,1696070401.5815248
1,46880,1696070401.6013267
1,46912,1696070401.6210186
1,46944,1696070401.648508
1,46976,1696070401.6678622
1,47008,1696070401.6871603
1,47040,1696070401.707964
1,47072,1696070401.7278817
1,47104,1696070401.7505975
1,47136,1696070401.7704484
1,47168,1696070401.7899344
1,47200,1696070401.810512
1,47232,1696070401.8299575
1,47264,1696070401.850573
1,47296,1696070401.8700314
1,47328,1696070401.8903742
1,47360,1696070401.9103773
1,47392,1696070401.9302516
1,47424,1696070401.9501765
1,47456,1696070401.970291
1,47488,1696070401.9905121
1,47520,1696070402.010174
1,47552,1696070402.0300736
1,47584,1696070402.0503745
1,47616,1696070402.0703266
1,47648,1696070402.0901265
1,47680,1696070402.110264
1,47712,1696070402.1303906
1,47744,1696070402.1501727
1,47776,1696070402.1704354
1,47808,1696070402.1900654
1,47840,1696070402.2101088
1,47872,1696070402.230381
1,47904,1696070402.250745
1,47936,1696070402.2703316
1,47968,1696070402.2900589
1,48000,1696070402.3103487
1,48032,1696070402.3322568
1,48064,1696070402.3519137
1,48096,1696070402.3718886
1,48128,1696070402.394636
1,48160,1696070402.4144797
1,48192,1696070402.4342856
1,48224,1696070402.4540656
1,48256,1696070402.4744165
1,48288,1696070402.4942055
1,48320,1696070402.5141158
1,48352,1696070402.5343301
1,48384,1696070402.554224
1,48416,1696070402.574688
1,48448,1696070402.594159
1,48480,1696070402.6159008
1,48512,1696070402.6355
1,48544,1696070402.6554003
1,48576,1696070402.6756966
1,48608,1696070402.6956608
1,48640,1696070402.7155433
1,48672,1696070402.7359324
1,48704,1696070402.7554846
1,48736,1696070402.7756088
1,48768,1696070402.7956672
1,48800,1696070402.8154936
1,48832,1696070402.8351102
1,48864,1696070402.8557675
1,48896,1696070402.878781
1,48928,1696070402.898267
1,48960,1696070402.9202611
1,48992,1696070402.939869
1,49024,1696070402.960514
1,49056,1696070402.9806244
1,49088,1696070402.9990494
1,49120,1696070403.0194802
1,49152,1696070403.0398648
1,49184,1696070403.0594554
1,49216,1696070403.0798383
1,49248,1696070403.1006334
1,49280,1696070403.1205509
1,49312,1696070403.1390018
1,49344,1696070403.160343
1,49376,1696070403.1807191
1,49408,1696070403.1990147
1,49440,1696070403.219258
1,49472,1696070403.2415707
1,49504,1696070403.2607977
1,49536,1696070403.2788653
1,49568,1696070403.2997463
1,49600,1696070403.3194413
1,49632,1696070403.3391123
1,49664,1696070403.3595686
1,49696,1696070403.379681
1,49728,1696070403.3994727
1,49760,1696070403.4219577
1,49792,1696070403.440797
1,49824,1696070403.4630907
1,49856,1696070403.482324
1,49888,1696070403.5039456
1,49920,1696070403.5236993
1,49952,1696070403.5435817
1,49984,1696070403.563749
1,50000,1696070403.5868185
2,32,1696070403.9043887
2,64,1696070403.9214208
2,96,1696070403.9393296
2,128,1696070403.9584625
2,160,1696070403.9792287
2,192,1696070403.9961267
2,224,1696070404.0133698
2,256,1696070404.030754
2,288,1696070404.0493252
2,320,1696070404.0681825
2,352,1696070404.0845487
2,384,1696070404.103755
2,416,1696070404.120674
2,448,1696070404.1396322
2,480,1696070404.1657715
2,512,1696070404.1837718
2,544,1696070404.20947
2,576,1696070404.228029
2,608,1696070404.2535307
2,640,1696070404.2735035
2,672,1696070404.2948678
2,704,1696070404.3145897
2,736,1696070404.3350632
2,768,1696070404.350035
2,800,1696070404.3730125
2,832,1696070404.3930614
2,864,1696070404.4165995
2,896,1696070404.4386191
2,928,1696070404.4582045
2,960,1696070404.4783444
2,992,1696070404.498505
2,1024,1696070404.5181344
2,1056,1696070404.538263
2,1088,1696070404.5585554
2,1120,1696070404.5780363
2,1152,1696070404.5985615
2,1184,1696070404.618347
2,1216,1696070404.63834
2,1248,1696070404.6584084
2,1280,1696070404.678263
2,1312,1696070404.69846
2,1344,1696070404.71809
2,1376,1696070404.7385583
2,1408,1696070404.7582057
2,1440,1696070404.7784643
2,1472,1696070404.7983263
2,1504,1696070404.8213565
2,1536,1696070404.843363
2,1568,1696070404.8645442
2,1600,1696070404.8854547
2,1632,1696070404.9089081
2,1664,1696070404.9306667
2,1696,1696070404.9501956
2,1728,1696070404.97039
2,1760,1696070404.9903135
2,1792,1696070405.0103548
2,1824,1696070405.0301955
2,1856,1696070405.0507488
2,1888,1696070405.0704427
2,1920,1696070405.0869675
2,1952,1696070405.1036708
2,1984,1696070405.1207683
2,2016,1696070405.1374388
2,2048,1696070405.1552353
2,2080,1696070405.17205
2,2112,1696070405.1887915
2,2144,1696070405.2057412
2,2176,1696070405.223263
2,2208,1696070405.2424304
2,2240,1696070405.2606673
2,2272,1696070405.2775786
2,2304,1696070405.2956872
2,2336,1696070405.3131049
2,2368,1696070405.3322055
2,2400,1696070405.3515372
2,2432,1696070405.3703756
2,2464,1696070405.38766
2,2496,1696070405.4042907
2,2528,1696070405.421102
2,2560,1696070405.4393032
2,2592,1696070405.4552772
2,2624,1696070405.4743724
2,2656,1696070405.4919474
2,2688,1696070405.5088875
2,2720,1696070405.5244427
2,2752,1696070405.5421379
2,2784,1696070405.5608535
2,2816,1696070405.5793684
2,2848,1696070405.5983825
2,2880,1696070405.6214216
2,2912,1696070405.644479
2,2944,1696070405.665251
2,2976,1696070405.6830466
2,3008,1696070405.7009866
2,3040,1696070405.7189343
2,3072,1696070405.7380378
2,3104,1696070405.7588058
2,3136,1696070405.7785623
2,3168,1696070405.798212
2,3200,1696070405.8183482
2,3232,1696070405.8384051
2,3264,1696070405.8586786
2,3296,1696070405.8781502
2,3328,1696070405.898136
2,3360,1696070405.9185214
2,3392,1696070405.938172
2,3424,1696070405.9581258
2,3456,1696070405.9784365
2,3488,1696070405.998043
2,3520,1696070406.0192704
2,3552,1696070406.038941
2,3584,1696070406.058523
2,3616,1696070406.0786693
2,3648,1696070406.0984814
2,3680,1696070406.1183312
2,3712,1696070406.1382344
2,3744,1696070406.1582386
2,3776,1696070406.1798658
2,3808,1696070406.203096
2,3840,1696070406.2216582
2,3872,1696070406.2388756
2,3904,1696070406.2579327
2,3936,1696070406.2783978
2,3968,1696070406.2983735
2,4000,1696070406.318292
2,4032,1696070406.3383875
2,4064,1696070406.3585398
2,4096,1696070406.3815875
2,4128,1696070406.401599
2,4160,1696070406.422143
2,4192,1696070406.4424102
2,4224,1696070406.4650924
2,4256,1696070406.486154
2,4288,1696070406.50637
2,4320,1696070406.5263212
2,4352,1696070406.546428
2,4384,1696070406.5662308
2,4416,1696070406.586517
2,4448,1696070406.6063182
2,4480,1696070406.6263196
2,4512,1696070406.6462655
2,4544,1696070406.6660914
2,4576,1696070406.686516
2,4608,1696070406.7093835
2,4640,1696070406.7303483
2,4672,1696070406.7505822
2,4704,1696070406.7704175
2,4736,1696070406.7903283
2,4768,1696070406.810328
2,4800,1696070406.8334086
2,4832,1696070406.8540108
2,4864,1696070406.877097
2,4896,1696070406.8984988
2,4928,1696070406.918135
2,4960,1696070406.9383435
2,4992,1696070406.9583223
2,5024,1696070406.978194
2,5056,1696070406.9984417
2,5088,1696070407.0180538
2,5120,1696070407.0383224
2,5152,1696070407.0582426
2,5184,1696070407.0781565
2,5216,1696070407.0983853
2,5248,1696070407.1183286
2,5280,1696070407.1383753
2,5312,1696070407.1581752
2,5344,1696070407.1782908
2,5376,1696070407.1983738
2,5408,1696070407.2181396
2,5440,1696070407.238366
2,5472,1696070407.2583275
2,5504,1696070407.2782001
2,5536,1696070407.2982092
2,5568,1696070407.318407
2,5600,1696070407.338364
2,5632,1696070407.358355
2,5664,1696070407.3793294
2,5696,1696070407.39954
2,5728,1696070407.4195998
2,5760,1696070407.4426427
2,5792,1696070407.4637563
2,5824,1696070407.486073
2,5856,1696070407.5058959
2,5888,1696070407.5250704
2,5920,1696070407.544598
2,5952,1696070407.5638185
2,5984,1696070407.5832715
2,6016,1696070407.602948
2,6048,1696070407.623198
2,6080,1696070407.643378
2,6112,1696070407.662911
2,6144,1696070407.6907709
2,6176,1696070407.7173276
2,6208,1696070407.7338076
2,6240,1696070407.7544246
2,6272,1696070407.7737904
2,6304,1696070407.7929966
2,6336,1696070407.8136187
2,6368,1696070407.8343935
2,6400,1696070407.8536339
2,6432,1696070407.8772376
2,6464,1696070407.899192
2,6496,1696070407.9224837
2,6528,1696070407.9420204
2,6560,1696070407.9627569
2,6592,1696070407.9833283
2,6624,1696070408.0061307
2,6656,1696070408.0256662
2,6688,1696070408.04632
2,6720,1696070408.0659637
2,6752,1696070408.089882
2,6784,1696070408.1140702
2,6816,1696070408.13546
2,6848,1696070408.1597266
2,6880,1696070408.1856902
2,6912,1696070408.2133932
2,6944,1696070408.2404017
2,6976,1696070408.2562377
2,7008,1696070408.2762465
2,7040,1696070408.298004
2,7072,1696070408.3213081
2,7104,1696070408.341661
2,7136,1696070408.3698068
2,7168,1696070408.3976
2,7200,1696070408.412862
2,7232,1696070408.4328272
2,7264,1696070408.452211
2,7296,1696070408.4733489
2,7328,1696070408.4925747
2,7360,1696070408.5102096
2,7392,1696070408.5381157
2,7424,1696070408.5650446
2,7456,1696070408.581606
2,7488,1696070408.602452
2,7520,1696070408.624522
2,7552,1696070408.6420362
2,7584,1696070408.6599076
2,7616,1696070408.6768365
2,7648,1696070408.6945183
2,7680,1696070408.7148247
2,7712,1696070408.7345848
2,7744,1696070408.7587972
2,7776,1696070408.7804706
2,7808,1696070408.8012686
2,7840,1696070408.825089
2,7872,1696070408.8441722
2,7904,1696070408.8646023
2,7936,1696070408.8902197
2,7968,1696070408.9110355
2,8000,1696070408.929442
2,8032,1696070408.949124
2,8064,1696070408.9728794
2,8096,1696070408.9933598
2,8128,1696070409.0173159
2,8160,1696070409.0369344
2,8192,1696070409.057691
2,8224,1696070409.0807834
2,8256,1696070409.1014404
2,8288,1696070409.1215982
2,8320,1696070409.1415513
2,8352,1696070409.1674144
2,8384,1696070409.1891463
2,8416,1696070409.212993
2,8448,1696070409.2325938
2,8480,1696070409.2532845
2,8512,1696070409.2782245
2,8544,1696070409.2976558
2,8576,1696070409.3214884
2,8608,1696070409.3428175
2,8640,1696070409.3620265
2,8672,1696070409.3878412
2,8704,1696070409.4091601
2,8736,1696070409.4328148
2,8768,1696070409.4547
2,8800,1696070409.4740329
2,8832,1696070409.4947948
2,8864,1696070409.5146267
2,8896,1696070409.5309086
2,8928,1696070409.549523
2,8960,1696070409.5671916
2,8992,1696070409.5839608
2,9024,1696070409.6007402
2,9056,1696070409.617914
2,9088,1696070409.634915
2,9120,1696070409.6519358
2,9152,1696070409.668948
2,9184,1696070409.686072
2,9216,1696070409.7028124
2,9248,1696070409.7197514
2,9280,1696070409.73656
2,9312,1696070409.7531257
2,9344,1696070409.771254
2,9376,1696070409.7881265
2,9408,1696070409.8049214
2,9440,1696070409.8266091
2,9472,1696070409.8464606
2,9504,1696070409.863499
2,9536,1696070409.882366
2,9568,1696070409.902726
2,9600,1696070409.9225113
2,9632,1696070409.939918
2,9664,1696070409.9568067
2,9696,1696070409.9737194
2,9728,1696070409.9913242
2,9760,1696070410.0098886
2,9792,1696070410.0280144
2,9824,1696070410.0449178
2,9856,1696070410.0616367
2,9888,1696070410.0791612
2,9920,1696070410.098412
2,9952,1696070410.1183953
2,9984,1696070410.1361403
2,10016,1696070410.1528382
2,10048,1696070410.1697614
2,10080,1696070410.1874278
2,10112,1696070410.2059987
2,10144,1696070410.2262385
2,10176,1696070410.2441347
2,10208,1696070410.2609746
2,10240,1696070410.2779534
2,10272,1696070410.2954924
2,10304,1696070410.319343
2,10336,1696070410.3425534
2,10368,1696070410.3577366
2,10400,1696070410.3818858
2,10432,1696070410.4047906
2,10464,1696070410.425588
2,10496,1696070410.4493492
2,10528,1696070410.46619
2,10560,1696070410.4889061
2,10592,1696070410.5106263
2,10624,1696070410.53006
2,10656,1696070410.5507257
2,10688,1696070410.5704944
2,10720,1696070410.586756
2,10752,1696070410.6047854
2,10784,1696070410.6260793
2,10816,1696070410.6467028
2,10848,1696070410.6730976
2,10880,1696070410.693071
2,10912,1696070410.7172382
2,10944,1696070410.7370465
2,10976,1696070410.7567582
2,11008,1696070410.7808304
2,11040,1696070410.802899
2,11072,1696070410.8177474
2,11104,1696070410.8410022
2,11136,1696070410.860982
2,11168,1696070410.8813233
2,11200,1696070410.904599
2,11232,1696070410.9263542
2,11264,1696070410.9461625
2,11296,1696070410.9657006
2,11328,1696070410.9850588
2,11360,1696070411.0089488
2,11392,1696070411.0292015
2,11424,1696070411.0529444
2,11456,1696070411.0723133
2,11488,1696070411.09331
2,11520,1696070411.116687
2,11552,1696070411.1383104
2,11584,1696070411.1581285
2,11616,1696070411.1787844
2,11648,1696070411.19875
2,11680,1696070411.2147198
2,11712,1696070411.2312307
2,11744,1696070411.2478776
2,11776,1696070411.2646263
2,11808,1696070411.2812746
2,11840,1696070411.3016958
2,11872,1696070411.3193903
2,11904,1696070411.3362024
2,11936,1696070411.3529904
2,11968,1696070411.36978
2,12000,1696070411.3871396
2,12032,1696070411.406165
2,12064,1696070411.4244132
2,12096,1696070411.4409063
2,12128,1696070411.4574955
2,12160,1696070411.4752626
2,12192,1696070411.4943678
2,12224,1696070411.5145798
2,12256,1696070411.5323367
2,12288,1696070411.5491056
2,12320,1696070411.566299
2,12352,1696070411.5837948
2,12384,1696070411.6015623
2,12416,1696070411.6215138
2,12448,1696070411.6394315
2,12480,1696070411.6560335
2,12512,1696070411.6727915
2,12544,1696070411.6901033
2,12576,1696070411.7066813
2,12608,1696070411.7237086
2,12640,1696070411.7405398
2,12672,1696070411.757038
2,12704,1696070411.7750492
2,12736,1696070411.7919395
2,12768,1696070411.8087094
2,12800,1696070411.8253527
2,12832,1696070411.8430648
2,12864,1696070411.8623981
2,12896,1696070411.8824625
2,12928,1696070411.9003315
2,12960,1696070411.9175177
2,12992,1696070411.9353492
2,13024,1696070411.952481
2,13056,1696070411.9754522
2,13088,1696070411.9927824
2,13120,1696070412.0105138
2,13152,1696070412.0283527
2,13184,1696070412.0466132
2,13216,1696070412.066551
2,13248,1696070412.0867658
2,13280,1696070412.1103156
2,13312,1696070412.1356332
2,13344,1696070412.1587424
2,13376,1696070412.1828654
2,13408,1696070412.202967
2,13440,1696070412.2179756
2,13472,1696070412.2407863
2,13504,1696070412.2625592
2,13536,1696070412.2820482
2,13568,1696070412.3027828
2,13600,1696070412.3224099
2,13632,1696070412.3376098
2,13664,1696070412.3555193
2,13696,1696070412.3726757
2,13728,1696070412.3901377
2,13760,1696070412.4066494
2,13792,1696070412.4262671
2,13824,1696070412.4466572
2,13856,1696070412.466704
2,13888,1696070412.4861627
2,13920,1696070412.5060172
2,13952,1696070412.5263603
2,13984,1696070412.5460725
2,14016,1696070412.564369
2,14048,1696070412.5810592
2,14080,1696070412.5987859
2,14112,1696070412.6153836
2,14144,1696070412.6318455
2,14176,1696070412.6487427
2,14208,1696070412.6667914
2,14240,1696070412.6884923
2,14272,1696070412.7085938
2,14304,1696070412.7343936
2,14336,1696070412.7563765
2,14368,1696070412.7774029
2,14400,1696070412.7973058
2,14432,1696070412.8213105
2,14464,1696070412.8429163
2,14496,1696070412.8617806
2,14528,1696070412.8787289
2,14560,1696070412.8954058
2,14592,1696070412.911782
2,14624,1696070412.9285574
2,14656,1696070412.949254
2,14688,1696070412.9728553
2,14720,1696070412.9931316
2,14752,1696070413.0169203
2,14784,1696070413.0370717
2,14816,1696070413.061048
2,14848,1696070413.0811179
2,14880,1696070413.0981557
2,14912,1696070413.1168928
2,14944,1696070413.1367407
2,14976,1696070413.156118
2,15008,1696070413.1726158
2,15040,1696070413.1888363
2,15072,1696070413.2054305
2,15104,1696070413.2231736
2,15136,1696070413.2422593
2,15168,1696070413.2623801
2,15200,1696070413.280086
2,15232,1696070413.296825
2,15264,1696070413.3136568
2,15296,1696070413.3349051
2,15328,1696070413.3543339
2,15360,1696070413.3749986
2,15392,1696070413.3940094
2,15424,1696070413.4143214
2,15456,1696070413.4342964
2,15488,1696070413.455194
2,15520,1696070413.4751375
2,15552,1696070413.4925737
2,15584,1696070413.5114362
2,15616,1696070413.533227
2,15648,1696070413.5512533
2,15680,1696070413.5678177
2,15712,1696070413.5845723
2,15744,1696070413.6017227
2,15776,1696070413.6184387
2,15808,1696070413.635727
2,15840,1696070413.6528082
2,15872,1696070413.6699693
2,15904,1696070413.6867144
2,15936,1696070413.7036612
2,15968,1696070413.7207332
2,16000,1696070413.7380888
2,16032,1696070413.7549286
2,16064,1696070413.7719414
2,16096,1696070413.7887816
2,16128,1696070413.8054907
2,16160,1696070413.8231666
2,16192,1696070413.8470893
2,16224,1696070413.868993
2,16256,1696070413.8895128
2,16288,1696070413.904758
2,16320,1696070413.9250503
2,16352,1696070413.9451003
2,16384,1696070413.9652042
2,16416,1696070413.9852457
2,16448,1696070414.0088105
2,16480,1696070414.029044
2,16512,1696070414.0459569
2,16544,1696070414.0667446
2,16576,1696070414.0867712
2,16608,1696070414.1079576
2,16640,1696070414.1259427
2,16672,1696070414.1467497
2,16704,1696070414.1669302
2,16736,1696070414.1845536
2,16768,1696070414.200767
2,16800,1696070414.2178524
2,16832,1696070414.2351527
2,16864,1696070414.2516012
2,16896,1696070414.272139
2,16928,1696070414.2947805
2,16960,1696070414.3151674
2,16992,1696070414.3395996
2,17024,1696070414.3614728
2,17056,1696070414.3811278
2,17088,1696070414.4004397
2,17120,1696070414.425919
2,17152,1696070414.4482749
2,17184,1696070414.4693024
2,17216,1696070414.4931283
2,17248,1696070414.5121553
2,17280,1696070414.5329857
2,17312,1696070414.5526004
2,17344,1696070414.5770993
2,17376,1696070414.5987349
2,17408,1696070414.6135294
2,17440,1696070414.6369812
2,17472,1696070414.6561525
2,17504,1696070414.6771364
2,17536,1696070414.7010531
2,17568,1696070414.722889
2,17600,1696070414.7463384
2,17632,1696070414.768729
2,17664,1696070414.789492
2,17696,1696070414.8137622
2,17728,1696070414.833623
2,17760,1696070414.8574183
2,17792,1696070414.8786626
2,17824,1696070414.898527
2,17856,1696070414.9185317
2,17888,1696070414.9379332
2,17920,1696070414.9583235
2,17952,1696070414.9782717
2,17984,1696070414.9982672
2,18016,1696070415.0185592
2,18048,1696070415.0378864
2,18080,1696070415.0584142
2,18112,1696070415.0782008
2,18144,1696070415.098569
2,18176,1696070415.11745
2,18208,1696070415.1374738
2,18240,1696070415.1606438
2,18272,1696070415.1829095
2,18304,1696070415.201894
2,18336,1696070415.2235885
2,18368,1696070415.2489579
2,18400,1696070415.2689993
2,18432,1696070415.2893457
2,18464,1696070415.308624
2,18496,1696070415.3250618
2,18528,1696070415.3451595
2,18560,1696070415.3668425
2,18592,1696070415.3867767
2,18624,1696070415.4081776
2,18656,1696070415.4291193
2,18688,1696070415.44931
2,18720,1696070415.4730918
2,18752,1696070415.4925134
2,18784,1696070415.51328
2,18816,1696070415.5370407
2,18848,1696070415.558438
2,18880,1696070415.578057
2,18912,1696070415.5987122
2,18944,1696070415.6185753
2,18976,1696070415.6401536
2,19008,1696070415.6612403
2,19040,1696070415.6842203
2,19072,1696070415.70652
2,19104,1696070415.7263122
2,19136,1696070415.7456949
2,19168,1696070415.7652555
2,19200,1696070415.78507
2,19232,1696070415.8046215
2,19264,1696070415.8250597
2,19296,1696070415.8453984
2,19328,1696070415.8698308
2,19360,1696070415.8889518
2,19392,1696070415.9168155
2,19424,1696070415.9403849
2,19456,1696070415.9578075
2,19488,1696070415.9731052
2,19520,1696070415.9968648
2,19552,1696070416.0171733
2,19584,1696070416.0353782
2,19616,1696070416.0586421
2,19648,1696070416.0785832
2,19680,1696070416.098473
2,19712,1696070416.1143134
2,19744,1696070416.1318536
2,19776,1696070416.149769
2,19808,1696070416.1680863
2,19840,1696070416.1847906
2,19872,1696070416.2091067
2,19904,1696070416.2268803
2,19936,1696070416.2422674
2,19968,1696070416.26509
2,20000,1696070416.2847438
2,20032,1696070416.3040044
2,20064,1696070416.3271565
2,20096,1696070416.3455708
2,20128,1696070416.3655396
2,20160,1696070416.386001
2,20192,1696070416.4057767
2,20224,1696070416.4325237
2,20256,1696070416.4508321
2,20288,1696070416.4699557
2,20320,1696070416.4905274
2,20352,1696070416.5104485
2,20384,1696070416.5303614
2,20416,1696070416.5502653
2,20448,1696070416.5704715
2,20480,1696070416.5897887
2,20512,1696070416.610691
2,20544,1696070416.6299527
2,20576,1696070416.6506512
2,20608,1696070416.6710474
2,20640,1696070416.6918662
2,20672,1696070416.7110627
2,20704,1696070416.7288399
2,20736,1696070416.7457454
2,20768,1696070416.7598295
2,20800,1696070416.778799
2,20832,1696070416.8035111
2,20864,1696070416.827771
2,20896,1696070416.8457537
