epoch,trained_sample,time
1,0,1696062175.5617082
1,128,1696062176.7957819
1,256,1696062176.810518
1,384,1696062176.8311799
1,512,1696062176.8532982
1,640,1696062176.8721762
1,768,1696062176.8948674
1,896,1696062176.9163995
1,1024,1696062176.9348395
1,1152,1696062176.955842
1,1280,1696062176.9792356
1,1408,1696062177.0002224
1,1536,1696062177.0173662
1,1664,1696062177.0371375
1,1792,1696062177.0597517
1,1920,1696062177.0810335
1,2048,1696062177.0983586
1,2176,1696062177.117672
1,2304,1696062177.1410358
1,2432,1696062177.1610963
1,2560,1696062177.177836
1,2688,1696062177.197762
1,2816,1696062177.2210345
1,2944,1696062177.2411067
1,3072,1696062177.2583125
1,3200,1696062177.278048
1,3328,1696062177.3013787
1,3456,1696062177.3228314
1,3584,1696062177.3397481
1,3712,1696062177.3589005
1,3840,1696062177.3808637
1,3968,1696062177.4031596
1,4096,1696062177.4199715
1,4224,1696062177.4391253
1,4352,1696062177.4584548
1,4480,1696062177.4782636
1,4608,1696062177.5494845
1,4736,1696062177.5677812
1,4864,1696062177.5875874
1,4992,1696062177.6074293
1,5120,1696062177.6277974
1,5248,1696062177.6478567
1,5376,1696062177.6674025
1,5504,1696062177.6873977
1,5632,1696062177.7076879
1,5760,1696062177.7273455
1,5888,1696062177.7471957
1,6016,1696062177.7675617
1,6144,1696062177.7891996
1,6272,1696062177.8081179
1,6400,1696062177.8314445
1,6528,1696062177.851773
1,6656,1696062177.8719769
1,6784,1696062177.8882225
1,6912,1696062177.9116979
1,7040,1696062177.9320123
1,7168,1696062177.9521642
1,7296,1696062177.968509
1,7424,1696062177.992256
1,7552,1696062178.015306
1,7680,1696062178.0365283
1,7808,1696062178.0593097
1,7936,1696062178.0786972
1,8064,1696062178.0986564
1,8192,1696062178.1193736
1,8320,1696062178.1393254
1,8448,1696062178.1587381
1,8576,1696062178.1783667
1,8704,1696062178.1992931
1,8832,1696062178.2199073
1,8960,1696062178.2395098
1,9088,1696062178.2602017
1,9216,1696062178.279469
1,9344,1696062178.299705
1,9472,1696062178.3193514
1,9600,1696062178.3396378
1,9728,1696062178.3600605
1,9856,1696062178.3796482
1,9984,1696062178.3998587
1,10112,1696062178.4204504
1,10240,1696062178.4393437
1,10368,1696062178.4598687
1,10496,1696062178.4760153
1,10624,1696062178.4953437
1,10752,1696062178.5157032
1,10880,1696062178.536022
1,11008,1696062178.5555644
1,11136,1696062178.5759318
1,11264,1696062178.5959096
1,11392,1696062178.6159258
1,11520,1696062178.6358654
1,11648,1696062178.6558633
1,11776,1696062178.6759164
1,11904,1696062178.6959178
1,12032,1696062178.7159185
1,12160,1696062178.7359664
1,12288,1696062178.7612844
1,12416,1696062178.7813792
1,12544,1696062178.8028128
1,12672,1696062178.8213224
1,12800,1696062178.841245
1,12928,1696062178.8634553
1,13056,1696062178.8827798
1,13184,1696062178.9019582
1,13312,1696062178.9214976
1,13440,1696062178.9438243
1,13568,1696062178.9632978
1,13696,1696062178.9836104
1,13824,1696062179.0034082
1,13952,1696062179.023722
1,14080,1696062179.0404503
1,14208,1696062179.061469
1,14336,1696062179.081183
1,14464,1696062179.0983877
1,14592,1696062179.1214082
1,14720,1696062179.141323
1,14848,1696062179.1583838
1,14976,1696062179.1781678
1,15104,1696062179.2013714
1,15232,1696062179.221302
1,15360,1696062179.2390976
1,15488,1696062179.258071
1,15616,1696062179.2815084
1,15744,1696062179.3015237
1,15872,1696062179.3182309
1,16000,1696062179.3379977
1,16128,1696062179.3611825
1,16256,1696062179.3811228
1,16384,1696062179.3980541
1,16512,1696062179.4180255
1,16640,1696062179.4414299
1,16768,1696062179.4612286
1,16896,1696062179.4781625
1,17024,1696062179.498067
1,17152,1696062179.521107
1,17280,1696062179.5413983
1,17408,1696062179.5584548
1,17536,1696062179.5783117
1,17664,1696062179.6012583
1,17792,1696062179.6213784
1,17920,1696062179.6383321
1,18048,1696062179.658254
1,18176,1696062179.6813924
1,18304,1696062179.701432
1,18432,1696062179.7184937
1,18560,1696062179.7381592
1,18688,1696062179.7614408
1,18816,1696062179.781127
1,18944,1696062179.7984157
1,19072,1696062179.8177662
1,19200,1696062179.840693
1,19328,1696062179.8614624
1,19456,1696062179.8783953
1,19584,1696062179.8982573
1,19712,1696062179.9212627
1,19840,1696062179.9413192
1,19968,1696062179.9585187
1,20096,1696062179.9782364
1,20224,1696062180.00134
1,20352,1696062180.0214078
1,20480,1696062180.038827
1,20608,1696062180.0582507
1,20736,1696062180.0813925
1,20864,1696062180.1011343
1,20992,1696062180.117991
1,21120,1696062180.137984
1,21248,1696062180.161006
1,21376,1696062180.1810603
1,21504,1696062180.1978247
1,21632,1696062180.2179015
1,21760,1696062180.241343
1,21888,1696062180.2611632
1,22016,1696062180.2780042
1,22144,1696062180.298042
1,22272,1696062180.3212483
1,22400,1696062180.3412747
1,22528,1696062180.3581996
1,22656,1696062180.3779602
1,22784,1696062180.4011908
1,22912,1696062180.4211712
1,23040,1696062180.4382389
1,23168,1696062180.4580324
1,23296,1696062180.4812348
1,23424,1696062180.501298
1,23552,1696062180.5183024
1,23680,1696062180.538226
1,23808,1696062180.5613186
1,23936,1696062180.5813472
1,24064,1696062180.5983777
1,24192,1696062180.6182866
1,24320,1696062180.6411133
1,24448,1696062180.6613657
1,24576,1696062180.6784668
1,24704,1696062180.6982849
1,24832,1696062180.7212813
1,24960,1696062180.741395
1,25088,1696062180.758588
1,25216,1696062180.7805653
1,25344,1696062180.8016946
1,25472,1696062180.8213525
1,25600,1696062180.8413365
1,25728,1696062180.8584194
1,25856,1696062180.881334
1,25984,1696062180.9013805
1,26112,1696062180.9183254
1,26240,1696062180.9382775
1,26368,1696062180.96371
1,26496,1696062180.9850945
1,26624,1696062181.0021458
1,26752,1696062181.0217435
1,26880,1696062181.0451035
1,27008,1696062181.0640726
1,27136,1696062181.0833044
1,27264,1696062181.102498
1,27392,1696062181.1248963
1,27520,1696062181.1453826
1,27648,1696062181.1622467
1,27776,1696062181.1821299
1,27904,1696062181.2054703
1,28032,1696062181.2254019
1,28160,1696062181.2423923
1,28288,1696062181.26239
1,28416,1696062181.2854478
1,28544,1696062181.305164
1,28672,1696062181.322312
1,28800,1696062181.3421934
1,28928,1696062181.3653126
1,29056,1696062181.3851643
1,29184,1696062181.4022436
1,29312,1696062181.421949
1,29440,1696062181.445098
1,29568,1696062181.4653733
1,29696,1696062181.4822
1,29824,1696062181.5043766
1,29952,1696062181.525466
1,30080,1696062181.545574
1,30208,1696062181.5656216
1,30336,1696062181.5825026
1,30464,1696062181.6053305
1,30592,1696062181.6242645
1,30720,1696062181.6428177
1,30848,1696062181.662654
1,30976,1696062181.6853602
1,31104,1696062181.7054832
1,31232,1696062181.7224903
1,31360,1696062181.7450364
1,31488,1696062181.7687075
1,31616,1696062181.7905943
1,31744,1696062181.8104413
1,31872,1696062181.8321564
1,32000,1696062181.8572
1,32128,1696062181.8786275
1,32256,1696062181.9015467
1,32384,1696062181.922642
1,32512,1696062181.9457624
1,32640,1696062181.968652
1,32768,1696062181.9896507
1,32896,1696062182.0124836
1,33024,1696062182.033623
1,33152,1696062182.0611453
1,33280,1696062182.0789685
1,33408,1696062182.1005924
1,33536,1696062182.1264942
1,33664,1696062182.1483994
1,33792,1696062182.1673543
1,33920,1696062182.186223
1,34048,1696062182.2064688
1,34176,1696062182.2269735
1,34304,1696062182.252294
1,34432,1696062182.274147
1,34560,1696062182.293732
1,34688,1696062182.3219597
1,34816,1696062182.3401303
1,34944,1696062182.3622003
1,35072,1696062182.387353
1,35200,1696062182.4049973
1,35328,1696062182.427749
1,35456,1696062182.4515402
1,35584,1696062182.4724243
1,35712,1696062182.4928355
1,35840,1696062182.5143356
1,35968,1696062182.538524
1,36096,1696062182.559749
1,36224,1696062182.5798664
1,36352,1696062182.60155
1,36480,1696062182.621394
1,36608,1696062182.6439898
1,36736,1696062182.6641319
1,36864,1696062182.6898382
1,36992,1696062182.7087104
1,37120,1696062182.7304714
1,37248,1696062182.7538779
1,37376,1696062182.7744546
1,37504,1696062182.798347
1,37632,1696062182.819724
1,37760,1696062182.840462
1,37888,1696062182.8605971
1,38016,1696062182.8822937
1,38144,1696062182.905279
1,38272,1696062182.9247136
1,38400,1696062182.946504
1,38528,1696062182.966812
1,38656,1696062182.9892821
1,38784,1696062183.0119019
1,38912,1696062183.0346563
1,39040,1696062183.053918
1,39168,1696062183.076813
1,39296,1696062183.0961351
1,39424,1696062183.1231825
1,39552,1696062183.1436825
1,39680,1696062183.164769
1,39808,1696062183.1832745
1,39936,1696062183.2081878
1,40064,1696062183.2237058
1,40192,1696062183.2506654
1,40320,1696062183.274417
1,40448,1696062183.295884
1,40576,1696062183.3160968
1,40704,1696062183.3386636
1,40832,1696062183.3606374
1,40960,1696062183.3789907
1,41088,1696062183.4008718
1,41216,1696062183.425002
1,41344,1696062183.4461741
1,41472,1696062183.4742806
1,41600,1696062183.494646
1,41728,1696062183.513231
1,41856,1696062183.536175
1,41984,1696062183.5576034
1,42112,1696062183.57972
1,42240,1696062183.6022134
1,42368,1696062183.6242402
1,42496,1696062183.645783
1,42624,1696062183.6678693
1,42752,1696062183.6909344
1,42880,1696062183.7125297
1,43008,1696062183.732487
1,43136,1696062183.7524736
1,43264,1696062183.7742708
1,43392,1696062183.7965696
1,43520,1696062183.818184
1,43648,1696062183.840446
1,43776,1696062183.8609247
1,43904,1696062183.8823812
1,44032,1696062183.9048166
1,44160,1696062183.927072
1,44288,1696062183.94925
1,44416,1696062183.9701724
1,44544,1696062183.9924557
1,44672,1696062184.0140615
1,44800,1696062184.0359268
1,44928,1696062184.0576148
1,45056,1696062184.080342
1,45184,1696062184.1017764
1,45312,1696062184.123713
1,45440,1696062184.146733
1,45568,1696062184.1687562
1,45696,1696062184.1889634
1,45824,1696062184.210628
1,45952,1696062184.234198
1,46080,1696062184.2554674
1,46208,1696062184.2771027
1,46336,1696062184.2987978
1,46464,1696062184.3222666
1,46592,1696062184.343458
1,46720,1696062184.3656056
1,46848,1696062184.3873272
1,46976,1696062184.4104125
1,47104,1696062184.4316733
1,47232,1696062184.4533882
1,47360,1696062184.475117
1,47488,1696062184.4986222
1,47616,1696062184.520306
1,47744,1696062184.5410204
1,47872,1696062184.562689
1,48000,1696062184.5855134
1,48128,1696062184.6072755
1,48256,1696062184.6303065
1,48384,1696062184.6523669
1,48512,1696062184.673295
1,48640,1696062184.6931684
1,48768,1696062184.714673
1,48896,1696062184.7372816
1,49024,1696062184.763714
1,49152,1696062184.7849092
1,49280,1696062184.8069146
1,49408,1696062184.8288686
1,49536,1696062184.850696
1,49664,1696062184.8720214
1,49792,1696062184.8928003
1,49920,1696062184.914828
1,50000,1696062184.9431891
2,128,1696062185.2934463
2,256,1696062185.315862
2,384,1696062185.3479345
2,512,1696062185.3789814
2,640,1696062185.4056854
2,768,1696062185.4334354
2,896,1696062185.4636137
2,1024,1696062185.4896336
2,1152,1696062185.5124059
2,1280,1696062185.546864
2,1408,1696062185.5669775
2,1536,1696062185.6022122
2,1664,1696062185.6223862
2,1792,1696062185.6498773
2,1920,1696062185.6753476
2,2048,1696062185.703748
2,2176,1696062185.7316308
2,2304,1696062185.759605
2,2432,1696062185.789317
2,2560,1696062185.816962
2,2688,1696062185.841365
2,2816,1696062185.8678184
2,2944,1696062185.8961987
2,3072,1696062185.9241564
2,3200,1696062185.9505506
2,3328,1696062185.976707
2,3456,1696062186.0046148
2,3584,1696062186.0328076
2,3712,1696062186.0559075
2,3840,1696062186.0871007
2,3968,1696062186.1130981
2,4096,1696062186.1400857
2,4224,1696062186.1690476
2,4352,1696062186.1949942
2,4480,1696062186.2195678
2,4608,1696062186.246772
2,4736,1696062186.2735574
2,4864,1696062186.303075
2,4992,1696062186.3312654
2,5120,1696062186.361464
2,5248,1696062186.3906043
2,5376,1696062186.417312
2,5504,1696062186.445735
2,5632,1696062186.4685178
2,5760,1696062186.4996278
2,5888,1696062186.5284786
2,6016,1696062186.555442
2,6144,1696062186.5835211
2,6272,1696062186.611897
2,6400,1696062186.6406589
2,6528,1696062186.6662855
2,6656,1696062186.6972039
2,6784,1696062186.728061
2,6912,1696062186.757182
2,7040,1696062186.7806091
2,7168,1696062186.8112996
2,7296,1696062186.839628
2,7424,1696062186.8668017
2,7552,1696062186.8936546
2,7680,1696062186.9239774
2,7808,1696062186.9521344
2,7936,1696062186.9792273
2,8064,1696062187.0057347
2,8192,1696062187.0401542
2,8320,1696062187.0616035
2,8448,1696062187.0927215
2,8576,1696062187.121375
2,8704,1696062187.1495197
2,8832,1696062187.1774049
2,8960,1696062187.2102172
2,9088,1696062187.241586
2,9216,1696062187.2625878
2,9344,1696062187.2935455
2,9472,1696062187.3224223
2,9600,1696062187.3500278
2,9728,1696062187.3781161
2,9856,1696062187.409643
2,9984,1696062187.4345963
2,10112,1696062187.4634526
2,10240,1696062187.491925
2,10368,1696062187.519972
2,10496,1696062187.5520191
2,10624,1696062187.5779445
2,10752,1696062187.6068797
2,10880,1696062187.6384082
2,11008,1696062187.666674
2,11136,1696062187.69472
2,11264,1696062187.722838
2,11392,1696062187.7510018
2,11520,1696062187.7789555
2,11648,1696062187.8067005
2,11776,1696062187.8350844
2,11904,1696062187.8637886
2,12032,1696062187.891919
2,12160,1696062187.9188535
2,12288,1696062187.949989
2,12416,1696062187.9786744
2,12544,1696062188.0063753
2,12672,1696062188.0345416
2,12800,1696062188.0626094
2,12928,1696062188.0906103
2,13056,1696062188.1190417
2,13184,1696062188.1475978
2,13312,1696062188.1780164
2,13440,1696062188.2003326
2,13568,1696062188.235118
2,13696,1696062188.2629437
2,13824,1696062188.2901213
2,13952,1696062188.318309
2,14080,1696062188.3467846
2,14208,1696062188.3755488
2,14336,1696062188.406442
2,14464,1696062188.4337707
2,14592,1696062188.4623644
2,14720,1696062188.4910924
2,14848,1696062188.5190368
2,14976,1696062188.551174
2,15104,1696062188.5733845
2,15232,1696062188.60195
2,15360,1696062188.6326067
2,15488,1696062188.6606872
2,15616,1696062188.6880825
2,15744,1696062188.7165365
2,15872,1696062188.7450264
2,16000,1696062188.775085
2,16128,1696062188.800707
2,16256,1696062188.8282459
2,16384,1696062188.8578775
2,16512,1696062188.8854542
2,16640,1696062188.913376
2,16768,1696062188.942732
2,16896,1696062188.9726324
2,17024,1696062189.0000923
2,17152,1696062189.0280113
2,17280,1696062189.0564845
2,17408,1696062189.0844493
2,17536,1696062189.1135423
2,17664,1696062189.1405141
2,17792,1696062189.1692939
2,17920,1696062189.196803
2,18048,1696062189.2255483
2,18176,1696062189.253446
2,18304,1696062189.2806294
2,18432,1696062189.3091602
2,18560,1696062189.3371794
2,18688,1696062189.367822
2,18816,1696062189.3967633
2,18944,1696062189.4249613
2,19072,1696062189.45305
2,19200,1696062189.4805954
2,19328,1696062189.5087543
2,19456,1696062189.5363634
2,19584,1696062189.5655062
2,19712,1696062189.5935645
2,19840,1696062189.6212685
2,19968,1696062189.6508904
2,20096,1696062189.678403
2,20224,1696062189.7082505
2,20352,1696062189.7367747
2,20480,1696062189.7643118
2,20608,1696062189.7922137
2,20736,1696062189.8211336
2,20864,1696062189.8487778
2,20992,1696062189.877005
2,21120,1696062189.9050527
2,21248,1696062189.9324985
2,21376,1696062189.9687278
2,21504,1696062189.994219
2,21632,1696062190.0228996
2,21760,1696062190.0436158
2,21888,1696062190.0730977
2,22016,1696062190.106237
2,22144,1696062190.1376061
2,22272,1696062190.1564105
2,22400,1696062190.1900752
2,22528,1696062190.2171946
2,22656,1696062190.2487752
2,22784,1696062190.2696452
2,22912,1696062190.3056374
2,23040,1696062190.329166
2,23168,1696062190.3554902
2,23296,1696062190.381323
2,23424,1696062190.4054933
2,23552,1696062190.4388435
2,23680,1696062190.466006
2,23808,1696062190.4919221
2,23936,1696062190.5232747
2,24064,1696062190.5514185
2,24192,1696062190.574963
2,24320,1696062190.6072032
2,24448,1696062190.6309574
2,24576,1696062190.6661613
2,24704,1696062190.690556
2,24832,1696062190.7235978
2,24960,1696062190.7508798
2,25088,1696062190.780658
2,25216,1696062190.8109832
2,25344,1696062190.8320518
2,25472,1696062190.8597553
2,25600,1696062190.89346
2,25728,1696062190.9203115
2,25856,1696062190.953715
2,25984,1696062190.9802976
2,26112,1696062191.0103533
2,26240,1696062191.0333729
2,26368,1696062191.063589
2,26496,1696062191.0922034
2,26624,1696062191.1225805
2,26752,1696062191.146035
2,26880,1696062191.1707182
2,27008,1696062191.2025592
2,27136,1696062191.2266984
2,27264,1696062191.2617502
2,27392,1696062191.2932873
2,27520,1696062191.3121564
2,27648,1696062191.343858
2,27776,1696062191.3750858
2,27904,1696062191.396814
2,28032,1696062191.4301028
2,28160,1696062191.4573355
2,28288,1696062191.488795
2,28416,1696062191.5173748
2,28544,1696062191.5389063
2,28672,1696062191.5744004
2,28800,1696062191.603985
2,28928,1696062191.6331704
2,29056,1696062191.6532311
2,29184,1696062191.6859443
2,29312,1696062191.7105887
2,29440,1696062191.7455914
2,29568,1696062191.774541
2,29696,1696062191.8011177
2,29824,1696062191.8283
2,29952,1696062191.860894
2,30080,1696062191.8886647
2,30208,1696062191.9228756
2,30336,1696062191.9419668
2,30464,1696062191.9747617
2,30592,1696062191.9944155
2,30720,1696062192.030545
2,30848,1696062192.058792
2,30976,1696062192.0799768
2,31104,1696062192.117066
2,31232,1696062192.1460147
2,31360,1696062192.1744812
2,31488,1696062192.1938667
2,31616,1696062192.228175
2,31744,1696062192.2501602
2,31872,1696062192.2833238
2,32000,1696062192.3076723
2,32128,1696062192.3387375
2,32256,1696062192.3738325
2,32384,1696062192.3946748
2,32512,1696062192.4259384
2,32640,1696062192.4549007
2,32768,1696062192.485547
2,32896,1696062192.5060003
2,33024,1696062192.5359292
2,33152,1696062192.5704522
2,33280,1696062192.5911086
2,33408,1696062192.6269207
2,33536,1696062192.648763
2,33664,1696062192.6817884
2,33792,1696062192.7095218
2,33920,1696062192.7392032
2,34048,1696062192.767943
2,34176,1696062192.7970386
2,34304,1696062192.822829
2,34432,1696062192.8453336
2,34560,1696062192.875425
2,34688,1696062192.9107275
2,34816,1696062192.9359522
2,34944,1696062192.964889
2,35072,1696062192.9876897
2,35200,1696062193.023847
2,35328,1696062193.0467808
2,35456,1696062193.0728967
2,35584,1696062193.1088114
2,35712,1696062193.1383014
2,35840,1696062193.1571116
2,35968,1696062193.1885524
2,36096,1696062193.2148411
2,36224,1696062193.2438965
2,36352,1696062193.2754426
2,36480,1696062193.2997975
2,36608,1696062193.337322
2,36736,1696062193.3656592
2,36864,1696062193.3911846
2,36992,1696062193.412995
2,37120,1696062193.4441102
2,37248,1696062193.4740381
2,37376,1696062193.4991684
2,37504,1696062193.5331645
2,37632,1696062193.5555372
2,37760,1696062193.593505
2,37888,1696062193.6182845
2,38016,1696062193.6434314
2,38144,1696062193.672808
2,38272,1696062193.7002585
2,38400,1696062193.7274215
2,38528,1696062193.7554615
2,38656,1696062193.789064
2,38784,1696062193.8114119
2,38912,1696062193.8409436
2,39040,1696062193.875185
2,39168,1696062193.9046988
2,39296,1696062193.9242635
2,39424,1696062193.9598522
2,39552,1696062193.9821997
2,39680,1696062194.0114443
2,39808,1696062194.0463285
2,39936,1696062194.067248
2,40064,1696062194.1022193
2,40192,1696062194.1240704
2,40320,1696062194.1576173
2,40448,1696062194.1871412
2,40576,1696062194.2081044
2,40704,1696062194.2382622
2,40832,1696062194.27427
2,40960,1696062194.2953799
2,41088,1696062194.3239298
2,41216,1696062194.3505135
2,41344,1696062194.381263
2,41472,1696062194.4148486
2,41600,1696062194.435112
2,41728,1696062194.4634976
2,41856,1696062194.4956524
2,41984,1696062194.520157
2,42112,1696062194.553699
2,42240,1696062194.5831163
2,42368,1696062194.612941
2,42496,1696062194.6416726
2,42624,1696062194.6678793
2,42752,1696062194.697385
2,42880,1696062194.728723
2,43008,1696062194.7560506
2,43136,1696062194.777529
2,43264,1696062194.8066316
2,43392,1696062194.8390005
2,43520,1696062194.864029
2,43648,1696062194.899822
2,43776,1696062194.919956
2,43904,1696062194.9548566
2,44032,1696062194.9777904
2,44160,1696062195.01306
2,44288,1696062195.039308
2,44416,1696062195.06387
2,44544,1696062195.0923512
2,44672,1696062195.1233077
2,44800,1696062195.1460135
2,44928,1696062195.1774223
2,45056,1696062195.20641
2,45184,1696062195.231662
2,45312,1696062195.2604659
2,45440,1696062195.292126
2,45568,1696062195.320646
2,45696,1696062195.3470833
2,45824,1696062195.3752131
2,45952,1696062195.401314
2,46080,1696062195.4334238
2,46208,1696062195.4581175
2,46336,1696062195.489743
2,46464,1696062195.5145535
2,46592,1696062195.5455866
2,46720,1696062195.571363
2,46848,1696062195.6020985
2,46976,1696062195.626595
2,47104,1696062195.6586692
2,47232,1696062195.684318
2,47360,1696062195.7159653
2,47488,1696062195.7402668
2,47616,1696062195.774464
2,47744,1696062195.8046281
2,47872,1696062195.8316736
2,48000,1696062195.8539605
2,48128,1696062195.8860188
2,48256,1696062195.9115145
2,48384,1696062195.9429622
2,48512,1696062195.9744904
2,48640,1696062195.995226
2,48768,1696062196.023176
2,48896,1696062196.054511
2,49024,1696062196.0820992
2,49152,1696062196.1111166
2,49280,1696062196.141622
2,49408,1696062196.170066
2,49536,1696062196.199258
2,49664,1696062196.227371
2,49792,1696062196.2571182
2,49920,1696062196.285162
2,50000,1696062196.3136406
3,128,1696062196.7513187
3,256,1696062196.7731922
3,384,1696062196.801022
3,512,1696062196.830261
3,640,1696062196.8581173
3,768,1696062196.8857815
3,896,1696062196.914736
3,1024,1696062196.9425929
3,1152,1696062196.9712524
3,1280,1696062196.9989555
3,1408,1696062197.0265398
3,1536,1696062197.0545292
3,1664,1696062197.0828793
3,1792,1696062197.1108003
3,1920,1696062197.1395965
3,2048,1696062197.1674187
3,2176,1696062197.196658
3,2304,1696062197.2246552
3,2432,1696062197.2531712
3,2560,1696062197.2836583
3,2688,1696062197.3088524
3,2816,1696062197.3412411
3,2944,1696062197.3690202
3,3072,1696062197.3949757
3,3200,1696062197.4225988
3,3328,1696062197.4525747
3,3456,1696062197.4801426
3,3584,1696062197.5074089
3,3712,1696062197.5365674
3,3840,1696062197.565323
3,3968,1696062197.5932553
3,4096,1696062197.621568
3,4224,1696062197.6473954
3,4352,1696062197.6785727
3,4480,1696062197.703138
3,4608,1696062197.7344108
3,4736,1696062197.762902
3,4864,1696062197.7898011
3,4992,1696062197.8172455
3,5120,1696062197.84514
3,5248,1696062197.8727841
3,5376,1696062197.9008474
3,5504,1696062197.9299786
3,5632,1696062197.9575715
3,5760,1696062197.9849882
3,5888,1696062198.0145514
3,6016,1696062198.0419528
3,6144,1696062198.0696151
3,6272,1696062198.098234
3,6400,1696062198.126522
3,6528,1696062198.154653
3,6656,1696062198.1846955
3,6784,1696062198.212791
3,6912,1696062198.2398078
3,7040,1696062198.2672694
3,7168,1696062198.2954586
3,7296,1696062198.3231587
3,7424,1696062198.3537846
3,7552,1696062198.381716
3,7680,1696062198.4091532
3,7808,1696062198.4372048
3,7936,1696062198.4652762
3,8064,1696062198.4946961
3,8192,1696062198.5219634
3,8320,1696062198.5497246
3,8448,1696062198.5788665
3,8576,1696062198.606913
3,8704,1696062198.6352773
3,8832,1696062198.6641452
3,8960,1696062198.6913881
3,9088,1696062198.7191565
3,9216,1696062198.7486296
3,9344,1696062198.776941
3,9472,1696062198.804775
3,9600,1696062198.8329697
3,9728,1696062198.8611093
3,9856,1696062198.889787
3,9984,1696062198.9169683
3,10112,1696062198.9445925
3,10240,1696062198.9723396
3,10368,1696062199.0006766
3,10496,1696062199.0285
3,10624,1696062199.0573547
3,10752,1696062199.0850651
3,10880,1696062199.1127312
3,11008,1696062199.1421213
3,11136,1696062199.1719866
3,11264,1696062199.1995418
3,11392,1696062199.2279723
3,11520,1696062199.2569199
3,11648,1696062199.2847507
3,11776,1696062199.310264
3,11904,1696062199.3420572
3,12032,1696062199.3704317
3,12160,1696062199.4012363
3,12288,1696062199.4269202
3,12416,1696062199.4569402
3,12544,1696062199.4857125
3,12672,1696062199.5105143
3,12800,1696062199.5401204
3,12928,1696062199.568714
3,13056,1696062199.5972183
3,13184,1696062199.624359
3,13312,1696062199.652879
3,13440,1696062199.6815763
3,13568,1696062199.709097
3,13696,1696062199.7366538
3,13824,1696062199.7644947
3,13952,1696062199.7910073
3,14080,1696062199.82029
3,14208,1696062199.8488805
3,14336,1696062199.8773038
3,14464,1696062199.9052336
3,14592,1696062199.9334824
3,14720,1696062199.9614947
3,14848,1696062199.9896133
3,14976,1696062200.0178216
3,15104,1696062200.0460026
3,15232,1696062200.0741756
3,15360,1696062200.1023638
3,15488,1696062200.1312919
3,15616,1696062200.1602464
3,15744,1696062200.189281
3,15872,1696062200.2166016
3,16000,1696062200.245618
3,16128,1696062200.2738101
3,16256,1696062200.3046484
3,16384,1696062200.3269918
3,16512,1696062200.3593972
3,16640,1696062200.3889346
3,16768,1696062200.414675
3,16896,1696062200.443535
3,17024,1696062200.4732225
3,17152,1696062200.5003433
3,17280,1696062200.5291617
3,17408,1696062200.5579438
3,17536,1696062200.5840497
3,17664,1696062200.618436
3,17792,1696062200.645934
3,17920,1696062200.669317
3,18048,1696062200.7006407
3,18176,1696062200.7284362
3,18304,1696062200.757681
3,18432,1696062200.785199
3,18560,1696062200.8194354
3,18688,1696062200.8394198
3,18816,1696062200.871716
3,18944,1696062200.9011347
3,19072,1696062200.928025
3,19200,1696062200.959277
3,19328,1696062200.9863605
3,19456,1696062201.0124047
3,19584,1696062201.0435863
3,19712,1696062201.0694292
3,19840,1696062201.097952
3,19968,1696062201.1229908
3,20096,1696062201.1509461
3,20224,1696062201.1847863
3,20352,1696062201.213898
3,20480,1696062201.2375815
3,20608,1696062201.26801
3,20736,1696062201.2964814
3,20864,1696062201.3251069
3,20992,1696062201.3532782
3,21120,1696062201.3862236
3,21248,1696062201.4139411
3,21376,1696062201.4429712
3,21504,1696062201.4710808
3,21632,1696062201.5015216
3,21760,1696062201.529771
3,21888,1696062201.5565841
3,22016,1696062201.5882185
3,22144,1696062201.617148
3,22272,1696062201.6454382
3,22400,1696062201.6742597
3,22528,1696062201.7038555
3,22656,1696062201.7322824
3,22784,1696062201.760087
3,22912,1696062201.7885077
3,23040,1696062201.8193114
3,23168,1696062201.8457716
3,23296,1696062201.8734028
3,23424,1696062201.901227
3,23552,1696062201.930792
3,23680,1696062201.959671
3,23808,1696062201.9879153
3,23936,1696062202.0156891
3,24064,1696062202.0447211
3,24192,1696062202.0723364
3,24320,1696062202.1007326
3,24448,1696062202.1285715
3,24576,1696062202.1569564
3,24704,1696062202.1829336
3,24832,1696062202.2122996
3,24960,1696062202.240903
3,25088,1696062202.2688198
3,25216,1696062202.2989695
3,25344,1696062202.3272264
3,25472,1696062202.353109
3,25600,1696062202.3830686
3,25728,1696062202.4105422
3,25856,1696062202.4370317
3,25984,1696062202.4675665
3,26112,1696062202.496399
3,26240,1696062202.5244405
3,26368,1696062202.5526419
3,26496,1696062202.5812693
3,26624,1696062202.6096046
3,26752,1696062202.6373878
3,26880,1696062202.6655939
3,27008,1696062202.6938455
3,27136,1696062202.7222936
3,27264,1696062202.7506015
3,27392,1696062202.778517
3,27520,1696062202.807395
3,27648,1696062202.834909
3,27776,1696062202.8645875
3,27904,1696062202.892804
3,28032,1696062202.920822
3,28160,1696062202.9490578
3,28288,1696062202.9768622
3,28416,1696062203.0052907
3,28544,1696062203.0337446
3,28672,1696062203.0619915
3,28800,1696062203.0899422
3,28928,1696062203.1198094
3,29056,1696062203.148832
3,29184,1696062203.1749547
3,29312,1696062203.2043195
3,29440,1696062203.2323854
3,29568,1696062203.2643309
3,29696,1696062203.2885003
3,29824,1696062203.3167803
3,29952,1696062203.3456585
3,30080,1696062203.37112
3,30208,1696062203.4013324
3,30336,1696062203.430216
3,30464,1696062203.4583495
3,30592,1696062203.4858484
3,30720,1696062203.51631
3,30848,1696062203.5434742
3,30976,1696062203.569863
3,31104,1696062203.6021297
3,31232,1696062203.6301687
3,31360,1696062203.6573744
3,31488,1696062203.6845593
3,31616,1696062203.7138155
3,31744,1696062203.7420075
3,31872,1696062203.7694242
3,32000,1696062203.8016224
3,32128,1696062203.8286788
3,32256,1696062203.8579586
3,32384,1696062203.8854344
3,32512,1696062203.9131303
3,32640,1696062203.9414623
3,32768,1696062203.9695697
3,32896,1696062203.9989092
3,33024,1696062204.026275
3,33152,1696062204.0523298
3,33280,1696062204.0872002
3,33408,1696062204.1134508
3,33536,1696062204.1404753
3,33664,1696062204.1685536
3,33792,1696062204.1975138
3,33920,1696062204.2256858
3,34048,1696062204.2533238
3,34176,1696062204.2815013
3,34304,1696062204.309971
3,34432,1696062204.3381274
3,34560,1696062204.3679686
3,34688,1696062204.3939087
3,34816,1696062204.4215617
3,34944,1696062204.4503164
3,35072,1696062204.477995
3,35200,1696062204.5064976
3,35328,1696062204.5374725
3,35456,1696062204.5657022
3,35584,1696062204.5922475
3,35712,1696062204.6208212
3,35840,1696062204.6487799
3,35968,1696062204.676809
3,36096,1696062204.7043293
3,36224,1696062204.7327561
3,36352,1696062204.761466
3,36480,1696062204.789722
3,36608,1696062204.8175766
3,36736,1696062204.845269
3,36864,1696062204.8735342
3,36992,1696062204.9014256
3,37120,1696062204.9292042
3,37248,1696062204.9602115
3,37376,1696062204.9862316
3,37504,1696062205.0141764
3,37632,1696062205.0455816
3,37760,1696062205.073588
3,37888,1696062205.1016436
3,38016,1696062205.1300254
3,38144,1696062205.1576703
3,38272,1696062205.1861289
3,38400,1696062205.2207973
3,38528,1696062205.2401404
3,38656,1696062205.27194
3,38784,1696062205.3009977
3,38912,1696062205.327226
3,39040,1696062205.356011
3,39168,1696062205.3841803
3,39296,1696062205.4119182
3,39424,1696062205.4405367
3,39552,1696062205.4685705
3,39680,1696062205.4973226
3,39808,1696062205.5257125
3,39936,1696062205.5540478
3,40064,1696062205.5815911
3,40192,1696062205.6094105
3,40320,1696062205.6370416
3,40448,1696062205.6656811
3,40576,1696062205.692701
3,40704,1696062205.7210796
3,40832,1696062205.74918
3,40960,1696062205.7775228
3,41088,1696062205.8054216
3,41216,1696062205.8333676
3,41344,1696062205.8615322
3,41472,1696062205.889009
3,41600,1696062205.9167423
3,41728,1696062205.9451473
3,41856,1696062205.9739568
3,41984,1696062206.003098
3,42112,1696062206.0315511
3,42240,1696062206.0604498
3,42368,1696062206.088364
3,42496,1696062206.1177313
3,42624,1696062206.1457667
3,42752,1696062206.173498
3,42880,1696062206.2017257
3,43008,1696062206.229698
3,43136,1696062206.2579427
3,43264,1696062206.2864194
3,43392,1696062206.3138974
3,43520,1696062206.3419363
3,43648,1696062206.370663
3,43776,1696062206.398732
3,43904,1696062206.426631
3,44032,1696062206.4553616
3,44160,1696062206.4835918
3,44288,1696062206.5104458
3,44416,1696062206.5393944
3,44544,1696062206.5708601
3,44672,1696062206.59305
3,44800,1696062206.6254427
3,44928,1696062206.6536763
3,45056,1696062206.6800418
3,45184,1696062206.7095542
3,45312,1696062206.7378979
3,45440,1696062206.7653472
3,45568,1696062206.7934678
3,45696,1696062206.824535
3,45824,1696062206.850562
3,45952,1696062206.8816817
3,46080,1696062206.9098547
3,46208,1696062206.934953
3,46336,1696062206.9627056
3,46464,1696062206.9955063
3,46592,1696062207.0257628
3,46720,1696062207.0484834
3,46848,1696062207.074715
3,46976,1696062207.1034744
3,47104,1696062207.133093
3,47232,1696062207.1614172
3,47360,1696062207.1893015
3,47488,1696062207.2166617
3,47616,1696062207.2434936
3,47744,1696062207.2730064
3,47872,1696062207.3007698
3,48000,1696062207.3282454
3,48128,1696062207.357325
3,48256,1696062207.3852618
3,48384,1696062207.4136565
3,48512,1696062207.4413326
3,48640,1696062207.4693236
3,48768,1696062207.4981704
3,48896,1696062207.5257552
3,49024,1696062207.5556574
3,49152,1696062207.582626
3,49280,1696062207.6136446
3,49408,1696062207.6424468
3,49536,1696062207.6695354
3,49664,1696062207.69727
3,49792,1696062207.7248838
3,49920,1696062207.7527862
3,50000,1696062207.7834506
4,128,1696062208.2629488
4,256,1696062208.2858074
4,384,1696062208.3137498
4,512,1696062208.3423018
4,640,1696062208.374867
4,768,1696062208.4006872
4,896,1696062208.429156
4,1024,1696062208.457131
4,1152,1696062208.4857454
4,1280,1696062208.5140662
4,1408,1696062208.5460374
4,1536,1696062208.5738058
4,1664,1696062208.601715
4,1792,1696062208.6310444
4,1920,1696062208.6583805
4,2048,1696062208.6869514
4,2176,1696062208.7153344
4,2304,1696062208.7454422
4,2432,1696062208.770415
4,2560,1696062208.7983549
4,2688,1696062208.8270478
4,2816,1696062208.855371
4,2944,1696062208.8827531
4,3072,1696062208.9108126
4,3200,1696062208.9392445
4,3328,1696062208.9670608
4,3456,1696062208.995808
4,3584,1696062209.023884
4,3712,1696062209.0514514
4,3840,1696062209.0794742
4,3968,1696062209.1077313
4,4096,1696062209.1356416
4,4224,1696062209.1656508
4,4352,1696062209.1936362
4,4480,1696062209.2215428
4,4608,1696062209.2465987
4,4736,1696062209.2779975
4,4864,1696062209.3061895
4,4992,1696062209.3324897
4,5120,1696062209.3605926
4,5248,1696062209.3896847
4,5376,1696062209.4173815
4,5504,1696062209.4451282
4,5632,1696062209.475288
4,5760,1696062209.5041983
4,5888,1696062209.533665
4,6016,1696062209.561632
4,6144,1696062209.5904052
4,6272,1696062209.6186068
4,6400,1696062209.6494625
4,6528,1696062209.6758459
4,6656,1696062209.7046072
4,6784,1696062209.7312078
4,6912,1696062209.7601154
4,7040,1696062209.7877858
4,7168,1696062209.8168678
4,7296,1696062209.8449497
4,7424,1696062209.873016
4,7552,1696062209.9020126
4,7680,1696062209.9296627
4,7808,1696062209.957592
4,7936,1696062209.985846
4,8064,1696062210.0146446
4,8192,1696062210.041526
4,8320,1696062210.070193
4,8448,1696062210.0999804
4,8576,1696062210.1270924
4,8704,1696062210.1554394
4,8832,1696062210.1841774
4,8960,1696062210.2112534
4,9088,1696062210.2409244
4,9216,1696062210.269024
4,9344,1696062210.2979202
4,9472,1696062210.3260334
4,9600,1696062210.354072
4,9728,1696062210.3820121
4,9856,1696062210.4131787
4,9984,1696062210.4413714
4,10112,1696062210.4684567
4,10240,1696062210.496285
4,10368,1696062210.5248501
4,10496,1696062210.5528185
4,10624,1696062210.5815318
4,10752,1696062210.60953
4,10880,1696062210.6377194
4,11008,1696062210.6656358
4,11136,1696062210.693584
4,11264,1696062210.7221107
4,11392,1696062210.74951
4,11520,1696062210.779762
4,11648,1696062210.8066697
4,11776,1696062210.83654
4,11904,1696062210.8645635
4,12032,1696062210.8931713
4,12160,1696062210.9213555
4,12288,1696062210.9497497
4,12416,1696062210.9774354
4,12544,1696062211.0059533
4,12672,1696062211.034622
4,12800,1696062211.0646715
4,12928,1696062211.0931456
4,13056,1696062211.1210535
4,13184,1696062211.1480215
4,13312,1696062211.1769564
4,13440,1696062211.2058477
4,13568,1696062211.233854
4,13696,1696062211.2611585
4,13824,1696062211.289377
4,13952,1696062211.3172774
4,14080,1696062211.347273
4,14208,1696062211.3741474
4,14336,1696062211.4017766
4,14464,1696062211.4317503
4,14592,1696062211.460581
4,14720,1696062211.4883952
4,14848,1696062211.5165572
4,14976,1696062211.5424154
4,15104,1696062211.5641081
4,15232,1696062211.5839844
4,15360,1696062211.6087434
4,15488,1696062211.6285727
4,15616,1696062211.648825
4,15744,1696062211.666111
4,15872,1696062211.6857607
4,16000,1696062211.7075794
4,16128,1696062211.7280502
4,16256,1696062211.7472024
4,16384,1696062211.7672033
4,16512,1696062211.787292
4,16640,1696062211.8074243
4,16768,1696062211.8275838
4,16896,1696062211.8484893
4,17024,1696062211.868843
4,17152,1696062211.8888772
4,17280,1696062211.9090483
4,17408,1696062211.9290454
4,17536,1696062211.94947
4,17664,1696062211.969516
4,17792,1696062211.989517
4,17920,1696062212.0096767
4,18048,1696062212.0297298
4,18176,1696062212.0499938
4,18304,1696062212.0701299
4,18432,1696062212.0900917
4,18560,1696062212.1116583
4,18688,1696062212.1316824
4,18816,1696062212.1524456
4,18944,1696062212.1713855
4,19072,1696062212.1911209
4,19200,1696062212.211997
4,19328,1696062212.2326655
4,19456,1696062212.252894
4,19584,1696062212.2728455
4,19712,1696062212.2935364
4,19840,1696062212.3165102
4,19968,1696062212.3369775
4,20096,1696062212.358659
4,20224,1696062212.378913
4,20352,1696062212.3994212
4,20480,1696062212.418838
4,20608,1696062212.4398026
4,20736,1696062212.4592116
4,20864,1696062212.4793158
4,20992,1696062212.4994478
4,21120,1696062212.519587
4,21248,1696062212.5396738
4,21376,1696062212.560607
4,21504,1696062212.5806928
4,21632,1696062212.600979
4,21760,1696062212.6205564
4,21888,1696062212.640263
4,22016,1696062212.660948
4,22144,1696062212.6827161
4,22272,1696062212.7034943
4,22400,1696062212.7227316
4,22528,1696062212.7433412
4,22656,1696062212.7641752
4,22784,1696062212.7833555
4,22912,1696062212.8032265
4,23040,1696062212.8233962
4,23168,1696062212.8435552
4,23296,1696062212.8652573
4,23424,1696062212.8846898
4,23552,1696062212.9048223
4,23680,1696062212.9248822
4,23808,1696062212.9445567
4,23936,1696062212.964223
4,24064,1696062212.9848747
4,24192,1696062213.0059164
4,24320,1696062213.0330224
4,24448,1696062213.052101
4,24576,1696062213.0724132
4,24704,1696062213.0915873
4,24832,1696062213.1127837
4,24960,1696062213.1323998
4,25088,1696062213.1522825
4,25216,1696062213.172508
4,25344,1696062213.1888974
4,25472,1696062213.2095587
4,25600,1696062213.229396
4,25728,1696062213.2508702
4,25856,1696062213.271622
4,25984,1696062213.2914703
4,26112,1696062213.3113015
4,26240,1696062213.3313768
4,26368,1696062213.352597
4,26496,1696062213.3726885
4,26624,1696062213.3927717
4,26752,1696062213.413052
4,26880,1696062213.4330099
4,27008,1696062213.4536288
4,27136,1696062213.473589
4,27264,1696062213.4938087
4,27392,1696062213.5136118
4,27520,1696062213.5335722
4,27648,1696062213.5537474
4,27776,1696062213.5737329
4,27904,1696062213.5956352
4,28032,1696062213.6158838
4,28160,1696062213.6351671
4,28288,1696062213.6550682
4,28416,1696062213.6769786
4,28544,1696062213.6967685
4,28672,1696062213.7166653
4,28800,1696062213.7369099
4,28928,1696062213.756806
4,29056,1696062213.7771838
4,29184,1696062213.7973294
4,29312,1696062213.8175042
4,29440,1696062213.8375175
4,29568,1696062213.8574588
4,29696,1696062213.8771193
4,29824,1696062213.897631
4,29952,1696062213.9171174
4,30080,1696062213.9388347
4,30208,1696062213.958918
4,30336,1696062213.9795434
4,30464,1696062214.0001378
4,30592,1696062214.0184379
4,30720,1696062214.038622
4,30848,1696062214.0589204
4,30976,1696062214.0804372
4,31104,1696062214.0995183
4,31232,1696062214.119497
4,31360,1696062214.1396291
4,31488,1696062214.1607022
4,31616,1696062214.1808074
4,31744,1696062214.2009647
4,31872,1696062214.2211869
4,32000,1696062214.2414577
4,32128,1696062214.2615676
4,32256,1696062214.28147
4,32384,1696062214.3012826
4,32512,1696062214.3234627
4,32640,1696062214.3436546
4,32768,1696062214.364304
4,32896,1696062214.3841343
4,33024,1696062214.4044552
4,33152,1696062214.4237835
4,33280,1696062214.443895
4,33408,1696062214.464819
4,33536,1696062214.484123
4,33664,1696062214.504627
4,33792,1696062214.5250952
4,33920,1696062214.5451937
4,34048,1696062214.5641687
4,34176,1696062214.587206
4,34304,1696062214.6106217
4,34432,1696062214.631178
4,34560,1696062214.6512554
4,34688,1696062214.6712468
4,34816,1696062214.6913333
4,34944,1696062214.7122357
4,35072,1696062214.7317839
4,35200,1696062214.7520568
4,35328,1696062214.7727392
4,35456,1696062214.791814
4,35584,1696062214.8124611
4,35712,1696062214.8321435
4,35840,1696062214.8526905
4,35968,1696062214.8718016
4,36096,1696062214.892635
4,36224,1696062214.9100692
4,36352,1696062214.9312532
4,36480,1696062214.9509618
4,36608,1696062214.9715846
4,36736,1696062214.9911127
4,36864,1696062215.0112062
4,36992,1696062215.032306
4,37120,1696062215.0523248
4,37248,1696062215.072721
4,37376,1696062215.0919206
4,37504,1696062215.1119018
4,37632,1696062215.1331031
4,37760,1696062215.1532903
4,37888,1696062215.1765597
4,38016,1696062215.1960788
4,38144,1696062215.2168329
4,38272,1696062215.2355115
4,38400,1696062215.2566726
4,38528,1696062215.2771626
4,38656,1696062215.298907
4,38784,1696062215.3187325
4,38912,1696062215.3392062
4,39040,1696062215.359527
4,39168,1696062215.3790584
4,39296,1696062215.3995564
4,39424,1696062215.4201934
4,39552,1696062215.440362
4,39680,1696062215.4597173
4,39808,1696062215.4810383
4,39936,1696062215.501001
4,40064,1696062215.5211482
4,40192,1696062215.5411184
4,40320,1696062215.5613024
4,40448,1696062215.5815434
4,40576,1696062215.601403
4,40704,1696062215.621546
4,40832,1696062215.6414802
4,40960,1696062215.661154
4,41088,1696062215.6831172
4,41216,1696062215.7025626
4,41344,1696062215.723035
4,41472,1696062215.744465
4,41600,1696062215.7648368
4,41728,1696062215.7836912
4,41856,1696062215.8035924
4,41984,1696062215.8236413
4,42112,1696062215.8447857
4,42240,1696062215.8637211
4,42368,1696062215.8849196
4,42496,1696062215.9050891
4,42624,1696062215.9250674
4,42752,1696062215.9447856
4,42880,1696062215.9644156
4,43008,1696062215.9861968
4,43136,1696062216.0072596
4,43264,1696062216.027695
4,43392,1696062216.0493186
4,43520,1696062216.0689814
4,43648,1696062216.093368
4,43776,1696062216.112357
4,43904,1696062216.1323304
4,44032,1696062216.1525505
4,44160,1696062216.1723228
4,44288,1696062216.1920862
4,44416,1696062216.2122195
4,44544,1696062216.2347524
4,44672,1696062216.255155
4,44800,1696062216.2752962
4,44928,1696062216.2959192
4,45056,1696062216.3154466
4,45184,1696062216.335674
4,45312,1696062216.3554084
4,45440,1696062216.3776278
4,45568,1696062216.3987682
4,45696,1696062216.4191322
4,45824,1696062216.4395118
4,45952,1696062216.4597812
4,46080,1696062216.4802036
4,46208,1696062216.5001156
4,46336,1696062216.5198817
4,46464,1696062216.5404625
4,46592,1696062216.559947
4,46720,1696062216.580011
4,46848,1696062216.602421
4,46976,1696062216.6233275
4,47104,1696062216.643668
4,47232,1696062216.6631155
4,47360,1696062216.6840074
4,47488,1696062216.7036428
4,47616,1696062216.7237368
4,47744,1696062216.7435057
4,47872,1696062216.763464
4,48000,1696062216.7866242
4,48128,1696062216.8075633
4,48256,1696062216.8273685
4,48384,1696062216.8477263
4,48512,1696062216.8676205
4,48640,1696062216.8876748
4,48768,1696062216.9079568
4,48896,1696062216.9279914
4,49024,1696062216.9450057
4,49152,1696062216.964114
4,49280,1696062216.989736
4,49408,1696062217.0120852
4,49536,1696062217.03178
4,49664,1696062217.0518665
4,49792,1696062217.0717602
4,49920,1696062217.0912564
4,50000,1696062217.1122322
5,128,1696062217.6060317
5,256,1696062217.6217527
5,384,1696062217.6456954
5,512,1696062217.6672142
5,640,1696062217.680434
5,768,1696062217.7038667
5,896,1696062217.725747
5,1024,1696062217.7457895
5,1152,1696062217.7625854
5,1280,1696062217.786775
5,1408,1696062217.807537
5,1536,1696062217.8286595
5,1664,1696062217.8439505
5,1792,1696062217.868781
5,1920,1696062217.8855712
5,2048,1696062217.9054983
5,2176,1696062217.925276
5,2304,1696062217.9454184
5,2432,1696062217.9653018
5,2560,1696062217.9853306
5,2688,1696062218.0053494
5,2816,1696062218.0251787
5,2944,1696062218.045371
5,3072,1696062218.0670886
5,3200,1696062218.0875168
5,3328,1696062218.1080656
5,3456,1696062218.1258638
5,3584,1696062218.146787
5,3712,1696062218.166737
5,3840,1696062218.1870868
5,3968,1696062218.2070246
5,4096,1696062218.2286875
5,4224,1696062218.2487152
5,4352,1696062218.2691133
5,4480,1696062218.289098
5,4608,1696062218.3076308
5,4736,1696062218.3317885
5,4864,1696062218.3528454
5,4992,1696062218.3715172
5,5120,1696062218.3950548
5,5248,1696062218.412688
5,5376,1696062218.4305916
5,5504,1696062218.4509304
5,5632,1696062218.4714408
5,5760,1696062218.4924643
5,5888,1696062218.5126991
5,6016,1696062218.5330846
5,6144,1696062218.5530922
5,6272,1696062218.5731542
5,6400,1696062218.5930915
5,6528,1696062218.6133015
5,6656,1696062218.6333625
5,6784,1696062218.6532955
5,6912,1696062218.6736276
5,7040,1696062218.6934462
5,7168,1696062218.7135773
5,7296,1696062218.7334104
5,7424,1696062218.7532327
5,7552,1696062218.773058
5,7680,1696062218.7952096
5,7808,1696062218.8149514
5,7936,1696062218.8359056
5,8064,1696062218.85585
5,8192,1696062218.8752382
5,8320,1696062218.8958335
5,8448,1696062218.916363
5,8576,1696062218.939679
5,8704,1696062218.96021
5,8832,1696062218.9798799
5,8960,1696062219.0001125
5,9088,1696062219.0161548
5,9216,1696062219.037417
5,9344,1696062219.0573206
5,9472,1696062219.076828
5,9600,1696062219.0975575
5,9728,1696062219.118784
5,9856,1696062219.139483
5,9984,1696062219.157628
5,10112,1696062219.1790938
5,10240,1696062219.1975856
5,10368,1696062219.2194278
5,10496,1696062219.240076
5,10624,1696062219.258378
5,10752,1696062219.2781115
5,10880,1696062219.2999074
5,11008,1696062219.3198042
5,11136,1696062219.339211
5,11264,1696062219.359194
5,11392,1696062219.37937
5,11520,1696062219.3993618
5,11648,1696062219.4204779
5,11776,1696062219.4404976
5,11904,1696062219.4606502
5,12032,1696062219.4806583
5,12160,1696062219.5007339
5,12288,1696062219.5209408
5,12416,1696062219.5413718
5,12544,1696062219.5614583
5,12672,1696062219.5814233
5,12800,1696062219.6009798
5,12928,1696062219.623947
5,13056,1696062219.6416469
5,13184,1696062219.661416
5,13312,1696062219.680989
5,13440,1696062219.705751
5,13568,1696062219.7231932
5,13696,1696062219.7472422
5,13824,1696062219.7677479
5,13952,1696062219.7874267
5,14080,1696062219.8080537
5,14208,1696062219.8280983
5,14336,1696062219.8482296
5,14464,1696062219.867631
5,14592,1696062219.8883727
5,14720,1696062219.9076235
5,14848,1696062219.9327033
5,14976,1696062219.9542756
5,15104,1696062219.9720683
5,15232,1696062219.9920092
5,15360,1696062220.0150328
5,15488,1696062220.03596
5,15616,1696062220.0560145
5,15744,1696062220.0760045
5,15872,1696062220.0989087
5,16000,1696062220.1218808
5,16128,1696062220.1422436
5,16256,1696062220.1645708
5,16384,1696062220.1838105
5,16512,1696062220.2051044
5,16640,1696062220.228535
5,16768,1696062220.2483852
5,16896,1696062220.268627
5,17024,1696062220.2878482
5,17152,1696062220.3080487
5,17280,1696062220.3284616
5,17408,1696062220.3482342
5,17536,1696062220.3685846
5,17664,1696062220.3881505
5,17792,1696062220.4084792
5,17920,1696062220.4285944
5,18048,1696062220.4448912
5,18176,1696062220.4657018
5,18304,1696062220.4856873
5,18432,1696062220.5052912
5,18560,1696062220.5274105
5,18688,1696062220.5516098
5,18816,1696062220.5666335
5,18944,1696062220.5860193
5,19072,1696062220.6062326
5,19200,1696062220.628605
5,19328,1696062220.648426
5,19456,1696062220.6686633
5,19584,1696062220.6887217
5,19712,1696062220.7095537
5,19840,1696062220.7293737
5,19968,1696062220.7495654
5,20096,1696062220.7695365
5,20224,1696062220.7895172
5,20352,1696062220.8095922
5,20480,1696062220.8297832
5,20608,1696062220.8496704
5,20736,1696062220.8700287
5,20864,1696062220.8908942
5,20992,1696062220.911752
5,21120,1696062220.9312706
5,21248,1696062220.9511044
5,21376,1696062220.9713545
5,21504,1696062220.9923704
5,21632,1696062221.01298
5,21760,1696062221.0328834
5,21888,1696062221.056226
5,22016,1696062221.0755727
5,22144,1696062221.0962877
5,22272,1696062221.116582
5,22400,1696062221.1367483
5,22528,1696062221.157011
5,22656,1696062221.1772768
5,22784,1696062221.1974087
5,22912,1696062221.2172692
5,23040,1696062221.2405522
5,23168,1696062221.2627225
5,23296,1696062221.2829843
5,23424,1696062221.303242
5,23552,1696062221.3234591
5,23680,1696062221.3430507
5,23808,1696062221.3640738
5,23936,1696062221.382724
5,24064,1696062221.402596
5,24192,1696062221.4231396
5,24320,1696062221.4431553
5,24448,1696062221.464469
5,24576,1696062221.4832432
5,24704,1696062221.5029845
5,24832,1696062221.5235672
5,24960,1696062221.547766
5,25088,1696062221.5679135
5,25216,1696062221.5905788
