epoch,trained_sample,time
1,0,1696058078.4858222
1,16,1696058079.682682
1,32,1696058079.695496
1,48,1696058079.7114103
1,64,1696058079.7236476
1,80,1696058079.736667
1,96,1696058079.7490754
1,112,1696058079.7642212
1,128,1696058079.7755837
1,144,1696058079.7909503
1,160,1696058079.8033707
1,176,1696058079.8186839
1,192,1696058079.8314178
1,208,1696058079.844052
1,224,1696058079.856661
1,240,1696058079.871881
1,256,1696058079.8844764
1,272,1696058079.8971515
1,288,1696058079.9097412
1,304,1696058079.9249792
1,320,1696058079.9376373
1,336,1696058079.9503553
1,352,1696058079.9629173
1,368,1696058079.9782324
1,384,1696058079.990984
1,400,1696058080.0057762
1,416,1696058080.0205848
1,432,1696058080.0384023
1,448,1696058080.0510752
1,464,1696058080.063707
1,480,1696058080.0763364
1,496,1696058080.0912511
1,512,1696058080.1025338
1,528,1696058080.1175306
1,544,1696058080.1294625
1,560,1696058080.139755
1,576,1696058080.2180629
1,592,1696058080.2316859
1,608,1696058080.2437446
1,624,1696058080.2540119
1,640,1696058080.2650123
1,656,1696058080.280311
1,672,1696058080.291746
1,688,1696058080.3055725
1,704,1696058080.3159976
1,720,1696058080.328366
1,736,1696058080.3390014
1,752,1696058080.3498619
1,768,1696058080.3607683
1,784,1696058080.3731418
1,800,1696058080.3835275
1,816,1696058080.3938239
1,832,1696058080.4045515
1,848,1696058080.4203322
1,864,1696058080.4313877
1,880,1696058080.4422877
1,896,1696058080.453129
1,912,1696058080.4653614
1,928,1696058080.4757795
1,944,1696058080.4861186
1,960,1696058080.4968507
1,976,1696058080.5123754
1,992,1696058080.5236528
1,1008,1696058080.53472
1,1024,1696058080.5765114
1,1040,1696058080.5911794
1,1056,1696058080.6048973
1,1072,1696058080.6166582
1,1088,1696058080.675392
1,1104,1696058080.688127
1,1120,1696058080.6994374
1,1136,1696058080.748832
1,1152,1696058080.7601643
1,1168,1696058080.7740512
1,1184,1696058080.786104
1,1200,1696058080.7965767
1,1216,1696058080.8078063
1,1232,1696058080.8210106
1,1248,1696058080.832176
1,1264,1696058080.8431046
1,1280,1696058080.8550105
1,1296,1696058080.868357
1,1312,1696058080.8788295
1,1328,1696058080.8897405
1,1344,1696058080.9007146
1,1360,1696058080.9129894
1,1376,1696058080.9233406
1,1392,1696058080.934497
1,1408,1696058080.945429
1,1424,1696058080.9600904
1,1440,1696058080.9706616
1,1456,1696058080.9818866
1,1472,1696058080.992566
1,1488,1696058081.004565
1,1504,1696058081.0150564
1,1520,1696058081.026335
1,1536,1696058081.0369923
1,1552,1696058081.048601
1,1568,1696058081.0601707
1,1584,1696058081.0735211
1,1600,1696058081.0855885
1,1616,1696058081.0969985
1,1632,1696058081.109961
1,1648,1696058081.1216035
1,1664,1696058081.1332524
1,1680,1696058081.1462188
1,1696,1696058081.1581807
1,1712,1696058081.1697865
1,1728,1696058081.182363
1,1744,1696058081.1943536
1,1760,1696058081.2060308
1,1776,1696058081.2184045
1,1792,1696058081.2303774
1,1808,1696058081.24205
1,1824,1696058081.2545862
1,1840,1696058081.265725
1,1856,1696058081.277082
1,1872,1696058081.2909029
1,1888,1696058081.3029785
1,1904,1696058081.3180416
1,1920,1696058081.3309438
1,1936,1696058081.3425224
1,1952,1696058081.3556097
1,1968,1696058081.3667333
1,1984,1696058081.3795059
1,2000,1696058081.3913488
1,2016,1696058081.4036403
1,2032,1696058081.4142833
1,2048,1696058081.427308
1,2064,1696058081.438978
1,2080,1696058081.4516778
1,2096,1696058081.4645834
1,2112,1696058081.4769378
1,2128,1696058081.487985
1,2144,1696058081.500261
1,2160,1696058081.5122318
1,2176,1696058081.525403
1,2192,1696058081.5361297
1,2208,1696058081.5483284
1,2224,1696058081.5614743
1,2240,1696058081.575168
1,2256,1696058081.586764
1,2272,1696058081.598896
1,2288,1696058081.6110344
1,2304,1696058081.623117
1,2320,1696058081.6346078
1,2336,1696058081.6475983
1,2352,1696058081.6584728
1,2368,1696058081.6709507
1,2384,1696058081.688332
1,2400,1696058081.7041771
1,2416,1696058081.7175426
1,2432,1696058081.733958
1,2448,1696058081.7465785
1,2464,1696058081.762349
1,2480,1696058081.776104
1,2496,1696058081.791849
1,2512,1696058081.8044086
1,2528,1696058081.8204885
1,2544,1696058081.8355658
1,2560,1696058081.8502982
1,2576,1696058081.8641324
1,2592,1696058081.87879
1,2608,1696058081.8946476
1,2624,1696058081.9089024
1,2640,1696058081.924547
1,2656,1696058081.9396048
1,2672,1696058081.9530697
1,2688,1696058081.967724
1,2704,1696058081.981653
1,2720,1696058081.9980297
1,2736,1696058082.0127015
1,2752,1696058082.0287476
1,2768,1696058082.0422308
1,2784,1696058082.05842
1,2800,1696058082.0708935
1,2816,1696058082.0864835
1,2832,1696058082.098817
1,2848,1696058082.1144042
1,2864,1696058082.1273923
1,2880,1696058082.1428654
1,2896,1696058082.1595216
1,2912,1696058082.1727376
1,2928,1696058082.1879706
1,2944,1696058082.2011497
1,2960,1696058082.2173789
1,2976,1696058082.2314231
1,2992,1696058082.2462516
1,3008,1696058082.262762
1,3024,1696058082.2784786
1,3040,1696058082.2936494
1,3056,1696058082.308433
1,3072,1696058082.32314
1,3088,1696058082.3369899
1,3104,1696058082.351525
1,3120,1696058082.3654327
1,3136,1696058082.3818355
1,3152,1696058082.39896
1,3168,1696058082.4140596
1,3184,1696058082.4265664
1,3200,1696058082.442324
1,3216,1696058082.4545994
1,3232,1696058082.4701734
1,3248,1696058082.484278
1,3264,1696058082.4978316
1,3280,1696058082.5137675
1,3296,1696058082.5297213
1,3312,1696058082.544073
1,3328,1696058082.558775
1,3344,1696058082.5738373
1,3360,1696058082.5895271
1,3376,1696058082.603296
1,3392,1696058082.6174026
1,3408,1696058082.631451
1,3424,1696058082.6463823
1,3440,1696058082.658965
1,3456,1696058082.6746442
1,3472,1696058082.687336
1,3488,1696058082.7024028
1,3504,1696058082.717117
1,3520,1696058082.7317703
1,3536,1696058082.7470253
1,3552,1696058082.7611086
1,3568,1696058082.7745924
1,3584,1696058082.7903728
1,3600,1696058082.8079715
1,3616,1696058082.8243034
1,3632,1696058082.8390121
1,3648,1696058082.8544645
1,3664,1696058082.8686414
1,3680,1696058082.8830335
1,3696,1696058082.8959372
1,3712,1696058082.913459
1,3728,1696058082.9321826
1,3744,1696058082.9523396
1,3760,1696058082.9748065
1,3776,1696058082.993179
1,3792,1696058083.0126345
1,3808,1696058083.0326784
1,3824,1696058083.0510736
1,3840,1696058083.070413
1,3856,1696058083.0913856
1,3872,1696058083.112452
1,3888,1696058083.131342
1,3904,1696058083.1484609
1,3920,1696058083.1653826
1,3936,1696058083.1806304
1,3952,1696058083.1935983
1,3968,1696058083.2102482
1,3984,1696058083.2254815
1,4000,1696058083.2410798
1,4016,1696058083.2549825
1,4032,1696058083.2734425
1,4048,1696058083.2910326
1,4064,1696058083.310033
1,4080,1696058083.3255148
1,4096,1696058083.3423107
1,4112,1696058083.3548288
1,4128,1696058083.372572
1,4144,1696058083.389002
1,4160,1696058083.4045792
1,4176,1696058083.4178364
1,4192,1696058083.4331577
1,4208,1696058083.4462566
1,4224,1696058083.4604483
1,4240,1696058083.4766393
1,4256,1696058083.4905188
1,4272,1696058083.5061607
1,4288,1696058083.5281339
1,4304,1696058083.5488951
1,4320,1696058083.568674
1,4336,1696058083.5868533
1,4352,1696058083.6039014
1,4368,1696058083.6223443
1,4384,1696058083.6365101
1,4400,1696058083.6544678
1,4416,1696058083.6753967
1,4432,1696058083.692528
1,4448,1696058083.7068694
1,4464,1696058083.7205606
1,4480,1696058083.740433
1,4496,1696058083.7609973
1,4512,1696058083.7793229
1,4528,1696058083.795858
1,4544,1696058083.8105667
1,4560,1696058083.8263342
1,4576,1696058083.8415606
1,4592,1696058083.855934
1,4608,1696058083.8757198
1,4624,1696058083.8967283
1,4640,1696058083.916742
1,4656,1696058083.9351368
1,4672,1696058083.952223
1,4688,1696058083.969855
1,4704,1696058083.9851248
1,4720,1696058083.9976106
1,4736,1696058084.0162053
1,4752,1696058084.0334244
1,4768,1696058084.050654
1,4784,1696058084.0664425
1,4800,1696058084.0820088
1,4816,1696058084.10423
1,4832,1696058084.1249962
1,4848,1696058084.1429794
1,4864,1696058084.1600873
1,4880,1696058084.1780198
1,4896,1696058084.1933794
1,4912,1696058084.2058794
1,4928,1696058084.2246861
1,4944,1696058084.2396436
1,4960,1696058084.250482
1,4976,1696058084.262631
1,4992,1696058084.2792761
1,5008,1696058084.2979958
1,5024,1696058084.3147337
1,5040,1696058084.3265152
1,5056,1696058084.340045
1,5072,1696058084.3526976
1,5088,1696058084.364258
1,5104,1696058084.3789701
1,5120,1696058084.392045
1,5136,1696058084.4031868
1,5152,1696058084.4144976
1,5168,1696058084.4250612
1,5184,1696058084.4356287
1,5200,1696058084.4476073
1,5216,1696058084.457935
1,5232,1696058084.4687102
1,5248,1696058084.4792085
1,5264,1696058084.4910014
1,5280,1696058084.501524
1,5296,1696058084.5120683
1,5312,1696058084.5225794
1,5328,1696058084.5339804
1,5344,1696058084.5452983
1,5360,1696058084.5558207
1,5376,1696058084.5663195
1,5392,1696058084.5777445
1,5408,1696058084.5885603
1,5424,1696058084.5993989
1,5440,1696058084.609808
1,5456,1696058084.6204846
1,5472,1696058084.6316862
1,5488,1696058084.6434653
1,5504,1696058084.656613
1,5520,1696058084.667963
1,5536,1696058084.6793735
1,5552,1696058084.691417
1,5568,1696058084.7051475
1,5584,1696058084.7246573
1,5600,1696058084.736847
1,5616,1696058084.748017
1,5632,1696058084.7610838
1,5648,1696058084.7726002
1,5664,1696058084.7839475
1,5680,1696058084.7986493
1,5696,1696058084.8106258
1,5712,1696058084.8239014
1,5728,1696058084.8368766
1,5744,1696058084.8495271
1,5760,1696058084.8615062
1,5776,1696058084.8738477
1,5792,1696058084.8871558
1,5808,1696058084.8984873
1,5824,1696058084.911029
1,5840,1696058084.9248195
1,5856,1696058084.9355452
1,5872,1696058084.9479132
1,5888,1696058084.9634655
1,5904,1696058084.9754386
1,5920,1696058084.9885936
1,5936,1696058084.9998968
1,5952,1696058085.0124624
1,5968,1696058085.0269384
1,5984,1696058085.0390136
1,6000,1696058085.050783
1,6016,1696058085.0629585
1,6032,1696058085.0771112
1,6048,1696058085.0903847
1,6064,1696058085.1022887
1,6080,1696058085.115706
1,6096,1696058085.1269488
1,6112,1696058085.1401155
1,6128,1696058085.1526005
1,6144,1696058085.1695716
1,6160,1696058085.1846793
1,6176,1696058085.2011702
1,6192,1696058085.2146983
1,6208,1696058085.2267694
1,6224,1696058085.238826
1,6240,1696058085.2515545
1,6256,1696058085.2636683
1,6272,1696058085.2751873
1,6288,1696058085.288284
1,6304,1696058085.300646
1,6320,1696058085.3124487
1,6336,1696058085.324122
1,6352,1696058085.337441
1,6368,1696058085.349131
1,6384,1696058085.3621035
1,6400,1696058085.3741918
1,6416,1696058085.386137
1,6432,1696058085.3989904
1,6448,1696058085.410863
1,6464,1696058085.4229558
1,6480,1696058085.4355469
1,6496,1696058085.4479797
1,6512,1696058085.4597478
1,6528,1696058085.471616
1,6544,1696058085.4847438
1,6560,1696058085.4969983
1,6576,1696058085.5085168
1,6592,1696058085.520894
1,6608,1696058085.53297
1,6624,1696058085.5459993
1,6640,1696058085.5575454
1,6656,1696058085.5697997
1,6672,1696058085.5825195
1,6688,1696058085.5944045
1,6704,1696058085.6068869
1,6720,1696058085.618838
1,6736,1696058085.6310172
1,6752,1696058085.6435978
1,6768,1696058085.6554883
1,6784,1696058085.668267
1,6800,1696058085.6806815
1,6816,1696058085.692602
1,6832,1696058085.7039876
1,6848,1696058085.7206218
1,6864,1696058085.735018
1,6880,1696058085.747645
1,6896,1696058085.76072
1,6912,1696058085.7719038
1,6928,1696058085.7843862
1,6944,1696058085.7983747
1,6960,1696058085.813367
1,6976,1696058085.8272982
1,6992,1696058085.8401942
1,7008,1696058085.8523986
1,7024,1696058085.8640566
1,7040,1696058085.8767943
1,7056,1696058085.8904238
1,7072,1696058085.9026442
1,7088,1696058085.9154005
1,7104,1696058085.9274392
1,7120,1696058085.9407704
1,7136,1696058085.9532475
1,7152,1696058085.9648163
1,7168,1696058085.978137
1,7184,1696058085.9905202
1,7200,1696058086.0023437
1,7216,1696058086.0150309
1,7232,1696058086.0270116
1,7248,1696058086.039485
1,7264,1696058086.051937
1,7280,1696058086.0638778
1,7296,1696058086.0793142
1,7312,1696058086.0919557
1,7328,1696058086.1044278
1,7344,1696058086.1180117
1,7360,1696058086.1316097
1,7376,1696058086.1433222
1,7392,1696058086.1561143
1,7408,1696058086.1683724
1,7424,1696058086.1827428
1,7440,1696058086.1963015
1,7456,1696058086.2081246
1,7472,1696058086.2204378
1,7488,1696058086.233771
1,7504,1696058086.2455573
1,7520,1696058086.258536
1,7536,1696058086.2705975
1,7552,1696058086.28271
1,7568,1696058086.295726
1,7584,1696058086.307794
1,7600,1696058086.3203657
1,7616,1696058086.334672
1,7632,1696058086.3494146
1,7648,1696058086.3608787
1,7664,1696058086.372632
1,7680,1696058086.3861926
1,7696,1696058086.3985298
1,7712,1696058086.4104915
1,7728,1696058086.4230363
1,7744,1696058086.4350488
1,7760,1696058086.447196
1,7776,1696058086.4598014
1,7792,1696058086.472137
1,7808,1696058086.4897716
1,7824,1696058086.5017686
1,7840,1696058086.5150106
1,7856,1696058086.5272493
1,7872,1696058086.5400605
1,7888,1696058086.5524254
1,7904,1696058086.5646186
1,7920,1696058086.57778
1,7936,1696058086.5910537
1,7952,1696058086.6046736
1,7968,1696058086.6168094
1,7984,1696058086.6300578
1,8000,1696058086.64197
1,8016,1696058086.653891
1,8032,1696058086.6675298
1,8048,1696058086.6790736
1,8064,1696058086.6904073
1,8080,1696058086.7035406
1,8096,1696058086.717953
1,8112,1696058086.7338946
1,8128,1696058086.7481222
1,8144,1696058086.7621272
1,8160,1696058086.7743409
1,8176,1696058086.7866492
1,8192,1696058086.8003488
1,8208,1696058086.8123224
1,8224,1696058086.8257353
1,8240,1696058086.8376436
1,8256,1696058086.8490632
1,8272,1696058086.8616023
1,8288,1696058086.8745224
1,8304,1696058086.8871977
1,8320,1696058086.8995688
1,8336,1696058086.9117424
1,8352,1696058086.9248393
1,8368,1696058086.93716
1,8384,1696058086.9484646
1,8400,1696058086.9614434
1,8416,1696058086.9755814
1,8432,1696058086.9872017
1,8448,1696058087.0011566
1,8464,1696058087.0129502
1,8480,1696058087.030676
1,8496,1696058087.0430856
1,8512,1696058087.0566735
1,8528,1696058087.0683203
1,8544,1696058087.0806603
1,8560,1696058087.0938923
1,8576,1696058087.1061113
1,8592,1696058087.1180685
1,8608,1696058087.1314776
1,8624,1696058087.143442
1,8640,1696058087.1546218
1,8656,1696058087.168772
1,8672,1696058087.183461
1,8688,1696058087.1967697
1,8704,1696058087.2085538
1,8720,1696058087.2221074
1,8736,1696058087.2366195
1,8752,1696058087.2487977
1,8768,1696058087.2613227
1,8784,1696058087.2740786
1,8800,1696058087.2856016
1,8816,1696058087.2978861
1,8832,1696058087.3112543
1,8848,1696058087.3227909
1,8864,1696058087.3358672
1,8880,1696058087.3492894
1,8896,1696058087.3607502
1,8912,1696058087.3727064
1,8928,1696058087.3868394
1,8944,1696058087.399014
1,8960,1696058087.412
1,8976,1696058087.4250133
1,8992,1696058087.436747
1,9008,1696058087.4496996
1,9024,1696058087.4618077
1,9040,1696058087.473588
1,9056,1696058087.4863732
1,9072,1696058087.4987872
1,9088,1696058087.5111818
1,9104,1696058087.5245934
1,9120,1696058087.536383
1,9136,1696058087.5495212
1,9152,1696058087.5624397
1,9168,1696058087.5749402
1,9184,1696058087.588604
1,9200,1696058087.6006637
1,9216,1696058087.6134727
1,9232,1696058087.6252048
1,9248,1696058087.638321
1,9264,1696058087.649984
1,9280,1696058087.6618774
1,9296,1696058087.6746485
1,9312,1696058087.6867363
1,9328,1696058087.6989238
1,9344,1696058087.7119222
1,9360,1696058087.7235765
1,9376,1696058087.7366068
1,9392,1696058087.7499993
1,9408,1696058087.7625566
1,9424,1696058087.7761247
1,9440,1696058087.7883732
1,9456,1696058087.801811
1,9472,1696058087.8156812
1,9488,1696058087.8282304
1,9504,1696058087.8395221
1,9520,1696058087.8530796
1,9536,1696058087.8654835
1,9552,1696058087.877385
1,9568,1696058087.8906567
1,9584,1696058087.904042
1,9600,1696058087.9159281
1,9616,1696058087.9297116
1,9632,1696058087.9414532
1,9648,1696058087.9542234
1,9664,1696058087.9663887
1,9680,1696058087.9783967
1,9696,1696058087.991104
1,9712,1696058088.003878
1,9728,1696058088.0171196
1,9744,1696058088.0304873
1,9760,1696058088.043091
1,9776,1696058088.0581942
1,9792,1696058088.0700443
1,9808,1696058088.0843372
1,9824,1696058088.0959826
1,9840,1696058088.1075077
1,9856,1696058088.1214123
1,9872,1696058088.1333976
1,9888,1696058088.1462154
1,9904,1696058088.1576793
1,9920,1696058088.1694262
1,9936,1696058088.1829658
1,9952,1696058088.1949182
1,9968,1696058088.2070484
1,9984,1696058088.2194703
1,10000,1696058088.2319186
1,10016,1696058088.245131
1,10032,1696058088.2585325
1,10048,1696058088.271643
1,10064,1696058088.2841582
1,10080,1696058088.2968018
1,10096,1696058088.3113306
1,10112,1696058088.3231885
1,10128,1696058088.3365676
1,10144,1696058088.3487425
1,10160,1696058088.3601284
1,10176,1696058088.3755035
1,10192,1696058088.388935
1,10208,1696058088.4030292
1,10224,1696058088.4150743
1,10240,1696058088.4273949
1,10256,1696058088.440378
1,10272,1696058088.4569123
1,10288,1696058088.4687698
1,10304,1696058088.481744
1,10320,1696058088.4943576
1,10336,1696058088.50633
1,10352,1696058088.520251
1,10368,1696058088.5320656
1,10384,1696058088.5461376
1,10400,1696058088.5579047
1,10416,1696058088.5706856
1,10432,1696058088.5839036
1,10448,1696058088.5973463
1,10464,1696058088.6103299
1,10480,1696058088.622959
1,10496,1696058088.6356306
1,10512,1696058088.6494927
1,10528,1696058088.661807
1,10544,1696058088.6733634
1,10560,1696058088.6862965
1,10576,1696058088.699323
1,10592,1696058088.7121277
1,10608,1696058088.7241616
1,10624,1696058088.7354999
1,10640,1696058088.7495053
1,10656,1696058088.7615206
1,10672,1696058088.7755046
1,10688,1696058088.7872312
1,10704,1696058088.8009095
1,10720,1696058088.813192
1,10736,1696058088.8246903
1,10752,1696058088.8367078
1,10768,1696058088.8501465
1,10784,1696058088.8619308
1,10800,1696058088.8747966
1,10816,1696058088.8869612
1,10832,1696058088.8999147
1,10848,1696058088.913724
1,10864,1696058088.9312434
1,10880,1696058088.9503195
1,10896,1696058088.9697998
1,10912,1696058088.9898455
1,10928,1696058089.0102358
1,10944,1696058089.0302007
1,10960,1696058089.0499916
1,10976,1696058089.0658965
1,10992,1696058089.0799987
1,11008,1696058089.0923793
1,11024,1696058089.103482
1,11040,1696058089.1158824
1,11056,1696058089.129169
1,11072,1696058089.141353
1,11088,1696058089.1527362
1,11104,1696058089.1647043
1,11120,1696058089.1782975
1,11136,1696058089.1900818
1,11152,1696058089.2027085
1,11168,1696058089.214763
1,11184,1696058089.226946
1,11200,1696058089.24001
1,11216,1696058089.2514217
1,11232,1696058089.2641218
1,11248,1696058089.2775319
1,11264,1696058089.2898264
1,11280,1696058089.3028257
1,11296,1696058089.3149207
1,11312,1696058089.3276613
1,11328,1696058089.3400483
1,11344,1696058089.3517833
1,11360,1696058089.3642302
1,11376,1696058089.377886
1,11392,1696058089.3896377
1,11408,1696058089.4069822
1,11424,1696058089.4188144
1,11440,1696058089.4315517
1,11456,1696058089.4439483
1,11472,1696058089.4591854
1,11488,1696058089.4713678
1,11504,1696058089.4841082
1,11520,1696058089.4960592
1,11536,1696058089.5088758
1,11552,1696058089.5205865
1,11568,1696058089.5336306
1,11584,1696058089.5465357
1,11600,1696058089.558373
1,11616,1696058089.5704267
1,11632,1696058089.583754
1,11648,1696058089.5966814
1,11664,1696058089.610273
1,11680,1696058089.6240268
1,11696,1696058089.6375098
1,11712,1696058089.6515687
1,11728,1696058089.6639838
1,11744,1696058089.6770148
1,11760,1696058089.6899872
1,11776,1696058089.7046795
1,11792,1696058089.7168787
1,11808,1696058089.7317588
1,11824,1696058089.7451375
1,11840,1696058089.7645369
1,11856,1696058089.782714
1,11872,1696058089.806941
1,11888,1696058089.821631
1,11904,1696058089.8342013
1,11920,1696058089.8460672
1,11936,1696058089.8591278
1,11952,1696058089.8709936
1,11968,1696058089.8832192
1,11984,1696058089.8956091
1,12000,1696058089.9079876
1,12016,1696058089.9198165
1,12032,1696058089.9320636
1,12048,1696058089.9440553
1,12064,1696058089.9552555
1,12080,1696058089.9716625
1,12096,1696058089.9849482
1,12112,1696058090.002123
1,12128,1696058090.0148835
1,12144,1696058090.0282745
1,12160,1696058090.0415483
1,12176,1696058090.0542386
1,12192,1696058090.0687876
1,12208,1696058090.0836036
1,12224,1696058090.0971484
1,12240,1696058090.1105309
1,12256,1696058090.1234784
1,12272,1696058090.1362395
1,12288,1696058090.1476414
1,12304,1696058090.159894
1,12320,1696058090.1715484
1,12336,1696058090.1866617
1,12352,1696058090.2053063
1,12368,1696058090.2254703
1,12384,1696058090.2387607
1,12400,1696058090.2536242
1,12416,1696058090.2679026
1,12432,1696058090.2812572
1,12448,1696058090.2939076
1,12464,1696058090.306801
1,12480,1696058090.3188016
1,12496,1696058090.3302295
1,12512,1696058090.342946
1,12528,1696058090.3555071
1,12544,1696058090.3671095
1,12560,1696058090.3794641
1,12576,1696058090.3964741
1,12592,1696058090.4069526
1,12608,1696058090.4223359
1,12624,1696058090.435241
1,12640,1696058090.4499815
1,12656,1696058090.4634318
1,12672,1696058090.4765396
1,12688,1696058090.490201
1,12704,1696058090.5027905
1,12720,1696058090.516435
1,12736,1696058090.5272937
1,12752,1696058090.539262
1,12768,1696058090.5553603
1,12784,1696058090.5741215
1,12800,1696058090.5933943
1,12816,1696058090.6107283
1,12832,1696058090.6234767
1,12848,1696058090.6375258
1,12864,1696058090.6484728
1,12880,1696058090.6606402
1,12896,1696058090.6725254
1,12912,1696058090.6886334
1,12928,1696058090.6999078
1,12944,1696058090.716693
1,12960,1696058090.7285259
1,12976,1696058090.7417243
1,12992,1696058090.7551465
1,13008,1696058090.7702744
1,13024,1696058090.782975
1,13040,1696058090.7947857
1,13056,1696058090.8077967
1,13072,1696058090.819379
1,13088,1696058090.8323834
1,13104,1696058090.8436756
1,13120,1696058090.8562806
1,13136,1696058090.8688374
1,13152,1696058090.883041
1,13168,1696058090.898973
1,13184,1696058090.9134853
1,13200,1696058090.9261825
1,13216,1696058090.9390943
1,13232,1696058090.9528017
1,13248,1696058090.9678185
1,13264,1696058090.9786682
1,13280,1696058090.992122
1,13296,1696058091.0085843
1,13312,1696058091.0252478
1,13328,1696058091.0386412
1,13344,1696058091.051143
1,13360,1696058091.0648835
1,13376,1696058091.0779054
1,13392,1696058091.0894182
1,13408,1696058091.103316
1,13424,1696058091.1173637
1,13440,1696058091.1318326
1,13456,1696058091.1438708
1,13472,1696058091.157742
1,13488,1696058091.1707318
1,13504,1696058091.1845903
1,13520,1696058091.1977372
1,13536,1696058091.212711
1,13552,1696058091.2298381
1,13568,1696058091.2454193
1,13584,1696058091.2576613
1,13600,1696058091.270292
1,13616,1696058091.2846918
1,13632,1696058091.297273
1,13648,1696058091.3108282
1,13664,1696058091.323299
1,13680,1696058091.3364615
1,13696,1696058091.3498998
1,13712,1696058091.3615904
1,13728,1696058091.3756661
1,13744,1696058091.3928037
1,13760,1696058091.4064069
1,13776,1696058091.420016
1,13792,1696058091.4306934
1,13808,1696058091.4439263
1,13824,1696058091.4568498
1,13840,1696058091.4683206
1,13856,1696058091.4807577
1,13872,1696058091.4943755
1,13888,1696058091.505762
1,13904,1696058091.5195591
1,13920,1696058091.5319662
1,13936,1696058091.5438414
1,13952,1696058091.5569124
1,13968,1696058091.569164
1,13984,1696058091.5807743
1,14000,1696058091.5929677
1,14016,1696058091.6065857
1,14032,1696058091.617691
1,14048,1696058091.629522
1,14064,1696058091.6428194
1,14080,1696058091.6566777
1,14096,1696058091.667799
1,14112,1696058091.679171
1,14128,1696058091.6962016
1,14144,1696058091.7132728
1,14160,1696058091.728243
1,14176,1696058091.7397058
1,14192,1696058091.752346
1,14208,1696058091.7669828
1,14224,1696058091.779396
1,14240,1696058091.7927685
1,14256,1696058091.804746
1,14272,1696058091.8162954
1,14288,1696058091.8283548
1,14304,1696058091.841651
1,14320,1696058091.8548248
1,14336,1696058091.8682013
1,14352,1696058091.8806994
1,14368,1696058091.8938437
1,14384,1696058091.9073138
1,14400,1696058091.919303
1,14416,1696058091.9315796
1,14432,1696058091.944988
1,14448,1696058091.9568942
1,14464,1696058091.9698675
1,14480,1696058091.983402
1,14496,1696058091.995262
1,14512,1696058092.0087373
1,14528,1696058092.0211122
1,14544,1696058092.0330443
1,14560,1696058092.0462112
1,14576,1696058092.0575438
1,14592,1696058092.0702536
1,14608,1696058092.0840976
1,14624,1696058092.0971742
1,14640,1696058092.1091273
1,14656,1696058092.1207063
1,14672,1696058092.1331828
1,14688,1696058092.1469598
1,14704,1696058092.1623507
1,14720,1696058092.1757166
1,14736,1696058092.1877053
1,14752,1696058092.2000597
1,14768,1696058092.2116466
1,14784,1696058092.2247944
1,14800,1696058092.2371368
1,14816,1696058092.2496657
1,14832,1696058092.2610903
1,14848,1696058092.2739134
1,14864,1696058092.2879188
1,14880,1696058092.3004913
1,14896,1696058092.3117201
1,14912,1696058092.325989
1,14928,1696058092.338147
1,14944,1696058092.3499691
1,14960,1696058092.3625827
1,14976,1696058092.3746006
1,14992,1696058092.3870487
1,15008,1696058092.3996558
1,15024,1696058092.4114103
1,15040,1696058092.4227436
1,15056,1696058092.4365716
1,15072,1696058092.4509509
1,15088,1696058092.4641435
1,15104,1696058092.4758723
1,15120,1696058092.490968
1,15136,1696058092.5027184
1,15152,1696058092.5162952
1,15168,1696058092.5279806
1,15184,1696058092.5406806
1,15200,1696058092.554387
1,15216,1696058092.5651877
1,15232,1696058092.582006
1,15248,1696058092.594539
1,15264,1696058092.6082518
1,15280,1696058092.6197214
1,15296,1696058092.6360586
1,15312,1696058092.6495967
1,15328,1696058092.6625803
1,15344,1696058092.6749465
1,15360,1696058092.697825
1,15376,1696058092.717053
1,15392,1696058092.7346416
1,15408,1696058092.7479057
1,15424,1696058092.762997
1,15440,1696058092.7759519
1,15456,1696058092.7901134
1,15472,1696058092.8010297
1,15488,1696058092.8187509
1,15504,1696058092.8370574
1,15520,1696058092.8547149
1,15536,1696058092.8692505
1,15552,1696058092.8817039
1,15568,1696058092.8943176
1,15584,1696058092.9066129
1,15600,1696058092.9188902
1,15616,1696058092.9316196
1,15632,1696058092.9446814
1,15648,1696058092.9566283
1,15664,1696058092.967292
1,15680,1696058092.979375
1,15696,1696058092.9937472
1,15712,1696058093.0062675
1,15728,1696058093.019502
1,15744,1696058093.0332363
1,15760,1696058093.0443425
1,15776,1696058093.0589278
1,15792,1696058093.0704567
1,15808,1696058093.0858595
1,15824,1696058093.0968227
1,15840,1696058093.1098256
1,15856,1696058093.1230404
1,15872,1696058093.136162
1,15888,1696058093.1499596
1,15904,1696058093.1617756
1,15920,1696058093.1741607
1,15936,1696058093.1873093
1,15952,1696058093.1985228
1,15968,1696058093.2111957
1,15984,1696058093.2254932
1,16000,1696058093.2370508
1,16016,1696058093.2494369
1,16032,1696058093.2639236
1,16048,1696058093.2753828
1,16064,1696058093.2884488
1,16080,1696058093.3000898
1,16096,1696058093.3139336
1,16112,1696058093.3279636
1,16128,1696058093.3408222
1,16144,1696058093.3545601
1,16160,1696058093.3666956
1,16176,1696058093.379127
1,16192,1696058093.3908932
1,16208,1696058093.4028575
1,16224,1696058093.418873
1,16240,1696058093.4387116
1,16256,1696058093.458099
1,16272,1696058093.4773536
1,16288,1696058093.497451
1,16304,1696058093.5177824
1,16320,1696058093.5365891
1,16336,1696058093.5577343
1,16352,1696058093.5770342
1,16368,1696058093.5976295
1,16384,1696058093.6177177
1,16400,1696058093.6369817
1,16416,1696058093.6543086
1,16432,1696058093.6672904
1,16448,1696058093.6825922
1,16464,1696058093.695767
1,16480,1696058093.7107518
1,16496,1696058093.7216315
1,16512,1696058093.7355802
1,16528,1696058093.7474883
1,16544,1696058093.7600203
1,16560,1696058093.7717953
1,16576,1696058093.7850833
1,16592,1696058093.8007867
1,16608,1696058093.8137496
1,16624,1696058093.8279912
1,16640,1696058093.839776
1,16656,1696058093.8544092
1,16672,1696058093.8677943
1,16688,1696058093.8803058
1,16704,1696058093.8957877
1,16720,1696058093.9134204
1,16736,1696058093.9285693
1,16752,1696058093.9400222
1,16768,1696058093.9520826
1,16784,1696058093.9665022
1,16800,1696058093.977541
1,16816,1696058093.9911995
1,16832,1696058094.0028248
1,16848,1696058094.0204616
1,16864,1696058094.037043
1,16880,1696058094.0496023
1,16896,1696058094.0630846
1,16912,1696058094.0764415
1,16928,1696058094.087662
1,16944,1696058094.099686
1,16960,1696058094.116849
1,16976,1696058094.129885
1,16992,1696058094.1411693
1,17008,1696058094.1562157
1,17024,1696058094.1678526
1,17040,1696058094.186361
1,17056,1696058094.206607
1,17072,1696058094.2258432
1,17088,1696058094.2461483
1,17104,1696058094.2662196
1,17120,1696058094.2864807
1,17136,1696058094.305794
1,17152,1696058094.3256898
1,17168,1696058094.3459861
1,17184,1696058094.365498
1,17200,1696058094.3853648
1,17216,1696058094.4056065
1,17232,1696058094.4197235
1,17248,1696058094.4350493
1,17264,1696058094.4503088
1,17280,1696058094.4624074
1,17296,1696058094.4755738
1,17312,1696058094.4872303
1,17328,1696058094.5001554
1,17344,1696058094.5123153
1,17360,1696058094.5251791
1,17376,1696058094.5363379
1,17392,1696058094.549504
1,17408,1696058094.561571
1,17424,1696058094.5729334
1,17440,1696058094.5890403
1,17456,1696058094.6023867
1,17472,1696058094.6147594
1,17488,1696058094.6280236
1,17504,1696058094.640563
1,17520,1696058094.6525853
1,17536,1696058094.6700072
1,17552,1696058094.6825643
1,17568,1696058094.6978078
1,17584,1696058094.7107046
1,17600,1696058094.7228692
1,17616,1696058094.7359178
1,17632,1696058094.7481956
1,17648,1696058094.761268
1,17664,1696058094.7749088
1,17680,1696058094.786505
1,17696,1696058094.799672
1,17712,1696058094.8129961
1,17728,1696058094.8249576
1,17744,1696058094.8364408
1,17760,1696058094.8500092
1,17776,1696058094.861998
1,17792,1696058094.8736248
1,17808,1696058094.8872929
1,17824,1696058094.899278
1,17840,1696058094.9119446
1,17856,1696058094.9247904
1,17872,1696058094.9363112
1,17888,1696058094.9520967
1,17904,1696058094.964945
1,17920,1696058094.9762104
1,17936,1696058094.9920666
1,17952,1696058095.00372
1,17968,1696058095.017567
1,17984,1696058095.028959
1,18000,1696058095.0431898
1,18016,1696058095.0549242
1,18032,1696058095.066901
1,18048,1696058095.0792823
1,18064,1696058095.0923886
1,18080,1696058095.1036875
1,18096,1696058095.1175025
1,18112,1696058095.129697
1,18128,1696058095.1436913
1,18144,1696058095.1570537
1,18160,1696058095.1687071
1,18176,1696058095.1820357
1,18192,1696058095.1956646
1,18208,1696058095.2080545
1,18224,1696058095.2202246
1,18240,1696058095.2315257
1,18256,1696058095.2439587
1,18272,1696058095.2569804
1,18288,1696058095.2718332
1,18304,1696058095.2857263
1,18320,1696058095.298107
1,18336,1696058095.312064
1,18352,1696058095.3242543
1,18368,1696058095.337285
1,18384,1696058095.350584
1,18400,1696058095.3636208
1,18416,1696058095.376801
1,18432,1696058095.3888204
1,18448,1696058095.3999887
1,18464,1696058095.4157414
1,18480,1696058095.4309723
1,18496,1696058095.4451325
1,18512,1696058095.4569833
1,18528,1696058095.4684775
1,18544,1696058095.481448
1,18560,1696058095.4929576
1,18576,1696058095.504996
1,18592,1696058095.5178878
1,18608,1696058095.5301216
1,18624,1696058095.5416296
1,18640,1696058095.5543027
1,18656,1696058095.5669436
1,18672,1696058095.579453
1,18688,1696058095.5932715
1,18704,1696058095.6051757
1,18720,1696058095.619631
1,18736,1696058095.6315963
1,18752,1696058095.6442726
1,18768,1696058095.6579435
1,18784,1696058095.6706705
1,18800,1696058095.68327
1,18816,1696058095.6961286
1,18832,1696058095.708781
1,18848,1696058095.7202919
1,18864,1696058095.731749
1,18880,1696058095.7438974
1,18896,1696058095.7586658
1,18912,1696058095.7702975
1,18928,1696058095.7837386
1,18944,1696058095.7954288
1,18960,1696058095.80775
1,18976,1696058095.820408
1,18992,1696058095.833729
1,19008,1696058095.8465135
1,19024,1696058095.8598003
1,19040,1696058095.8721337
1,19056,1696058095.884353
1,19072,1696058095.8968987
1,19088,1696058095.9113815
1,19104,1696058095.9227023
1,19120,1696058095.9353578
1,19136,1696058095.950213
1,19152,1696058095.9614637
1,19168,1696058095.9746673
1,19184,1696058095.9884849
1,19200,1696058096.0019882
1,19216,1696058096.0134811
1,19232,1696058096.0266106
1,19248,1696058096.0383832
1,19264,1696058096.050195
1,19280,1696058096.0627666
1,19296,1696058096.0746763
1,19312,1696058096.0865567
1,19328,1696058096.099015
1,19344,1696058096.110558
1,19360,1696058096.1224463
1,19376,1696058096.13603
1,19392,1696058096.1479821
1,19408,1696058096.1610525
1,19424,1696058096.1742609
1,19440,1696058096.1854923
1,19456,1696058096.2039979
1,19472,1696058096.2226715
1,19488,1696058096.2416828
1,19504,1696058096.261851
1,19520,1696058096.2819169
1,19536,1696058096.3014958
1,19552,1696058096.3194947
1,19568,1696058096.3358488
1,19584,1696058096.3471503
1,19600,1696058096.3602376
1,19616,1696058096.3733764
1,19632,1696058096.384918
1,19648,1696058096.3979774
1,19664,1696058096.409941
1,19680,1696058096.4208622
1,19696,1696058096.4346488
1,19712,1696058096.448736
1,19728,1696058096.4600947
1,19744,1696058096.4721286
1,19760,1696058096.4851904
1,19776,1696058096.4965727
1,19792,1696058096.5083492
1,19808,1696058096.5207145
1,19824,1696058096.5337481
1,19840,1696058096.5458171
1,19856,1696058096.5572615
1,19872,1696058096.5700266
1,19888,1696058096.581495
1,19904,1696058096.592753
1,19920,1696058096.6043422
1,19936,1696058096.6193767
1,19952,1696058096.6327603
1,19968,1696058096.6442735
1,19984,1696058096.6571012
1,20000,1696058096.669235
1,20016,1696058096.6801686
1,20032,1696058096.691272
1,20048,1696058096.7045915
1,20064,1696058096.717662
1,20080,1696058096.7301984
1,20096,1696058096.7426531
1,20112,1696058096.7554908
1,20128,1696058096.7680087
1,20144,1696058096.7797644
1,20160,1696058096.7924132
1,20176,1696058096.8058302
1,20192,1696058096.8183234
1,20208,1696058096.8322186
1,20224,1696058096.8448899
1,20240,1696058096.8581524
1,20256,1696058096.8701577
1,20272,1696058096.8820822
1,20288,1696058096.8946106
1,20304,1696058096.9067287
1,20320,1696058096.9193914
1,20336,1696058096.9316301
1,20352,1696058096.9435508
1,20368,1696058096.956236
1,20384,1696058096.9688628
1,20400,1696058096.980135
1,20416,1696058096.9916418
1,20432,1696058097.004199
1,20448,1696058097.0185719
1,20464,1696058097.0295773
1,20480,1696058097.0421803
1,20496,1696058097.0558717
1,20512,1696058097.0688198
1,20528,1696058097.0809212
1,20544,1696058097.098441
1,20560,1696058097.1096487
1,20576,1696058097.1218932
1,20592,1696058097.13584
1,20608,1696058097.148037
1,20624,1696058097.1627405
1,20640,1696058097.174097
1,20656,1696058097.1905596
1,20672,1696058097.2027917
1,20688,1696058097.2156658
1,20704,1696058097.2269888
1,20720,1696058097.240511
1,20736,1696058097.2528036
1,20752,1696058097.2641113
1,20768,1696058097.2762032
1,20784,1696058097.2895875
1,20800,1696058097.3024998
1,20816,1696058097.3147542
1,20832,1696058097.3288612
1,20848,1696058097.340698
1,20864,1696058097.3542073
1,20880,1696058097.367257
1,20896,1696058097.380735
1,20912,1696058097.394165
1,20928,1696058097.4066725
1,20944,1696058097.4195738
1,20960,1696058097.4314134
1,20976,1696058097.4443603
1,20992,1696058097.4581747
1,21008,1696058097.4729717
1,21024,1696058097.4850352
1,21040,1696058097.4982536
1,21056,1696058097.5101292
1,21072,1696058097.5224204
1,21088,1696058097.5352921
1,21104,1696058097.5470607
1,21120,1696058097.5598495
1,21136,1696058097.5724294
1,21152,1696058097.58366
1,21168,1696058097.5960436
1,21184,1696058097.611096
1,21200,1696058097.6241605
1,21216,1696058097.6373096
1,21232,1696058097.649013
1,21248,1696058097.6622188
1,21264,1696058097.6741886
1,21280,1696058097.6858883
1,21296,1696058097.6993003
1,21312,1696058097.7108133
1,21328,1696058097.7228127
1,21344,1696058097.7358112
1,21360,1696058097.747106
1,21376,1696058097.7599554
1,21392,1696058097.7721097
1,21408,1696058097.7837582
1,21424,1696058097.7990074
1,21440,1696058097.8123238
1,21456,1696058097.8242588
1,21472,1696058097.8393738
1,21488,1696058097.8522313
1,21504,1696058097.8644652
1,21520,1696058097.8768482
1,21536,1696058097.8899968
1,21552,1696058097.9030273
1,21568,1696058097.9163246
1,21584,1696058097.9286153
1,21600,1696058097.9401386
1,21616,1696058097.952038
1,21632,1696058097.9648144
1,21648,1696058097.9786346
1,21664,1696058097.9902482
1,21680,1696058098.00278
1,21696,1696058098.0150917
1,21712,1696058098.0268831
1,21728,1696058098.0399892
1,21744,1696058098.052963
1,21760,1696058098.0671985
1,21776,1696058098.0790014
1,21792,1696058098.0915508
1,21808,1696058098.1038623
1,21824,1696058098.1161323
1,21840,1696058098.1282852
1,21856,1696058098.1401107
1,21872,1696058098.1514716
1,21888,1696058098.164357
1,21904,1696058098.176961
1,21920,1696058098.1882555
1,21936,1696058098.1996593
1,21952,1696058098.212288
1,21968,1696058098.2241318
1,21984,1696058098.2360432
1,22000,1696058098.2503216
1,22016,1696058098.2658415
1,22032,1696058098.277652
1,22048,1696058098.291129
1,22064,1696058098.3032992
1,22080,1696058098.3159883
1,22096,1696058098.3288598
1,22112,1696058098.3405044
1,22128,1696058098.3562598
1,22144,1696058098.3675444
1,22160,1696058098.3805118
1,22176,1696058098.3932974
1,22192,1696058098.4047868
1,22208,1696058098.4180582
1,22224,1696058098.4301941
1,22240,1696058098.4419968
1,22256,1696058098.4544911
1,22272,1696058098.4665394
1,22288,1696058098.4783208
1,22304,1696058098.4910448
1,22320,1696058098.5031457
1,22336,1696058098.5152879
1,22352,1696058098.5275683
1,22368,1696058098.539399
1,22384,1696058098.5519798
1,22400,1696058098.5644717
1,22416,1696058098.575611
1,22432,1696058098.5885136
1,22448,1696058098.6007366
1,22464,1696058098.6120214
1,22480,1696058098.6250255
1,22496,1696058098.6379569
1,22512,1696058098.6506824
1,22528,1696058098.6625767
1,22544,1696058098.6745105
1,22560,1696058098.6878111
1,22576,1696058098.7000184
1,22592,1696058098.7116477
1,22608,1696058098.7245686
1,22624,1696058098.7364023
1,22640,1696058098.7477326
1,22656,1696058098.7606504
1,22672,1696058098.7745593
1,22688,1696058098.7863684
1,22704,1696058098.7992253
1,22720,1696058098.8122108
1,22736,1696058098.8255765
1,22752,1696058098.8385036
1,22768,1696058098.8516073
1,22784,1696058098.8641505
1,22800,1696058098.8765864
1,22816,1696058098.8940017
1,22832,1696058098.9112077
1,22848,1696058098.9265757
1,22864,1696058098.940465
1,22880,1696058098.952332
1,22896,1696058098.9658225
1,22912,1696058098.9779742
1,22928,1696058098.9895055
1,22944,1696058099.0022779
1,22960,1696058099.014243
1,22976,1696058099.0263062
1,22992,1696058099.0399175
1,23008,1696058099.051871
1,23024,1696058099.0658965
1,23040,1696058099.0779896
1,23056,1696058099.089519
1,23072,1696058099.1025958
1,23088,1696058099.1144514
1,23104,1696058099.12643
1,23120,1696058099.139387
1,23136,1696058099.151305
1,23152,1696058099.163999
1,23168,1696058099.176366
1,23184,1696058099.1882687
1,23200,1696058099.1997914
1,23216,1696058099.2131486
1,23232,1696058099.2255013
1,23248,1696058099.2369888
1,23264,1696058099.2503426
1,23280,1696058099.2634368
1,23296,1696058099.2771978
1,23312,1696058099.2887738
1,23328,1696058099.300595
1,23344,1696058099.313903
1,23360,1696058099.3259397
1,23376,1696058099.3369815
1,23392,1696058099.3499227
1,23408,1696058099.362229
1,23424,1696058099.3744981
1,23440,1696058099.3871992
1,23456,1696058099.3996828
1,23472,1696058099.4120328
1,23488,1696058099.424492
1,23504,1696058099.4362297
1,23520,1696058099.4507773
1,23536,1696058099.4628966
1,23552,1696058099.4752986
1,23568,1696058099.492161
1,23584,1696058099.5033417
1,23600,1696058099.5191212
1,23616,1696058099.531914
1,23632,1696058099.544842
1,23648,1696058099.5570493
1,23664,1696058099.569367
1,23680,1696058099.5822892
1,23696,1696058099.5940175
1,23712,1696058099.6056333
1,23728,1696058099.6198678
1,23744,1696058099.6321092
1,23760,1696058099.6459494
1,23776,1696058099.6577163
1,23792,1696058099.6708498
1,23808,1696058099.683908
1,23824,1696058099.6964586
1,23840,1696058099.7108638
1,23856,1696058099.7229474
1,23872,1696058099.735424
1,23888,1696058099.7475011
1,23904,1696058099.7602527
1,23920,1696058099.77245
1,23936,1696058099.784544
1,23952,1696058099.795866
1,23968,1696058099.808819
1,23984,1696058099.8207672
1,24000,1696058099.8322015
1,24016,1696058099.8469455
1,24032,1696058099.8591967
1,24048,1696058099.8720808
1,24064,1696058099.8863363
1,24080,1696058099.8979611
1,24096,1696058099.9108977
1,24112,1696058099.9226918
1,24128,1696058099.9346418
1,24144,1696058099.94742
1,24160,1696058099.9594584
1,24176,1696058099.9720738
1,24192,1696058099.9847784
1,24208,1696058099.9979024
1,24224,1696058100.0115454
1,24240,1696058100.0239546
1,24256,1696058100.03543
1,24272,1696058100.0484364
1,24288,1696058100.062682
1,24304,1696058100.0735514
1,24320,1696058100.0866067
1,24336,1696058100.0984037
1,24352,1696058100.1105897
1,24368,1696058100.1263487
1,24384,1696058100.1375859
1,24400,1696058100.1514735
1,24416,1696058100.1641681
1,24432,1696058100.1752145
1,24448,1696058100.1877708
1,24464,1696058100.2040408
1,24480,1696058100.2190819
1,24496,1696058100.233288
1,24512,1696058100.2471716
1,24528,1696058100.2594223
1,24544,1696058100.2728794
1,24560,1696058100.2848544
1,24576,1696058100.2963276
1,24592,1696058100.3104231
1,24608,1696058100.3223565
1,24624,1696058100.334942
1,24640,1696058100.3474135
1,24656,1696058100.3594167
1,24672,1696058100.372038
1,24688,1696058100.3841925
1,24704,1696058100.401141
1,24720,1696058100.4204934
1,24736,1696058100.4361267
1,24752,1696058100.4477656
1,24768,1696058100.4607048
1,24784,1696058100.4736981
1,24800,1696058100.4872928
1,24816,1696058100.504044
1,24832,1696058100.517129
1,24848,1696058100.5300043
1,24864,1696058100.5440917
1,24880,1696058100.5561564
1,24896,1696058100.5681856
1,24912,1696058100.5821254
1,24928,1696058100.5964174
1,24944,1696058100.6088452
1,24960,1696058100.622588
1,24976,1696058100.634503
1,24992,1696058100.6466627
1,25008,1696058100.659151
1,25024,1696058100.6712246
1,25040,1696058100.683966
1,25056,1696058100.6965387
1,25072,1696058100.7091858
1,25088,1696058100.7234235
1,25104,1696058100.7356215
1,25120,1696058100.7490673
1,25136,1696058100.761022
1,25152,1696058100.772731
1,25168,1696058100.7865922
1,25184,1696058100.7985828
1,25200,1696058100.8103716
1,25216,1696058100.8229983
1,25232,1696058100.8351376
1,25248,1696058100.8469493
1,25264,1696058100.8601816
1,25280,1696058100.8727121
1,25296,1696058100.8841188
1,25312,1696058100.8966
1,25328,1696058100.910993
1,25344,1696058100.9281073
1,25360,1696058100.9419389
1,25376,1696058100.9538147
1,25392,1696058100.966325
1,25408,1696058100.9782944
1,25424,1696058100.9899023
1,25440,1696058101.0025277
1,25456,1696058101.014452
1,25472,1696058101.0261486
1,25488,1696058101.0387113
1,25504,1696058101.0507054
1,25520,1696058101.0627062
1,25536,1696058101.075723
1,25552,1696058101.0875142
1,25568,1696058101.09887
1,25584,1696058101.111341
1,25600,1696058101.1251836
1,25616,1696058101.1367443
1,25632,1696058101.1510797
1,25648,1696058101.1622245
1,25664,1696058101.1754801
1,25680,1696058101.1882987
1,25696,1696058101.2006702
1,25712,1696058101.211913
1,25728,1696058101.2232857
1,25744,1696058101.2355018
1,25760,1696058101.2478797
1,25776,1696058101.2633743
1,25792,1696058101.2748213
1,25808,1696058101.2917385
1,25824,1696058101.3092892
1,25840,1696058101.323343
1,25856,1696058101.338076
1,25872,1696058101.3516264
1,25888,1696058101.3724594
1,25904,1696058101.3874068
1,25920,1696058101.4003737
1,25936,1696058101.4141266
1,25952,1696058101.4258568
1,25968,1696058101.438866
1,25984,1696058101.452209
1,26000,1696058101.465302
1,26016,1696058101.477557
1,26032,1696058101.490145
1,26048,1696058101.5021317
1,26064,1696058101.51334
1,26080,1696058101.526145
1,26096,1696058101.5388856
1,26112,1696058101.5506666
1,26128,1696058101.5633032
1,26144,1696058101.5765598
1,26160,1696058101.5873911
1,26176,1696058101.6036124
1,26192,1696058101.622008
1,26208,1696058101.6415884
1,26224,1696058101.655215
1,26240,1696058101.6711032
1,26256,1696058101.6829507
1,26272,1696058101.697027
1,26288,1696058101.7093968
1,26304,1696058101.7218173
1,26320,1696058101.7357903
1,26336,1696058101.748017
1,26352,1696058101.761636
1,26368,1696058101.772816
1,26384,1696058101.7855208
1,26400,1696058101.8008928
1,26416,1696058101.8135724
1,26432,1696058101.8285673
1,26448,1696058101.8396778
1,26464,1696058101.8545516
1,26480,1696058101.8656058
1,26496,1696058101.8824406
1,26512,1696058101.8965595
1,26528,1696058101.9096649
1,26544,1696058101.921435
1,26560,1696058101.9344642
1,26576,1696058101.946344
1,26592,1696058101.9580214
1,26608,1696058101.9723415
1,26624,1696058101.9831052
1,26640,1696058101.9979062
1,26656,1696058102.0105085
1,26672,1696058102.0230677
1,26688,1696058102.035964
1,26704,1696058102.0503914
1,26720,1696058102.0646877
1,26736,1696058102.0776966
1,26752,1696058102.088816
1,26768,1696058102.100613
1,26784,1696058102.115531
1,26800,1696058102.1269717
1,26816,1696058102.140995
1,26832,1696058102.154114
1,26848,1696058102.1661243
1,26864,1696058102.1788833
1,26880,1696058102.1902559
1,26896,1696058102.2029743
1,26912,1696058102.215918
1,26928,1696058102.2314384
1,26944,1696058102.2435656
1,26960,1696058102.2615323
1,26976,1696058102.2730668
1,26992,1696058102.2858703
1,27008,1696058102.297792
1,27024,1696058102.3106196
1,27040,1696058102.3228307
1,27056,1696058102.3351765
1,27072,1696058102.3477027
1,27088,1696058102.359437
1,27104,1696058102.3722358
1,27120,1696058102.3858628
1,27136,1696058102.398565
1,27152,1696058102.4115026
1,27168,1696058102.4234624
1,27184,1696058102.4354587
1,27200,1696058102.4474354
1,27216,1696058102.459498
1,27232,1696058102.4717352
1,27248,1696058102.4841106
1,27264,1696058102.4962418
1,27280,1696058102.5081413
1,27296,1696058102.5222616
1,27312,1696058102.5358467
1,27328,1696058102.5473673
1,27344,1696058102.5602999
1,27360,1696058102.5726252
1,27376,1696058102.5839586
1,27392,1696058102.5981662
1,27408,1696058102.6121094
1,27424,1696058102.6250346
1,27440,1696058102.6382554
1,27456,1696058102.6501935
1,27472,1696058102.6641479
1,27488,1696058102.6762285
1,27504,1696058102.688432
1,27520,1696058102.7018378
1,27536,1696058102.7155268
1,27552,1696058102.7276788
1,27568,1696058102.7395678
1,27584,1696058102.7523658
1,27600,1696058102.7647448
1,27616,1696058102.7760665
1,27632,1696058102.788636
1,27648,1696058102.8021576
1,27664,1696058102.8139691
1,27680,1696058102.8280902
1,27696,1696058102.8401015
1,27712,1696058102.85162
1,27728,1696058102.8646631
1,27744,1696058102.8769119
1,27760,1696058102.8884523
1,27776,1696058102.902065
1,27792,1696058102.9159846
1,27808,1696058102.9273648
1,27824,1696058102.9399688
1,27840,1696058102.9522905
1,27856,1696058102.9634602
1,27872,1696058102.9768999
1,27888,1696058102.9906163
1,27904,1696058103.002481
1,27920,1696058103.0164518
1,27936,1696058103.029014
1,27952,1696058103.040333
1,27968,1696058103.0521245
1,27984,1696058103.0655098
1,28000,1696058103.0771124
1,28016,1696058103.0908332
1,28032,1696058103.1025546
1,28048,1696058103.11461
1,28064,1696058103.127079
1,28080,1696058103.1388555
1,28096,1696058103.1510136
1,28112,1696058103.1639588
1,28128,1696058103.1760592
1,28144,1696058103.1881082
1,28160,1696058103.2011766
1,28176,1696058103.214729
1,28192,1696058103.226439
1,28208,1696058103.237686
1,28224,1696058103.250982
1,28240,1696058103.2647555
1,28256,1696058103.2765515
1,28272,1696058103.289667
1,28288,1696058103.3016968
1,28304,1696058103.313071
1,28320,1696058103.3263173
1,28336,1696058103.3382592
1,28352,1696058103.349899
1,28368,1696058103.362426
1,28384,1696058103.3742862
1,28400,1696058103.3860936
1,28416,1696058103.3987114
1,28432,1696058103.4132764
1,28448,1696058103.4272864
1,28464,1696058103.4390268
1,28480,1696058103.4514258
1,28496,1696058103.463826
1,28512,1696058103.4762511
1,28528,1696058103.4891944
1,28544,1696058103.5005083
1,28560,1696058103.5144536
1,28576,1696058103.5271142
1,28592,1696058103.5398445
1,28608,1696058103.5520825
1,28624,1696058103.564095
1,28640,1696058103.578238
1,28656,1696058103.5918255
1,28672,1696058103.6056113
1,28688,1696058103.6168742
1,28704,1696058103.6291537
1,28720,1696058103.643448
1,28736,1696058103.654446
1,28752,1696058103.6693914
1,28768,1696058103.6823654
1,28784,1696058103.6958835
1,28800,1696058103.7099452
1,28816,1696058103.7212768
1,28832,1696058103.734216
1,28848,1696058103.7470257
1,28864,1696058103.7595987
1,28880,1696058103.7729368
1,28896,1696058103.7846963
1,28912,1696058103.798193
1,28928,1696058103.8098722
1,28944,1696058103.8224003
1,28960,1696058103.8343856
1,28976,1696058103.8463657
1,28992,1696058103.85888
1,29008,1696058103.8706672
1,29024,1696058103.8821602
1,29040,1696058103.8944597
1,29056,1696058103.9068894
1,29072,1696058103.9191427
1,29088,1696058103.9316783
1,29104,1696058103.9436238
1,29120,1696058103.9554849
1,29136,1696058103.9701457
1,29152,1696058103.9808466
1,29168,1696058103.9933498
1,29184,1696058104.0057862
1,29200,1696058104.0190454
1,29216,1696058104.0317523
1,29232,1696058104.0446117
1,29248,1696058104.0587327
1,29264,1696058104.074784
1,29280,1696058104.0873888
1,29296,1696058104.10156
1,29312,1696058104.112986
1,29328,1696058104.1257985
1,29344,1696058104.1377742
1,29360,1696058104.1492417
1,29376,1696058104.1624582
1,29392,1696058104.175477
1,29408,1696058104.1884983
1,29424,1696058104.200341
1,29440,1696058104.2117562
1,29456,1696058104.2243915
1,29472,1696058104.2392285
1,29488,1696058104.252085
1,29504,1696058104.2657106
1,29520,1696058104.2777905
1,29536,1696058104.2912478
1,29552,1696058104.3031738
1,29568,1696058104.3162067
1,29584,1696058104.3285253
1,29600,1696058104.3402953
1,29616,1696058104.3518798
1,29632,1696058104.3649676
1,29648,1696058104.3768637
1,29664,1696058104.3889074
1,29680,1696058104.4018283
1,29696,1696058104.414974
1,29712,1696058104.432123
1,29728,1696058104.444742
1,29744,1696058104.4591818
1,29760,1696058104.4710364
1,29776,1696058104.4837763
1,29792,1696058104.496425
1,29808,1696058104.5076203
1,29824,1696058104.520622
1,29840,1696058104.533305
1,29856,1696058104.5464008
1,29872,1696058104.5588808
1,29888,1696058104.5721083
1,29904,1696058104.5855086
1,29920,1696058104.5976093
1,29936,1696058104.6103141
1,29952,1696058104.6229532
1,29968,1696058104.635994
1,29984,1696058104.6485553
1,30000,1696058104.6597397
1,30016,1696058104.6731904
1,30032,1696058104.6853817
1,30048,1696058104.6966999
1,30064,1696058104.7101238
1,30080,1696058104.722126
1,30096,1696058104.733675
1,30112,1696058104.7467258
1,30128,1696058104.7586045
1,30144,1696058104.7704382
1,30160,1696058104.7827303
1,30176,1696058104.7947142
1,30192,1696058104.80674
1,30208,1696058104.8190918
1,30224,1696058104.831067
1,30240,1696058104.8432434
1,30256,1696058104.855897
1,30272,1696058104.8727372
1,30288,1696058104.8871202
1,30304,1696058104.9039092
1,30320,1696058104.9167588
1,30336,1696058104.9297724
1,30352,1696058104.9417596
1,30368,1696058104.9534152
1,30384,1696058104.966465
1,30400,1696058104.9783964
1,30416,1696058104.990044
1,30432,1696058105.0026617
1,30448,1696058105.0145204
1,30464,1696058105.0265396
1,30480,1696058105.039376
1,30496,1696058105.0509238
1,30512,1696058105.0644484
1,30528,1696058105.0765657
1,30544,1696058105.088316
1,30560,1696058105.1050274
1,30576,1696058105.1184812
1,30592,1696058105.1304724
1,30608,1696058105.1429002
1,30624,1696058105.1556652
1,30640,1696058105.1681085
1,30656,1696058105.1823485
1,30672,1696058105.1938136
1,30688,1696058105.207275
1,30704,1696058105.2207165
1,30720,1696058105.2355244
1,30736,1696058105.2466018
1,30752,1696058105.2610192
1,30768,1696058105.274216
1,30784,1696058105.286155
1,30800,1696058105.2993515
1,30816,1696058105.3121762
1,30832,1696058105.3251495
1,30848,1696058105.337631
1,30864,1696058105.3511863
1,30880,1696058105.3639984
1,30896,1696058105.378643
1,30912,1696058105.389705
1,30928,1696058105.4033632
1,30944,1696058105.415939
1,30960,1696058105.4282007
1,30976,1696058105.4406052
1,30992,1696058105.4565687
1,31008,1696058105.4698558
1,31024,1696058105.484242
1,31040,1696058105.4980798
1,31056,1696058105.5100462
1,31072,1696058105.5262687
1,31088,1696058105.5439425
1,31104,1696058105.5621712
1,31120,1696058105.582076
1,31136,1696058105.6013384
1,31152,1696058105.6217613
1,31168,1696058105.6425543
1,31184,1696058105.661905
1,31200,1696058105.6814282
1,31216,1696058105.7010489
1,31232,1696058105.716268
1,31248,1696058105.7274878
1,31264,1696058105.7405715
1,31280,1696058105.7537177
1,31296,1696058105.7668052
1,31312,1696058105.7788792
1,31328,1696058105.7919867
1,31344,1696058105.804614
1,31360,1696058105.8162436
1,31376,1696058105.8279588
1,31392,1696058105.8430681
1,31408,1696058105.8570566
1,31424,1696058105.8714204
1,31440,1696058105.8842268
1,31456,1696058105.8989518
1,31472,1696058105.910914
1,31488,1696058105.9246626
1,31504,1696058105.9385176
1,31520,1696058105.9517288
1,31536,1696058105.9648428
1,31552,1696058105.9755409
1,31568,1696058105.9867532
1,31584,1696058105.9998567
1,31600,1696058106.0168014
1,31616,1696058106.0278146
1,31632,1696058106.0442657
1,31648,1696058106.0562012
1,31664,1696058106.068115
1,31680,1696058106.082307
1,31696,1696058106.0969617
1,31712,1696058106.1086247
1,31728,1696058106.1228645
1,31744,1696058106.134885
1,31760,1696058106.147663
1,31776,1696058106.159993
1,31792,1696058106.1721504
1,31808,1696058106.1837273
1,31824,1696058106.1972024
1,31840,1696058106.2096415
1,31856,1696058106.2222087
1,31872,1696058106.2365017
1,31888,1696058106.2510011
1,31904,1696058106.2648716
1,31920,1696058106.2768354
1,31936,1696058106.2893848
1,31952,1696058106.3019986
1,31968,1696058106.3141239
1,31984,1696058106.3276682
1,32000,1696058106.3405738
1,32016,1696058106.352326
1,32032,1696058106.3650212
1,32048,1696058106.3784587
1,32064,1696058106.3900256
1,32080,1696058106.4026153
1,32096,1696058106.414651
1,32112,1696058106.4267476
1,32128,1696058106.4396577
1,32144,1696058106.4522412
1,32160,1696058106.4652295
1,32176,1696058106.4770076
1,32192,1696058106.4903877
1,32208,1696058106.502157
1,32224,1696058106.5143316
1,32240,1696058106.5272598
1,32256,1696058106.5391717
1,32272,1696058106.5519054
1,32288,1696058106.5648658
1,32304,1696058106.5761254
1,32320,1696058106.590857
1,32336,1696058106.6031222
1,32352,1696058106.6165507
1,32368,1696058106.6286838
1,32384,1696058106.6410186
1,32400,1696058106.6546156
1,32416,1696058106.666414
1,32432,1696058106.683313
1,32448,1696058106.6979568
1,32464,1696058106.7098901
1,32480,1696058106.7224903
1,32496,1696058106.7345154
1,32512,1696058106.7464445
1,32528,1696058106.7589438
1,32544,1696058106.7708647
1,32560,1696058106.7836769
1,32576,1696058106.7959495
1,32592,1696058106.8081875
1,32608,1696058106.8199153
1,32624,1696058106.832084
1,32640,1696058106.8437576
1,32656,1696058106.8572748
1,32672,1696058106.868649
1,32688,1696058106.88055
1,32704,1696058106.8934767
1,32720,1696058106.9056113
1,32736,1696058106.917182
1,32752,1696058106.930272
1,32768,1696058106.94225
1,32784,1696058106.9538567
1,32800,1696058106.9668596
1,32816,1696058106.9791472
1,32832,1696058106.9913766
1,32848,1696058107.0044243
1,32864,1696058107.0179224
1,32880,1696058107.0318618
1,32896,1696058107.0432823
1,32912,1696058107.0565276
1,32928,1696058107.068833
1,32944,1696058107.0800772
1,32960,1696058107.0915358
1,32976,1696058107.1044066
1,32992,1696058107.1192663
1,33008,1696058107.1368597
1,33024,1696058107.1511111
1,33040,1696058107.164255
1,33056,1696058107.1759512
1,33072,1696058107.1886113
1,33088,1696058107.2019906
1,33104,1696058107.2135022
1,33120,1696058107.2265146
1,33136,1696058107.2404287
1,33152,1696058107.2520108
1,33168,1696058107.26508
1,33184,1696058107.2787054
1,33200,1696058107.2899559
1,33216,1696058107.302121
1,33232,1696058107.3153503
1,33248,1696058107.3279028
1,33264,1696058107.3397255
1,33280,1696058107.3532455
1,33296,1696058107.364672
1,33312,1696058107.37651
1,33328,1696058107.3893063
1,33344,1696058107.4014168
1,33360,1696058107.412812
1,33376,1696058107.4244528
1,33392,1696058107.4365788
1,33408,1696058107.4498107
1,33424,1696058107.4613984
1,33440,1696058107.4747965
1,33456,1696058107.489375
1,33472,1696058107.5014968
1,33488,1696058107.5144305
1,33504,1696058107.52647
1,33520,1696058107.5382175
1,33536,1696058107.5508077
1,33552,1696058107.5628812
1,33568,1696058107.574993
1,33584,1696058107.5875034
1,33600,1696058107.6008503
1,33616,1696058107.6123054
1,33632,1696058107.6268177
1,33648,1696058107.63835
1,33664,1696058107.6509502
1,33680,1696058107.6635044
1,33696,1696058107.6756778
1,33712,1696058107.6871972
1,33728,1696058107.700033
1,33744,1696058107.7123375
1,33760,1696058107.7259612
1,33776,1696058107.7378776
1,33792,1696058107.7495294
1,33808,1696058107.7625678
1,33824,1696058107.7755964
1,33840,1696058107.7899802
1,33856,1696058107.80175
1,33872,1696058107.8145952
1,33888,1696058107.8266654
1,33904,1696058107.8389366
1,33920,1696058107.8513772
1,33936,1696058107.8638496
1,33952,1696058107.8763313
1,33968,1696058107.8893936
1,33984,1696058107.9024963
1,34000,1696058107.9156003
1,34016,1696058107.9284184
1,34032,1696058107.939659
1,34048,1696058107.9516718
1,34064,1696058107.9636047
1,34080,1696058107.9776058
1,34096,1696058107.9910007
1,34112,1696058108.003858
1,34128,1696058108.0167885
1,34144,1696058108.028205
1,34160,1696058108.0400558
1,34176,1696058108.0536194
1,34192,1696058108.0657403
1,34208,1696058108.0770445
1,34224,1696058108.0888846
1,34240,1696058108.1015136
1,34256,1696058108.1138806
1,34272,1696058108.1269011
1,34288,1696058108.1396601
1,34304,1696058108.1527007
1,34320,1696058108.1657178
1,34336,1696058108.1790328
1,34352,1696058108.1910107
1,34368,1696058108.2040966
1,34384,1696058108.2164898
1,34400,1696058108.2277634
1,34416,1696058108.2392051
1,34432,1696058108.252102
1,34448,1696058108.2647393
1,34464,1696058108.2760684
1,34480,1696058108.2888315
1,34496,1696058108.3008335
1,34512,1696058108.3124435
1,34528,1696058108.3256314
1,34544,1696058108.3384988
1,34560,1696058108.3510118
1,34576,1696058108.3645988
1,34592,1696058108.3770297
1,34608,1696058108.3902543
1,34624,1696058108.402401
1,34640,1696058108.4150603
1,34656,1696058108.4276073
1,34672,1696058108.4399703
1,34688,1696058108.4518836
1,34704,1696058108.4641814
1,34720,1696058108.4763494
1,34736,1696058108.4887755
1,34752,1696058108.5033567
1,34768,1696058108.5154905
1,34784,1696058108.5283568
1,34800,1696058108.540388
1,34816,1696058108.5522482
1,34832,1696058108.565294
1,34848,1696058108.5769324
1,34864,1696058108.5899708
1,34880,1696058108.6020396
1,34896,1696058108.6135993
1,34912,1696058108.626445
1,34928,1696058108.6385977
1,34944,1696058108.6504765
1,34960,1696058108.6630468
1,34976,1696058108.6752708
1,34992,1696058108.6879432
1,35008,1696058108.7017245
1,35024,1696058108.713741
1,35040,1696058108.7269862
1,35056,1696058108.738862
1,35072,1696058108.7521532
1,35088,1696058108.7645366
1,35104,1696058108.7759254
1,35120,1696058108.7872205
1,35136,1696058108.8033226
1,35152,1696058108.816225
1,35168,1696058108.8306289
1,35184,1696058108.8416333
1,35200,1696058108.854763
1,35216,1696058108.867652
1,35232,1696058108.880439
1,35248,1696058108.893379
1,35264,1696058108.9048672
1,35280,1696058108.9167852
1,35296,1696058108.9300075
1,35312,1696058108.94272
1,35328,1696058108.9550197
1,35344,1696058108.9673066
1,35360,1696058108.9797497
1,35376,1696058108.991997
1,35392,1696058109.003961
1,35408,1696058109.016066
1,35424,1696058109.0281687
1,35440,1696058109.0396056
1,35456,1696058109.052395
1,35472,1696058109.0650837
1,35488,1696058109.0764265
1,35504,1696058109.0878768
1,35520,1696058109.101189
1,35536,1696058109.1145701
1,35552,1696058109.1269
1,35568,1696058109.1403418
1,35584,1696058109.1522598
1,35600,1696058109.1655724
1,35616,1696058109.1776047
1,35632,1696058109.1890023
1,35648,1696058109.2007792
1,35664,1696058109.2136235
1,35680,1696058109.2256005
1,35696,1696058109.2382672
1,35712,1696058109.2502544
1,35728,1696058109.261935
1,35744,1696058109.2746096
1,35760,1696058109.2865427
1,35776,1696058109.2983875
1,35792,1696058109.3107796
1,35808,1696058109.3227942
1,35824,1696058109.3346825
1,35840,1696058109.3470783
1,35856,1696058109.3590465
1,35872,1696058109.371528
1,35888,1696058109.3840818
1,35904,1696058109.39634
1,35920,1696058109.4078028
1,35936,1696058109.418785
1,35952,1696058109.432713
1,35968,1696058109.445848
1,35984,1696058109.4581754
1,36000,1696058109.4729793
1,36016,1696058109.4842465
1,36032,1696058109.4967232
1,36048,1696058109.5106337
1,36064,1696058109.5224667
1,36080,1696058109.5364172
1,36096,1696058109.548034
1,36112,1696058109.5613177
1,36128,1696058109.5743704
1,36144,1696058109.5862198
1,36160,1696058109.5983193
1,36176,1696058109.6106966
1,36192,1696058109.6230078
1,36208,1696058109.6357212
1,36224,1696058109.647247
1,36240,1696058109.6596048
1,36256,1696058109.6754208
1,36272,1696058109.6939464
1,36288,1696058109.7133381
1,36304,1696058109.7270656
1,36320,1696058109.7397125
1,36336,1696058109.7539878
1,36352,1696058109.76543
1,36368,1696058109.7788455
1,36384,1696058109.7912436
1,36400,1696058109.8035989
1,36416,1696058109.8154743
1,36432,1696058109.828314
1,36448,1696058109.8414392
1,36464,1696058109.8588018
1,36480,1696058109.869562
1,36496,1696058109.8815842
1,36512,1696058109.8968964
1,36528,1696058109.9076664
1,36544,1696058109.9233556
1,36560,1696058109.9356241
1,36576,1696058109.9509025
1,36592,1696058109.9631886
1,36608,1696058109.9752889
1,36624,1696058109.988012
1,36640,1696058110.0020375
1,36656,1696058110.016335
1,36672,1696058110.0296557
1,36688,1696058110.0421064
1,36704,1696058110.0546255
1,36720,1696058110.0679185
1,36736,1696058110.0790927
1,36752,1696058110.0917237
1,36768,1696058110.1033485
1,36784,1696058110.1157267
1,36800,1696058110.127687
1,36816,1696058110.1395185
1,36832,1696058110.153631
1,36848,1696058110.165619
1,36864,1696058110.1793528
1,36880,1696058110.1933289
1,36896,1696058110.2045114
1,36912,1696058110.2176433
1,36928,1696058110.229341
1,36944,1696058110.240337
1,36960,1696058110.2544475
1,36976,1696058110.268759
1,36992,1696058110.279842
1,37008,1696058110.2908216
1,37024,1696058110.3043242
1,37040,1696058110.3199596
1,37056,1696058110.3302913
1,37072,1696058110.3474183
1,37088,1696058110.3662224
1,37104,1696058110.3861992
1,37120,1696058110.4012082
1,37136,1696058110.4126914
1,37152,1696058110.4273393
1,37168,1696058110.4432294
1,37184,1696058110.4572377
1,37200,1696058110.4690175
1,37216,1696058110.4830265
1,37232,1696058110.4970639
1,37248,1696058110.5113823
1,37264,1696058110.5239043
1,37280,1696058110.5368516
1,37296,1696058110.5501018
1,37312,1696058110.5645185
1,37328,1696058110.577563
1,37344,1696058110.591643
1,37360,1696058110.6039565
1,37376,1696058110.6176546
1,37392,1696058110.6313462
1,37408,1696058110.6451564
1,37424,1696058110.6576722
1,37440,1696058110.6699884
1,37456,1696058110.6834717
1,37472,1696058110.6969008
1,37488,1696058110.7106702
1,37504,1696058110.7247615
1,37520,1696058110.7379336
1,37536,1696058110.7495968
1,37552,1696058110.7635586
1,37568,1696058110.7764995
1,37584,1696058110.788921
1,37600,1696058110.8073988
1,37616,1696058110.8218482
1,37632,1696058110.8342304
1,37648,1696058110.848069
1,37664,1696058110.8621945
1,37680,1696058110.8747811
1,37696,1696058110.88953
1,37712,1696058110.9026315
1,37728,1696058110.916754
1,37744,1696058110.9290779
1,37760,1696058110.9418442
1,37776,1696058110.9551482
1,37792,1696058110.9680243
1,37808,1696058110.9800591
1,37824,1696058110.9943213
1,37840,1696058111.007946
1,37856,1696058111.0211453
1,37872,1696058111.0336196
1,37888,1696058111.0491648
1,37904,1696058111.0626736
1,37920,1696058111.0775645
1,37936,1696058111.08985
1,37952,1696058111.1038387
1,37968,1696058111.1163986
1,37984,1696058111.130083
1,38000,1696058111.145472
1,38016,1696058111.157712
1,38032,1696058111.1717024
1,38048,1696058111.1850843
1,38064,1696058111.1975946
1,38080,1696058111.2130413
1,38096,1696058111.2252772
1,38112,1696058111.2372444
1,38128,1696058111.250856
1,38144,1696058111.2645588
1,38160,1696058111.2757843
1,38176,1696058111.2884429
1,38192,1696058111.3003056
1,38208,1696058111.311305
1,38224,1696058111.3232272
1,38240,1696058111.3351383
1,38256,1696058111.3464873
1,38272,1696058111.3584614
1,38288,1696058111.3707867
1,38304,1696058111.381867
1,38320,1696058111.3942757
1,38336,1696058111.4068313
1,38352,1696058111.4183073
1,38368,1696058111.429734
1,38384,1696058111.4420052
1,38400,1696058111.4535568
1,38416,1696058111.4651475
1,38432,1696058111.4778602
1,38448,1696058111.4893138
1,38464,1696058111.5010645
1,38480,1696058111.5135698
1,38496,1696058111.5257869
1,38512,1696058111.5371835
1,38528,1696058111.5501697
1,38544,1696058111.5613017
1,38560,1696058111.5745187
1,38576,1696058111.5875142
1,38592,1696058111.599346
1,38608,1696058111.6123874
1,38624,1696058111.624103
1,38640,1696058111.6360261
1,38656,1696058111.6485627
1,38672,1696058111.6603405
1,38688,1696058111.672076
1,38704,1696058111.6834962
1,38720,1696058111.6960688
1,38736,1696058111.70799
1,38752,1696058111.7192678
1,38768,1696058111.7328029
1,38784,1696058111.7449276
1,38800,1696058111.7567737
1,38816,1696058111.7691877
1,38832,1696058111.7809312
1,38848,1696058111.7920675
1,38864,1696058111.8034978
1,38880,1696058111.8168287
1,38896,1696058111.82797
1,38912,1696058111.8393493
1,38928,1696058111.8523355
1,38944,1696058111.8651354
1,38960,1696058111.8762782
1,38976,1696058111.8896878
1,38992,1696058111.9013326
1,39008,1696058111.9126208
1,39024,1696058111.923892
1,39040,1696058111.935792
1,39056,1696058111.9490082
1,39072,1696058111.9618013
1,39088,1696058111.97332
1,39104,1696058111.9863243
1,39120,1696058111.9981835
1,39136,1696058112.0118964
1,39152,1696058112.0242822
1,39168,1696058112.0359666
1,39184,1696058112.0496135
1,39200,1696058112.062558
1,39216,1696058112.0771
1,39232,1696058112.089637
1,39248,1696058112.1033645
1,39264,1696058112.1172338
1,39280,1696058112.1295865
1,39296,1696058112.1428165
1,39312,1696058112.1538005
1,39328,1696058112.1667671
1,39344,1696058112.1815383
1,39360,1696058112.1933248
1,39376,1696058112.2053082
1,39392,1696058112.2177641
1,39408,1696058112.2300856
1,39424,1696058112.2430267
1,39440,1696058112.2547708
1,39456,1696058112.2667596
1,39472,1696058112.2796097
1,39488,1696058112.291979
1,39504,1696058112.303678
1,39520,1696058112.3164988
1,39536,1696058112.3288329
1,39552,1696058112.3408947
1,39568,1696058112.3538299
1,39584,1696058112.367102
1,39600,1696058112.3800135
1,39616,1696058112.3931487
1,39632,1696058112.4047458
1,39648,1696058112.4182584
1,39664,1696058112.4302511
1,39680,1696058112.4456573
1,39696,1696058112.4586678
1,39712,1696058112.4705389
1,39728,1696058112.482457
1,39744,1696058112.4961581
1,39760,1696058112.5086992
1,39776,1696058112.520355
1,39792,1696058112.5322862
1,39808,1696058112.5437715
1,39824,1696058112.5578685
1,39840,1696058112.569898
1,39856,1696058112.581298
1,39872,1696058112.5939121
1,39888,1696058112.606139
1,39904,1696058112.6174698
1,39920,1696058112.6304557
1,39936,1696058112.642544
1,39952,1696058112.6542768
1,39968,1696058112.6666691
1,39984,1696058112.678683
1,40000,1696058112.690137
1,40016,1696058112.702656
1,40032,1696058112.7146716
1,40048,1696058112.726535
1,40064,1696058112.7388005
1,40080,1696058112.7506528
1,40096,1696058112.7623417
1,40112,1696058112.7747355
1,40128,1696058112.787189
1,40144,1696058112.799417
1,40160,1696058112.8116941
1,40176,1696058112.82405
1,40192,1696058112.835804
1,40208,1696058112.8473027
1,40224,1696058112.8608208
1,40240,1696058112.8742356
1,40256,1696058112.8882039
1,40272,1696058112.9002764
1,40288,1696058112.9115324
1,40304,1696058112.924301
1,40320,1696058112.93664
1,40336,1696058112.9483871
1,40352,1696058112.9612281
1,40368,1696058112.9744883
1,40384,1696058112.9864302
1,40400,1696058112.9986115
1,40416,1696058113.0112815
1,40432,1696058113.0231133
1,40448,1696058113.0355952
1,40464,1696058113.0479825
1,40480,1696058113.0603611
1,40496,1696058113.072095
1,40512,1696058113.0834484
1,40528,1696058113.0960214
1,40544,1696058113.108352
1,40560,1696058113.1200523
1,40576,1696058113.1313941
1,40592,1696058113.1440651
1,40608,1696058113.1562912
1,40624,1696058113.168796
1,40640,1696058113.1825576
1,40656,1696058113.1956828
1,40672,1696058113.2085047
1,40688,1696058113.2206466
1,40704,1696058113.2329237
1,40720,1696058113.2467053
1,40736,1696058113.2583737
1,40752,1696058113.2702825
1,40768,1696058113.2843635
1,40784,1696058113.2963526
1,40800,1696058113.3073976
1,40816,1696058113.3227615
1,40832,1696058113.3369794
1,40848,1696058113.3483484
1,40864,1696058113.3611317
1,40880,1696058113.372876
1,40896,1696058113.384407
1,40912,1696058113.3994644
1,40928,1696058113.4103687
1,40944,1696058113.4250498
1,40960,1696058113.4375832
1,40976,1696058113.4494014
1,40992,1696058113.4623032
1,41008,1696058113.4741008
1,41024,1696058113.4869814
1,41040,1696058113.4988184
1,41056,1696058113.5107965
1,41072,1696058113.5232239
1,41088,1696058113.5350492
1,41104,1696058113.5472126
1,41120,1696058113.5598574
1,41136,1696058113.5721223
1,41152,1696058113.5852733
1,41168,1696058113.5987556
1,41184,1696058113.6108959
1,41200,1696058113.6242602
1,41216,1696058113.6373692
1,41232,1696058113.6488445
1,41248,1696058113.6630096
1,41264,1696058113.6748736
1,41280,1696058113.6880178
1,41296,1696058113.7003083
1,41312,1696058113.7119815
1,41328,1696058113.7246413
1,41344,1696058113.7364814
1,41360,1696058113.750147
1,41376,1696058113.764196
1,41392,1696058113.775472
1,41408,1696058113.7881913
1,41424,1696058113.800975
1,41440,1696058113.812731
1,41456,1696058113.8256114
1,41472,1696058113.8386261
1,41488,1696058113.8510442
1,41504,1696058113.8642943
1,41520,1696058113.8764503
1,41536,1696058113.8882577
1,41552,1696058113.9000533
1,41568,1696058113.9121702
1,41584,1696058113.924178
1,41600,1696058113.9389157
1,41616,1696058113.951014
1,41632,1696058113.9628375
1,41648,1696058113.9751148
1,41664,1696058113.9926846
1,41680,1696058114.0039277
1,41696,1696058114.017262
1,41712,1696058114.0287895
1,41728,1696058114.0403106
1,41744,1696058114.0544062
1,41760,1696058114.0686414
1,41776,1696058114.0799348
1,41792,1696058114.091255
1,41808,1696058114.1039867
1,41824,1696058114.1158023
1,41840,1696058114.1302161
1,41856,1696058114.1439629
1,41872,1696058114.157775
1,41888,1696058114.1708045
1,41904,1696058114.1836057
1,41920,1696058114.198354
1,41936,1696058114.2131224
1,41952,1696058114.2255034
1,41968,1696058114.238269
1,41984,1696058114.2502213
1,42000,1696058114.2617772
1,42016,1696058114.2743478
1,42032,1696058114.286247
1,42048,1696058114.297797
1,42064,1696058114.3101964
1,42080,1696058114.3221676
1,42096,1696058114.333908
1,42112,1696058114.347028
1,42128,1696058114.359039
1,42144,1696058114.3712819
1,42160,1696058114.3845007
1,42176,1696058114.396201
1,42192,1696058114.4092357
1,42208,1696058114.422094
1,42224,1696058114.4349926
1,42240,1696058114.4480202
1,42256,1696058114.459381
1,42272,1696058114.4720542
1,42288,1696058114.4840357
1,42304,1696058114.4961808
1,42320,1696058114.5080955
1,42336,1696058114.519614
1,42352,1696058114.5327551
1,42368,1696058114.545363
1,42384,1696058114.556704
1,42400,1696058114.5681715
1,42416,1696058114.5801268
1,42432,1696058114.5935597
1,42448,1696058114.6055245
1,42464,1696058114.6168394
1,42480,1696058114.628567
1,42496,1696058114.6421301
1,42512,1696058114.654246
1,42528,1696058114.6661758
1,42544,1696058114.6788688
1,42560,1696058114.6907582
1,42576,1696058114.7028055
1,42592,1696058114.7155905
1,42608,1696058114.7269478
1,42624,1696058114.7390738
1,42640,1696058114.7513971
1,42656,1696058114.7631798
1,42672,1696058114.7758212
1,42688,1696058114.7886858
1,42704,1696058114.800125
1,42720,1696058114.8114803
1,42736,1696058114.8242285
1,42752,1696058114.8368397
1,42768,1696058114.8480968
1,42784,1696058114.8594463
1,42800,1696058114.8720117
1,42816,1696058114.8838646
1,42832,1696058114.8956995
1,42848,1696058114.908356
1,42864,1696058114.9202714
1,42880,1696058114.9314055
1,42896,1696058114.9439867
1,42912,1696058114.9562643
1,42928,1696058114.9678903
1,42944,1696058114.9825654
1,42960,1696058114.9943871
1,42976,1696058115.0067306
1,42992,1696058115.0186985
1,43008,1696058115.0301406
1,43024,1696058115.0429213
1,43040,1696058115.054899
1,43056,1696058115.0669508
1,43072,1696058115.0799177
1,43088,1696058115.091257
1,43104,1696058115.1037593
1,43120,1696058115.1157339
1,43136,1696058115.1282945
1,43152,1696058115.1408284
1,43168,1696058115.15361
1,43184,1696058115.1654823
1,43200,1696058115.1786923
1,43216,1696058115.1905694
1,43232,1696058115.2024472
1,43248,1696058115.2150676
1,43264,1696058115.2271073
1,43280,1696058115.239542
1,43296,1696058115.2518413
1,43312,1696058115.2637048
1,43328,1696058115.2767706
1,43344,1696058115.2889187
1,43360,1696058115.3004088
1,43376,1696058115.3137643
1,43392,1696058115.3275146
1,43408,1696058115.3401382
1,43424,1696058115.3524404
1,43440,1696058115.3635705
1,43456,1696058115.376321
1,43472,1696058115.3883376
1,43488,1696058115.3999608
1,43504,1696058115.4118385
1,43520,1696058115.4250073
1,43536,1696058115.4365504
1,43552,1696058115.4478981
1,43568,1696058115.4608471
1,43584,1696058115.473101
1,43600,1696058115.4843411
1,43616,1696058115.4957478
1,43632,1696058115.5085633
1,43648,1696058115.5205035
1,43664,1696058115.5332756
1,43680,1696058115.5446332
1,43696,1696058115.5561793
1,43712,1696058115.5714037
1,43728,1696058115.583567
1,43744,1696058115.5963562
1,43760,1696058115.6088717
1,43776,1696058115.620093
1,43792,1696058115.6314428
1,43808,1696058115.6440697
1,43824,1696058115.6563797
1,43840,1696058115.6680307
1,43856,1696058115.6796393
1,43872,1696058115.6924906
1,43888,1696058115.7048755
1,43904,1696058115.7162137
1,43920,1696058115.7276113
1,43936,1696058115.740169
1,43952,1696058115.7519991
1,43968,1696058115.7633693
1,43984,1696058115.775954
1,44000,1696058115.7880807
1,44016,1696058115.7997472
1,44032,1696058115.8126392
1,44048,1696058115.8247883
1,44064,1696058115.836044
1,44080,1696058115.8476112
1,44096,1696058115.8603675
1,44112,1696058115.8724825
1,44128,1696058115.8833632
1,44144,1696058115.8951805
1,44160,1696058115.9078066
1,44176,1696058115.919996
1,44192,1696058115.9317796
1,44208,1696058115.9446702
1,44224,1696058115.9567683
1,44240,1696058115.9694598
1,44256,1696058115.9807436
1,44272,1696058115.992216
1,44288,1696058116.0052454
1,44304,1696058116.0166836
1,44320,1696058116.0280993
1,44336,1696058116.0411358
1,44352,1696058116.0534132
1,44368,1696058116.064894
1,44384,1696058116.0767765
1,44400,1696058116.0889273
1,44416,1696058116.1098607
1,44432,1696058116.1217306
1,44448,1696058116.13395
1,44464,1696058116.1453815
1,44480,1696058116.160444
1,44496,1696058116.1717365
1,44512,1696058116.1843338
1,44528,1696058116.1987221
1,44544,1696058116.2122822
1,44560,1696058116.2235413
1,44576,1696058116.2352445
1,44592,1696058116.2480037
1,44608,1696058116.263515
1,44624,1696058116.2746763
1,44640,1696058116.286625
1,44656,1696058116.2992864
1,44672,1696058116.31357
1,44688,1696058116.3247893
1,44704,1696058116.3358755
1,44720,1696058116.346955
1,44736,1696058116.360376
1,44752,1696058116.3711047
1,44768,1696058116.381957
1,44784,1696058116.392983
1,44800,1696058116.4073892
1,44816,1696058116.419418
1,44832,1696058116.4309752
1,44848,1696058116.4429438
1,44864,1696058116.4553251
1,44880,1696058116.4672942
1,44896,1696058116.480287
1,44912,1696058116.4928114
1,44928,1696058116.5039937
1,44944,1696058116.5167484
1,44960,1696058116.528532
1,44976,1696058116.539863
1,44992,1696058116.552792
1,45008,1696058116.564902
1,45024,1696058116.5761094
1,45040,1696058116.5877335
1,45056,1696058116.5997531
1,45072,1696058116.611603
1,45088,1696058116.6244435
1,45104,1696058116.6370306
1,45120,1696058116.6486616
1,45136,1696058116.6601567
1,45152,1696058116.67486
1,45168,1696058116.688569
1,45184,1696058116.7010758
1,45200,1696058116.715202
1,45216,1696058116.7314591
1,45232,1696058116.7500632
1,45248,1696058116.7698843
1,45264,1696058116.7902822
1,45280,1696058116.8103192
1,45296,1696058116.8301027
1,45312,1696058116.849916
1,45328,1696058116.8693523
1,45344,1696058116.8885195
1,45360,1696058116.9053917
1,45376,1696058116.9194767
1,45392,1696058116.9366457
1,45408,1696058116.952859
1,45424,1696058116.9678178
1,45440,1696058116.9804327
1,45456,1696058116.9921412
1,45472,1696058117.0035224
1,45488,1696058117.0163586
1,45504,1696058117.0286913
1,45520,1696058117.0398953
1,45536,1696058117.05122
1,45552,1696058117.0639086
1,45568,1696058117.076072
1,45584,1696058117.0876925
1,45600,1696058117.100375
1,45616,1696058117.1144443
1,45632,1696058117.1261244
1,45648,1696058117.1384885
1,45664,1696058117.1504273
1,45680,1696058117.162091
1,45696,1696058117.174671
1,45712,1696058117.1864913
1,45728,1696058117.1983633
1,45744,1696058117.2112987
1,45760,1696058117.2228568
1,45776,1696058117.2349539
1,45792,1696058117.2477527
1,45808,1696058117.2590742
1,45824,1696058117.2714686
1,45840,1696058117.2836752
1,45856,1696058117.2954617
1,45872,1696058117.30815
1,45888,1696058117.3205023
1,45904,1696058117.3316867
1,45920,1696058117.3430912
1,45936,1696058117.35548
1,45952,1696058117.36769
1,45968,1696058117.379446
1,45984,1696058117.3921857
1,46000,1696058117.4043462
1,46016,1696058117.4155498
1,46032,1696058117.4282966
1,46048,1696058117.4405854
1,46064,1696058117.451778
1,46080,1696058117.463185
1,46096,1696058117.475745
1,46112,1696058117.4879456
1,46128,1696058117.4995859
1,46144,1696058117.512379
1,46160,1696058117.5247116
1,46176,1696058117.5359695
1,46192,1696058117.547341
1,46208,1696058117.5599263
1,46224,1696058117.5720744
1,46240,1696058117.5841062
1,46256,1696058117.5956542
1,46272,1696058117.6085606
1,46288,1696058117.6207383
1,46304,1696058117.6320007
1,46320,1696058117.6433697
1,46336,1696058117.655953
1,46352,1696058117.6682978
1,46368,1696058117.6795526
1,46384,1696058117.6924317
1,46400,1696058117.7046583
1,46416,1696058117.7162952
1,46432,1696058117.7276134
1,46448,1696058117.7404296
1,46464,1696058117.7523952
1,46480,1696058117.7637966
1,46496,1696058117.7765865
1,46512,1696058117.7887528
1,46528,1696058117.80004
1,46544,1696058117.8124669
1,46560,1696058117.8256495
1,46576,1696058117.8370256
1,46592,1696058117.8500977
1,46608,1696058117.8669245
1,46624,1696058117.886348
1,46640,1696058117.9057498
1,46656,1696058117.9258795
1,46672,1696058117.9449558
1,46688,1696058117.9635773
1,46704,1696058117.9777575
1,46720,1696058117.991543
1,46736,1696058118.0032096
1,46752,1696058118.0152407
1,46768,1696058118.0278928
1,46784,1696058118.0391428
1,46800,1696058118.0530455
1,46816,1696058118.0656326
1,46832,1696058118.0770402
1,46848,1696058118.0900877
1,46864,1696058118.1016202
1,46880,1696058118.1127684
1,46896,1696058118.126877
1,46912,1696058118.1389377
1,46928,1696058118.1508057
1,46944,1696058118.1630895
1,46960,1696058118.1748812
1,46976,1696058118.1898324
1,46992,1696058118.202326
1,47008,1696058118.214888
1,47024,1696058118.2276523
1,47040,1696058118.2383132
1,47056,1696058118.2512057
1,47072,1696058118.2637644
1,47088,1696058118.2746534
1,47104,1696058118.2871761
1,47120,1696058118.2999692
1,47136,1696058118.3114777
1,47152,1696058118.3241503
1,47168,1696058118.3359904
1,47184,1696058118.3481512
1,47200,1696058118.3589199
1,47216,1696058118.3712993
1,47232,1696058118.3858812
1,47248,1696058118.3977444
1,47264,1696058118.4098134
1,47280,1696058118.421613
1,47296,1696058118.433751
1,47312,1696058118.4456143
1,47328,1696058118.4577081
1,47344,1696058118.4710746
1,47360,1696058118.4827592
1,47376,1696058118.494692
1,47392,1696058118.5072277
1,47408,1696058118.5190513
1,47424,1696058118.5312166
1,47440,1696058118.5442252
1,47456,1696058118.5548692
1,47472,1696058118.5681357
1,47488,1696058118.5814056
1,47504,1696058118.5928123
1,47520,1696058118.6055496
1,47536,1696058118.616564
1,47552,1696058118.6279345
1,47568,1696058118.6404822
1,47584,1696058118.6549532
1,47600,1696058118.666983
1,47616,1696058118.679228
1,47632,1696058118.6908133
1,47648,1696058118.703316
1,47664,1696058118.7148986
1,47680,1696058118.7278256
1,47696,1696058118.739996
1,47712,1696058118.7543862
1,47728,1696058118.768078
1,47744,1696058118.7799826
1,47760,1696058118.7915883
1,47776,1696058118.804467
1,47792,1696058118.816417
1,47808,1696058118.827649
1,47824,1696058118.8403609
1,47840,1696058118.8521695
1,47856,1696058118.8639014
1,47872,1696058118.877908
1,47888,1696058118.8925657
1,47904,1696058118.904116
1,47920,1696058118.9150352
1,47936,1696058118.9290402
1,47952,1696058118.9416022
1,47968,1696058118.9534273
1,47984,1696058118.966538
1,48000,1696058118.9780173
1,48016,1696058118.9902098
1,48032,1696058119.0028079
1,48048,1696058119.0139968
1,48064,1696058119.025609
1,48080,1696058119.0391257
1,48096,1696058119.050872
1,48112,1696058119.063269
1,48128,1696058119.07581
1,48144,1696058119.0873232
1,48160,1696058119.0992334
1,48176,1696058119.111798
1,48192,1696058119.1247954
1,48208,1696058119.1385877
1,48224,1696058119.150299
1,48240,1696058119.161758
1,48256,1696058119.1739216
1,48272,1696058119.1862242
1,48288,1696058119.197414
1,48304,1696058119.2101948
1,48320,1696058119.222488
1,48336,1696058119.2365692
1,48352,1696058119.2495403
1,48368,1696058119.261434
1,48384,1696058119.2743602
1,48400,1696058119.286235
1,48416,1696058119.2989156
1,48432,1696058119.3107414
1,48448,1696058119.3227158
1,48464,1696058119.3350632
1,48480,1696058119.3474276
1,48496,1696058119.3594263
1,48512,1696058119.3720815
1,48528,1696058119.3842995
1,48544,1696058119.3985672
1,48560,1696058119.4103377
1,48576,1696058119.4221623
1,48592,1696058119.4338212
1,48608,1696058119.446433
1,48624,1696058119.4598758
1,48640,1696058119.4713776
1,48656,1696058119.4838135
1,48672,1696058119.495752
1,48688,1696058119.5071936
1,48704,1696058119.5206828
1,48720,1696058119.5344563
1,48736,1696058119.5461748
1,48752,1696058119.5575356
1,48768,1696058119.5703447
1,48784,1696058119.581634
1,48800,1696058119.5927773
1,48816,1696058119.6090822
1,48832,1696058119.6236713
1,48848,1696058119.6362903
1,48864,1696058119.6477065
1,48880,1696058119.6604683
1,48896,1696058119.6747131
1,48912,1696058119.6865935
1,48928,1696058119.6994133
1,48944,1696058119.7111163
1,48960,1696058119.723515
1,48976,1696058119.7358868
1,48992,1696058119.748111
1,49008,1696058119.7591388
1,49024,1696058119.773319
1,49040,1696058119.7863138
1,49056,1696058119.798284
1,49072,1696058119.8114088
1,49088,1696058119.823098
1,49104,1696058119.8356192
1,49120,1696058119.847897
1,49136,1696058119.8597496
1,49152,1696058119.8727217
1,49168,1696058119.8849733
1,49184,1696058119.8963404
1,49200,1696058119.9080584
1,49216,1696058119.9210157
1,49232,1696058119.9330719
1,49248,1696058119.9444673
1,49264,1696058119.95947
1,49280,1696058119.97149
1,49296,1696058119.9837022
1,49312,1696058119.9953206
1,49328,1696058120.0103693
1,49344,1696058120.0244493
1,49360,1696058120.0359027
1,49376,1696058120.047376
1,49392,1696058120.0606096
1,49408,1696058120.073223
1,49424,1696058120.0846796
1,49440,1696058120.0964608
1,49456,1696058120.110173
1,49472,1696058120.122289
1,49488,1696058120.1340718
1,49504,1696058120.1472313
1,49520,1696058120.1591613
1,49536,1696058120.1714234
1,49552,1696058120.1837022
1,49568,1696058120.195547
1,49584,1696058120.2084517
1,49600,1696058120.2207885
1,49616,1696058120.2320614
1,49632,1696058120.2435615
1,49648,1696058120.2567246
1,49664,1696058120.2689474
1,49680,1696058120.2802541
1,49696,1696058120.2917767
1,49712,1696058120.3048809
1,49728,1696058120.3171031
1,49744,1696058120.3284
1,49760,1696058120.3400948
1,49776,1696058120.3528616
1,49792,1696058120.3650453
1,49808,1696058120.376351
1,49824,1696058120.3878725
1,49840,1696058120.4004426
1,49856,1696058120.4122283
1,49872,1696058120.4236114
1,49888,1696058120.442484
1,49904,1696058120.453162
1,49920,1696058120.463546
1,49936,1696058120.474001
1,49952,1696058120.4843602
1,49968,1696058120.494427
1,49984,1696058120.505069
1,50000,1696058120.5158303
2,16,1696058120.7700267
2,32,1696058120.7841015
2,48,1696058120.7950609
2,64,1696058120.8072696
2,80,1696058120.8172204
2,96,1696058120.8288512
2,112,1696058120.8387935
2,128,1696058120.8510103
2,144,1696058120.8609414
2,160,1696058120.8752558
2,176,1696058120.8851283
2,192,1696058120.8989923
2,208,1696058120.9092607
2,224,1696058120.922836
2,240,1696058120.9326782
2,256,1696058120.9447389
2,272,1696058120.9545817
2,288,1696058120.966934
2,304,1696058120.977786
2,320,1696058120.9900362
2,336,1696058120.9998984
2,352,1696058121.0133111
2,368,1696058121.0231485
2,384,1696058121.0352597
2,400,1696058121.0451095
2,416,1696058121.057101
2,432,1696058121.067696
2,448,1696058121.0804212
2,464,1696058121.0902956
2,480,1696058121.1042886
2,496,1696058121.114202
2,512,1696058121.1262724
2,528,1696058121.136133
2,544,1696058121.147824
2,560,1696058121.1577077
2,576,1696058121.1697817
2,592,1696058121.1796098
2,608,1696058121.1913455
2,624,1696058121.2012396
2,640,1696058121.2155778
2,656,1696058121.2276654
2,672,1696058121.2385302
2,688,1696058121.2484434
2,704,1696058121.2606275
2,720,1696058121.2704995
2,736,1696058121.280354
2,752,1696058121.290209
2,768,1696058121.3022404
2,784,1696058121.312098
2,800,1696058121.3219695
2,816,1696058121.3318338
2,832,1696058121.3438847
2,848,1696058121.353749
2,864,1696058121.3635814
2,880,1696058121.3735414
2,896,1696058121.3858974
2,912,1696058121.3963015
2,928,1696058121.406659
2,944,1696058121.4169843
2,960,1696058121.4289849
2,976,1696058121.43883
2,992,1696058121.4486802
2,1008,1696058121.4585204
2,1024,1696058121.470551
2,1040,1696058121.4807959
2,1056,1696058121.49115
2,1072,1696058121.501509
2,1088,1696058121.5134704
2,1104,1696058121.5233104
2,1120,1696058121.533184
2,1136,1696058121.543039
2,1152,1696058121.5550752
2,1168,1696058121.5651147
2,1184,1696058121.5759113
2,1200,1696058121.5877535
2,1216,1696058121.6031864
2,1232,1696058121.6140292
2,1248,1696058121.6259148
2,1264,1696058121.638588
2,1280,1696058121.6530125
2,1296,1696058121.6638641
2,1312,1696058121.6767735
2,1328,1696058121.6889486
2,1344,1696058121.7024093
2,1360,1696058121.714372
2,1376,1696058121.7264452
2,1392,1696058121.738213
2,1408,1696058121.7528598
2,1424,1696058121.7637227
2,1440,1696058121.781121
2,1456,1696058121.7945547
2,1472,1696058121.806306
2,1488,1696058121.818072
2,1504,1696058121.8311915
2,1520,1696058121.8429222
2,1536,1696058121.8549962
2,1552,1696058121.8676493
2,1568,1696058121.8815892
2,1584,1696058121.8939219
2,1600,1696058121.9060483
2,1616,1696058121.9182749
2,1632,1696058121.9293218
2,1648,1696058121.9418273
2,1664,1696058121.9546082
2,1680,1696058121.9664075
2,1696,1696058121.9787736
2,1712,1696058121.9906054
2,1728,1696058122.0020423
2,1744,1696058122.0151958
2,1760,1696058122.0263312
2,1776,1696058122.0383286
2,1792,1696058122.0513985
2,1808,1696058122.0630856
2,1824,1696058122.0757015
2,1840,1696058122.087892
2,1856,1696058122.0991075
2,1872,1696058122.1124427
2,1888,1696058122.1247618
2,1904,1696058122.1378763
2,1920,1696058122.1497352
2,1936,1696058122.1611366
2,1952,1696058122.174211
2,1968,1696058122.185621
2,1984,1696058122.1968193
2,2000,1696058122.2107785
2,2016,1696058122.2227838
2,2032,1696058122.234674
2,2048,1696058122.2470508
2,2064,1696058122.2587407
2,2080,1696058122.2712166
2,2096,1696058122.283514
2,2112,1696058122.296235
2,2128,1696058122.3095412
2,2144,1696058122.3209827
2,2160,1696058122.3338768
2,2176,1696058122.3454902
2,2192,1696058122.3566685
2,2208,1696058122.3687286
2,2224,1696058122.3809383
2,2240,1696058122.3928013
2,2256,1696058122.4054685
2,2272,1696058122.4188464
2,2288,1696058122.4305294
2,2304,1696058122.4421327
2,2320,1696058122.454654
2,2336,1696058122.4672985
2,2352,1696058122.4794896
2,2368,1696058122.4913094
2,2384,1696058122.5055418
2,2400,1696058122.5186288
2,2416,1696058122.5306895
2,2432,1696058122.5430555
2,2448,1696058122.5557792
2,2464,1696058122.567734
2,2480,1696058122.5802417
2,2496,1696058122.5924258
2,2512,1696058122.6036541
2,2528,1696058122.6149979
2,2544,1696058122.6293042
2,2560,1696058122.642201
2,2576,1696058122.6542854
2,2592,1696058122.6671221
2,2608,1696058122.6783311
2,2624,1696058122.690724
2,2640,1696058122.703152
2,2656,1696058122.7158215
2,2672,1696058122.7287073
2,2688,1696058122.740885
2,2704,1696058122.7523835
2,2720,1696058122.7635229
2,2736,1696058122.775757
2,2752,1696058122.7871647
2,2768,1696058122.8014247
2,2784,1696058122.8140926
2,2800,1696058122.8258307
2,2816,1696058122.838464
2,2832,1696058122.8512473
2,2848,1696058122.8637679
2,2864,1696058122.8759766
2,2880,1696058122.887175
2,2896,1696058122.8991385
2,2912,1696058122.9129717
2,2928,1696058122.9240046
2,2944,1696058122.9362724
2,2960,1696058122.950293
2,2976,1696058122.9636066
2,2992,1696058122.974809
2,3008,1696058122.9871712
2,3024,1696058122.9997683
2,3040,1696058123.0114496
2,3056,1696058123.0232286
2,3072,1696058123.0375907
2,3088,1696058123.049388
2,3104,1696058123.0622756
2,3120,1696058123.0740173
2,3136,1696058123.0851927
2,3152,1696058123.0976198
2,3168,1696058123.1107814
2,3184,1696058123.1220703
2,3200,1696058123.1351244
2,3216,1696058123.1471593
2,3232,1696058123.1593935
2,3248,1696058123.172096
2,3264,1696058123.182715
2,3280,1696058123.1948364
2,3296,1696058123.2085698
2,3312,1696058123.2199855
2,3328,1696058123.2321012
2,3344,1696058123.2466137
2,3360,1696058123.259505
2,3376,1696058123.273378
2,3392,1696058123.2843513
2,3408,1696058123.2970312
2,3424,1696058123.310667
2,3440,1696058123.3218844
2,3456,1696058123.3350239
2,3472,1696058123.3471372
2,3488,1696058123.3596795
2,3504,1696058123.371924
2,3520,1696058123.3836992
2,3536,1696058123.3966267
2,3552,1696058123.4082975
2,3568,1696058123.4194484
2,3584,1696058123.431778
2,3600,1696058123.446412
2,3616,1696058123.4585857
2,3632,1696058123.4713407
2,3648,1696058123.4824035
2,3664,1696058123.4948678
2,3680,1696058123.5077605
2,3696,1696058123.519067
2,3712,1696058123.5314174
2,3728,1696058123.5437496
2,3744,1696058123.5555537
2,3760,1696058123.5681827
2,3776,1696058123.5801492
2,3792,1696058123.594426
2,3808,1696058123.6061795
2,3824,1696058123.6189675
2,3840,1696058123.6306236
2,3856,1696058123.6411555
2,3872,1696058123.6524057
2,3888,1696058123.6630049
2,3904,1696058123.677252
2,3920,1696058123.6889374
2,3936,1696058123.6997716
2,3952,1696058123.7106667
2,3968,1696058123.724216
2,3984,1696058123.7351837
2,4000,1696058123.7460802
2,4016,1696058123.7569585
2,4032,1696058123.7703874
2,4048,1696058123.7813883
2,4064,1696058123.794404
2,4080,1696058123.8062127
2,4096,1696058123.8200076
2,4112,1696058123.830827
2,4128,1696058123.8417408
2,4144,1696058123.8525996
2,4160,1696058123.866083
2,4176,1696058123.8771656
2,4192,1696058123.8880334
2,4208,1696058123.898917
2,4224,1696058123.9123914
2,4240,1696058123.9232857
2,4256,1696058123.9341662
2,4272,1696058123.9450548
2,4288,1696058123.9585125
2,4304,1696058123.96946
2,4320,1696058123.980296
2,4336,1696058123.991155
2,4352,1696058124.0046031
2,4368,1696058124.0155585
2,4384,1696058124.0264559
2,4400,1696058124.037333
2,4416,1696058124.0507493
2,4432,1696058124.0617416
2,4448,1696058124.0725954
2,4464,1696058124.0834522
2,4480,1696058124.0969126
2,4496,1696058124.1078897
2,4512,1696058124.1187592
2,4528,1696058124.1337192
2,4544,1696058124.1461484
2,4560,1696058124.1578226
2,4576,1696058124.1690738
2,4592,1696058124.1822472
2,4608,1696058124.1988204
2,4624,1696058124.2096581
2,4640,1696058124.220626
2,4656,1696058124.2314875
2,4672,1696058124.2449782
2,4688,1696058124.2557473
2,4704,1696058124.2666419
2,4720,1696058124.2775252
2,4736,1696058124.290946
2,4752,1696058124.301931
2,4768,1696058124.3127851
2,4784,1696058124.3236556
2,4800,1696058124.3371055
2,4816,1696058124.3480468
2,4832,1696058124.358923
2,4848,1696058124.3697875
2,4864,1696058124.3832452
2,4880,1696058124.3940964
2,4896,1696058124.4049733
2,4912,1696058124.415858
2,4928,1696058124.4293373
2,4944,1696058124.440399
2,4960,1696058124.4523811
2,4976,1696058124.4631958
2,4992,1696058124.4810097
2,5008,1696058124.492043
2,5024,1696058124.5052624
