epoch,trained_sample,time
1,0,1696067237.4135954
1,128,1696067238.661532
1,256,1696067238.7411642
1,384,1696067238.831873
1,512,1696067238.920693
1,640,1696067239.009332
1,768,1696067239.098081
1,896,1696067239.1869862
1,1024,1696067239.275815
1,1152,1696067239.3647492
1,1280,1696067239.4535472
1,1408,1696067239.5422702
1,1536,1696067239.6309679
1,1664,1696067239.71979
1,1792,1696067239.8086963
1,1920,1696067239.8976762
1,2048,1696067239.9865289
1,2176,1696067240.0754545
1,2304,1696067240.1641707
1,2432,1696067240.252867
1,2560,1696067240.341478
1,2688,1696067240.4303653
1,2816,1696067240.5193129
1,2944,1696067240.6082044
1,3072,1696067240.6970763
1,3200,1696067240.7859466
1,3328,1696067240.8748796
1,3456,1696067240.9635904
1,3584,1696067241.0523677
1,3712,1696067241.1410906
1,3840,1696067241.2300258
1,3968,1696067241.3190005
1,4096,1696067241.4079068
1,4224,1696067241.4968576
1,4352,1696067241.585832
1,4480,1696067241.674867
1,4608,1696067241.763545
1,4736,1696067241.852264
1,4864,1696067241.94096
1,4992,1696067242.029842
1,5120,1696067242.1187367
1,5248,1696067242.2077005
1,5376,1696067242.296685
1,5504,1696067242.385616
1,5632,1696067242.474623
1,5760,1696067242.5633473
1,5888,1696067242.6521463
1,6016,1696067242.740897
1,6144,1696067242.8298159
1,6272,1696067242.9187129
1,6400,1696067243.0076883
1,6528,1696067243.096651
1,6656,1696067243.1855671
1,6784,1696067243.2745414
1,6912,1696067243.3634272
1,7040,1696067243.4524167
1,7168,1696067243.541594
1,7296,1696067243.6313372
1,7424,1696067243.7303035
1,7552,1696067243.829463
1,7680,1696067243.9296749
1,7808,1696067244.0294092
1,7936,1696067244.1279142
1,8064,1696067244.2220035
1,8192,1696067244.3183696
1,8320,1696067244.4169033
1,8448,1696067244.5142646
1,8576,1696067244.6110418
1,8704,1696067244.7103274
1,8832,1696067244.8071296
1,8960,1696067244.902571
1,9088,1696067245.0006785
1,9216,1696067245.096118
1,9344,1696067245.1920412
1,9472,1696067245.2890685
1,9600,1696067245.385247
1,9728,1696067245.4837
1,9856,1696067245.5779407
1,9984,1696067245.677404
1,10112,1696067245.7770183
1,10240,1696067245.8756597
1,10368,1696067245.9733438
1,10496,1696067246.0729337
1,10624,1696067246.1680624
1,10752,1696067246.2675254
1,10880,1696067246.366167
1,11008,1696067246.465672
1,11136,1696067246.5637438
1,11264,1696067246.6617203
1,11392,1696067246.7607136
1,11520,1696067246.8584592
1,11648,1696067246.9563413
1,11776,1696067247.0549135
1,11904,1696067247.1549451
1,12032,1696067247.2560055
1,12160,1696067247.35411
1,12288,1696067247.4536822
1,12416,1696067247.5511925
1,12544,1696067247.6510713
1,12672,1696067247.7511766
1,12800,1696067247.8508174
1,12928,1696067247.9483724
1,13056,1696067248.0488896
1,13184,1696067248.1459846
1,13312,1696067248.2606492
1,13440,1696067248.3873081
1,13568,1696067248.5167744
1,13696,1696067248.6446056
1,13824,1696067248.772045
1,13952,1696067248.9001284
1,14080,1696067249.026934
1,14208,1696067249.153405
1,14336,1696067249.279272
1,14464,1696067249.4076316
1,14592,1696067249.5370562
1,14720,1696067249.6669753
1,14848,1696067249.7951057
1,14976,1696067249.9226658
1,15104,1696067250.0515735
1,15232,1696067250.1795511
1,15360,1696067250.3067894
1,15488,1696067250.4344635
1,15616,1696067250.5618598
1,15744,1696067250.691659
1,15872,1696067250.8157787
1,16000,1696067250.9428496
1,16128,1696067251.069743
1,16256,1696067251.1967802
1,16384,1696067251.32377
1,16512,1696067251.450513
1,16640,1696067251.5773127
1,16768,1696067251.705534
1,16896,1696067251.8317878
1,17024,1696067251.9594517
1,17152,1696067252.0863204
1,17280,1696067252.213965
1,17408,1696067252.3411138
1,17536,1696067252.4686923
1,17664,1696067252.5961657
1,17792,1696067252.724487
1,17920,1696067252.8517022
1,18048,1696067252.9802177
1,18176,1696067253.1089306
1,18304,1696067253.2353883
1,18432,1696067253.362706
1,18560,1696067253.4910324
1,18688,1696067253.6196654
1,18816,1696067253.749038
1,18944,1696067253.877317
1,19072,1696067254.0049412
1,19200,1696067254.1316807
1,19328,1696067254.2590148
1,19456,1696067254.3866892
1,19584,1696067254.513282
1,19712,1696067254.6400816
1,19840,1696067254.7670753
1,19968,1696067254.8952267
1,20096,1696067255.0227308
1,20224,1696067255.1512756
1,20352,1696067255.279263
1,20480,1696067255.407358
1,20608,1696067255.5368602
1,20736,1696067255.6648483
1,20864,1696067255.7953372
1,20992,1696067255.9231489
1,21120,1696067256.0498886
1,21248,1696067256.1779373
1,21376,1696067256.3056836
1,21504,1696067256.4334216
1,21632,1696067256.5609033
1,21760,1696067256.688876
1,21888,1696067256.817886
1,22016,1696067256.945657
1,22144,1696067257.0731509
1,22272,1696067257.2019932
1,22400,1696067257.3312256
1,22528,1696067257.460015
1,22656,1696067257.5878413
1,22784,1696067257.7159116
1,22912,1696067257.84325
1,23040,1696067257.9706168
1,23168,1696067258.0994494
1,23296,1696067258.226509
1,23424,1696067258.3538845
1,23552,1696067258.4820151
1,23680,1696067258.6104274
1,23808,1696067258.7405975
1,23936,1696067258.8687105
1,24064,1696067258.9958174
1,24192,1696067259.1252358
1,24320,1696067259.2540514
1,24448,1696067259.3834794
1,24576,1696067259.5134258
1,24704,1696067259.6433518
1,24832,1696067259.772842
1,24960,1696067259.900716
1,25088,1696067260.0293715
1,25216,1696067260.156121
1,25344,1696067260.2832625
1,25472,1696067260.4109745
1,25600,1696067260.5393739
1,25728,1696067260.6673079
1,25856,1696067260.796671
1,25984,1696067260.9264615
1,26112,1696067261.057122
1,26240,1696067261.185108
1,26368,1696067261.3148758
1,26496,1696067261.4448833
1,26624,1696067261.574427
1,26752,1696067261.7051609
1,26880,1696067261.8334718
1,27008,1696067261.9619114
1,27136,1696067262.0921109
1,27264,1696067262.2213507
1,27392,1696067262.352489
1,27520,1696067262.4825559
1,27648,1696067262.612326
1,27776,1696067262.743253
1,27904,1696067262.8738005
1,28032,1696067263.0017254
1,28160,1696067263.1297004
1,28288,1696067263.2611332
1,28416,1696067263.3899622
1,28544,1696067263.5178244
1,28672,1696067263.6483378
1,28800,1696067263.776601
1,28928,1696067263.9054716
1,29056,1696067264.0362282
1,29184,1696067264.1662254
1,29312,1696067264.2958272
1,29440,1696067264.4246268
1,29568,1696067264.5537345
1,29696,1696067264.6848226
1,29824,1696067264.8138752
1,29952,1696067264.941738
1,30080,1696067265.0690293
1,30208,1696067265.1984897
1,30336,1696067265.326883
1,30464,1696067265.4562118
1,30592,1696067265.585537
1,30720,1696067265.714608
1,30848,1696067265.8423378
1,30976,1696067265.9712853
1,31104,1696067266.0994768
1,31232,1696067266.2282634
1,31360,1696067266.3565748
1,31488,1696067266.4838855
1,31616,1696067266.611503
1,31744,1696067266.7390983
1,31872,1696067266.865318
1,32000,1696067266.9925733
1,32128,1696067267.1214654
1,32256,1696067267.2503479
1,32384,1696067267.3766272
1,32512,1696067267.506714
1,32640,1696067267.6367824
1,32768,1696067267.7642424
1,32896,1696067267.893315
1,33024,1696067268.020685
1,33152,1696067268.1490993
1,33280,1696067268.2783167
1,33408,1696067268.4051805
1,33536,1696067268.5328703
1,33664,1696067268.6618862
1,33792,1696067268.7908823
1,33920,1696067268.9183168
1,34048,1696067269.0478766
1,34176,1696067269.176593
1,34304,1696067269.3047135
1,34432,1696067269.433567
1,34560,1696067269.5609374
1,34688,1696067269.6894476
1,34816,1696067269.8191392
1,34944,1696067269.9476752
1,35072,1696067270.0765836
1,35200,1696067270.2063305
1,35328,1696067270.3335695
1,35456,1696067270.4617786
1,35584,1696067270.591058
1,35712,1696067270.7212787
1,35840,1696067270.8512495
1,35968,1696067270.979067
1,36096,1696067271.108215
1,36224,1696067271.2336502
1,36352,1696067271.3640795
1,36480,1696067271.493352
1,36608,1696067271.6223838
1,36736,1696067271.7534308
1,36864,1696067271.883253
1,36992,1696067272.0119534
1,37120,1696067272.140358
1,37248,1696067272.2695343
1,37376,1696067272.3994875
1,37504,1696067272.5276554
1,37632,1696067272.6552494
1,37760,1696067272.7849097
1,37888,1696067272.9137647
1,38016,1696067273.0426545
1,38144,1696067273.17056
1,38272,1696067273.2990522
1,38400,1696067273.4264514
1,38528,1696067273.5181768
1,38656,1696067273.6076443
1,38784,1696067273.697932
1,38912,1696067273.787293
1,39040,1696067273.8766057
1,39168,1696067273.9660354
1,39296,1696067274.0561519
1,39424,1696067274.145452
1,39552,1696067274.2348042
1,39680,1696067274.3241978
1,39808,1696067274.414192
1,39936,1696067274.5036542
1,40064,1696067274.5927896
1,40192,1696067274.6821847
1,40320,1696067274.7719336
1,40448,1696067274.86185
1,40576,1696067274.9515197
1,40704,1696067275.0414555
1,40832,1696067275.1311777
1,40960,1696067275.2210383
1,41088,1696067275.310278
1,41216,1696067275.3994544
1,41344,1696067275.4889524
1,41472,1696067275.578354
1,41600,1696067275.667878
1,41728,1696067275.7572343
1,41856,1696067275.8465846
1,41984,1696067275.935954
1,42112,1696067276.0253835
1,42240,1696067276.114839
1,42368,1696067276.20418
1,42496,1696067276.293513
1,42624,1696067276.38288
1,42752,1696067276.4721003
1,42880,1696067276.5615091
1,43008,1696067276.650697
1,43136,1696067276.7400641
1,43264,1696067276.829452
1,43392,1696067276.9188201
1,43520,1696067277.0082664
1,43648,1696067277.097628
1,43776,1696067277.1871147
1,43904,1696067277.276426
1,44032,1696067277.36582
1,44160,1696067277.4552577
1,44288,1696067277.544575
1,44416,1696067277.6339123
1,44544,1696067277.7233276
1,44672,1696067277.8126051
1,44800,1696067277.9020123
1,44928,1696067277.9912252
1,45056,1696067278.080653
1,45184,1696067278.1700344
1,45312,1696067278.2594526
1,45440,1696067278.3487768
1,45568,1696067278.438221
1,45696,1696067278.5278327
1,45824,1696067278.6172621
1,45952,1696067278.7067761
1,46080,1696067278.796088
1,46208,1696067278.8855526
1,46336,1696067278.9749722
1,46464,1696067279.064321
1,46592,1696067279.1536791
1,46720,1696067279.2431357
1,46848,1696067279.3324509
1,46976,1696067279.4217956
1,47104,1696067279.5112407
1,47232,1696067279.6007216
1,47360,1696067279.689959
1,47488,1696067279.7793186
1,47616,1696067279.8686237
1,47744,1696067279.957983
1,47872,1696067280.0474741
1,48000,1696067280.1368654
1,48128,1696067280.2263231
1,48256,1696067280.3156536
1,48384,1696067280.405366
1,48512,1696067280.494702
1,48640,1696067280.5843964
1,48768,1696067280.6738577
1,48896,1696067280.7632973
1,49024,1696067280.8526888
1,49152,1696067280.9421055
1,49280,1696067281.0313547
1,49408,1696067281.1207566
1,49536,1696067281.2099257
1,49664,1696067281.299373
1,49792,1696067281.388545
1,49920,1696067281.477943
1,50000,1696067281.5788422
2,128,1696067281.8885849
2,256,1696067281.978001
2,384,1696067282.0676548
2,512,1696067282.1573431
2,640,1696067282.2470694
2,768,1696067282.3367589
2,896,1696067282.426614
2,1024,1696067282.5163848
2,1152,1696067282.6061769
2,1280,1696067282.6958587
2,1408,1696067282.7855902
2,1536,1696067282.8752193
2,1664,1696067282.965
2,1792,1696067283.054761
2,1920,1696067283.1444566
2,2048,1696067283.2341914
2,2176,1696067283.323945
2,2304,1696067283.4136095
2,2432,1696067283.5033085
