epoch,trained_sample,time
1,0,1696069165.4379947
1,16,1696069166.640091
1,32,1696069166.6616855
1,48,1696069166.6870215
1,64,1696069166.7076414
1,80,1696069166.7285473
1,96,1696069166.7487092
1,112,1696069166.770614
1,128,1696069166.7902503
1,144,1696069166.81039
1,160,1696069166.83074
1,176,1696069166.8502545
1,192,1696069166.8752706
1,208,1696069166.8901129
1,224,1696069166.913063
1,240,1696069166.932881
1,256,1696069166.953587
1,272,1696069166.9741979
1,288,1696069167.0007312
1,304,1696069167.0203238
1,320,1696069167.040351
1,336,1696069167.0561464
1,352,1696069167.0745773
1,368,1696069167.091683
1,384,1696069167.1082795
1,400,1696069167.1243696
1,416,1696069167.1425269
1,432,1696069167.1613126
1,448,1696069167.1791372
1,464,1696069167.195742
1,480,1696069167.2122738
1,496,1696069167.2281294
1,512,1696069167.2462835
1,528,1696069167.2650497
1,544,1696069167.2829852
1,560,1696069167.299763
1,576,1696069167.3160408
1,592,1696069167.330494
1,608,1696069167.3440728
1,624,1696069167.3581173
1,640,1696069167.3722165
1,656,1696069167.3862638
1,672,1696069167.399365
1,688,1696069167.4133172
1,704,1696069167.4322665
1,720,1696069167.4468524
1,736,1696069167.4609618
1,752,1696069167.4739769
1,768,1696069167.488683
1,784,1696069167.5018604
1,800,1696069167.516242
1,816,1696069167.5295563
1,832,1696069167.5470653
1,848,1696069167.5607483
1,864,1696069167.574304
1,880,1696069167.587615
1,896,1696069167.6020644
1,912,1696069167.6152625
1,928,1696069167.6291795
1,944,1696069167.6422448
1,960,1696069167.6596544
1,976,1696069167.673513
1,992,1696069167.6875176
1,1008,1696069167.705324
1,1024,1696069167.7259324
1,1040,1696069167.744604
1,1056,1696069167.761777
1,1072,1696069167.7754025
1,1088,1696069167.794437
1,1104,1696069167.808481
1,1120,1696069167.8225677
1,1136,1696069167.8366387
1,1152,1696069167.8544884
1,1168,1696069167.868407
1,1184,1696069167.8824897
1,1200,1696069167.8965251
1,1216,1696069167.9191144
1,1232,1696069167.9355183
1,1248,1696069167.9494445
1,1264,1696069167.9634902
1,1280,1696069167.9825945
1,1296,1696069167.996537
1,1312,1696069168.010652
1,1328,1696069168.0247047
1,1344,1696069168.0414693
1,1360,1696069168.0576534
1,1376,1696069168.0717099
1,1392,1696069168.0865428
1,1408,1696069168.108515
1,1424,1696069168.1261654
1,1440,1696069168.1404548
1,1456,1696069168.154098
1,1472,1696069168.1736064
1,1488,1696069168.1872394
1,1504,1696069168.202405
1,1520,1696069168.2163172
1,1536,1696069168.2368116
1,1552,1696069168.253935
1,1568,1696069168.2684367
1,1584,1696069168.2832043
1,1600,1696069168.2966998
1,1616,1696069168.3103893
1,1632,1696069168.3243752
1,1648,1696069168.3381982
1,1664,1696069168.354083
1,1680,1696069168.37483
1,1696,1696069168.3943107
1,1712,1696069168.4143515
1,1728,1696069168.4340944
1,1744,1696069168.454628
1,1760,1696069168.474471
1,1776,1696069168.4941266
1,1792,1696069168.514238
1,1808,1696069168.5348742
1,1824,1696069168.5491116
1,1840,1696069168.5733128
1,1856,1696069168.5907826
1,1872,1696069168.6099257
1,1888,1696069168.630544
1,1904,1696069168.6499295
1,1920,1696069168.670215
1,1936,1696069168.6907575
1,1952,1696069168.710002
1,1968,1696069168.7303495
1,1984,1696069168.7504675
1,2000,1696069168.7702363
1,2016,1696069168.7903025
1,2032,1696069168.8107014
1,2048,1696069168.8300486
1,2064,1696069168.8515441
1,2080,1696069168.870928
1,2096,1696069168.8906906
1,2112,1696069168.9100595
1,2128,1696069168.930399
1,2144,1696069168.950109
1,2160,1696069168.9698906
1,2176,1696069168.9890788
1,2192,1696069169.0123594
1,2208,1696069169.034723
1,2224,1696069169.053971
1,2240,1696069169.0736787
1,2256,1696069169.0932555
1,2272,1696069169.1167443
1,2288,1696069169.1369305
1,2304,1696069169.1557362
1,2320,1696069169.177271
1,2336,1696069169.1983776
1,2352,1696069169.2149174
1,2368,1696069169.2317722
1,2384,1696069169.250586
1,2400,1696069169.2727296
1,2416,1696069169.2948658
1,2432,1696069169.3137803
1,2448,1696069169.3343344
1,2464,1696069169.3545356
1,2480,1696069169.374286
1,2496,1696069169.394253
1,2512,1696069169.414501
1,2528,1696069169.434312
1,2544,1696069169.4542022
1,2560,1696069169.4744837
1,2576,1696069169.4942071
1,2592,1696069169.5145001
1,2608,1696069169.5343215
1,2624,1696069169.5542579
1,2640,1696069169.5748277
1,2656,1696069169.5931668
1,2672,1696069169.6132007
1,2688,1696069169.636408
1,2704,1696069169.654885
1,2720,1696069169.6739762
1,2736,1696069169.6948204
1,2752,1696069169.714012
1,2768,1696069169.7344818
1,2784,1696069169.7540982
1,2800,1696069169.7745895
1,2816,1696069169.7938442
1,2832,1696069169.8145974
1,2848,1696069169.834274
1,2864,1696069169.8545675
1,2880,1696069169.8743494
1,2896,1696069169.8934429
1,2912,1696069169.9130526
1,2928,1696069169.9330952
1,2944,1696069169.956195
1,2960,1696069169.97488
1,2976,1696069169.9938958
1,2992,1696069170.0145626
1,3008,1696069170.0342793
1,3024,1696069170.054477
1,3040,1696069170.0743299
1,3056,1696069170.0946004
1,3072,1696069170.113179
1,3088,1696069170.1332548
1,3104,1696069170.156319
1,3120,1696069170.178771
1,3136,1696069170.1979878
1,3152,1696069170.2177339
1,3168,1696069170.2376056
1,3184,1696069170.2622821
1,3200,1696069170.2808735
1,3216,1696069170.2985477
1,3232,1696069170.3208725
1,3248,1696069170.3411777
1,3264,1696069170.364218
1,3280,1696069170.383012
1,3296,1696069170.3966448
1,3312,1696069170.4178863
1,3328,1696069170.4367855
1,3344,1696069170.4545202
1,3360,1696069170.476235
1,3376,1696069170.4987397
1,3392,1696069170.518152
1,3408,1696069170.5387475
1,3424,1696069170.5581064
1,3440,1696069170.5781305
1,3456,1696069170.5981276
1,3472,1696069170.6184776
1,3488,1696069170.6381829
1,3504,1696069170.6584177
1,3520,1696069170.6780155
1,3536,1696069170.6984987
1,3552,1696069170.7183383
1,3568,1696069170.73779
1,3584,1696069170.7569017
1,3600,1696069170.7760596
1,3616,1696069170.8012965
1,3632,1696069170.8186264
1,3648,1696069170.8373177
1,3664,1696069170.8570359
1,3680,1696069170.8760755
1,3696,1696069170.894663
1,3712,1696069170.9140131
1,3728,1696069170.930813
1,3744,1696069170.9525547
1,3760,1696069170.974964
1,3776,1696069170.9937441
1,3792,1696069171.0144565
1,3808,1696069171.034006
1,3824,1696069171.054228
1,3840,1696069171.0741665
1,3856,1696069171.0943491
1,3872,1696069171.1145034
1,3888,1696069171.134401
1,3904,1696069171.1536791
1,3920,1696069171.1732774
1,3936,1696069171.1965115
1,3952,1696069171.2186983
1,3968,1696069171.2369404
1,3984,1696069171.2546208
1,4000,1696069171.2752657
1,4016,1696069171.2925904
1,4032,1696069171.312004
1,4048,1696069171.3374374
1,4064,1696069171.3583498
1,4080,1696069171.3801243
1,4096,1696069171.4009168
1,4112,1696069171.4214702
1,4128,1696069171.4404957
1,4144,1696069171.4653182
1,4160,1696069171.484218
1,4176,1696069171.507043
1,4192,1696069171.5271268
1,4208,1696069171.5414214
1,4224,1696069171.5650976
1,4240,1696069171.5847228
1,4256,1696069171.609112
1,4272,1696069171.6270475
1,4288,1696069171.6450353
1,4304,1696069171.6650116
1,4320,1696069171.6891575
1,4336,1696069171.7083588
1,4352,1696069171.729643
1,4368,1696069171.7533357
1,4384,1696069171.781507
1,4400,1696069171.79871
1,4416,1696069171.8205347
1,4432,1696069171.8430333
1,4448,1696069171.8661163
1,4464,1696069171.8867369
1,4480,1696069171.909229
1,4496,1696069171.930813
1,4512,1696069171.953417
1,4528,1696069171.9781897
1,4544,1696069171.9979265
1,4560,1696069172.0215175
1,4576,1696069172.0429642
1,4592,1696069172.0563717
1,4608,1696069172.0803018
1,4624,1696069172.1025827
1,4640,1696069172.1224225
1,4656,1696069172.1468394
1,4672,1696069172.1683495
1,4688,1696069172.1900299
1,4704,1696069172.210204
1,4720,1696069172.2304087
1,4736,1696069172.2504916
1,4752,1696069172.273681
1,4768,1696069172.2947237
1,4784,1696069172.3093357
1,4800,1696069172.332787
1,4816,1696069172.3528945
1,4832,1696069172.373645
1,4848,1696069172.3976288
1,4864,1696069172.4187515
1,4880,1696069172.4379778
1,4896,1696069172.4582722
1,4912,1696069172.4787092
1,4928,1696069172.4980218
1,4944,1696069172.5187426
1,4960,1696069172.5378745
1,4976,1696069172.5583675
1,4992,1696069172.5782263
1,5008,1696069172.5979862
1,5024,1696069172.618566
1,5040,1696069172.638221
1,5056,1696069172.6583083
1,5072,1696069172.6787105
1,5088,1696069172.698113
1,5104,1696069172.7184484
1,5120,1696069172.7376566
1,5136,1696069172.7571187
1,5152,1696069172.780339
1,5168,1696069172.802632
1,5184,1696069172.8221478
1,5200,1696069172.8414707
1,5216,1696069172.8613267
1,5232,1696069172.8807554
1,5248,1696069172.897594
1,5264,1696069172.9173067
1,5280,1696069172.9378843
1,5296,1696069172.9580197
1,5312,1696069172.9849486
1,5328,1696069173.0047653
1,5344,1696069173.0254376
1,5360,1696069173.0449286
1,5376,1696069173.065153
1,5392,1696069173.0850167
1,5408,1696069173.105387
1,5424,1696069173.1252377
1,5440,1696069173.1484084
1,5456,1696069173.1707377
1,5472,1696069173.1942806
1,5488,1696069173.216238
1,5504,1696069173.2383654
1,5520,1696069173.2579277
1,5536,1696069173.2778234
1,5552,1696069173.303751
1,5568,1696069173.325204
1,5584,1696069173.346832
1,5600,1696069173.3660994
1,5616,1696069173.3864644
1,5632,1696069173.4055462
1,5648,1696069173.4255216
1,5664,1696069173.4411092
1,5680,1696069173.4617531
1,5696,1696069173.4821212
1,5712,1696069173.5018885
1,5728,1696069173.5239825
1,5744,1696069173.5470333
1,5760,1696069173.5633345
1,5776,1696069173.5842855
1,5792,1696069173.606805
1,5808,1696069173.6264737
1,5824,1696069173.6464565
1,5840,1696069173.6663818
1,5856,1696069173.686448
1,5872,1696069173.7064528
1,5888,1696069173.7264378
1,5904,1696069173.7464945
1,5920,1696069173.7662508
1,5936,1696069173.7863863
1,5952,1696069173.8061502
1,5968,1696069173.825984
1,5984,1696069173.8463407
1,6000,1696069173.86558
1,6016,1696069173.8895519
1,6032,1696069173.9100306
1,6048,1696069173.932472
1,6064,1696069173.9551504
1,6080,1696069173.974582
1,6096,1696069173.9948533
1,6112,1696069174.014214
1,6128,1696069174.034326
1,6144,1696069174.054257
1,6160,1696069174.0747473
1,6176,1696069174.0940452
1,6192,1696069174.1105154
1,6208,1696069174.1276648
1,6224,1696069174.1444263
1,6240,1696069174.160484
1,6256,1696069174.1787908
1,6272,1696069174.195838
1,6288,1696069174.212431
1,6304,1696069174.2293925
1,6320,1696069174.247251
1,6336,1696069174.265982
1,6352,1696069174.283922
1,6368,1696069174.300816
1,6384,1696069174.3170984
1,6400,1696069174.335112
1,6416,1696069174.3542533
1,6432,1696069174.374728
1,6448,1696069174.3925383
1,6464,1696069174.4090834
1,6480,1696069174.4262693
1,6496,1696069174.4428434
1,6512,1696069174.4616392
1,6528,1696069174.4791534
1,6544,1696069174.495669
1,6560,1696069174.512229
1,6576,1696069174.5281084
1,6592,1696069174.5464463
1,6608,1696069174.5638778
1,6624,1696069174.5804567
1,6640,1696069174.6005168
1,6656,1696069174.6175504
1,6672,1696069174.6342015
1,6688,1696069174.6517918
1,6704,1696069174.6685991
1,6720,1696069174.6848207
1,6736,1696069174.7027478
1,6752,1696069174.719759
1,6768,1696069174.7364497
1,6784,1696069174.7536352
1,6800,1696069174.7704353
1,6816,1696069174.7896864
1,6832,1696069174.807331
1,6848,1696069174.8238442
1,6864,1696069174.8403938
1,6880,1696069174.8558002
1,6896,1696069174.8746388
1,6912,1696069174.8941648
1,6928,1696069174.914485
1,6944,1696069174.932446
1,6960,1696069174.9490433
1,6976,1696069174.9655921
1,6992,1696069174.9818728
1,7008,1696069175.0035071
1,7024,1696069175.0264077
1,7040,1696069175.0465102
1,7056,1696069175.066137
1,7072,1696069175.0861282
1,7088,1696069175.1065433
1,7104,1696069175.1261942
1,7120,1696069175.1467154
1,7136,1696069175.1662314
1,7152,1696069175.1865559
1,7168,1696069175.2062619
1,7184,1696069175.2265353
1,7200,1696069175.2461631
1,7216,1696069175.2662444
1,7232,1696069175.2862577
1,7248,1696069175.3065016
1,7264,1696069175.326259
1,7280,1696069175.3464565
1,7296,1696069175.3663166
1,7312,1696069175.3863971
1,7328,1696069175.406592
1,7344,1696069175.4261205
1,7360,1696069175.446253
1,7376,1696069175.4667227
1,7392,1696069175.4861102
1,7408,1696069175.5067444
1,7424,1696069175.5259435
1,7440,1696069175.5463767
1,7456,1696069175.5700138
1,7472,1696069175.5909424
1,7488,1696069175.6096754
1,7504,1696069175.630569
1,7520,1696069175.6503055
1,7536,1696069175.6701877
1,7552,1696069175.6902175
1,7568,1696069175.7107868
1,7584,1696069175.7305214
1,7600,1696069175.758834
1,7616,1696069175.7750773
1,7632,1696069175.7935257
1,7648,1696069175.813234
1,7664,1696069175.830972
1,7680,1696069175.8544018
1,7696,1696069175.8751578
1,7712,1696069175.8933992
1,7728,1696069175.9105527
1,7744,1696069175.9250655
1,7760,1696069175.948551
1,7776,1696069175.9674652
1,7792,1696069175.9883523
1,7808,1696069176.008522
1,7824,1696069176.0272174
1,7840,1696069176.0472522
1,7856,1696069176.0690913
1,7872,1696069176.0884447
1,7888,1696069176.107066
1,7904,1696069176.128743
1,7920,1696069176.15105
1,7936,1696069176.165296
1,7952,1696069176.1844823
1,7968,1696069176.2064812
1,7984,1696069176.2264578
1,8000,1696069176.2500088
1,8016,1696069176.2722962
1,8032,1696069176.2930715
1,8048,1696069176.3144608
1,8064,1696069176.33431
1,8080,1696069176.35427
1,8096,1696069176.3746543
1,8112,1696069176.3942525
1,8128,1696069176.4140368
1,8144,1696069176.434365
1,8160,1696069176.4541178
1,8176,1696069176.474336
1,8192,1696069176.4944346
1,8208,1696069176.5141048
1,8224,1696069176.5345247
1,8240,1696069176.5542934
1,8256,1696069176.5742753
1,8272,1696069176.59446
1,8288,1696069176.614347
1,8304,1696069176.634374
1,8320,1696069176.654536
1,8336,1696069176.6741936
1,8352,1696069176.6986191
1,8368,1696069176.7201543
1,8384,1696069176.740312
1,8400,1696069176.7595785
1,8416,1696069176.780206
1,8432,1696069176.8027327
1,8448,1696069176.825395
1,8464,1696069176.8450055
1,8480,1696069176.8640757
1,8496,1696069176.8823774
1,8512,1696069176.9065034
1,8528,1696069176.9252915
1,8544,1696069176.943831
1,8560,1696069176.962102
1,8576,1696069176.9864063
1,8592,1696069177.0065327
1,8608,1696069177.0308723
1,8624,1696069177.0503747
1,8640,1696069177.0701883
1,8656,1696069177.0905952
1,8672,1696069177.110259
1,8688,1696069177.130375
1,8704,1696069177.1520875
1,8720,1696069177.1708083
1,8736,1696069177.1921651
1,8752,1696069177.2147274
1,8768,1696069177.2340562
1,8784,1696069177.2543263
1,8800,1696069177.2745786
1,8816,1696069177.2944818
1,8832,1696069177.3142118
1,8848,1696069177.334679
1,8864,1696069177.3541348
1,8880,1696069177.374133
1,8896,1696069177.3942547
1,8912,1696069177.4144292
1,8928,1696069177.43404
1,8944,1696069177.4585323
1,8960,1696069177.4770079
1,8976,1696069177.494505
1,8992,1696069177.5176053
1,9008,1696069177.5389287
1,9024,1696069177.5577047
1,9040,1696069177.5784078
1,9056,1696069177.598633
1,9072,1696069177.6183674
1,9088,1696069177.6382005
1,9104,1696069177.658338
1,9120,1696069177.6781428
1,9136,1696069177.6983492
1,9152,1696069177.7182477
1,9168,1696069177.738655
1,9184,1696069177.7585144
1,9200,1696069177.7779155
1,9216,1696069177.798672
1,9232,1696069177.8179743
1,9248,1696069177.838703
1,9264,1696069177.8582327
1,9280,1696069177.8780751
1,9296,1696069177.898609
1,9312,1696069177.918298
1,9328,1696069177.9382665
1,9344,1696069177.958528
1,9360,1696069177.9783032
1,9376,1696069177.998158
1,9392,1696069178.0185318
1,9408,1696069178.0382264
1,9424,1696069178.058505
1,9440,1696069178.078351
1,9456,1696069178.0984402
1,9472,1696069178.117895
1,9488,1696069178.138583
1,9504,1696069178.1583462
1,9520,1696069178.1782942
1,9536,1696069178.19847
1,9552,1696069178.2180579
1,9568,1696069178.238548
1,9584,1696069178.2581098
1,9600,1696069178.2784548
1,9616,1696069178.298124
1,9632,1696069178.3183172
1,9648,1696069178.3385475
1,9664,1696069178.3583388
1,9680,1696069178.3783662
1,9696,1696069178.3985524
1,9712,1696069178.4213161
1,9728,1696069178.440515
1,9744,1696069178.4588354
1,9760,1696069178.480503
1,9776,1696069178.5027301
1,9792,1696069178.5220966
1,9808,1696069178.5423782
1,9824,1696069178.5621758
1,9840,1696069178.5823078
1,9856,1696069178.6060555
1,9872,1696069178.6248024
1,9888,1696069178.6434326
1,9904,1696069178.662281
1,9920,1696069178.6861215
1,9936,1696069178.704945
1,9952,1696069178.7227702
1,9968,1696069178.7449446
1,9984,1696069178.764524
1,10000,1696069178.7827532
1,10016,1696069178.801928
1,10032,1696069178.8249257
1,10048,1696069178.8442469
1,10064,1696069178.8629131
1,10080,1696069178.884827
1,10096,1696069178.9069226
1,10112,1696069178.9261777
1,10128,1696069178.9463792
1,10144,1696069178.9663253
1,10160,1696069178.9861937
1,10176,1696069179.006236
1,10192,1696069179.0263522
1,10208,1696069179.0460603
1,10224,1696069179.066598
1,10240,1696069179.0863
1,10256,1696069179.106283
1,10272,1696069179.1263008
1,10288,1696069179.1465552
1,10304,1696069179.1641304
1,10320,1696069179.1832051
1,10336,1696069179.2038202
1,10352,1696069179.2252953
1,10368,1696069179.246836
1,10384,1696069179.266357
1,10400,1696069179.289828
1,10416,1696069179.3107936
1,10432,1696069179.3299992
1,10448,1696069179.3505538
1,10464,1696069179.3703656
1,10480,1696069179.3902936
1,10496,1696069179.410236
1,10512,1696069179.4303792
1,10528,1696069179.4501922
1,10544,1696069179.4702623
1,10560,1696069179.490294
1,10576,1696069179.510436
1,10592,1696069179.5300653
1,10608,1696069179.5505633
1,10624,1696069179.5721776
1,10640,1696069179.5914483
1,10656,1696069179.6166162
1,10672,1696069179.6365511
1,10688,1696069179.6564395
1,10704,1696069179.6753263
1,10720,1696069179.6964447
1,10736,1696069179.7191036
1,10752,1696069179.7378943
1,10768,1696069179.758403
1,10784,1696069179.778343
1,10800,1696069179.7980556
1,10816,1696069179.8182042
1,10832,1696069179.8384297
1,10848,1696069179.8581066
1,10864,1696069179.8784907
1,10880,1696069179.8981154
1,10896,1696069179.918384
1,10912,1696069179.9384444
1,10928,1696069179.9582157
1,10944,1696069179.9781334
1,10960,1696069179.9982626
1,10976,1696069180.0213223
1,10992,1696069180.0428503
1,11008,1696069180.06477
1,11024,1696069180.0859587
1,11040,1696069180.1063077
1,11056,1696069180.1267285
1,11072,1696069180.1406264
1,11088,1696069180.159836
1,11104,1696069180.17871
1,11120,1696069180.1974301
1,11136,1696069180.2219915
1,11152,1696069180.24285
1,11168,1696069180.2656555
1,11184,1696069180.2845273
1,11200,1696069180.3016021
1,11216,1696069180.3204734
1,11232,1696069180.33646
1,11248,1696069180.3542774
1,11264,1696069180.3685555
1,11280,1696069180.383692
1,11296,1696069180.4050248
1,11312,1696069180.419406
1,11328,1696069180.432396
1,11344,1696069180.4500203
1,11360,1696069180.4724007
1,11376,1696069180.4897733
1,11392,1696069180.5034714
1,11408,1696069180.517524
1,11424,1696069180.5397983
1,11440,1696069180.5587153
1,11456,1696069180.5733232
1,11472,1696069180.601055
1,11488,1696069180.6218095
1,11504,1696069180.6423686
1,11520,1696069180.6654284
1,11536,1696069180.68525
1,11552,1696069180.7039611
1,11568,1696069180.7224703
1,11584,1696069180.741661
1,11600,1696069180.7592094
1,11616,1696069180.780915
1,11632,1696069180.8026648
1,11648,1696069180.8219683
1,11664,1696069180.8425589
1,11680,1696069180.861863
1,11696,1696069180.881226
1,11712,1696069180.904363
1,11728,1696069180.9231503
1,11744,1696069180.944127
1,11760,1696069180.9671555
1,11776,1696069180.985635
1,11792,1696069181.0050793
1,11808,1696069181.0254369
1,11824,1696069181.0457468
1,11840,1696069181.066423
1,11856,1696069181.086276
1,11872,1696069181.10654
1,11888,1696069181.1272545
1,11904,1696069181.1468222
1,11920,1696069181.1686113
1,11936,1696069181.189095
1,11952,1696069181.210953
1,11968,1696069181.230051
1,11984,1696069181.25072
1,12000,1696069181.270237
1,12016,1696069181.2903988
1,12032,1696069181.3100767
1,12048,1696069181.3306766
1,12064,1696069181.3502946
1,12080,1696069181.3703048
1,12096,1696069181.3905156
1,12112,1696069181.4104888
1,12128,1696069181.430423
1,12144,1696069181.4525547
1,12160,1696069181.4719777
1,12176,1696069181.491504
1,12192,1696069181.511507
1,12208,1696069181.5333364
1,12224,1696069181.552658
1,12240,1696069181.5719063
1,12256,1696069181.5900574
1,12272,1696069181.6079242
1,12288,1696069181.6251543
1,12304,1696069181.6413915
1,12320,1696069181.6616807
1,12336,1696069181.6825476
1,12352,1696069181.7020676
1,12368,1696069181.7222326
1,12384,1696069181.7455635
1,12400,1696069181.7669787
1,12416,1696069181.7860482
1,12432,1696069181.808448
1,12448,1696069181.8296318
1,12464,1696069181.8503115
1,12480,1696069181.873499
1,12496,1696069181.8931
1,12512,1696069181.9118748
1,12528,1696069181.9303367
1,12544,1696069181.9487894
1,12560,1696069181.9672725
1,12576,1696069181.9872255
1,12592,1696069182.0093765
1,12608,1696069182.0283885
1,12624,1696069182.047205
1,12640,1696069182.0679073
1,12656,1696069182.0896647
1,12672,1696069182.1084118
1,12688,1696069182.127152
1,12704,1696069182.1487532
1,12720,1696069182.1711955
1,12736,1696069182.1893473
1,12752,1696069182.2098336
1,12768,1696069182.2291868
1,12784,1696069182.2507524
1,12800,1696069182.269981
1,12816,1696069182.2903478
1,12832,1696069182.3103511
1,12848,1696069182.330201
1,12864,1696069182.3504963
1,12880,1696069182.3704119
1,12896,1696069182.3932416
1,12912,1696069182.4149983
1,12928,1696069182.4339917
1,12944,1696069182.454437
1,12960,1696069182.4743013
1,12976,1696069182.4944103
1,12992,1696069182.514162
1,13008,1696069182.5346327
1,13024,1696069182.5543544
1,13040,1696069182.574412
1,13056,1696069182.5941
1,13072,1696069182.6148045
1,13088,1696069182.634309
1,13104,1696069182.6590981
1,13120,1696069182.6801677
1,13136,1696069182.702932
1,13152,1696069182.7224898
1,13168,1696069182.744625
1,13184,1696069182.7645333
1,13200,1696069182.7834294
1,13216,1696069182.8071334
1,13232,1696069182.8261354
1,13248,1696069182.8486388
1,13264,1696069182.8709085
1,13280,1696069182.8898604
1,13296,1696069182.913476
1,13312,1696069182.9327822
1,13328,1696069182.9509108
1,13344,1696069182.9732497
1,13360,1696069182.9948297
1,13376,1696069183.0142963
1,13392,1696069183.0343528
1,13408,1696069183.0578566
1,13424,1696069183.0787005
1,13440,1696069183.0976546
1,13456,1696069183.1184528
1,13472,1696069183.1385095
1,13488,1696069183.1583447
1,13504,1696069183.1783817
1,13520,1696069183.1983435
1,13536,1696069183.218304
1,13552,1696069183.238285
1,13568,1696069183.2580802
1,13584,1696069183.2785583
1,13600,1696069183.2984085
1,13616,1696069183.3180778
1,13632,1696069183.3382847
1,13648,1696069183.358742
1,13664,1696069183.3780115
1,13680,1696069183.3984933
1,13696,1696069183.4181523
1,13712,1696069183.4387808
1,13728,1696069183.4581757
1,13744,1696069183.4782062
1,13760,1696069183.4960604
1,13776,1696069183.515178
1,13792,1696069183.5375893
1,13808,1696069183.558985
1,13824,1696069183.572673
1,13840,1696069183.593908
1,13856,1696069183.6146343
1,13872,1696069183.6341157
1,13888,1696069183.6543434
1,13904,1696069183.674394
1,13920,1696069183.6943007
1,13936,1696069183.7143183
1,13952,1696069183.7344453
1,13968,1696069183.7543054
1,13984,1696069183.77452
1,14000,1696069183.794168
1,14016,1696069183.814195
1,14032,1696069183.834636
1,14048,1696069183.8541143
1,14064,1696069183.8745499
1,14080,1696069183.8942387
1,14096,1696069183.9148219
1,14112,1696069183.9340355
1,14128,1696069183.9536595
1,14144,1696069183.9747882
1,14160,1696069183.9983706
1,14176,1696069184.0141582
1,14192,1696069184.036826
1,14208,1696069184.0564888
1,14224,1696069184.074645
1,14240,1696069184.0972724
1,14256,1696069184.1187935
1,14272,1696069184.1379485
1,14288,1696069184.1583545
1,14304,1696069184.1784234
1,14320,1696069184.1983755
1,14336,1696069184.2182603
1,14352,1696069184.2386138
1,14368,1696069184.2581785
1,14384,1696069184.2784956
1,14400,1696069184.2980266
1,14416,1696069184.318076
1,14432,1696069184.3423343
1,14448,1696069184.3578877
1,14464,1696069184.3784263
1,14480,1696069184.3973823
1,14496,1696069184.4152792
1,14512,1696069184.4319336
1,14528,1696069184.4483206
1,14544,1696069184.463423
1,14560,1696069184.489284
1,14576,1696069184.5081751
1,14592,1696069184.5287623
1,14608,1696069184.5474057
1,14624,1696069184.5653176
1,14640,1696069184.5822334
1,14656,1696069184.599679
1,14672,1696069184.6196864
1,14688,1696069184.6429155
1,14704,1696069184.6631577
1,14720,1696069184.6776214
1,14736,1696069184.7011755
1,14752,1696069184.7188575
1,14768,1696069184.738111
1,14784,1696069184.7585216
1,14800,1696069184.7783878
1,14816,1696069184.7982223
1,14832,1696069184.8182762
1,14848,1696069184.8384812
1,14864,1696069184.858138
1,14880,1696069184.8782167
1,14896,1696069184.898576
1,14912,1696069184.9182057
1,14928,1696069184.9381042
1,14944,1696069184.9585643
1,14960,1696069184.978378
1,14976,1696069184.9984992
1,14992,1696069185.0181093
1,15008,1696069185.0386922
1,15024,1696069185.058033
1,15040,1696069185.0783598
1,15056,1696069185.098308
1,15072,1696069185.118261
1,15088,1696069185.1386244
1,15104,1696069185.1581016
1,15120,1696069185.178686
1,15136,1696069185.1980748
1,15152,1696069185.2184618
1,15168,1696069185.2380106
1,15184,1696069185.2584827
1,15200,1696069185.2774985
1,15216,1696069185.2974722
1,15232,1696069185.316975
1,15248,1696069185.3343925
1,15264,1696069185.3566854
1,15280,1696069185.3738492
1,15296,1696069185.3879158
1,15312,1696069185.4016845
1,15328,1696069185.4257467
1,15344,1696069185.4444451
1,15360,1696069185.461676
1,15376,1696069185.475395
1,15392,1696069185.4949312
1,15408,1696069185.5090044
1,15424,1696069185.5224614
1,15440,1696069185.5380437
1,15456,1696069185.5605516
1,15472,1696069185.573594
1,15488,1696069185.5886626
1,15504,1696069185.6057131
1,15520,1696069185.6281936
1,15536,1696069185.6409123
1,15552,1696069185.6568449
1,15568,1696069185.673501
1,15584,1696069185.6962857
1,15600,1696069185.7145224
1,15616,1696069185.7289283
1,15632,1696069185.7425537
1,15648,1696069185.760728
1,15664,1696069185.777991
1,15680,1696069185.7920518
1,15696,1696069185.8058655
1,15712,1696069185.8219438
1,15728,1696069185.8360443
1,15744,1696069185.849184
1,15760,1696069185.865581
1,15776,1696069185.8842883
1,15792,1696069185.896919
1,15808,1696069185.9126637
1,15824,1696069185.9298801
1,15840,1696069185.9484339
1,15856,1696069185.9660976
1,15872,1696069185.9800622
1,15888,1696069185.9936056
1,15904,1696069186.008426
1,15920,1696069186.0218406
1,15936,1696069186.0364103
1,15952,1696069186.049775
1,15968,1696069186.0725477
1,15984,1696069186.0906425
1,16000,1696069186.1111133
1,16016,1696069186.1303153
1,16032,1696069186.151933
1,16048,1696069186.1717415
1,16064,1696069186.1902907
1,16080,1696069186.2141278
1,16096,1696069186.2345765
1,16112,1696069186.253887
1,16128,1696069186.2720668
1,16144,1696069186.290925
1,16160,1696069186.3142111
1,16176,1696069186.3326647
1,16192,1696069186.3517559
1,16208,1696069186.374955
1,16224,1696069186.3959465
1,16240,1696069186.4190094
1,16256,1696069186.4382536
1,16272,1696069186.4585352
1,16288,1696069186.4832797
1,16304,1696069186.50145
1,16320,1696069186.5177097
1,16336,1696069186.5395412
1,16352,1696069186.5630891
1,16368,1696069186.583226
1,16384,1696069186.6063313
1,16400,1696069186.626369
1,16416,1696069186.6457865
1,16432,1696069186.6666682
1,16448,1696069186.6864204
1,16464,1696069186.708336
1,16480,1696069186.729523
1,16496,1696069186.750835
1,16512,1696069186.7699194
1,16528,1696069186.7908025
1,16544,1696069186.810154
1,16560,1696069186.829856
1,16576,1696069186.8502395
1,16592,1696069186.8704598
1,16608,1696069186.8904123
1,16624,1696069186.9105425
1,16640,1696069186.9299495
1,16656,1696069186.9503658
1,16672,1696069186.9707053
1,16688,1696069186.9940443
1,16704,1696069187.012932
1,16720,1696069187.0305505
1,16736,1696069187.0526147
1,16752,1696069187.0746806
1,16768,1696069187.0941153
1,16784,1696069187.1142526
1,16800,1696069187.1371224
1,16816,1696069187.1579788
1,16832,1696069187.178724
1,16848,1696069187.198235
1,16864,1696069187.2180903
1,16880,1696069187.2385094
1,16896,1696069187.2582037
1,16912,1696069187.2785244
1,16928,1696069187.298194
1,16944,1696069187.3183424
1,16960,1696069187.3384967
1,16976,1696069187.3583832
1,16992,1696069187.3783536
1,17008,1696069187.3983603
1,17024,1696069187.4183838
1,17040,1696069187.43849
1,17056,1696069187.4581969
1,17072,1696069187.4786196
1,17088,1696069187.4979713
1,17104,1696069187.5184247
1,17120,1696069187.5385401
1,17136,1696069187.557766
1,17152,1696069187.5785308
1,17168,1696069187.5999875
1,17184,1696069187.62308
1,17200,1696069187.6425111
1,17216,1696069187.6665764
1,17232,1696069187.68135
1,17248,1696069187.70528
1,17264,1696069187.7232077
1,17280,1696069187.7482271
1,17296,1696069187.7685165
1,17312,1696069187.7908025
1,17328,1696069187.8100555
1,17344,1696069187.8307004
1,17360,1696069187.8502371
1,17376,1696069187.8703792
1,17392,1696069187.8904743
1,17408,1696069187.9103
1,17424,1696069187.930314
1,17440,1696069187.9502773
1,17456,1696069187.9705045
1,17472,1696069187.9898796
1,17488,1696069188.0134134
1,17504,1696069188.0348005
1,17520,1696069188.049086
1,17536,1696069188.0730717
1,17552,1696069188.0923886
1,17568,1696069188.1149797
1,17584,1696069188.1293743
1,17600,1696069188.1503215
1,17616,1696069188.1707318
1,17632,1696069188.189998
1,17648,1696069188.2104964
1,17664,1696069188.230658
1,17680,1696069188.2536821
1,17696,1696069188.2746778
1,17712,1696069188.2941267
1,17728,1696069188.3142264
1,17744,1696069188.3276167
1,17760,1696069188.3450034
1,17776,1696069188.3615015
1,17792,1696069188.374845
1,17808,1696069188.3895078
1,17824,1696069188.4083693
1,17840,1696069188.4257293
1,17856,1696069188.4392827
1,17872,1696069188.4544306
1,17888,1696069188.4692633
1,17904,1696069188.4825318
1,17920,1696069188.4979384
1,17936,1696069188.5107284
1,17952,1696069188.526886
1,17968,1696069188.539908
1,17984,1696069188.5535111
1,18000,1696069188.5698543
1,18016,1696069188.583874
1,18032,1696069188.5986145
1,18048,1696069188.611396
1,18064,1696069188.62928
1,18080,1696069188.6420093
1,18096,1696069188.6604064
1,18112,1696069188.6728556
1,18128,1696069188.6890182
1,18144,1696069188.7053802
1,18160,1696069188.7189639
1,18176,1696069188.733075
1,18192,1696069188.7470746
1,18208,1696069188.7622333
1,18224,1696069188.775131
1,18240,1696069188.7913332
1,18256,1696069188.8045723
1,18272,1696069188.8188088
1,18288,1696069188.8339396
1,18304,1696069188.8476787
1,18320,1696069188.861615
1,18336,1696069188.87623
1,18352,1696069188.8897808
1,18368,1696069188.9051383
1,18384,1696069188.9180315
1,18400,1696069188.933513
1,18416,1696069188.9463282
1,18432,1696069188.961476
1,18448,1696069188.9746425
1,18464,1696069188.9929914
1,18480,1696069189.0094435
1,18496,1696069189.0227733
1,18512,1696069189.0396981
1,18528,1696069189.0630841
1,18544,1696069189.0835145
1,18560,1696069189.1043525
1,18576,1696069189.124389
1,18592,1696069189.1446812
1,18608,1696069189.1629598
1,18624,1696069189.183904
1,18640,1696069189.2054582
1,18656,1696069189.2271614
1,18672,1696069189.2455826
1,18688,1696069189.2676094
1,18704,1696069189.2950583
1,18720,1696069189.3168585
1,18736,1696069189.3392215
1,18752,1696069189.3536208
1,18768,1696069189.3767033
1,18784,1696069189.396369
1,18800,1696069189.4188836
1,18816,1696069189.4398043
1,18832,1696069189.4555976
1,18848,1696069189.4716566
1,18864,1696069189.4884982
1,18880,1696069189.5046391
1,18896,1696069189.5228837
1,18912,1696069189.5422177
1,18928,1696069189.5624924
1,18944,1696069189.5823758
1,18960,1696069189.602601
1,18976,1696069189.6218605
1,18992,1696069189.6473424
1,19008,1696069189.66187
1,19024,1696069189.6849155
1,19040,1696069189.7049527
1,19056,1696069189.725873
1,19072,1696069189.7463472
1,19088,1696069189.7664955
1,19104,1696069189.7864697
1,19120,1696069189.8065488
1,19136,1696069189.8264513
1,19152,1696069189.8463821
1,19168,1696069189.866344
1,19184,1696069189.8862345
1,19200,1696069189.9064798
1,19216,1696069189.9263022
1,19232,1696069189.9463785
1,19248,1696069189.9665344
1,19264,1696069189.9863608
1,19280,1696069190.0062695
1,19296,1696069190.0258005
1,19312,1696069190.0414455
1,19328,1696069190.061246
1,19344,1696069190.0825956
1,19360,1696069190.1045396
1,19376,1696069190.1235058
1,19392,1696069190.1464677
1,19408,1696069190.1669164
1,19424,1696069190.186348
1,19440,1696069190.2112336
1,19456,1696069190.225976
1,19472,1696069190.2492821
1,19488,1696069190.272574
1,19504,1696069190.293992
1,19520,1696069190.3147457
1,19536,1696069190.334488
1,19552,1696069190.3534536
1,19568,1696069190.3732939
1,19584,1696069190.393498
1,19600,1696069190.4139428
1,19616,1696069190.4379597
1,19632,1696069190.4609094
1,19648,1696069190.4815826
1,19664,1696069190.5059412
1,19680,1696069190.5286176
1,19696,1696069190.550736
1,19712,1696069190.5706909
1,19728,1696069190.5901468
1,19744,1696069190.6103506
1,19760,1696069190.6303377
1,19776,1696069190.6532643
1,19792,1696069190.6741092
1,19808,1696069190.6945593
1,19824,1696069190.7141309
1,19840,1696069190.734438
1,19856,1696069190.7540002
1,19872,1696069190.7745793
1,19888,1696069190.794395
1,19904,1696069190.814479
1,19920,1696069190.834367
1,19936,1696069190.854379
1,19952,1696069190.875175
1,19968,1696069190.9013972
1,19984,1696069190.9226058
1,20000,1696069190.945242
1,20016,1696069190.9668353
1,20032,1696069190.9872363
1,20048,1696069191.0102608
1,20064,1696069191.0304842
1,20080,1696069191.0503685
1,20096,1696069191.070786
1,20112,1696069191.0932236
1,20128,1696069191.114737
1,20144,1696069191.1351712
1,20160,1696069191.1591656
1,20176,1696069191.1738994
1,20192,1696069191.1942232
1,20208,1696069191.2144518
1,20224,1696069191.233033
1,20240,1696069191.2518382
1,20256,1696069191.272875
1,20272,1696069191.291078
1,20288,1696069191.3103135
1,20304,1696069191.3306823
1,20320,1696069191.34826
1,20336,1696069191.3645945
1,20352,1696069191.3806744
1,20368,1696069191.3986938
1,20384,1696069191.4156609
1,20400,1696069191.43232
1,20416,1696069191.448672
1,20432,1696069191.466667
1,20448,1696069191.4836764
1,20464,1696069191.5003839
1,20480,1696069191.5160909
1,20496,1696069191.5345306
1,20512,1696069191.5536585
1,20528,1696069191.571411
1,20544,1696069191.5900767
1,20560,1696069191.6107366
1,20576,1696069191.6351767
1,20592,1696069191.6555824
1,20608,1696069191.6787903
1,20624,1696069191.7009182
1,20640,1696069191.7227924
1,20656,1696069191.742318
1,20672,1696069191.7658634
1,20688,1696069191.786622
1,20704,1696069191.8058183
1,20720,1696069191.8260942
1,20736,1696069191.8502755
1,20752,1696069191.870871
1,20768,1696069191.8896167
1,20784,1696069191.9099672
1,20800,1696069191.9294596
1,20816,1696069191.9508386
1,20832,1696069191.9697309
1,20848,1696069191.986683
1,20864,1696069192.0030997
1,20880,1696069192.0220454
1,20896,1696069192.0393324
1,20912,1696069192.055788
1,20928,1696069192.0723984
1,20944,1696069192.0884495
1,20960,1696069192.1067052
1,20976,1696069192.1259437
1,20992,1696069192.1514301
1,21008,1696069192.172222
1,21024,1696069192.1951287
1,21040,1696069192.209371
1,21056,1696069192.2301304
1,21072,1696069192.2550044
1,21088,1696069192.2751532
1,21104,1696069192.300939
1,21120,1696069192.3209412
1,21136,1696069192.3397791
1,21152,1696069192.358184
1,21168,1696069192.3773797
1,21184,1696069192.395342
1,21200,1696069192.4143126
1,21216,1696069192.434077
1,21232,1696069192.4547715
1,21248,1696069192.4745722
1,21264,1696069192.4919484
1,21280,1696069192.5084963
1,21296,1696069192.524796
1,21312,1696069192.543107
1,21328,1696069192.5624745
1,21344,1696069192.5826166
1,21360,1696069192.6021118
1,21376,1696069192.626816
1,21392,1696069192.648339
1,21408,1696069192.6708508
1,21424,1696069192.6905434
1,21440,1696069192.7099447
1,21456,1696069192.730503
1,21472,1696069192.7504313
1,21488,1696069192.7703161
1,21504,1696069192.7933297
1,21520,1696069192.8148825
1,21536,1696069192.8339043
1,21552,1696069192.857697
1,21568,1696069192.8786285
1,21584,1696069192.8979301
1,21600,1696069192.9188142
1,21616,1696069192.9388926
1,21632,1696069192.953761
1,21648,1696069192.973878
1,21664,1696069192.9950092
1,21680,1696069193.0142875
1,21696,1696069193.0346465
1,21712,1696069193.0542903
1,21728,1696069193.0740707
1,21744,1696069193.0982814
1,21760,1696069193.1198897
1,21776,1696069193.1429868
1,21792,1696069193.1631575
1,21808,1696069193.189476
1,21824,1696069193.2090123
1,21840,1696069193.230906
1,21856,1696069193.2500386
1,21872,1696069193.2767742
1,21888,1696069193.2970974
1,21904,1696069193.3190188
1,21920,1696069193.3389988
1,21936,1696069193.3614748
1,21952,1696069193.382559
1,21968,1696069193.4022403
1,21984,1696069193.424749
1,22000,1696069193.4465272
1,22016,1696069193.4695954
1,22032,1696069193.4906695
1,22048,1696069193.512871
1,22064,1696069193.5346856
1,22080,1696069193.5545738
1,22096,1696069193.57429
1,22112,1696069193.5945168
1,22128,1696069193.6121638
1,22144,1696069193.630593
1,22160,1696069193.650429
1,22176,1696069193.6701689
1,22192,1696069193.689976
1,22208,1696069193.7104897
1,22224,1696069193.7303882
1,22240,1696069193.7508662
1,22256,1696069193.7701933
1,22272,1696069193.7902706
1,22288,1696069193.8106472
1,22304,1696069193.8301535
1,22320,1696069193.8504598
1,22336,1696069193.870249
1,22352,1696069193.890819
1,22368,1696069193.9109313
1,22384,1696069193.9300735
1,22400,1696069193.9503899
1,22416,1696069193.9700494
1,22432,1696069193.987771
1,22448,1696069194.00471
1,22464,1696069194.020649
1,22480,1696069194.0389671
1,22496,1696069194.0584266
1,22512,1696069194.078719
1,22528,1696069194.0986488
1,22544,1696069194.1187248
1,22560,1696069194.1384187
1,22576,1696069194.158448
1,22592,1696069194.178891
1,22608,1696069194.1980405
1,22624,1696069194.2182002
1,22640,1696069194.238066
1,22656,1696069194.255772
1,22672,1696069194.2724571
1,22688,1696069194.2887442
1,22704,1696069194.306935
1,22720,1696069194.3259878
1,22736,1696069194.3465712
1,22752,1696069194.3667214
1,22768,1696069194.386112
1,22784,1696069194.4038165
1,22800,1696069194.4205275
1,22816,1696069194.4368691
1,22832,1696069194.4547641
1,22848,1696069194.471786
1,22864,1696069194.4883687
1,22880,1696069194.5043707
1,22896,1696069194.5237243
1,22912,1696069194.542128
1,22928,1696069194.562229
1,22944,1696069194.5830848
1,22960,1696069194.6024628
1,22976,1696069194.6261184
1,22992,1696069194.6467235
1,23008,1696069194.6661391
1,23024,1696069194.6865072
1,23040,1696069194.7064488
1,23056,1696069194.7264006
1,23072,1696069194.74635
1,23088,1696069194.7662342
1,23104,1696069194.7866478
1,23120,1696069194.8062687
1,23136,1696069194.8264124
1,23152,1696069194.8463063
1,23168,1696069194.866719
1,23184,1696069194.8860807
1,23200,1696069194.9066854
1,23216,1696069194.927237
1,23232,1696069194.9513698
1,23248,1696069194.9716468
1,23264,1696069194.9950957
1,23280,1696069195.0096617
1,23296,1696069195.0331547
1,23312,1696069195.0525143
1,23328,1696069195.0738883
1,23344,1696069195.094672
1,23360,1696069195.1144176
1,23376,1696069195.1372323
1,23392,1696069195.1583872
1,23408,1696069195.1814241
1,23424,1696069195.2028117
1,23440,1696069195.2222257
1,23456,1696069195.2421894
1,23472,1696069195.262534
1,23488,1696069195.2821338
1,23504,1696069195.302601
1,23520,1696069195.322382
1,23536,1696069195.3425496
1,23552,1696069195.362294
1,23568,1696069195.3822432
1,23584,1696069195.4020913
1,23600,1696069195.4225998
1,23616,1696069195.4485385
1,23632,1696069195.470004
1,23648,1696069195.4903927
1,23664,1696069195.5098426
1,23680,1696069195.533834
1,23696,1696069195.5542824
1,23712,1696069195.5771198
1,23728,1696069195.598885
1,23744,1696069195.6180513
1,23760,1696069195.6386209
1,23776,1696069195.6583948
1,23792,1696069195.678137
1,23808,1696069195.6987355
1,23824,1696069195.7183006
1,23840,1696069195.7409613
1,23856,1696069195.762601
1,23872,1696069195.7826364
1,23888,1696069195.8024557
1,23904,1696069195.8224733
1,23920,1696069195.8420691
1,23936,1696069195.8627303
1,23952,1696069195.8818936
1,23968,1696069195.9024355
1,23984,1696069195.9224367
1,24000,1696069195.9423678
1,24016,1696069195.9620988
1,24032,1696069195.9826412
1,24048,1696069196.002242
1,24064,1696069196.0220766
1,24080,1696069196.042051
1,24096,1696069196.0623145
1,24112,1696069196.082636
1,24128,1696069196.1024597
1,24144,1696069196.1223102
1,24160,1696069196.142273
1,24176,1696069196.162269
1,24192,1696069196.182415
1,24208,1696069196.2024748
1,24224,1696069196.2221773
1,24240,1696069196.2422059
1,24256,1696069196.2625656
1,24272,1696069196.2819827
1,24288,1696069196.3026123
1,24304,1696069196.3217137
1,24320,1696069196.342204
1,24336,1696069196.3686469
1,24352,1696069196.3889356
1,24368,1696069196.4094248
1,24384,1696069196.4305966
1,24400,1696069196.453966
1,24416,1696069196.4747174
1,24432,1696069196.497554
1,24448,1696069196.5184767
1,24464,1696069196.5381095
1,24480,1696069196.5622716
1,24496,1696069196.5826035
1,24512,1696069196.602107
1,24528,1696069196.622573
1,24544,1696069196.6424975
1,24560,1696069196.6622832
1,24576,1696069196.682311
1,24592,1696069196.702705
1,24608,1696069196.7219882
1,24624,1696069196.7463472
1,24640,1696069196.7666037
1,24656,1696069196.7861364
1,24672,1696069196.8062422
1,24688,1696069196.8266914
1,24704,1696069196.846303
1,24720,1696069196.866781
1,24736,1696069196.8901844
1,24752,1696069196.9106548
1,24768,1696069196.9301279
1,24784,1696069196.9505997
1,24800,1696069196.970112
1,24816,1696069196.9903982
1,24832,1696069197.0105371
1,24848,1696069197.0305698
1,24864,1696069197.0506303
1,24880,1696069197.070156
1,24896,1696069197.0903141
1,24912,1696069197.1103985
1,24928,1696069197.1301975
1,24944,1696069197.150428
1,24960,1696069197.1700547
1,24976,1696069197.1904688
1,24992,1696069197.2101564
1,25008,1696069197.230398
1,25024,1696069197.2505515
1,25040,1696069197.270388
1,25056,1696069197.2902212
1,25072,1696069197.3104491
1,25088,1696069197.3302116
1,25104,1696069197.3498144
1,25120,1696069197.369917
1,25136,1696069197.3899834
1,25152,1696069197.410406
1,25168,1696069197.433744
1,25184,1696069197.454425
1,25200,1696069197.4743497
1,25216,1696069197.494523
1,25232,1696069197.5141666
1,25248,1696069197.5343416
1,25264,1696069197.5543108
1,25280,1696069197.574101
1,25296,1696069197.594598
1,25312,1696069197.6178172
1,25328,1696069197.6385567
1,25344,1696069197.6580303
1,25360,1696069197.6784577
1,25376,1696069197.7014618
1,25392,1696069197.7226562
1,25408,1696069197.7422593
1,25424,1696069197.7625937
1,25440,1696069197.782243
1,25456,1696069197.802271
1,25472,1696069197.8224967
1,25488,1696069197.8420925
1,25504,1696069197.8622928
1,25520,1696069197.8827238
1,25536,1696069197.9020312
1,25552,1696069197.9225767
1,25568,1696069197.9424212
1,25584,1696069197.9621108
1,25600,1696069197.98512
1,25616,1696069198.006305
1,25632,1696069198.0261989
1,25648,1696069198.0464494
1,25664,1696069198.0663443
1,25680,1696069198.0865068
1,25696,1696069198.1062315
1,25712,1696069198.1263242
1,25728,1696069198.1463203
1,25744,1696069198.166484
1,25760,1696069198.1864123
1,25776,1696069198.206479
1,25792,1696069198.2261248
1,25808,1696069198.2463918
1,25824,1696069198.2663047
1,25840,1696069198.2863493
1,25856,1696069198.3063285
1,25872,1696069198.3295677
1,25888,1696069198.3503544
1,25904,1696069198.3697772
1,25920,1696069198.3905725
1,25936,1696069198.4105425
1,25952,1696069198.4297397
1,25968,1696069198.4503934
1,25984,1696069198.4708211
1,26000,1696069198.4900007
1,26016,1696069198.5108736
1,26032,1696069198.5302749
1,26048,1696069198.5497403
1,26064,1696069198.5695589
1,26080,1696069198.5929782
1,26096,1696069198.6150765
1,26112,1696069198.6292262
1,26128,1696069198.6504295
1,26144,1696069198.6705446
1,26160,1696069198.6901052
1,26176,1696069198.7105923
1,26192,1696069198.724441
1,26208,1696069198.7382228
1,26224,1696069198.7556913
1,26240,1696069198.7707937
1,26256,1696069198.7850688
1,26272,1696069198.7985733
1,26288,1696069198.8130913
1,26304,1696069198.8275084
1,26320,1696069198.8419988
1,26336,1696069198.862963
1,26352,1696069198.8834448
1,26368,1696069198.9025087
1,26384,1696069198.923463
1,26400,1696069198.9465983
1,26416,1696069198.96414
1,26432,1696069198.982135
1,26448,1696069199.002682
1,26464,1696069199.023128
1,26480,1696069199.0426924
1,26496,1696069199.0584316
1,26512,1696069199.0733066
1,26528,1696069199.0863461
1,26544,1696069199.1014109
1,26560,1696069199.1151083
1,26576,1696069199.1294475
1,26592,1696069199.1426654
1,26608,1696069199.1605513
1,26624,1696069199.1745126
1,26640,1696069199.1888661
1,26656,1696069199.2022786
1,26672,1696069199.2172463
1,26688,1696069199.2370803
1,26704,1696069199.2545595
1,26720,1696069199.2716813
1,26736,1696069199.2940826
1,26752,1696069199.3117447
1,26768,1696069199.329348
1,26784,1696069199.3469322
1,26800,1696069199.3649087
1,26816,1696069199.3810942
1,26832,1696069199.397251
1,26848,1696069199.4141145
1,26864,1696069199.4417667
1,26880,1696069199.463022
1,26896,1696069199.4832447
1,26912,1696069199.5071528
1,26928,1696069199.5266092
1,26944,1696069199.543665
1,26960,1696069199.5606349
1,26976,1696069199.5777183
1,26992,1696069199.59584
1,27008,1696069199.6163323
1,27024,1696069199.6394293
1,27040,1696069199.6601257
1,27056,1696069199.6824126
1,27072,1696069199.6995485
1,27088,1696069199.716331
1,27104,1696069199.7338114
1,27120,1696069199.750127
1,27136,1696069199.7667646
1,27152,1696069199.7839723
1,27168,1696069199.800982
1,27184,1696069199.8212478
1,27200,1696069199.8397489
1,27216,1696069199.857305
1,27232,1696069199.874791
1,27248,1696069199.8925724
1,27264,1696069199.9096413
1,27280,1696069199.9271245
1,27296,1696069199.9445317
1,27312,1696069199.9662726
1,27328,1696069199.9822328
1,27344,1696069199.9970257
1,27360,1696069200.0102074
1,27376,1696069200.0264683
1,27392,1696069200.0412605
1,27408,1696069200.0577245
1,27424,1696069200.0747674
1,27440,1696069200.0910976
1,27456,1696069200.1058033
1,27472,1696069200.1247902
1,27488,1696069200.1456692
1,27504,1696069200.1642613
1,27520,1696069200.1871357
1,27536,1696069200.2098887
1,27552,1696069200.231678
1,27568,1696069200.2487755
1,27584,1696069200.267201
1,27600,1696069200.2837827
1,27616,1696069200.3033571
1,27632,1696069200.3262894
1,27648,1696069200.3512256
1,27664,1696069200.36578
1,27680,1696069200.3868625
1,27696,1696069200.4023466
1,27712,1696069200.4240043
1,27728,1696069200.4467168
1,27744,1696069200.4664059
1,27760,1696069200.4846485
1,27776,1696069200.5053918
1,27792,1696069200.5231376
1,27808,1696069200.5433552
1,27824,1696069200.5645564
1,27840,1696069200.5869412
1,27856,1696069200.603488
1,27872,1696069200.6215885
1,27888,1696069200.6391706
1,27904,1696069200.6597672
1,27920,1696069200.6798224
1,27936,1696069200.6982627
1,27952,1696069200.7194078
1,27968,1696069200.7387726
1,27984,1696069200.761142
1,28000,1696069200.7822034
1,28016,1696069200.8006315
1,28032,1696069200.8184721
1,28048,1696069200.8357599
1,28064,1696069200.8534663
1,28080,1696069200.872478
1,28096,1696069200.8906589
1,28112,1696069200.9066768
1,28128,1696069200.9237885
1,28144,1696069200.9487972
1,28160,1696069200.968697
1,28176,1696069200.9881356
1,28192,1696069201.0109723
1,28208,1696069201.02738
1,28224,1696069201.045047
1,28240,1696069201.062377
1,28256,1696069201.0814662
1,28272,1696069201.1002097
1,28288,1696069201.1150897
1,28304,1696069201.1295667
1,28320,1696069201.146561
1,28336,1696069201.1645463
1,28352,1696069201.179327
1,28368,1696069201.1937027
1,28384,1696069201.2115812
1,28400,1696069201.230774
1,28416,1696069201.250786
1,28432,1696069201.270318
1,28448,1696069201.290307
1,28464,1696069201.307679
1,28480,1696069201.3224335
1,28496,1696069201.3360858
1,28512,1696069201.352423
1,28528,1696069201.372356
1,28544,1696069201.389827
1,28560,1696069201.4069004
1,28576,1696069201.4281855
1,28592,1696069201.4510643
1,28608,1696069201.467983
1,28624,1696069201.4842908
1,28640,1696069201.5021174
1,28656,1696069201.520571
1,28672,1696069201.5350134
1,28688,1696069201.5494077
1,28704,1696069201.5670335
1,28720,1696069201.5859551
1,28736,1696069201.6066163
1,28752,1696069201.6265686
1,28768,1696069201.6510527
1,28784,1696069201.668768
1,28800,1696069201.6834931
1,28816,1696069201.698043
1,28832,1696069201.7153213
1,28848,1696069201.7327049
1,28864,1696069201.7475612
1,28880,1696069201.7610946
1,28896,1696069201.7808394
1,28912,1696069201.7975395
1,28928,1696069201.8155072
1,28944,1696069201.8392823
1,28960,1696069201.859802
1,28976,1696069201.8770416
1,28992,1696069201.8919399
1,29008,1696069201.9084363
1,29024,1696069201.924931
1,29040,1696069201.943071
1,29056,1696069201.960034
1,29072,1696069201.9766347
1,29088,1696069201.9933643
1,29104,1696069202.011438
1,29120,1696069202.0281298
1,29136,1696069202.0447268
1,29152,1696069202.0610898
1,29168,1696069202.079166
1,29184,1696069202.0982032
1,29200,1696069202.115715
1,29216,1696069202.1327326
1,29232,1696069202.1487303
1,29248,1696069202.1646974
1,29264,1696069202.1822126
1,29280,1696069202.1988914
1,29296,1696069202.217649
1,29312,1696069202.2352476
1,29328,1696069202.2518694
1,29344,1696069202.2684665
1,29360,1696069202.2843993
1,29376,1696069202.300328
1,29392,1696069202.316523
1,29408,1696069202.335151
1,29424,1696069202.3519905
1,29440,1696069202.366692
1,29456,1696069202.3804955
1,29472,1696069202.3935905
1,29488,1696069202.408514
1,29504,1696069202.4233727
1,29520,1696069202.4400897
1,29536,1696069202.4563491
1,29552,1696069202.4723632
1,29568,1696069202.48894
1,29584,1696069202.5060096
1,29600,1696069202.5225244
1,29616,1696069202.5405874
1,29632,1696069202.5591974
1,29648,1696069202.5780354
1,29664,1696069202.5984428
1,29680,1696069202.6157198
1,29696,1696069202.632171
1,29712,1696069202.6485476
1,29728,1696069202.6666374
1,29744,1696069202.6851707
1,29760,1696069202.7030754
1,29776,1696069202.7201655
1,29792,1696069202.736665
1,29808,1696069202.752689
1,29824,1696069202.7686925
1,29840,1696069202.7860656
1,29856,1696069202.8025923
1,29872,1696069202.820759
1,29888,1696069202.839118
1,29904,1696069202.858336
1,29920,1696069202.8788497
1,29936,1696069202.8978474
1,29952,1696069202.9181983
1,29968,1696069202.9366207
1,29984,1696069202.9530108
1,30000,1696069202.9682815
1,30016,1696069202.9850912
1,30032,1696069203.0064259
1,30048,1696069203.0253649
1,30064,1696069203.0485716
1,30080,1696069203.07334
1,30096,1696069203.0944877
1,30112,1696069203.1161742
1,30128,1696069203.1413708
1,30144,1696069203.1629472
1,30160,1696069203.1815455
1,30176,1696069203.1985276
1,30192,1696069203.2168226
1,30208,1696069203.2319274
1,30224,1696069203.2485292
1,30240,1696069203.2650356
1,30256,1696069203.2854722
1,30272,1696069203.3026438
1,30288,1696069203.3212233
1,30304,1696069203.3427718
1,30320,1696069203.3647761
1,30336,1696069203.3850658
1,30352,1696069203.4069226
1,30368,1696069203.4265873
1,30384,1696069203.4455178
1,30400,1696069203.4626675
1,30416,1696069203.4833133
1,30432,1696069203.5046463
1,30448,1696069203.5246902
1,30464,1696069203.5417256
1,30480,1696069203.5631363
1,30496,1696069203.5831656
1,30512,1696069203.6051211
1,30528,1696069203.622588
1,30544,1696069203.6412604
1,30560,1696069203.658615
1,30576,1696069203.6837015
1,30592,1696069203.7013383
1,30608,1696069203.7177744
1,30624,1696069203.7365913
1,30640,1696069203.757447
1,30656,1696069203.776086
1,30672,1696069203.7891533
1,30688,1696069203.8060396
1,30704,1696069203.8282707
1,30720,1696069203.846522
1,30736,1696069203.86484
1,30752,1696069203.8823278
1,30768,1696069203.9046452
1,30784,1696069203.9225955
1,30800,1696069203.9408216
1,30816,1696069203.9576912
1,30832,1696069203.9801238
1,30848,1696069203.9985712
1,30864,1696069204.0170846
1,30880,1696069204.0336056
1,30896,1696069204.0557966
1,30912,1696069204.074763
1,30928,1696069204.0931036
1,30944,1696069204.1099155
1,30960,1696069204.1321986
1,30976,1696069204.1502938
1,30992,1696069204.1685748
1,31008,1696069204.1860254
1,31024,1696069204.203465
1,31040,1696069204.2179136
1,31056,1696069204.2322564
1,31072,1696069204.2463114
1,31088,1696069204.265975
1,31104,1696069204.2845798
1,31120,1696069204.3023603
1,31136,1696069204.3208854
1,31152,1696069204.341762
1,31168,1696069204.360238
1,31184,1696069204.378382
1,31200,1696069204.396517
1,31216,1696069204.4203224
1,31232,1696069204.4386609
1,31248,1696069204.456692
1,31264,1696069204.4736078
1,31280,1696069204.4959602
1,31296,1696069204.5143507
1,31312,1696069204.5324275
1,31328,1696069204.5529442
1,31344,1696069204.575335
1,31360,1696069204.593127
1,31376,1696069204.6095047
1,31392,1696069204.6235187
1,31408,1696069204.6419017
1,31424,1696069204.6560948
1,31440,1696069204.6704319
1,31456,1696069204.6847055
1,31472,1696069204.702887
1,31488,1696069204.7171779
1,31504,1696069204.7315238
1,31520,1696069204.7457464
1,31536,1696069204.7638774
1,31552,1696069204.7782505
1,31568,1696069204.7940397
1,31584,1696069204.807931
1,31600,1696069204.8263836
1,31616,1696069204.8404644
1,31632,1696069204.8547347
1,31648,1696069204.8689668
1,31664,1696069204.8917334
1,31680,1696069204.9093316
1,31696,1696069204.9261148
1,31712,1696069204.9443176
1,31728,1696069204.9658544
1,31744,1696069204.9843671
1,31760,1696069205.0024955
1,31776,1696069205.0209677
1,31792,1696069205.0418289
1,31808,1696069205.0630856
1,31824,1696069205.0825906
1,31840,1696069205.1001596
1,31856,1696069205.1215327
1,31872,1696069205.1355786
1,31888,1696069205.1498885
1,31904,1696069205.1641326
1,31920,1696069205.1823153
1,31936,1696069205.1963682
1,31952,1696069205.2105682
1,31968,1696069205.2247274
1,31984,1696069205.242938
1,32000,1696069205.256986
1,32016,1696069205.2712648
1,32032,1696069205.2855031
1,32048,1696069205.3036916
1,32064,1696069205.317784
1,32080,1696069205.331993
1,32096,1696069205.3461733
1,32112,1696069205.3643796
1,32128,1696069205.3785214
1,32144,1696069205.392794
1,32160,1696069205.406961
1,32176,1696069205.425049
1,32192,1696069205.4390948
1,32208,1696069205.453307
1,32224,1696069205.4671576
1,32240,1696069205.4868014
1,32256,1696069205.5007222
1,32272,1696069205.5152833
1,32288,1696069205.5297048
1,32304,1696069205.5512722
1,32320,1696069205.5688097
1,32336,1696069205.5862284
1,32352,1696069205.6045132
1,32368,1696069205.6263468
1,32384,1696069205.644444
1,32400,1696069205.6623824
1,32416,1696069205.680311
1,32432,1696069205.7010179
1,32448,1696069205.7179189
1,32464,1696069205.736019
1,32480,1696069205.754585
1,32496,1696069205.7762244
1,32512,1696069205.794304
1,32528,1696069205.8123817
1,32544,1696069205.8299735
1,32560,1696069205.8521428
1,32576,1696069205.8704672
1,32592,1696069205.888681
1,32608,1696069205.905741
1,32624,1696069205.9280057
1,32640,1696069205.947237
1,32656,1696069205.9651515
1,32672,1696069205.9817615
1,32688,1696069206.0043137
1,32704,1696069206.0230224
1,32720,1696069206.0407596
1,32736,1696069206.057611
1,32752,1696069206.0797417
1,32768,1696069206.0972013
1,32784,1696069206.1136112
1,32800,1696069206.1322892
1,32816,1696069206.1537967
1,32832,1696069206.17272
1,32848,1696069206.1964743
1,32864,1696069206.2180557
1,32880,1696069206.2390583
1,32896,1696069206.2568543
1,32912,1696069206.2741735
1,32928,1696069206.2921348
1,32944,1696069206.312726
1,32960,1696069206.3300774
1,32976,1696069206.3484073
1,32992,1696069206.3662772
1,33008,1696069206.387851
1,33024,1696069206.406138
1,33040,1696069206.424102
1,33056,1696069206.4428475
1,33072,1696069206.464567
1,33088,1696069206.4778256
1,33104,1696069206.4942584
1,33120,1696069206.5125344
1,33136,1696069206.5289047
1,33152,1696069206.5463824
1,33168,1696069206.56451
1,33184,1696069206.582298
1,33200,1696069206.6076515
1,33216,1696069206.6249125
1,33232,1696069206.6419377
1,33248,1696069206.66024
1,33264,1696069206.6811118
1,33280,1696069206.697584
1,33296,1696069206.7162569
1,33312,1696069206.7343395
1,33328,1696069206.7562308
1,33344,1696069206.7746592
1,33360,1696069206.792869
1,33376,1696069206.8100047
1,33392,1696069206.8323863
1,33408,1696069206.8501112
1,33424,1696069206.8684494
1,33440,1696069206.886019
1,33456,1696069206.9085948
1,33472,1696069206.9262269
1,33488,1696069206.9445498
1,33504,1696069206.962001
1,33520,1696069206.9843059
1,33536,1696069207.0023851
1,33552,1696069207.0205064
1,33568,1696069207.038761
1,33584,1696069207.060595
1,33600,1696069207.078247
1,33616,1696069207.0966542
1,33632,1696069207.1138206
1,33648,1696069207.1362307
1,33664,1696069207.154673
1,33680,1696069207.17368
1,33696,1696069207.190583
1,33712,1696069207.212501
1,33728,1696069207.2305503
1,33744,1696069207.2487993
1,33760,1696069207.2657151
1,33776,1696069207.2880147
1,33792,1696069207.30741
1,33808,1696069207.3241358
1,33824,1696069207.3430166
1,33840,1696069207.3650074
1,33856,1696069207.3819087
1,33872,1696069207.4003522
1,33888,1696069207.4181101
1,33904,1696069207.4406042
1,33920,1696069207.4581199
1,33936,1696069207.4723492
1,33952,1696069207.486893
1,33968,1696069207.5049906
1,33984,1696069207.5190926
1,34000,1696069207.5334299
1,34016,1696069207.5476615
1,34032,1696069207.5658097
1,34048,1696069207.5798962
1,34064,1696069207.5942464
1,34080,1696069207.608491
1,34096,1696069207.6261606
1,34112,1696069207.6420405
1,34128,1696069207.6563642
1,34144,1696069207.6706128
1,34160,1696069207.6887774
1,34176,1696069207.7028847
1,34192,1696069207.7172375
1,34208,1696069207.7314627
1,34224,1696069207.749789
1,34240,1696069207.7637885
1,34256,1696069207.7785113
1,34272,1696069207.7927701
1,34288,1696069207.8098485
1,34304,1696069207.824248
1,34320,1696069207.8385205
1,34336,1696069207.8527818
1,34352,1696069207.8746703
1,34368,1696069207.8941803
1,34384,1696069207.9118953
1,34400,1696069207.9285557
1,34416,1696069207.952702
1,34432,1696069207.970099
1,34448,1696069207.9888601
1,34464,1696069208.0059855
1,34480,1696069208.0283492
1,34496,1696069208.046542
1,34512,1696069208.0647323
1,34528,1696069208.0818636
1,34544,1696069208.1044137
1,34560,1696069208.1220717
1,34576,1696069208.1408622
1,34592,1696069208.1579556
1,34608,1696069208.1801767
1,34624,1696069208.198814
1,34640,1696069208.2170134
1,34656,1696069208.2339847
1,34672,1696069208.2563667
1,34688,1696069208.2744803
1,34704,1696069208.2927568
1,34720,1696069208.3100014
1,34736,1696069208.3322425
1,34752,1696069208.3504848
1,34768,1696069208.3688924
1,34784,1696069208.38601
1,34800,1696069208.4085863
1,34816,1696069208.4265933
1,34832,1696069208.4447854
1,34848,1696069208.4621487
1,34864,1696069208.484221
1,34880,1696069208.5027575
1,34896,1696069208.5208592
1,34912,1696069208.5378532
1,34928,1696069208.561206
1,34944,1696069208.5800226
1,34960,1696069208.6007447
1,34976,1696069208.6211402
1,34992,1696069208.6436517
1,35008,1696069208.6611793
1,35024,1696069208.677572
1,35040,1696069208.6964626
1,35056,1696069208.7182395
1,35072,1696069208.7363584
1,35088,1696069208.7544975
1,35104,1696069208.7726488
1,35120,1696069208.793916
1,35136,1696069208.807277
1,35152,1696069208.8219688
1,35168,1696069208.834704
1,35184,1696069208.856708
1,35200,1696069208.873978
1,35216,1696069208.8923748
1,35232,1696069208.909816
1,35248,1696069208.932204
1,35264,1696069208.9508471
1,35280,1696069208.9688997
1,35296,1696069208.9863012
1,35312,1696069209.0083673
1,35328,1696069209.0258784
1,35344,1696069209.044565
1,35360,1696069209.062568
1,35376,1696069209.0876222
1,35392,1696069209.1051319
1,35408,1696069209.1218185
1,35424,1696069209.1404667
1,35440,1696069209.1694133
1,35456,1696069209.1967835
1,35472,1696069209.2124598
1,35488,1696069209.2339032
1,35504,1696069209.252861
1,35520,1696069209.2719388
1,35536,1696069209.2912946
1,35552,1696069209.3097548
1,35568,1696069209.3286808
1,35584,1696069209.3497121
1,35600,1696069209.3782387
1,35616,1696069209.3940659
1,35632,1696069209.414408
1,35648,1696069209.4335268
1,35664,1696069209.4526603
1,35680,1696069209.4814696
1,35696,1696069209.4966657
1,35712,1696069209.5169837
1,35728,1696069209.5386212
1,35744,1696069209.5578537
1,35760,1696069209.577161
1,35776,1696069209.596313
1,35792,1696069209.615518
1,35808,1696069209.6339042
1,35824,1696069209.653171
1,35840,1696069209.6723943
1,35856,1696069209.687016
1,35872,1696069209.701285
1,35888,1696069209.7216992
1,35904,1696069209.7357795
1,35920,1696069209.7500682
1,35936,1696069209.76433
1,35952,1696069209.7824798
1,35968,1696069209.7965498
1,35984,1696069209.8108337
1,36000,1696069209.8250341
1,36016,1696069209.8431811
1,36032,1696069209.8572989
1,36048,1696069209.8715343
1,36064,1696069209.8858185
1,36080,1696069209.9057977
1,36096,1696069209.9198902
1,36112,1696069209.9338741
1,36128,1696069209.9496896
1,36144,1696069209.9676802
1,36160,1696069209.981941
1,36176,1696069209.9961894
1,36192,1696069210.0104578
1,36208,1696069210.0285606
1,36224,1696069210.0429306
1,36240,1696069210.05729
1,36256,1696069210.071744
1,36272,1696069210.0901215
1,36288,1696069210.1044211
1,36304,1696069210.1182902
1,36320,1696069210.1344078
1,36336,1696069210.152352
1,36352,1696069210.1666133
1,36368,1696069210.180886
1,36384,1696069210.195113
1,36400,1696069210.213301
1,36416,1696069210.227548
1,36432,1696069210.2418678
1,36448,1696069210.256101
1,36464,1696069210.2742634
1,36480,1696069210.2883422
1,36496,1696069210.3026612
1,36512,1696069210.3168826
1,36528,1696069210.334518
1,36544,1696069210.3501112
1,36560,1696069210.3643217
1,36576,1696069210.3785782
1,36592,1696069210.3967552
1,36608,1696069210.4108338
1,36624,1696069210.4250813
1,36640,1696069210.4393196
1,36656,1696069210.4574752
1,36672,1696069210.4715455
1,36688,1696069210.485812
1,36704,1696069210.5000184
1,36720,1696069210.518214
1,36736,1696069210.5322893
1,36752,1696069210.5462108
1,36768,1696069210.562098
1,36784,1696069210.5803893
1,36800,1696069210.5946498
1,36816,1696069210.6089072
1,36832,1696069210.6231647
1,36848,1696069210.6413832
1,36864,1696069210.655463
1,36880,1696069210.6697245
1,36896,1696069210.6839802
1,36912,1696069210.7021828
1,36928,1696069210.7162728
1,36944,1696069210.730589
1,36960,1696069210.7447994
1,36976,1696069210.7624013
1,36992,1696069210.7784116
1,37008,1696069210.7923338
1,37024,1696069210.8065045
1,37040,1696069210.824609
1,37056,1696069210.8387036
1,37072,1696069210.8529618
1,37088,1696069210.867174
1,37104,1696069210.8845162
1,37120,1696069210.8988824
1,37136,1696069210.9142306
1,37152,1696069210.928306
1,37168,1696069210.945737
1,37184,1696069210.9621403
1,37200,1696069210.9803603
1,37216,1696069210.997723
1,37232,1696069211.0154083
1,37248,1696069211.0296273
1,37264,1696069211.0438797
1,37280,1696069211.058287
1,37296,1696069211.0766153
1,37312,1696069211.0906835
1,37328,1696069211.104522
1,37344,1696069211.1223626
1,37360,1696069211.1443517
1,37376,1696069211.1627874
1,37392,1696069211.1806195
1,37408,1696069211.198575
1,37424,1696069211.2204082
1,37440,1696069211.23831
1,37456,1696069211.2566204
1,37472,1696069211.2742603
1,37488,1696069211.2966619
1,37504,1696069211.3146603
1,37520,1696069211.3328125
1,37536,1696069211.3502562
1,37552,1696069211.372638
1,37568,1696069211.3901415
1,37584,1696069211.408653
1,37600,1696069211.4257352
1,37616,1696069211.4484272
1,37632,1696069211.4658837
1,37648,1696069211.4845457
1,37664,1696069211.5024846
1,37680,1696069211.524573
1,37696,1696069211.5419936
1,37712,1696069211.5604246
1,37728,1696069211.5780237
1,37744,1696069211.6000414
1,37760,1696069211.6184442
1,37776,1696069211.636911
1,37792,1696069211.6542692
1,37808,1696069211.676507
1,37824,1696069211.6944885
1,37840,1696069211.7129178
1,37856,1696069211.7303438
1,37872,1696069211.7524452
1,37888,1696069211.7814229
