epoch,trained_sample,time
1,0,1696071334.5494244
1,64,1696071335.8035831
1,128,1696071335.8202004
1,192,1696071335.8498917
1,256,1696071335.8639774
1,320,1696071335.8789442
1,384,1696071335.8946037
1,448,1696071335.918563
1,512,1696071335.9396152
1,576,1696071335.9590938
1,640,1696071335.9858212
1,704,1696071336.0083332
1,768,1696071336.0299072
1,832,1696071336.0570168
1,896,1696071336.078518
1,960,1696071336.0992682
1,1024,1696071336.1202438
1,1088,1696071336.1439292
1,1152,1696071336.165135
1,1216,1696071336.1873193
1,1280,1696071336.209833
1,1344,1696071336.2310388
1,1408,1696071336.251286
1,1472,1696071336.2727032
1,1536,1696071336.2925072
1,1600,1696071336.3117824
1,1664,1696071336.331687
1,1728,1696071336.3515334
1,1792,1696071336.3722563
1,1856,1696071336.3918993
1,1920,1696071336.4118752
1,1984,1696071336.4319618
1,2048,1696071336.4518237
1,2112,1696071336.4717462
1,2176,1696071336.49245
1,2240,1696071336.5118876
1,2304,1696071336.5315535
1,2368,1696071336.552282
1,2432,1696071336.571812
1,2496,1696071336.591644
1,2560,1696071336.6124375
1,2624,1696071336.632184
1,2688,1696071336.6559966
1,2752,1696071336.676646
1,2816,1696071336.6980612
1,2880,1696071336.7229056
1,2944,1696071336.74627
1,3008,1696071336.7718844
1,3072,1696071336.793977
1,3136,1696071336.8163064
1,3200,1696071336.8420432
1,3264,1696071336.865137
1,3328,1696071336.8858693
1,3392,1696071336.9062626
1,3456,1696071336.925254
1,3520,1696071336.9454317
1,3584,1696071336.9644716
1,3648,1696071336.984405
1,3712,1696071337.0041842
1,3776,1696071337.0256448
1,3840,1696071337.0450606
1,3904,1696071337.0656717
1,3968,1696071337.0860012
1,4032,1696071337.106112
1,4096,1696071337.1263347
1,4160,1696071337.1460233
1,4224,1696071337.1652296
1,4288,1696071337.1846132
1,4352,1696071337.206492
1,4416,1696071337.2258039
1,4480,1696071337.243843
1,4544,1696071337.2655785
1,4608,1696071337.2862256
1,4672,1696071337.3060834
1,4736,1696071337.3261554
1,4800,1696071337.345904
1,4864,1696071337.365823
1,4928,1696071337.3860116
1,4992,1696071337.4054275
1,5056,1696071337.4211714
1,5120,1696071337.4383564
1,5184,1696071337.458423
1,5248,1696071337.4785297
1,5312,1696071337.5000315
1,5376,1696071337.525947
1,5440,1696071337.5490785
1,5504,1696071337.5702715
1,5568,1696071337.5948853
1,5632,1696071337.6178837
1,5696,1696071337.6349666
1,5760,1696071337.6549823
1,5824,1696071337.6780298
1,5888,1696071337.704584
1,5952,1696071337.726285
1,6016,1696071337.7505708
1,6080,1696071337.7674732
1,6144,1696071337.7899342
1,6208,1696071337.8111277
1,6272,1696071337.8326507
1,6336,1696071337.8545954
1,6400,1696071337.8753195
1,6464,1696071337.8954127
1,6528,1696071337.9217231
1,6592,1696071337.9427748
1,6656,1696071337.9670973
1,6720,1696071337.989743
1,6784,1696071338.0163004
1,6848,1696071338.038216
1,6912,1696071338.065109
1,6976,1696071338.0858622
1,7040,1696071338.1111221
1,7104,1696071338.1340892
1,7168,1696071338.1598506
1,7232,1696071338.1821337
1,7296,1696071338.2044623
1,7360,1696071338.2300432
1,7424,1696071338.2530184
1,7488,1696071338.2743473
1,7552,1696071338.2994366
1,7616,1696071338.3218222
1,7680,1696071338.3385162
1,7744,1696071338.3586056
1,7808,1696071338.3790646
1,7872,1696071338.4015036
1,7936,1696071338.423772
1,8000,1696071338.443853
1,8064,1696071338.4661882
1,8128,1696071338.4905596
1,8192,1696071338.507951
1,8256,1696071338.529457
1,8320,1696071338.551555
1,8384,1696071338.572476
1,8448,1696071338.5943542
1,8512,1696071338.6192005
1,8576,1696071338.634906
1,8640,1696071338.6508129
1,8704,1696071338.6666803
1,8768,1696071338.6826482
1,8832,1696071338.6983624
1,8896,1696071338.7145278
1,8960,1696071338.7309692
1,9024,1696071338.7472665
1,9088,1696071338.7636962
1,9152,1696071338.7795315
1,9216,1696071338.7952726
1,9280,1696071338.8117895
1,9344,1696071338.8279603
1,9408,1696071338.8425012
1,9472,1696071338.859268
1,9536,1696071338.8754623
1,9600,1696071338.8911703
1,9664,1696071338.9063818
1,9728,1696071338.9243257
1,9792,1696071338.945039
1,9856,1696071338.9679515
1,9920,1696071338.9885807
1,9984,1696071339.0104227
1,10048,1696071339.0345898
1,10112,1696071339.058219
1,10176,1696071339.084739
1,10240,1696071339.1059482
1,10304,1696071339.1317706
1,10368,1696071339.153995
1,10432,1696071339.1792932
1,10496,1696071339.2018716
1,10560,1696071339.2204797
1,10624,1696071339.2423322
1,10688,1696071339.263313
1,10752,1696071339.2841208
1,10816,1696071339.306132
1,10880,1696071339.3308542
1,10944,1696071339.3483536
1,11008,1696071339.3693326
1,11072,1696071339.3916445
1,11136,1696071339.4122343
1,11200,1696071339.4343712
1,11264,1696071339.456363
1,11328,1696071339.4827602
1,11392,1696071339.5019662
1,11456,1696071339.5271351
1,11520,1696071339.543745
1,11584,1696071339.5632942
1,11648,1696071339.5882394
1,11712,1696071339.6099408
1,11776,1696071339.6285238
1,11840,1696071339.6471136
1,11904,1696071339.6645803
1,11968,1696071339.6849248
1,12032,1696071339.7075493
1,12096,1696071339.729149
1,12160,1696071339.754243
1,12224,1696071339.7741756
1,12288,1696071339.8004305
1,12352,1696071339.8224227
1,12416,1696071339.8474462
1,12480,1696071339.8699853
1,12544,1696071339.895668
1,12608,1696071339.9176912
1,12672,1696071339.9369273
1,12736,1696071339.9586535
1,12800,1696071339.9823103
1,12864,1696071340.0085385
1,12928,1696071340.0302396
1,12992,1696071340.0550454
1,13056,1696071340.0777812
1,13120,1696071340.1047606
1,13184,1696071340.1261907
1,13248,1696071340.1521845
1,13312,1696071340.1742754
1,13376,1696071340.1988647
1,13440,1696071340.2220204
1,13504,1696071340.2492743
1,13568,1696071340.264128
1,13632,1696071340.280056
1,13696,1696071340.2954824
1,13760,1696071340.3111377
1,13824,1696071340.3263276
1,13888,1696071340.3409069
1,13952,1696071340.3560832
1,14016,1696071340.3714325
1,14080,1696071340.386605
1,14144,1696071340.402351
1,14208,1696071340.4187298
1,14272,1696071340.4352095
1,14336,1696071340.451403
1,14400,1696071340.4671724
1,14464,1696071340.4831185
1,14528,1696071340.4996471
1,14592,1696071340.5156517
1,14656,1696071340.5302713
1,14720,1696071340.5468192
1,14784,1696071340.5631144
1,14848,1696071340.578573
1,14912,1696071340.5943205
1,14976,1696071340.611322
1,15040,1696071340.6281154
1,15104,1696071340.6539538
1,15168,1696071340.6721382
1,15232,1696071340.6920497
1,15296,1696071340.714011
1,15360,1696071340.7354162
1,15424,1696071340.7543461
1,15488,1696071340.7810423
1,15552,1696071340.799825
1,15616,1696071340.8180685
1,15680,1696071340.8373067
1,15744,1696071340.8598187
1,15808,1696071340.882947
1,15872,1696071340.9033842
1,15936,1696071340.9229858
1,16000,1696071340.9449506
1,16064,1696071340.9664598
1,16128,1696071340.9841099
1,16192,1696071340.9996908
1,16256,1696071341.023439
1,16320,1696071341.0380592
1,16384,1696071341.05229
1,16448,1696071341.0693705
1,16512,1696071341.0872233
1,16576,1696071341.105706
1,16640,1696071341.120899
1,16704,1696071341.1357384
1,16768,1696071341.1538875
1,16832,1696071341.171596
1,16896,1696071341.187702
1,16960,1696071341.2028246
1,17024,1696071341.2212503
1,17088,1696071341.2400022
1,17152,1696071341.2556238
1,17216,1696071341.2706826
1,17280,1696071341.2886817
1,17344,1696071341.3061094
1,17408,1696071341.3226206
1,17472,1696071341.341854
1,17536,1696071341.3606083
1,17600,1696071341.3788223
1,17664,1696071341.3950012
1,17728,1696071341.4100294
1,17792,1696071341.4288857
1,17856,1696071341.4468348
1,17920,1696071341.462412
1,17984,1696071341.477586
1,18048,1696071341.496138
1,18112,1696071341.5145237
1,18176,1696071341.52998
1,18240,1696071341.544847
1,18304,1696071341.566155
1,18368,1696071341.5848188
1,18432,1696071341.599847
1,18496,1696071341.6147184
1,18560,1696071341.6331606
1,18624,1696071341.6512742
1,18688,1696071341.670183
1,18752,1696071341.6850755
1,18816,1696071341.6992865
1,18880,1696071341.7139502
1,18944,1696071341.7273467
1,19008,1696071341.7418673
1,19072,1696071341.758476
1,19136,1696071341.7783613
1,19200,1696071341.7985587
1,19264,1696071341.8187516
1,19328,1696071341.8389692
1,19392,1696071341.8556542
1,19456,1696071341.8722582
1,19520,1696071341.8888369
1,19584,1696071341.9063907
1,19648,1696071341.9232543
1,19712,1696071341.9420574
1,19776,1696071341.9625406
1,19840,1696071341.982442
1,19904,1696071342.0021281
1,19968,1696071342.022131
1,20032,1696071342.0422425
1,20096,1696071342.062745
1,20160,1696071342.0823495
1,20224,1696071342.107206
1,20288,1696071342.1233518
1,20352,1696071342.1396263
1,20416,1696071342.1564186
1,20480,1696071342.1739724
1,20544,1696071342.1941907
1,20608,1696071342.2144856
1,20672,1696071342.2345662
1,20736,1696071342.254571
1,20800,1696071342.2745457
1,20864,1696071342.2944736
1,20928,1696071342.3142846
1,20992,1696071342.3343327
1,21056,1696071342.3544235
1,21120,1696071342.3746521
1,21184,1696071342.3945856
1,21248,1696071342.4144132
1,21312,1696071342.434244
1,21376,1696071342.4541922
1,21440,1696071342.4737957
1,21504,1696071342.496639
1,21568,1696071342.517803
1,21632,1696071342.5380552
1,21696,1696071342.5575657
1,21760,1696071342.5774343
1,21824,1696071342.5971544
1,21888,1696071342.617465
1,21952,1696071342.637864
1,22016,1696071342.6579163
1,22080,1696071342.677853
1,22144,1696071342.6929305
1,22208,1696071342.7072656
1,22272,1696071342.721664
1,22336,1696071342.7349284
1,22400,1696071342.7493746
1,22464,1696071342.762636
1,22528,1696071342.7772906
1,22592,1696071342.7903943
1,22656,1696071342.8048768
1,22720,1696071342.8182251
1,22784,1696071342.8328528
1,22848,1696071342.8460622
1,22912,1696071342.8609524
1,22976,1696071342.8745136
1,23040,1696071342.8891737
1,23104,1696071342.9023688
1,23168,1696071342.9169288
1,23232,1696071342.9302804
1,23296,1696071342.9449003
1,23360,1696071342.96489
1,23424,1696071342.9796615
1,23488,1696071342.9938526
1,23552,1696071343.0073714
1,23616,1696071343.0215137
1,23680,1696071343.0348315
1,23744,1696071343.0493755
1,23808,1696071343.0627654
1,23872,1696071343.0770552
1,23936,1696071343.0903485
1,24000,1696071343.10486
1,24064,1696071343.118352
1,24128,1696071343.1329327
1,24192,1696071343.1463172
1,24256,1696071343.1608312
1,24320,1696071343.1744428
1,24384,1696071343.188813
1,24448,1696071343.202466
1,24512,1696071343.2169657
1,24576,1696071343.2314382
1,24640,1696071343.245763
1,24704,1696071343.2592432
1,24768,1696071343.2735524
1,24832,1696071343.2868524
1,24896,1696071343.3011374
1,24960,1696071343.3143444
1,25024,1696071343.3288233
1,25088,1696071343.3423586
1,25152,1696071343.356824
1,25216,1696071343.370346
1,25280,1696071343.384807
1,25344,1696071343.3982685
1,25408,1696071343.412685
1,25472,1696071343.426437
1,25536,1696071343.4409008
1,25600,1696071343.4553864
1,25664,1696071343.4695632
1,25728,1696071343.487059
1,25792,1696071343.5060842
1,25856,1696071343.5263608
1,25920,1696071343.5465057
1,25984,1696071343.5642302
1,26048,1696071343.5808797
1,26112,1696071343.5962155
1,26176,1696071343.612582
1,26240,1696071343.628097
1,26304,1696071343.644821
1,26368,1696071343.6619291
1,26432,1696071343.6792512
1,26496,1696071343.6982212
1,26560,1696071343.7181504
1,26624,1696071343.738303
1,26688,1696071343.7582655
1,26752,1696071343.77826
1,26816,1696071343.7988462
1,26880,1696071343.8188639
1,26944,1696071343.8380506
1,27008,1696071343.8580914
1,27072,1696071343.8781805
1,27136,1696071343.8985815
1,27200,1696071343.918423
1,27264,1696071343.9385233
1,27328,1696071343.9629734
1,27392,1696071343.9846756
1,27456,1696071344.0068102
1,27520,1696071344.0217981
1,27584,1696071344.045376
1,27648,1696071344.0646672
1,27712,1696071344.086812
1,27776,1696071344.1075506
1,27840,1696071344.1307392
1,27904,1696071344.151534
1,27968,1696071344.1747756
1,28032,1696071344.196636
1,28096,1696071344.2186582
1,28160,1696071344.240157
1,28224,1696071344.2629113
1,28288,1696071344.283475
1,28352,1696071344.3071313
1,28416,1696071344.3277802
1,28480,1696071344.3494086
1,28544,1696071344.370787
1,28608,1696071344.3846254
1,28672,1696071344.403519
1,28736,1696071344.4308167
1,28800,1696071344.4514976
1,28864,1696071344.47523
1,28928,1696071344.4948168
1,28992,1696071344.5110369
1,29056,1696071344.5277767
1,29120,1696071344.5442696
1,29184,1696071344.5596328
1,29248,1696071344.5764883
1,29312,1696071344.5919173
1,29376,1696071344.6085637
1,29440,1696071344.624003
1,29504,1696071344.6406548
1,29568,1696071344.655872
1,29632,1696071344.6724534
1,29696,1696071344.688075
1,29760,1696071344.7046611
1,29824,1696071344.7214847
1,29888,1696071344.739586
1,29952,1696071344.7562513
1,30016,1696071344.7743068
1,30080,1696071344.7944016
1,30144,1696071344.8145657
1,30208,1696071344.8343573
1,30272,1696071344.8543088
1,30336,1696071344.8743606
1,30400,1696071344.8944535
1,30464,1696071344.9144773
1,30528,1696071344.9341764
1,30592,1696071344.9543557
1,30656,1696071344.9742355
1,30720,1696071344.9943643
1,30784,1696071345.014475
1,30848,1696071345.0343516
1,30912,1696071345.0540605
1,30976,1696071345.0722606
1,31040,1696071345.0888193
1,31104,1696071345.1055667
1,31168,1696071345.1232862
1,31232,1696071345.142184
1,31296,1696071345.1623178
1,31360,1696071345.1824942
1,31424,1696071345.2025113
1,31488,1696071345.2217793
1,31552,1696071345.2420702
1,31616,1696071345.2624774
1,31680,1696071345.2826478
1,31744,1696071345.302359
1,31808,1696071345.321982
1,31872,1696071345.3421695
1,31936,1696071345.362476
1,32000,1696071345.3825004
1,32064,1696071345.4022899
1,32128,1696071345.4221752
1,32192,1696071345.4423478
1,32256,1696071345.4623382
1,32320,1696071345.4821901
1,32384,1696071345.5023906
1,32448,1696071345.52234
1,32512,1696071345.5393267
1,32576,1696071345.5643098
1,32640,1696071345.5850885
1,32704,1696071345.6067388
1,32768,1696071345.6269476
1,32832,1696071345.6511102
1,32896,1696071345.6715596
1,32960,1696071345.6940815
1,33024,1696071345.713443
1,33088,1696071345.7347274
1,33152,1696071345.754855
1,33216,1696071345.7781522
1,33280,1696071345.8004954
1,33344,1696071345.8219283
1,33408,1696071345.842239
1,33472,1696071345.8657792
1,33536,1696071345.8867254
1,33600,1696071345.9086616
1,33664,1696071345.9306383
1,33728,1696071345.9533987
1,33792,1696071345.974377
1,33856,1696071345.997138
1,33920,1696071346.01853
1,33984,1696071346.0412507
1,34048,1696071346.062667
1,34112,1696071346.0852606
1,34176,1696071346.1062603
1,34240,1696071346.1290286
1,34304,1696071346.1506438
1,34368,1696071346.1733828
1,34432,1696071346.1946983
1,34496,1696071346.2165198
1,34560,1696071346.2387424
1,34624,1696071346.2614584
1,34688,1696071346.2824378
1,34752,1696071346.3056545
1,34816,1696071346.3265784
1,34880,1696071346.3495002
1,34944,1696071346.3704379
1,35008,1696071346.3934588
1,35072,1696071346.4148645
1,35136,1696071346.4372606
1,35200,1696071346.458456
1,35264,1696071346.4812794
1,35328,1696071346.5022712
1,35392,1696071346.5249815
1,35456,1696071346.5467927
1,35520,1696071346.56709
1,35584,1696071346.5872161
1,35648,1696071346.6061773
1,35712,1696071346.6263955
1,35776,1696071346.6462991
1,35840,1696071346.6662307
1,35904,1696071346.6861823
1,35968,1696071346.7062535
1,36032,1696071346.7263117
1,36096,1696071346.7462418
1,36160,1696071346.7665088
1,36224,1696071346.786547
1,36288,1696071346.806311
1,36352,1696071346.8272505
1,36416,1696071346.8463151
1,36480,1696071346.8637056
1,36544,1696071346.8807242
1,36608,1696071346.896316
1,36672,1696071346.912867
1,36736,1696071346.930835
1,36800,1696071346.946525
1,36864,1696071346.96504
1,36928,1696071346.9820619
1,36992,1696071347.0000095
1,37056,1696071347.0177805
1,37120,1696071347.0356014
1,37184,1696071347.052526
1,37248,1696071347.072327
1,37312,1696071347.0896885
1,37376,1696071347.1076787
1,37440,1696071347.1245878
1,37504,1696071347.1421285
1,37568,1696071347.1584244
1,37632,1696071347.178147
1,37696,1696071347.19828
1,37760,1696071347.2184637
1,37824,1696071347.2386315
1,37888,1696071347.258691
1,37952,1696071347.276542
1,38016,1696071347.2930326
1,38080,1696071347.308538
1,38144,1696071347.3250923
1,38208,1696071347.3428946
1,38272,1696071347.3586578
1,38336,1696071347.3771892
1,38400,1696071347.394854
1,38464,1696071347.4108572
1,38528,1696071347.4280357
1,38592,1696071347.446159
1,38656,1696071347.4637442
1,38720,1696071347.4804833
1,38784,1696071347.495953
1,38848,1696071347.5126216
1,38912,1696071347.5353673
1,38976,1696071347.5526936
1,39040,1696071347.570502
1,39104,1696071347.5902467
1,39168,1696071347.6109757
1,39232,1696071347.6302662
1,39296,1696071347.6500833
1,39360,1696071347.6703897
1,39424,1696071347.69049
1,39488,1696071347.7104635
1,39552,1696071347.7303946
1,39616,1696071347.7505915
1,39680,1696071347.7705176
1,39744,1696071347.7903366
1,39808,1696071347.8105206
1,39872,1696071347.8304863
1,39936,1696071347.8544781
1,40000,1696071347.8790936
1,40064,1696071347.8995502
1,40128,1696071347.923292
1,40192,1696071347.944111
1,40256,1696071347.966635
1,40320,1696071347.9899366
1,40384,1696071348.0105941
1,40448,1696071348.030627
1,40512,1696071348.056482
1,40576,1696071348.0784729
1,40640,1696071348.0982296
1,40704,1696071348.118294
1,40768,1696071348.138332
1,40832,1696071348.158357
1,40896,1696071348.1784341
1,40960,1696071348.1980107
1,41024,1696071348.2186635
1,41088,1696071348.2393937
1,41152,1696071348.2589202
1,41216,1696071348.278084
1,41280,1696071348.3025813
1,41344,1696071348.324349
1,41408,1696071348.3481464
1,41472,1696071348.3705134
1,41536,1696071348.3902974
1,41600,1696071348.409943
1,41664,1696071348.43072
1,41728,1696071348.444522
1,41792,1696071348.4655185
1,41856,1696071348.4866261
1,41920,1696071348.5014763
1,41984,1696071348.5224464
1,42048,1696071348.5410697
1,42112,1696071348.561498
1,42176,1696071348.5826123
1,42240,1696071348.6091247
1,42304,1696071348.6307285
1,42368,1696071348.654686
1,42432,1696071348.6751215
1,42496,1696071348.6993225
1,42560,1696071348.714428
1,42624,1696071348.7360327
1,42688,1696071348.7587228
1,42752,1696071348.7790337
1,42816,1696071348.8030646
1,42880,1696071348.8233879
1,42944,1696071348.8470244
1,43008,1696071348.8677359
1,43072,1696071348.8901
1,43136,1696071348.9056225
1,43200,1696071348.9294312
1,43264,1696071348.9506538
1,43328,1696071348.9729407
1,43392,1696071348.9949183
1,43456,1696071349.0175138
1,43520,1696071349.03869
1,43584,1696071349.0572786
1,43648,1696071349.0779338
1,43712,1696071349.097342
1,43776,1696071349.1189406
1,43840,1696071349.1389914
1,43904,1696071349.1626163
1,43968,1696071349.1848335
1,44032,1696071349.2066352
1,44096,1696071349.2265985
1,44160,1696071349.2426193
1,44224,1696071349.2615945
1,44288,1696071349.2795382
1,44352,1696071349.2957823
1,44416,1696071349.3122394
1,44480,1696071349.3292027
1,44544,1696071349.3474112
1,44608,1696071349.366066
1,44672,1696071349.3861191
1,44736,1696071349.4066005
1,44800,1696071349.4267256
1,44864,1696071349.4463422
1,44928,1696071349.4663734
1,44992,1696071349.4863627
1,45056,1696071349.5066783
1,45120,1696071349.526406
1,45184,1696071349.5461652
1,45248,1696071349.566121
1,45312,1696071349.5860283
1,45376,1696071349.6061394
1,45440,1696071349.6260953
1,45504,1696071349.646062
1,45568,1696071349.666355
1,45632,1696071349.6867769
1,45696,1696071349.7066317
1,45760,1696071349.7267118
1,45824,1696071349.74671
1,45888,1696071349.7665374
1,45952,1696071349.7861905
1,46016,1696071349.8064926
1,46080,1696071349.8263013
1,46144,1696071349.8465147
1,46208,1696071349.870911
1,46272,1696071349.893367
1,46336,1696071349.9147463
1,46400,1696071349.9291458
1,46464,1696071349.9504974
1,46528,1696071349.970862
1,46592,1696071349.9883382
1,46656,1696071350.00563
1,46720,1696071350.0233262
1,46784,1696071350.0405812
1,46848,1696071350.0580454
1,46912,1696071350.074605
1,46976,1696071350.0940826
1,47040,1696071350.1114519
1,47104,1696071350.1298304
1,47168,1696071350.1500309
1,47232,1696071350.1704957
1,47296,1696071350.1906235
1,47360,1696071350.2107897
1,47424,1696071350.2304192
1,47488,1696071350.2505548
1,47552,1696071350.2703435
1,47616,1696071350.2903965
1,47680,1696071350.3100033
1,47744,1696071350.3302178
1,47808,1696071350.3503175
1,47872,1696071350.3702526
1,47936,1696071350.3903816
1,48000,1696071350.410326
1,48064,1696071350.4282029
1,48128,1696071350.4449713
1,48192,1696071350.4621468
1,48256,1696071350.4802852
1,48320,1696071350.4989307
1,48384,1696071350.521339
1,48448,1696071350.5392127
1,48512,1696071350.5599103
1,48576,1696071350.5807133
1,48640,1696071350.6037066
1,48704,1696071350.6273057
1,48768,1696071350.643342
1,48832,1696071350.663499
1,48896,1696071350.6871376
1,48960,1696071350.710954
1,49024,1696071350.7332
1,49088,1696071350.7611272
1,49152,1696071350.7824643
1,49216,1696071350.8089006
1,49280,1696071350.8284407
1,49344,1696071350.8497946
1,49408,1696071350.871516
1,49472,1696071350.8972213
1,49536,1696071350.9289029
1,49600,1696071350.9451516
1,49664,1696071350.9614115
1,49728,1696071350.9784014
1,49792,1696071350.9948196
1,49856,1696071351.0113413
1,49920,1696071351.0276916
1,49984,1696071351.0441754
1,50000,1696071351.066785
2,64,1696071351.3692365
2,128,1696071351.3885183
2,192,1696071351.4120543
2,256,1696071351.4349735
2,320,1696071351.4573233
2,384,1696071351.4777162
2,448,1696071351.497741
2,512,1696071351.5198436
2,576,1696071351.5415468
2,640,1696071351.562396
2,704,1696071351.5806065
2,768,1696071351.6036916
2,832,1696071351.6268442
2,896,1696071351.649442
2,960,1696071351.6742373
2,1024,1696071351.6943042
2,1088,1696071351.71515
2,1152,1696071351.7348995
2,1216,1696071351.7570124
2,1280,1696071351.778534
2,1344,1696071351.8034499
2,1408,1696071351.8259928
2,1472,1696071351.8473427
2,1536,1696071351.869536
2,1600,1696071351.89167
2,1664,1696071351.9103317
2,1728,1696071351.9311407
2,1792,1696071351.9559913
2,1856,1696071351.9771051
2,1920,1696071351.9975417
2,1984,1696071352.0162337
2,2048,1696071352.0374107
2,2112,1696071352.0582752
2,2176,1696071352.07597
2,2240,1696071352.096076
2,2304,1696071352.1192458
2,2368,1696071352.1427538
2,2432,1696071352.1644208
2,2496,1696071352.185707
2,2560,1696071352.206099
2,2624,1696071352.2274573
2,2688,1696071352.2463849
2,2752,1696071352.2731507
2,2816,1696071352.2971234
2,2880,1696071352.3213205
2,2944,1696071352.3435018
2,3008,1696071352.367178
2,3072,1696071352.3901975
2,3136,1696071352.4115126
2,3200,1696071352.4325902
2,3264,1696071352.4558413
2,3328,1696071352.4753203
2,3392,1696071352.4983149
2,3456,1696071352.5226586
2,3520,1696071352.5478117
2,3584,1696071352.5706823
2,3648,1696071352.5925336
2,3712,1696071352.6158938
2,3776,1696071352.636951
2,3840,1696071352.6601691
2,3904,1696071352.6827955
2,3968,1696071352.7065632
2,4032,1696071352.7273703
2,4096,1696071352.744546
2,4160,1696071352.7644393
2,4224,1696071352.7819536
2,4288,1696071352.798183
2,4352,1696071352.8147492
2,4416,1696071352.8311677
2,4480,1696071352.8467512
2,4544,1696071352.8627853
2,4608,1696071352.879392
2,4672,1696071352.8958306
2,4736,1696071352.9122198
2,4800,1696071352.9286811
2,4864,1696071352.945045
2,4928,1696071352.9617887
2,4992,1696071352.978286
2,5056,1696071352.9947197
2,5120,1696071353.0119793
2,5184,1696071353.0338485
2,5248,1696071353.05415
2,5312,1696071353.0735815
2,5376,1696071353.0957966
2,5440,1696071353.1169145
2,5504,1696071353.1373746
2,5568,1696071353.1563852
2,5632,1696071353.1775382
2,5696,1696071353.1998048
2,5760,1696071353.220165
2,5824,1696071353.2418447
2,5888,1696071353.2623973
2,5952,1696071353.28322
2,6016,1696071353.3022816
2,6080,1696071353.3287308
2,6144,1696071353.3504918
2,6208,1696071353.3750756
2,6272,1696071353.392214
2,6336,1696071353.411756
2,6400,1696071353.434827
2,6464,1696071353.4509604
2,6528,1696071353.4695692
2,6592,1696071353.4877465
2,6656,1696071353.5100722
2,6720,1696071353.527085
2,6784,1696071353.548085
2,6848,1696071353.5678067
2,6912,1696071353.5904696
2,6976,1696071353.6141443
2,7040,1696071353.6403291
2,7104,1696071353.6598065
2,7168,1696071353.6796458
2,7232,1696071353.7021537
2,7296,1696071353.727987
2,7360,1696071353.747854
2,7424,1696071353.765961
2,7488,1696071353.7840292
2,7552,1696071353.8052506
2,7616,1696071353.827516
2,7680,1696071353.8484473
2,7744,1696071353.869901
2,7808,1696071353.8876343
2,7872,1696071353.9064388
2,7936,1696071353.930847
2,8000,1696071353.9541843
2,8064,1696071353.9791687
2,8128,1696071353.9988017
2,8192,1696071354.0232387
2,8256,1696071354.0462954
2,8320,1696071354.068998
2,8384,1696071354.0891957
2,8448,1696071354.1102467
2,8512,1696071354.1314716
2,8576,1696071354.1519506
2,8640,1696071354.1721768
2,8704,1696071354.1911004
2,8768,1696071354.2177713
2,8832,1696071354.236606
2,8896,1696071354.2567458
2,8960,1696071354.278099
2,9024,1696071354.2996702
2,9088,1696071354.318756
2,9152,1696071354.3386185
2,9216,1696071354.3603435
2,9280,1696071354.3817413
2,9344,1696071354.3992527
2,9408,1696071354.4185214
2,9472,1696071354.4430857
2,9536,1696071354.4665954
2,9600,1696071354.4893827
2,9664,1696071354.5103385
2,9728,1696071354.529764
2,9792,1696071354.5563262
2,9856,1696071354.5781221
2,9920,1696071354.599488
2,9984,1696071354.6203697
2,10048,1696071354.6437242
2,10112,1696071354.6632743
2,10176,1696071354.684966
2,10240,1696071354.7067552
2,10304,1696071354.7310078
2,10368,1696071354.7504988
2,10432,1696071354.7761397
2,10496,1696071354.797863
2,10560,1696071354.8197947
2,10624,1696071354.8400571
2,10688,1696071354.8617554
2,10752,1696071354.8823009
2,10816,1696071354.903185
2,10880,1696071354.9247868
2,10944,1696071354.9461837
2,11008,1696071354.965641
2,11072,1696071354.9922764
2,11136,1696071355.0114918
2,11200,1696071355.032062
2,11264,1696071355.0548434
2,11328,1696071355.0764322
2,11392,1696071355.1009219
2,11456,1696071355.1191278
2,11520,1696071355.1460662
2,11584,1696071355.1685033
2,11648,1696071355.190129
2,11712,1696071355.2098155
2,11776,1696071355.231357
2,11840,1696071355.252667
2,11904,1696071355.2739341
2,11968,1696071355.2942615
2,12032,1696071355.3154292
2,12096,1696071355.33662
2,12160,1696071355.3574536
2,12224,1696071355.3782094
2,12288,1696071355.3995256
2,12352,1696071355.4206593
2,12416,1696071355.4434626
2,12480,1696071355.4630969
2,12544,1696071355.4868486
2,12608,1696071355.5105715
2,12672,1696071355.5310366
2,12736,1696071355.5509517
2,12800,1696071355.575117
2,12864,1696071355.5946171
2,12928,1696071355.6217756
2,12992,1696071355.642115
2,13056,1696071355.6632967
2,13120,1696071355.684653
2,13184,1696071355.7044244
2,13248,1696071355.724118
2,13312,1696071355.7466772
2,13376,1696071355.7701862
2,13440,1696071355.791279
2,13504,1696071355.8105247
2,13568,1696071355.8370025
2,13632,1696071355.8581748
2,13696,1696071355.88373
2,13760,1696071355.903906
2,13824,1696071355.9257002
2,13888,1696071355.9474573
2,13952,1696071355.9679074
2,14016,1696071355.992647
2,14080,1696071356.0135016
2,14144,1696071356.0356557
2,14208,1696071356.0543647
2,14272,1696071356.0788894
2,14336,1696071356.0995314
2,14400,1696071356.129259
2,14464,1696071356.1492853
2,14528,1696071356.1688268
2,14592,1696071356.1881073
2,14656,1696071356.2101665
2,14720,1696071356.2294092
2,14784,1696071356.247113
2,14848,1696071356.2712903
2,14912,1696071356.2969618
2,14976,1696071356.3166919
2,15040,1696071356.3379965
2,15104,1696071356.359474
2,15168,1696071356.3795066
2,15232,1696071356.4057627
2,15296,1696071356.424742
2,15360,1696071356.4463112
2,15424,1696071356.4672945
2,15488,1696071356.488566
2,15552,1696071356.511662
2,15616,1696071356.5326006
2,15680,1696071356.555791
2,15744,1696071356.5773132
2,15808,1696071356.6014478
2,15872,1696071356.624505
2,15936,1696071356.6467187
2,16000,1696071356.6676936
2,16064,1696071356.697454
2,16128,1696071356.72079
2,16192,1696071356.7433145
2,16256,1696071356.7648451
2,16320,1696071356.78786
2,16384,1696071356.8089607
2,16448,1696071356.8294153
2,16512,1696071356.850298
2,16576,1696071356.871389
2,16640,1696071356.8927088
2,16704,1696071356.9159205
2,16768,1696071356.9367156
2,16832,1696071356.9597645
2,16896,1696071356.9815545
2,16960,1696071357.0034466
2,17024,1696071357.0244904
2,17088,1696071357.048169
2,17152,1696071357.0706503
2,17216,1696071357.087447
2,17280,1696071357.109714
2,17344,1696071357.1318865
2,17408,1696071357.1522639
2,17472,1696071357.1737502
2,17536,1696071357.1911733
2,17600,1696071357.213674
2,17664,1696071357.2356055
2,17728,1696071357.2547102
2,17792,1696071357.2766514
2,17856,1696071357.300252
2,17920,1696071357.3211064
2,17984,1696071357.3442113
2,18048,1696071357.364919
2,18112,1696071357.3858473
2,18176,1696071357.4061332
2,18240,1696071357.4277554
2,18304,1696071357.448943
2,18368,1696071357.4718118
2,18432,1696071357.491023
2,18496,1696071357.512896
2,18560,1696071357.5347276
2,18624,1696071357.558822
2,18688,1696071357.5824773
2,18752,1696071357.6055439
2,18816,1696071357.6277084
2,18880,1696071357.648487
2,18944,1696071357.672122
2,19008,1696071357.6951
2,19072,1696071357.7116365
2,19136,1696071357.7318978
2,19200,1696071357.756076
2,19264,1696071357.77755
2,19328,1696071357.799597
2,19392,1696071357.8206956
2,19456,1696071357.8439605
2,19520,1696071357.8647835
2,19584,1696071357.8876972
2,19648,1696071357.9093046
2,19712,1696071357.931873
2,19776,1696071357.9526908
2,19840,1696071357.975895
2,19904,1696071357.997237
2,19968,1696071358.0183024
2,20032,1696071358.0395334
2,20096,1696071358.059783
2,20160,1696071358.0851243
2,20224,1696071358.105817
2,20288,1696071358.1275284
2,20352,1696071358.1484058
2,20416,1696071358.1718726
2,20480,1696071358.1929195
2,20544,1696071358.2244387
2,20608,1696071358.243803
2,20672,1696071358.2646117
2,20736,1696071358.2865815
2,20800,1696071358.3068204
2,20864,1696071358.332895
2,20928,1696071358.3519776
2,20992,1696071358.3743052
2,21056,1696071358.3912342
2,21120,1696071358.4122121
2,21184,1696071358.4356859
2,21248,1696071358.4587746
2,21312,1696071358.481522
2,21376,1696071358.5024154
2,21440,1696071358.5198965
2,21504,1696071358.542058
2,21568,1696071358.5641105
2,21632,1696071358.5856805
2,21696,1696071358.6063209
2,21760,1696071358.6257482
2,21824,1696071358.6501856
2,21888,1696071358.6693375
2,21952,1696071358.6922808
2,22016,1696071358.7153254
2,22080,1696071358.734767
2,22144,1696071358.7562153
2,22208,1696071358.7798727
2,22272,1696071358.8009326
2,22336,1696071358.8217494
2,22400,1696071358.840291
2,22464,1696071358.8601048
2,22528,1696071358.8825698
2,22592,1696071358.9069798
2,22656,1696071358.9269104
2,22720,1696071358.944667
2,22784,1696071358.9679883
2,22848,1696071358.9871414
2,22912,1696071359.0084338
2,22976,1696071359.03115
2,23040,1696071359.054673
2,23104,1696071359.0770597
2,23168,1696071359.0977757
2,23232,1696071359.1164098
2,23296,1696071359.1378741
2,23360,1696071359.1599114
2,23424,1696071359.1781516
2,23488,1696071359.2011528
2,23552,1696071359.221806
2,23616,1696071359.2411246
2,23680,1696071359.2618809
2,23744,1696071359.2820244
2,23808,1696071359.303565
2,23872,1696071359.322822
2,23936,1696071359.346833
2,24000,1696071359.3667183
2,24064,1696071359.3888478
2,24128,1696071359.4102533
2,24192,1696071359.428259
2,24256,1696071359.4479184
2,24320,1696071359.4709423
2,24384,1696071359.4936645
2,24448,1696071359.5125532
2,24512,1696071359.5336022
2,24576,1696071359.555658
2,24640,1696071359.5748944
2,24704,1696071359.598689
2,24768,1696071359.620082
2,24832,1696071359.6426482
2,24896,1696071359.6634061
2,24960,1696071359.686933
2,25024,1696071359.7074723
2,25088,1696071359.7309291
2,25152,1696071359.7525706
2,25216,1696071359.7779374
2,25280,1696071359.7963805
2,25344,1696071359.8157437
2,25408,1696071359.8367186
2,25472,1696071359.8563163
2,25536,1696071359.8777037
2,25600,1696071359.899694
2,25664,1696071359.9183578
2,25728,1696071359.9420948
2,25792,1696071359.9610345
2,25856,1696071359.9790294
2,25920,1696071360.0015428
2,25984,1696071360.0223873
2,26048,1696071360.0410507
2,26112,1696071360.0641189
2,26176,1696071360.086914
2,26240,1696071360.109707
2,26304,1696071360.1319504
2,26368,1696071360.1530962
2,26432,1696071360.175739
2,26496,1696071360.1944144
2,26560,1696071360.2190435
2,26624,1696071360.2401881
2,26688,1696071360.2639534
2,26752,1696071360.2840984
2,26816,1696071360.3057868
2,26880,1696071360.3262625
2,26944,1696071360.3473623
2,27008,1696071360.368842
2,27072,1696071360.3914897
2,27136,1696071360.411131
2,27200,1696071360.4342341
2,27264,1696071360.4544141
2,27328,1696071360.4756808
2,27392,1696071360.4996073
2,27456,1696071360.5206742
2,27520,1696071360.541542
2,27584,1696071360.560406
2,27648,1696071360.5819094
2,27712,1696071360.6035285
2,27776,1696071360.624021
2,27840,1696071360.6456583
2,27904,1696071360.6664803
2,27968,1696071360.6829998
2,28032,1696071360.7012987
2,28096,1696071360.7244713
2,28160,1696071360.750657
2,28224,1696071360.7707245
2,28288,1696071360.7884717
2,28352,1696071360.8077748
2,28416,1696071360.8290925
2,28480,1696071360.851626
2,28544,1696071360.8734727
2,28608,1696071360.8943534
2,28672,1696071360.9138048
2,28736,1696071360.9353917
2,28800,1696071360.9564085
2,28864,1696071360.977964
2,28928,1696071360.9982166
2,28992,1696071361.0191016
2,29056,1696071361.040223
2,29120,1696071361.0625033
2,29184,1696071361.0860035
2,29248,1696071361.1073403
2,29312,1696071361.1280391
2,29376,1696071361.1497586
2,29440,1696071361.170053
2,29504,1696071361.1914055
2,29568,1696071361.2121272
2,29632,1696071361.2340283
2,29696,1696071361.2530904
2,29760,1696071361.2737384
2,29824,1696071361.2941134
2,29888,1696071361.31366
2,29952,1696071361.3355155
2,30016,1696071361.3550189
2,30080,1696071361.3760922
2,30144,1696071361.397166
2,30208,1696071361.4181128
2,30272,1696071361.4394944
2,30336,1696071361.4628751
2,30400,1696071361.486563
2,30464,1696071361.5090292
2,30528,1696071361.5278735
2,30592,1696071361.5568717
2,30656,1696071361.5857098
2,30720,1696071361.6055102
2,30784,1696071361.628818
2,30848,1696071361.6502137
2,30912,1696071361.6697156
2,30976,1696071361.6914258
2,31040,1696071361.7124324
2,31104,1696071361.735533
2,31168,1696071361.7552297
2,31232,1696071361.7767107
2,31296,1696071361.798757
2,31360,1696071361.818868
2,31424,1696071361.8391454
2,31488,1696071361.8606265
2,31552,1696071361.8828185
2,31616,1696071361.8992686
2,31680,1696071361.9205205
2,31744,1696071361.939701
2,31808,1696071361.9618268
2,31872,1696071361.983622
2,31936,1696071362.002601
2,32000,1696071362.02267
2,32064,1696071362.0425856
2,32128,1696071362.064967
2,32192,1696071362.0855763
2,32256,1696071362.1061697
2,32320,1696071362.1277199
2,32384,1696071362.1482687
2,32448,1696071362.171712
2,32512,1696071362.193538
2,32576,1696071362.2157054
2,32640,1696071362.236047
2,32704,1696071362.257521
2,32768,1696071362.2780063
2,32832,1696071362.299642
2,32896,1696071362.3160946
2,32960,1696071362.3359058
2,33024,1696071362.3588774
2,33088,1696071362.3810642
2,33152,1696071362.4016562
2,33216,1696071362.4203935
2,33280,1696071362.4422057
2,33344,1696071362.4635708
2,33408,1696071362.4823668
2,33472,1696071362.5067477
2,33536,1696071362.5231674
2,33600,1696071362.5433364
2,33664,1696071362.56535
2,33728,1696071362.5867558
2,33792,1696071362.6124096
2,33856,1696071362.6350646
2,33920,1696071362.6549437
2,33984,1696071362.6768684
2,34048,1696071362.6983182
2,34112,1696071362.723788
2,34176,1696071362.7436466
2,34240,1696071362.7659416
2,34304,1696071362.7878234
2,34368,1696071362.8141065
2,34432,1696071362.834601
2,34496,1696071362.8554506
2,34560,1696071362.8789907
2,34624,1696071362.9008508
2,34688,1696071362.9218807
2,34752,1696071362.9420938
2,34816,1696071362.9633982
2,34880,1696071362.9845853
2,34944,1696071363.0054438
2,35008,1696071363.024586
2,35072,1696071363.0461574
2,35136,1696071363.067627
2,35200,1696071363.0879738
2,35264,1696071363.1129072
2,35328,1696071363.1356797
2,35392,1696071363.1580038
2,35456,1696071363.1781812
2,35520,1696071363.1999557
2,35584,1696071363.2236197
2,35648,1696071363.2447875
2,35712,1696071363.265586
2,35776,1696071363.284397
2,35840,1696071363.3055983
2,35904,1696071363.32787
2,35968,1696071363.348213
2,36032,1696071363.3694785
2,36096,1696071363.3901865
2,36160,1696071363.4111555
2,36224,1696071363.4318438
2,36288,1696071363.455823
2,36352,1696071363.4789002
2,36416,1696071363.495759
2,36480,1696071363.5164528
2,36544,1696071363.539325
2,36608,1696071363.5649738
2,36672,1696071363.5871518
2,36736,1696071363.6089442
2,36800,1696071363.6316202
2,36864,1696071363.6545904
2,36928,1696071363.6721797
2,36992,1696071363.6927922
2,37056,1696071363.7153752
2,37120,1696071363.7385533
2,37184,1696071363.7617707
2,37248,1696071363.782078
2,37312,1696071363.8005135
2,37376,1696071363.8218555
2,37440,1696071363.843628
2,37504,1696071363.8621864
2,37568,1696071363.8864338
2,37632,1696071363.9065406
2,37696,1696071363.9248085
2,37760,1696071363.942828
2,37824,1696071363.967453
2,37888,1696071363.9861355
2,37952,1696071364.0083148
2,38016,1696071364.031604
2,38080,1696071364.0527258
2,38144,1696071364.0758233
2,38208,1696071364.0969472
2,38272,1696071364.1174707
2,38336,1696071364.138348
2,38400,1696071364.1595526
2,38464,1696071364.1825824
2,38528,1696071364.2063468
2,38592,1696071364.227621
2,38656,1696071364.2483437
2,38720,1696071364.2707865
2,38784,1696071364.2918048
2,38848,1696071364.3120513
2,38912,1696071364.3339345
2,38976,1696071364.355737
2,39040,1696071364.376302
2,39104,1696071364.3975837
2,39168,1696071364.4166896
2,39232,1696071364.4382248
2,39296,1696071364.4592943
2,39360,1696071364.478946
2,39424,1696071364.5031998
2,39488,1696071364.5262246
2,39552,1696071364.5470533
2,39616,1696071364.5663288
2,39680,1696071364.5930552
2,39744,1696071364.6144843
2,39808,1696071364.6351728
2,39872,1696071364.6549716
2,39936,1696071364.6789653
2,40000,1696071364.7048738
2,40064,1696071364.7247293
2,40128,1696071364.7442832
2,40192,1696071364.7666197
2,40256,1696071364.7896266
2,40320,1696071364.8097198
2,40384,1696071364.8291986
2,40448,1696071364.851674
2,40512,1696071364.8727536
2,40576,1696071364.8936167
2,40640,1696071364.9140372
2,40704,1696071364.9347956
2,40768,1696071364.9586895
2,40832,1696071364.9785895
2,40896,1696071364.9960518
2,40960,1696071365.019669
2,41024,1696071365.043022
2,41088,1696071365.064637
2,41152,1696071365.0859675
2,41216,1696071365.1063855
2,41280,1696071365.132276
2,41344,1696071365.1514487
2,41408,1696071365.1707225
2,41472,1696071365.1954732
2,41536,1696071365.2185736
2,41600,1696071365.239043
2,41664,1696071365.258483
2,41728,1696071365.285623
2,41792,1696071365.304402
2,41856,1696071365.330299
2,41920,1696071365.3487191
2,41984,1696071365.3694077
2,42048,1696071365.3919203
2,42112,1696071365.4147208
2,42176,1696071365.4357884
2,42240,1696071365.4587955
2,42304,1696071365.4824347
2,42368,1696071365.5033522
2,42432,1696071365.522571
2,42496,1696071365.547572
2,42560,1696071365.5678892
2,42624,1696071365.5928001
2,42688,1696071365.61254
2,42752,1696071365.6339056
2,42816,1696071365.6610632
2,42880,1696071365.6813207
2,42944,1696071365.7003617
2,43008,1696071365.7237732
2,43072,1696071365.7453787
2,43136,1696071365.7657912
2,43200,1696071365.7842624
2,43264,1696071365.8054006
2,43328,1696071365.824461
2,43392,1696071365.8448627
2,43456,1696071365.867874
2,43520,1696071365.8889728
2,43584,1696071365.9117055
2,43648,1696071365.9309192
2,43712,1696071365.954002
2,43776,1696071365.9808812
2,43840,1696071366.001219
2,43904,1696071366.0236595
2,43968,1696071366.0470686
2,44032,1696071366.0664592
2,44096,1696071366.0854483
2,44160,1696071366.1073282
2,44224,1696071366.1290097
2,44288,1696071366.148877
2,44352,1696071366.1701398
2,44416,1696071366.1908076
2,44480,1696071366.2108562
2,44544,1696071366.2362657
2,44608,1696071366.257865
2,44672,1696071366.2818835
2,44736,1696071366.300907
2,44800,1696071366.3200662
2,44864,1696071366.342662
2,44928,1696071366.366277
2,44992,1696071366.385849
2,45056,1696071366.412575
2,45120,1696071366.433208
2,45184,1696071366.4506903
2,45248,1696071366.4707658
2,45312,1696071366.4925685
2,45376,1696071366.514291
2,45440,1696071366.5369146
2,45504,1696071366.5572171
2,45568,1696071366.5778818
2,45632,1696071366.5995345
2,45696,1696071366.6198323
2,45760,1696071366.6422
2,45824,1696071366.666543
2,45888,1696071366.6901698
2,45952,1696071366.7147644
2,46016,1696071366.734845
2,46080,1696071366.753455
2,46144,1696071366.7724547
2,46208,1696071366.7941878
2,46272,1696071366.8155093
2,46336,1696071366.8364756
2,46400,1696071366.8586142
2,46464,1696071366.8824565
2,46528,1696071366.9038804
2,46592,1696071366.9240663
2,46656,1696071366.9465964
2,46720,1696071366.9702067
2,46784,1696071366.9906352
2,46848,1696071367.0099661
2,46912,1696071367.0281138
2,46976,1696071367.0488296
2,47040,1696071367.0719643
2,47104,1696071367.092651
2,47168,1696071367.1145892
2,47232,1696071367.1383302
2,47296,1696071367.1583052
2,47360,1696071367.177613
2,47424,1696071367.1959374
2,47488,1696071367.216738
2,47552,1696071367.2397738
2,47616,1696071367.2599676
2,47680,1696071367.2861369
2,47744,1696071367.3067038
2,47808,1696071367.3254914
2,47872,1696071367.3472419
2,47936,1696071367.364762
2,48000,1696071367.3849154
2,48064,1696071367.4076428
2,48128,1696071367.4297872
2,48192,1696071367.4545896
2,48256,1696071367.4754453
2,48320,1696071367.4965842
2,48384,1696071367.518412
2,48448,1696071367.539622
2,48512,1696071367.562046
2,48576,1696071367.5825362
2,48640,1696071367.6044407
2,48704,1696071367.6274488
2,48768,1696071367.6484425
2,48832,1696071367.6718647
2,48896,1696071367.695198
2,48960,1696071367.7151191
2,49024,1696071367.7332282
2,49088,1696071367.7509215
2,49152,1696071367.7754984
2,49216,1696071367.798899
2,49280,1696071367.820147
2,49344,1696071367.841633
2,49408,1696071367.861749
2,49472,1696071367.8833976
2,49536,1696071367.9039214
2,49600,1696071367.9288287
2,49664,1696071367.9496205
2,49728,1696071367.9733026
2,49792,1696071367.9940755
2,49856,1696071368.0157206
2,49920,1696071368.0387878
2,49984,1696071368.0627663
2,50000,1696071368.085377
3,64,1696071368.3949673
3,128,1696071368.4121354
3,192,1696071368.4323585
3,256,1696071368.4461815
3,320,1696071368.4640014
3,384,1696071368.4777887
3,448,1696071368.4954953
3,512,1696071368.514352
3,576,1696071368.5335548
3,640,1696071368.5523326
3,704,1696071368.5727975
3,768,1696071368.59214
3,832,1696071368.6127625
3,896,1696071368.631869
3,960,1696071368.6526031
3,1024,1696071368.6722457
3,1088,1696071368.6926968
3,1152,1696071368.7119663
3,1216,1696071368.7367115
3,1280,1696071368.7608569
3,1344,1696071368.7821062
3,1408,1696071368.80786
3,1472,1696071368.8300123
3,1536,1696071368.856147
3,1600,1696071368.8778708
3,1664,1696071368.9038286
3,1728,1696071368.9263327
3,1792,1696071368.9524367
3,1856,1696071368.9740736
3,1920,1696071368.9998863
3,1984,1696071369.021816
3,2048,1696071369.0477583
3,2112,1696071369.070158
3,2176,1696071369.0954418
3,2240,1696071369.1182203
3,2304,1696071369.1448603
3,2368,1696071369.16626
3,2432,1696071369.1904607
3,2496,1696071369.214214
3,2560,1696071369.2399178
3,2624,1696071369.2616773
3,2688,1696071369.2883406
3,2752,1696071369.3102913
3,2816,1696071369.3370047
3,2880,1696071369.357964
3,2944,1696071369.383968
3,3008,1696071369.4059918
3,3072,1696071369.4321713
3,3136,1696071369.453833
3,3200,1696071369.475223
3,3264,1696071369.501944
3,3328,1696071369.5246625
3,3392,1696071369.5472481
3,3456,1696071369.5685484
3,3520,1696071369.591713
3,3584,1696071369.6126232
3,3648,1696071369.6360016
3,3712,1696071369.65668
3,3776,1696071369.6798398
3,3840,1696071369.7014024
3,3904,1696071369.7238672
3,3968,1696071369.7449121
3,4032,1696071369.767686
3,4096,1696071369.7886727
3,4160,1696071369.8119304
3,4224,1696071369.832824
3,4288,1696071369.8560717
3,4352,1696071369.879164
3,4416,1696071369.90232
3,4480,1696071369.9275928
3,4544,1696071369.9500408
3,4608,1696071369.9759545
3,4672,1696071369.9976978
3,4736,1696071370.0156088
3,4800,1696071370.0422392
3,4864,1696071370.0603821
3,4928,1696071370.0785942
3,4992,1696071370.1003451
3,5056,1696071370.120519
3,5120,1696071370.1398118
3,5184,1696071370.1596081
3,5248,1696071370.180016
3,5312,1696071370.2000911
3,5376,1696071370.219613
3,5440,1696071370.2400796
3,5504,1696071370.2599547
3,5568,1696071370.2798326
3,5632,1696071370.3009417
3,5696,1696071370.320133
3,5760,1696071370.3395574
3,5824,1696071370.359511
3,5888,1696071370.3804526
3,5952,1696071370.4001503
3,6016,1696071370.420051
3,6080,1696071370.4400704
3,6144,1696071370.459825
3,6208,1696071370.4796426
3,6272,1696071370.500362
3,6336,1696071370.5200865
3,6400,1696071370.5396397
3,6464,1696071370.559546
3,6528,1696071370.5797868
3,6592,1696071370.6003494
3,6656,1696071370.6197753
3,6720,1696071370.6395736
3,6784,1696071370.660039
3,6848,1696071370.680133
3,6912,1696071370.7040527
3,6976,1696071370.7246232
3,7040,1696071370.7493606
3,7104,1696071370.7723455
3,7168,1696071370.7947361
3,7232,1696071370.8190587
3,7296,1696071370.8415809
3,7360,1696071370.8631706
3,7424,1696071370.8894985
3,7488,1696071370.912621
3,7552,1696071370.9354913
3,7616,1696071370.9562454
3,7680,1696071370.9786463
3,7744,1696071371.0030603
3,7808,1696071371.0259676
3,7872,1696071371.0526826
3,7936,1696071371.0738263
3,8000,1696071371.091043
3,8064,1696071371.111035
3,8128,1696071371.1341298
3,8192,1696071371.1592813
3,8256,1696071371.1818612
3,8320,1696071371.2082207
3,8384,1696071371.2298074
3,8448,1696071371.2555652
3,8512,1696071371.2786756
3,8576,1696071371.2989755
3,8640,1696071371.3204453
3,8704,1696071371.3423393
3,8768,1696071371.3668625
3,8832,1696071371.3903735
3,8896,1696071371.416972
3,8960,1696071371.438021
3,9024,1696071371.4639554
3,9088,1696071371.4857914
3,9152,1696071371.513084
3,9216,1696071371.5339756
3,9280,1696071371.559924
3,9344,1696071371.5817673
3,9408,1696071371.6078112
3,9472,1696071371.6303604
3,9536,1696071371.6533003
3,9600,1696071371.6746237
3,9664,1696071371.696301
3,9728,1696071371.7182379
3,9792,1696071371.7429204
3,9856,1696071371.7660067
3,9920,1696071371.7886007
3,9984,1696071371.8168166
3,10048,1696071371.8381174
3,10112,1696071371.8614898
3,10176,1696071371.8800712
3,10240,1696071371.9028165
3,10304,1696071371.9244354
3,10368,1696071371.9474313
3,10432,1696071371.973563
3,10496,1696071371.9966905
3,10560,1696071372.0192063
3,10624,1696071372.0400002
3,10688,1696071372.065472
3,10752,1696071372.0892522
3,10816,1696071372.1135955
3,10880,1696071372.1364648
3,10944,1696071372.1586647
3,11008,1696071372.183757
3,11072,1696071372.209085
3,11136,1696071372.231353
3,11200,1696071372.2521267
3,11264,1696071372.2743516
3,11328,1696071372.300683
3,11392,1696071372.3225622
3,11456,1696071372.3470767
3,11520,1696071372.3638773
3,11584,1696071372.3860102
3,11648,1696071372.4100227
3,11712,1696071372.4277754
3,11776,1696071372.4544437
3,11840,1696071372.4717925
3,11904,1696071372.493908
3,11968,1696071372.5156245
3,12032,1696071372.5365806
3,12096,1696071372.562215
3,12160,1696071372.58192
3,12224,1696071372.604433
3,12288,1696071372.6300635
3,12352,1696071372.6486166
3,12416,1696071372.6756124
3,12480,1696071372.6985815
3,12544,1696071372.719988
3,12608,1696071372.7437985
3,12672,1696071372.7646382
3,12736,1696071372.7864573
3,12800,1696071372.8088493
3,12864,1696071372.8307536
3,12928,1696071372.8529081
3,12992,1696071372.8743708
3,13056,1696071372.9002452
3,13120,1696071372.922563
3,13184,1696071372.9488835
3,13248,1696071372.9702022
3,13312,1696071372.9950044
3,13376,1696071373.0208194
3,13440,1696071373.0435393
3,13504,1696071373.0661886
3,13568,1696071373.083909
3,13632,1696071373.1062298
3,13696,1696071373.1333473
3,13760,1696071373.1490343
3,13824,1696071373.1637475
3,13888,1696071373.1791954
3,13952,1696071373.1938546
3,14016,1696071373.2106986
3,14080,1696071373.2271042
3,14144,1696071373.2428734
3,14208,1696071373.2586536
3,14272,1696071373.2753255
3,14336,1696071373.2919245
3,14400,1696071373.3082957
3,14464,1696071373.3244052
3,14528,1696071373.3432
3,14592,1696071373.3603823
3,14656,1696071373.3786032
3,14720,1696071373.399039
3,14784,1696071373.4238505
3,14848,1696071373.4449747
3,14912,1696071373.4667568
3,14976,1696071373.4901762
3,15040,1696071373.511728
3,15104,1696071373.531912
3,15168,1696071373.5544124
3,15232,1696071373.5793111
3,15296,1696071373.6021824
3,15360,1696071373.627861
3,15424,1696071373.6500356
3,15488,1696071373.669923
3,15552,1696071373.6904883
3,15616,1696071373.7111406
3,15680,1696071373.7341838
3,15744,1696071373.758589
3,15808,1696071373.7831726
3,15872,1696071373.8067896
3,15936,1696071373.829057
3,16000,1696071373.8537765
3,16064,1696071373.8737876
3,16128,1696071373.8962977
3,16192,1696071373.9217553
3,16256,1696071373.940549
3,16320,1696071373.968331
3,16384,1696071373.9903388
3,16448,1696071374.0156538
3,16512,1696071374.038047
3,16576,1696071374.06387
3,16640,1696071374.0857658
3,16704,1696071374.1124372
3,16768,1696071374.134117
3,16832,1696071374.1599088
3,16896,1696071374.1822248
3,16960,1696071374.2068212
3,17024,1696071374.2337186
3,17088,1696071374.2553928
3,17152,1696071374.2740376
3,17216,1696071374.2961633
3,17280,1696071374.3200254
3,17344,1696071374.3402307
3,17408,1696071374.362388
3,17472,1696071374.3888328
3,17536,1696071374.409719
3,17600,1696071374.4360816
3,17664,1696071374.4582238
3,17728,1696071374.480563
3,17792,1696071374.4994698
3,17856,1696071374.5255046
3,17920,1696071374.5459495
3,17984,1696071374.5718448
3,18048,1696071374.5939193
3,18112,1696071374.619961
3,18176,1696071374.6423275
3,18240,1696071374.6691186
3,18304,1696071374.6898475
3,18368,1696071374.715476
3,18432,1696071374.7397232
3,18496,1696071374.7603676
3,18560,1696071374.782463
3,18624,1696071374.8069775
3,18688,1696071374.8302155
3,18752,1696071374.8558474
3,18816,1696071374.8777013
3,18880,1696071374.901797
3,18944,1696071374.9243479
3,19008,1696071374.9463396
3,19072,1696071374.9729898
3,19136,1696071374.991938
3,19200,1696071375.0093932
3,19264,1696071375.0280669
3,19328,1696071375.0448592
3,19392,1696071375.0629802
3,19456,1696071375.0882478
3,19520,1696071375.1086674
3,19584,1696071375.1302555
3,19648,1696071375.1521456
3,19712,1696071375.1779132
3,19776,1696071375.2011454
3,19840,1696071375.222056
3,19904,1696071375.247896
3,19968,1696071375.2699099
3,20032,1696071375.2957075
3,20096,1696071375.318186
3,20160,1696071375.3439646
3,20224,1696071375.3659894
3,20288,1696071375.3887393
3,20352,1696071375.4154215
3,20416,1696071375.4378028
3,20480,1696071375.459976
3,20544,1696071375.4758677
3,20608,1696071375.4937708
3,20672,1696071375.511362
3,20736,1696071375.5305789
3,20800,1696071375.5506854
3,20864,1696071375.570515
3,20928,1696071375.5902472
3,20992,1696071375.610683
3,21056,1696071375.6308267
3,21120,1696071375.6485662
3,21184,1696071375.665461
3,21248,1696071375.683026
3,21312,1696071375.7007678
3,21376,1696071375.7189887
3,21440,1696071375.7440376
3,21504,1696071375.765338
3,21568,1696071375.7853894
3,21632,1696071375.8088284
3,21696,1696071375.8287714
3,21760,1696071375.8529289
3,21824,1696071375.8731647
3,21888,1696071375.8968778
3,21952,1696071375.9189095
3,22016,1696071375.9339614
3,22080,1696071375.9574099
3,22144,1696071375.9774344
3,22208,1696071376.0012665
3,22272,1696071376.0205598
3,22336,1696071376.0446084
3,22400,1696071376.0648382
3,22464,1696071376.0848684
3,22528,1696071376.102726
3,22592,1696071376.119696
3,22656,1696071376.138442
3,22720,1696071376.1634192
3,22784,1696071376.184706
3,22848,1696071376.2069106
3,22912,1696071376.2277431
3,22976,1696071376.2508502
3,23040,1696071376.274161
3,23104,1696071376.2945404
3,23168,1696071376.309264
3,23232,1696071376.333372
3,23296,1696071376.3530717
3,23360,1696071376.374861
3,23424,1696071376.3941662
3,23488,1696071376.4137933
3,23552,1696071376.4374204
3,23616,1696071376.457546
3,23680,1696071376.48064
3,23744,1696071376.5025198
3,23808,1696071376.5223465
3,23872,1696071376.542202
3,23936,1696071376.5626585
3,24000,1696071376.5820518
3,24064,1696071376.6026123
3,24128,1696071376.6221242
3,24192,1696071376.64258
3,24256,1696071376.6622663
3,24320,1696071376.682147
3,24384,1696071376.702648
3,24448,1696071376.7223864
3,24512,1696071376.741418
3,24576,1696071376.761341
3,24640,1696071376.784295
3,24704,1696071376.8065305
3,24768,1696071376.8266263
3,24832,1696071376.8439765
3,24896,1696071376.8611817
3,24960,1696071376.8791127
3,25024,1696071376.8973327
3,25088,1696071376.9143715
3,25152,1696071376.9315345
3,25216,1696071376.94821
3,25280,1696071376.9648767
3,25344,1696071376.9832664
3,25408,1696071377.0000744
3,25472,1696071377.0166872
3,25536,1696071377.0387042
3,25600,1696071377.0583699
3,25664,1696071377.0785336
3,25728,1696071377.098508
3,25792,1696071377.1182864
3,25856,1696071377.1363173
3,25920,1696071377.1532388
3,25984,1696071377.1707442
3,26048,1696071377.1886408
3,26112,1696071377.2074997
3,26176,1696071377.2276552
3,26240,1696071377.2468655
3,26304,1696071377.2645507
3,26368,1696071377.2813277
3,26432,1696071377.298777
3,26496,1696071377.320129
3,26560,1696071377.336065
3,26624,1696071377.3528898
3,26688,1696071377.3693554
3,26752,1696071377.3869712
3,26816,1696071377.404272
3,26880,1696071377.4213183
3,26944,1696071377.4364936
3,27008,1696071377.4527245
3,27072,1696071377.4698555
3,27136,1696071377.4871938
3,27200,1696071377.5037434
3,27264,1696071377.520409
3,27328,1696071377.5370579
3,27392,1696071377.5546336
3,27456,1696071377.5704148
3,27520,1696071377.5879176
3,27584,1696071377.6048353
3,27648,1696071377.6209698
3,27712,1696071377.6387498
3,27776,1696071377.6574667
3,27840,1696071377.675055
3,27904,1696071377.6918266
3,27968,1696071377.70854
3,28032,1696071377.7252343
3,28096,1696071377.7428389
3,28160,1696071377.75958
3,28224,1696071377.7762897
3,28288,1696071377.7934892
3,28352,1696071377.8104422
3,28416,1696071377.8278818
3,28480,1696071377.8484013
3,28544,1696071377.8649945
3,28608,1696071377.882521
3,28672,1696071377.8990095
3,28736,1696071377.9161317
3,28800,1696071377.9325604
3,28864,1696071377.9495676
3,28928,1696071377.9670556
3,28992,1696071377.9837441
3,29056,1696071378.0008104
3,29120,1696071378.0171435
3,29184,1696071378.0351393
3,29248,1696071378.0519137
3,29312,1696071378.0685267
3,29376,1696071378.0858955
3,29440,1696071378.1026533
3,29504,1696071378.1203701
3,29568,1696071378.1428375
3,29632,1696071378.163265
3,29696,1696071378.1780682
3,29760,1696071378.197332
3,29824,1696071378.2186947
3,29888,1696071378.233923
3,29952,1696071378.2569525
3,30016,1696071378.2772615
3,30080,1696071378.294978
3,30144,1696071378.3124986
3,30208,1696071378.3318348
3,30272,1696071378.3498878
3,30336,1696071378.369806
3,30400,1696071378.3874576
3,30464,1696071378.4058363
3,30528,1696071378.4263313
3,30592,1696071378.44355
3,30656,1696071378.4599414
3,30720,1696071378.4765537
3,30784,1696071378.4917834
3,30848,1696071378.5154586
3,30912,1696071378.532184
3,30976,1696071378.5490668
3,31040,1696071378.5661156
3,31104,1696071378.5836895
3,31168,1696071378.6110947
3,31232,1696071378.6307206
3,31296,1696071378.6515224
3,31360,1696071378.6719108
3,31424,1696071378.6925333
3,31488,1696071378.7146566
3,31552,1696071378.7355862
3,31616,1696071378.7566884
3,31680,1696071378.7774374
3,31744,1696071378.7977302
3,31808,1696071378.8152242
3,31872,1696071378.832661
3,31936,1696071378.8508267
3,32000,1696071378.8760936
3,32064,1696071378.898326
3,32128,1696071378.9203215
3,32192,1696071378.941035
3,32256,1696071378.964353
3,32320,1696071378.9866393
3,32384,1696071379.0068972
3,32448,1696071379.023251
3,32512,1696071379.0415459
3,32576,1696071379.0594122
3,32640,1696071379.075899
3,32704,1696071379.0926638
3,32768,1696071379.1094987
3,32832,1696071379.1270585
3,32896,1696071379.1440575
3,32960,1696071379.1695938
3,33024,1696071379.1886225
3,33088,1696071379.2106357
3,33152,1696071379.2302268
3,33216,1696071379.250139
3,33280,1696071379.2704227
3,33344,1696071379.2910519
3,33408,1696071379.3068242
3,33472,1696071379.323675
3,33536,1696071379.342385
3,33600,1696071379.3605392
3,33664,1696071379.3770814
3,33728,1696071379.3944771
3,33792,1696071379.412882
3,33856,1696071379.4306185
3,33920,1696071379.4477582
3,33984,1696071379.464916
3,34048,1696071379.4816384
3,34112,1696071379.499388
3,34176,1696071379.5160468
3,34240,1696071379.5327337
3,34304,1696071379.550043
3,34368,1696071379.5654335
3,34432,1696071379.5839431
3,34496,1696071379.604866
3,34560,1696071379.623049
3,34624,1696071379.640025
3,34688,1696071379.6567228
3,34752,1696071379.6736004
3,34816,1696071379.6913204
3,34880,1696071379.7103503
3,34944,1696071379.7302787
3,35008,1696071379.7483594
3,35072,1696071379.7669435
3,35136,1696071379.7910838
3,35200,1696071379.8108304
3,35264,1696071379.8284168
3,35328,1696071379.8460493
3,35392,1696071379.8640742
3,35456,1696071379.8807595
3,35520,1696071379.8980784
3,35584,1696071379.9147189
3,35648,1696071379.9335423
3,35712,1696071379.951298
3,35776,1696071379.9698918
3,35840,1696071379.9904711
3,35904,1696071380.0104184
3,35968,1696071380.028339
3,36032,1696071380.0450327
3,36096,1696071380.061508
3,36160,1696071380.079501
3,36224,1696071380.0984716
3,36288,1696071380.1182623
3,36352,1696071380.13641
3,36416,1696071380.1534028
3,36480,1696071380.1799
3,36544,1696071380.200946
3,36608,1696071380.2207246
3,36672,1696071380.2450576
3,36736,1696071380.2668629
3,36800,1696071380.2855632
3,36864,1696071380.3028858
3,36928,1696071380.319465
3,36992,1696071380.3359644
3,37056,1696071380.352672
3,37120,1696071380.3701875
3,37184,1696071380.386737
3,37248,1696071380.4042082
3,37312,1696071380.4225168
3,37376,1696071380.4424043
3,37440,1696071380.4602847
3,37504,1696071380.4769375
3,37568,1696071380.4938803
3,37632,1696071380.5115323
3,37696,1696071380.5279772
3,37760,1696071380.544615
3,37824,1696071380.5673375
3,37888,1696071380.5846636
3,37952,1696071380.601703
3,38016,1696071380.619102
3,38080,1696071380.6352024
3,38144,1696071380.6561701
3,38208,1696071380.672197
3,38272,1696071380.688251
3,38336,1696071380.7048142
3,38400,1696071380.7221565
3,38464,1696071380.7387013
3,38528,1696071380.757607
3,38592,1696071380.7739239
3,38656,1696071380.7920496
3,38720,1696071380.8113606
3,38784,1696071380.8296645
