epoch,trained_sample,time
1,0,1696065911.5904548
1,64,1696065912.8242297
1,128,1696065912.8586166
1,192,1696065912.9072204
1,256,1696065912.951807
1,320,1696065913.0076191
1,384,1696065913.0578976
1,448,1696065913.1035383
1,512,1696065913.153725
1,576,1696065913.2013214
1,640,1696065913.2491817
1,704,1696065913.2915168
1,768,1696065913.3428767
1,832,1696065913.3979433
1,896,1696065913.4384844
1,960,1696065913.4909153
1,1024,1696065913.5314538
1,1088,1696065913.5827339
1,1152,1696065913.6269882
1,1216,1696065913.6749952
1,1280,1696065913.726113
1,1344,1696065913.7736473
1,1408,1696065913.8219194
1,1472,1696065913.8697689
1,1536,1696065913.922042
1,1600,1696065913.9625022
1,1664,1696065914.0173864
1,1728,1696065914.0590239
1,1792,1696065914.1149538
1,1856,1696065914.1574671
1,1920,1696065914.20625
1,1984,1696065914.2542107
1,2048,1696065914.301054
1,2112,1696065914.3431659
1,2176,1696065914.3944342
1,2240,1696065914.4425626
1,2304,1696065914.4904425
1,2368,1696065914.542251
1,2432,1696065914.5829449
1,2496,1696065914.6410644
1,2560,1696065914.6820207
1,2624,1696065914.7345493
1,2688,1696065914.7757318
1,2752,1696065914.8245163
1,2816,1696065914.871618
1,2880,1696065914.922597
1,2944,1696065914.974475
1,3008,1696065915.0153127
1,3072,1696065915.068071
1,3136,1696065915.1111646
1,3200,1696065915.16593
1,3264,1696065915.2081308
1,3328,1696065915.2565227
1,3392,1696065915.3027663
1,3456,1696065915.3524613
1,3520,1696065915.3987634
1,3584,1696065915.4463394
1,3648,1696065915.4938607
1,3712,1696065915.539826
1,3776,1696065915.592213
1,3840,1696065915.6346078
1,3904,1696065915.690224
1,3968,1696065915.730636
1,4032,1696065915.787639
1,4096,1696065915.8299131
1,4160,1696065915.8781068
1,4224,1696065915.9260762
1,4288,1696065915.9731236
1,4352,1696065916.0207627
1,4416,1696065916.0694108
1,4480,1696065916.1161726
1,4544,1696065916.164877
1,4608,1696065916.2168622
1,4672,1696065916.2604985
1,4736,1696065916.3100207
1,4800,1696065916.3510242
1,4864,1696065916.4088104
1,4928,1696065916.450328
1,4992,1696065916.4977872
1,5056,1696065916.5460865
1,5120,1696065916.5938022
1,5184,1696065916.6417067
1,5248,1696065916.689842
1,5312,1696065916.7378232
1,5376,1696065916.7855551
1,5440,1696065916.8362246
1,5504,1696065916.882707
1,5568,1696065916.934149
1,5632,1696065916.9746587
1,5696,1696065917.025669
1,5760,1696065917.0706139
1,5824,1696065917.1216326
1,5888,1696065917.1663494
1,5952,1696065917.2143202
1,6016,1696065917.2622914
1,6080,1696065917.3099666
1,6144,1696065917.3596108
1,6208,1696065917.4058776
1,6272,1696065917.456266
1,6336,1696065917.5018404
1,6400,1696065917.5559082
1,6464,1696065917.5978398
1,6528,1696065917.650494
1,6592,1696065917.6915648
1,6656,1696065917.7463014
1,6720,1696065917.7878823
1,6784,1696065917.8383286
1,6848,1696065917.8902738
1,6912,1696065917.9428074
1,6976,1696065917.99775
1,7040,1696065918.0465803
1,7104,1696065918.0998142
1,7168,1696065918.1511822
1,7232,1696065918.2093682
1,7296,1696065918.2621675
1,7360,1696065918.3145561
1,7424,1696065918.364542
1,7488,1696065918.4215243
1,7552,1696065918.470356
1,7616,1696065918.522697
1,7680,1696065918.5770884
1,7744,1696065918.6296065
1,7808,1696065918.6755128
1,7872,1696065918.7285447
1,7936,1696065918.782781
1,8000,1696065918.8363097
1,8064,1696065918.8866587
1,8128,1696065918.9385395
1,8192,1696065918.9945018
1,8256,1696065919.0420406
1,8320,1696065919.092019
1,8384,1696065919.146598
1,8448,1696065919.1983345
1,8512,1696065919.2504935
1,8576,1696065919.3019998
1,8640,1696065919.3505366
1,8704,1696065919.409103
1,8768,1696065919.4584804
1,8832,1696065919.507092
1,8896,1696065919.5588825
1,8960,1696065919.613821
1,9024,1696065919.663036
1,9088,1696065919.715472
1,9152,1696065919.768937
1,9216,1696065919.8235457
1,9280,1696065919.8743982
1,9344,1696065919.9265661
1,9408,1696065919.9797487
1,9472,1696065920.037133
1,9536,1696065920.0844786
1,9600,1696065920.1346712
1,9664,1696065920.1957202
1,9728,1696065920.2414885
1,9792,1696065920.2911344
1,9856,1696065920.343388
1,9920,1696065920.401621
1,9984,1696065920.4503767
1,10048,1696065920.5030353
1,10112,1696065920.558851
1,10176,1696065920.6107857
1,10240,1696065920.6599638
1,10304,1696065920.7142673
1,10368,1696065920.7700548
1,10432,1696065920.8186147
1,10496,1696065920.8797572
1,10560,1696065920.925844
1,10624,1696065920.985088
1,10688,1696065921.027235
1,10752,1696065921.0893662
1,10816,1696065921.1383922
1,10880,1696065921.1980217
1,10944,1696065921.250034
1,11008,1696065921.2945163
1,11072,1696065921.3458676
1,11136,1696065921.3988883
1,11200,1696065921.4522517
1,11264,1696065921.5057533
1,11328,1696065921.557959
1,11392,1696065921.612133
1,11456,1696065921.6621325
1,11520,1696065921.721583
1,11584,1696065921.7711866
1,11648,1696065921.8315063
1,11712,1696065921.8780527
1,11776,1696065921.9332597
1,11840,1696065921.9815352
1,11904,1696065922.0460744
1,11968,1696065922.101928
1,12032,1696065922.1662343
1,12096,1696065922.2330222
1,12160,1696065922.2928827
1,12224,1696065922.3605506
1,12288,1696065922.4224088
1,12352,1696065922.4909334
1,12416,1696065922.5501757
1,12480,1696065922.606935
1,12544,1696065922.6713614
1,12608,1696065922.7335305
1,12672,1696065922.797513
1,12736,1696065922.864833
1,12800,1696065922.9233994
1,12864,1696065922.98594
1,12928,1696065923.0483186
1,12992,1696065923.1122708
1,13056,1696065923.177653
1,13120,1696065923.24089
1,13184,1696065923.3030405
1,13248,1696065923.3661978
1,13312,1696065923.4325593
1,13376,1696065923.490796
1,13440,1696065923.553821
1,13504,1696065923.6172419
1,13568,1696065923.684646
1,13632,1696065923.7422478
1,13696,1696065923.8086114
1,13760,1696065923.8697686
1,13824,1696065923.9329398
1,13888,1696065923.9946043
1,13952,1696065924.0584621
1,14016,1696065924.1239293
1,14080,1696065924.1860254
1,14144,1696065924.247736
1,14208,1696065924.3112547
1,14272,1696065924.3727725
1,14336,1696065924.4410253
1,14400,1696065924.4988222
1,14464,1696065924.5604737
1,14528,1696065924.625907
1,14592,1696065924.6864092
1,14656,1696065924.7534082
1,14720,1696065924.8139834
1,14784,1696065924.8786376
1,14848,1696065924.937905
1,14912,1696065925.002318
1,14976,1696065925.068787
1,15040,1696065925.1311514
1,15104,1696065925.194199
1,15168,1696065925.2541616
1,15232,1696065925.3176286
1,15296,1696065925.387623
1,15360,1696065925.4463983
1,15424,1696065925.505588
1,15488,1696065925.574277
1,15552,1696065925.6351264
1,15616,1696065925.698833
1,15680,1696065925.7609756
1,15744,1696065925.8219357
1,15808,1696065925.8856063
1,15872,1696065925.949273
1,15936,1696065926.0128624
1,16000,1696065926.082394
1,16064,1696065926.1419559
1,16128,1696065926.205414
1,16192,1696065926.2622764
1,16256,1696065926.3258274
1,16320,1696065926.394326
1,16384,1696065926.452278
1,16448,1696065926.5225348
1,16512,1696065926.5776327
1,16576,1696065926.6450052
1,16640,1696065926.710575
1,16704,1696065926.7670498
1,16768,1696065926.8350244
1,16832,1696065926.8978615
1,16896,1696065926.9595404
1,16960,1696065927.0211763
1,17024,1696065927.085387
1,17088,1696065927.1482222
1,17152,1696065927.214054
1,17216,1696065927.274456
1,17280,1696065927.342955
1,17344,1696065927.4013379
1,17408,1696065927.465979
1,17472,1696065927.5255198
1,17536,1696065927.5897923
1,17600,1696065927.6514344
1,17664,1696065927.7152305
1,17728,1696065927.776992
1,17792,1696065927.8420396
1,17856,1696065927.9058237
1,17920,1696065927.9658923
1,17984,1696065928.0297675
1,18048,1696065928.0968037
1,18112,1696065928.1607428
1,18176,1696065928.2220411
1,18240,1696065928.2900949
1,18304,1696065928.346782
1,18368,1696065928.4141223
1,18432,1696065928.4773738
1,18496,1696065928.5377097
1,18560,1696065928.6050434
1,18624,1696065928.6696274
1,18688,1696065928.7272778
1,18752,1696065928.7947793
1,18816,1696065928.8512788
1,18880,1696065928.9189594
1,18944,1696065928.9777997
1,19008,1696065929.041602
1,19072,1696065929.1047435
1,19136,1696065929.1666915
1,19200,1696065929.2296455
1,19264,1696065929.2913268
1,19328,1696065929.3539653
1,19392,1696065929.4226532
1,19456,1696065929.4810736
1,19520,1696065929.5496738
1,19584,1696065929.6092598
1,19648,1696065929.6716638
1,19712,1696065929.7376852
1,19776,1696065929.7980392
1,19840,1696065929.8688774
1,19904,1696065929.9219189
1,19968,1696065929.9893756
1,20032,1696065930.0526626
1,20096,1696065930.1116097
1,20160,1696065930.1779454
1,20224,1696065930.2422113
1,20288,1696065930.3021317
1,20352,1696065930.3634255
1,20416,1696065930.4310968
1,20480,1696065930.4914126
1,20544,1696065930.552665
1,20608,1696065930.6170397
1,20672,1696065930.6823013
1,20736,1696065930.7457502
1,20800,1696065930.808838
1,20864,1696065930.8730278
1,20928,1696065930.9314964
1,20992,1696065930.9983552
1,21056,1696065931.0582407
1,21120,1696065931.1224415
1,21184,1696065931.1866648
1,21248,1696065931.2524824
1,21312,1696065931.314057
1,21376,1696065931.3728764
1,21440,1696065931.4395032
1,21504,1696065931.500083
1,21568,1696065931.5629902
1,21632,1696065931.6288743
1,21696,1696065931.692282
1,21760,1696065931.755135
1,21824,1696065931.8169024
1,21888,1696065931.880758
1,21952,1696065931.9456537
1,22016,1696065932.0060484
1,22080,1696065932.0681386
1,22144,1696065932.133939
1,22208,1696065932.1940966
1,22272,1696065932.2617655
1,22336,1696065932.3200192
1,22400,1696065932.38275
1,22464,1696065932.447247
1,22528,1696065932.5102034
1,22592,1696065932.574437
1,22656,1696065932.6367385
1,22720,1696065932.704706
1,22784,1696065932.7661111
1,22848,1696065932.8265166
1,22912,1696065932.8903048
1,22976,1696065932.9539657
1,23040,1696065933.0168061
1,23104,1696065933.0814984
1,23168,1696065933.1413748
1,23232,1696065933.2064204
1,23296,1696065933.269142
1,23360,1696065933.3307912
1,23424,1696065933.3969715
1,23488,1696065933.4620755
1,23552,1696065933.5184937
1,23616,1696065933.5860713
1,23680,1696065933.645806
1,23744,1696065933.7085562
1,23808,1696065933.7758653
1,23872,1696065933.8350568
1,23936,1696065933.8984282
1,24000,1696065933.961852
1,24064,1696065934.0267358
1,24128,1696065934.088902
1,24192,1696065934.1565785
1,24256,1696065934.215198
1,24320,1696065934.2781098
1,24384,1696065934.3467093
1,24448,1696065934.4059765
1,24512,1696065934.473664
1,24576,1696065934.5345728
1,24640,1696065934.5948367
1,24704,1696065934.664664
1,24768,1696065934.7250764
1,24832,1696065934.7861874
1,24896,1696065934.850968
1,24960,1696065934.9096673
1,25024,1696065934.9786742
1,25088,1696065935.037484
1,25152,1696065935.0998955
1,25216,1696065935.169858
1,25280,1696065935.2269838
1,25344,1696065935.2938087
1,25408,1696065935.3539305
1,25472,1696065935.4170258
1,25536,1696065935.479578
1,25600,1696065935.5496151
1,25664,1696065935.607245
1,25728,1696065935.6689186
1,25792,1696065935.7303412
1,25856,1696065935.7931006
1,25920,1696065935.8556964
1,25984,1696065935.9182613
1,26048,1696065935.977835
1,26112,1696065936.0466332
1,26176,1696065936.1127088
1,26240,1696065936.1640732
1,26304,1696065936.2310112
1,26368,1696065936.2935567
1,26432,1696065936.3600912
1,26496,1696065936.4225595
1,26560,1696065936.4893966
1,26624,1696065936.5544565
1,26688,1696065936.6265352
1,26752,1696065936.6832285
1,26816,1696065936.7546694
1,26880,1696065936.8129148
1,26944,1696065936.8747084
1,27008,1696065936.9428115
1,27072,1696065937.0017579
1,27136,1696065937.065832
1,27200,1696065937.1263175
1,27264,1696065937.186508
1,27328,1696065937.25676
1,27392,1696065937.3126595
1,27456,1696065937.3779454
1,27520,1696065937.4346714
1,27584,1696065937.4987535
1,27648,1696065937.5657747
1,27712,1696065937.6249843
1,27776,1696065937.6921709
1,27840,1696065937.7524948
1,27904,1696065937.8143487
1,27968,1696065937.880918
1,28032,1696065937.9370704
1,28096,1696065938.0058103
1,28160,1696065938.0657077
1,28224,1696065938.12726
1,28288,1696065938.1864362
1,28352,1696065938.2501366
1,28416,1696065938.3177
1,28480,1696065938.3748572
1,28544,1696065938.438611
1,28608,1696065938.502474
1,28672,1696065938.5701368
1,28736,1696065938.630376
1,28800,1696065938.6985238
1,28864,1696065938.7589138
1,28928,1696065938.8218663
1,28992,1696065938.8818834
1,29056,1696065938.94671
1,29120,1696065939.0097864
1,29184,1696065939.0733204
1,29248,1696065939.1368632
1,29312,1696065939.2007296
1,29376,1696065939.2640295
1,29440,1696065939.3269944
1,29504,1696065939.3914974
1,29568,1696065939.4557078
1,29632,1696065939.5184076
1,29696,1696065939.5806925
1,29760,1696065939.6450675
1,29824,1696065939.7082531
1,29888,1696065939.7708838
1,29952,1696065939.8351903
1,30016,1696065939.899126
1,30080,1696065939.9649012
1,30144,1696065940.026184
1,30208,1696065940.0899816
1,30272,1696065940.153136
1,30336,1696065940.216749
1,30400,1696065940.28091
1,30464,1696065940.3441563
1,30528,1696065940.407232
1,30592,1696065940.4729004
1,30656,1696065940.533976
1,30720,1696065940.596386
1,30784,1696065940.6595354
1,30848,1696065940.7233968
1,30912,1696065940.7894785
1,30976,1696065940.8507152
1,31040,1696065940.9143586
1,31104,1696065940.9791691
1,31168,1696065941.0430064
1,31232,1696065941.1045597
1,31296,1696065941.1681886
1,31360,1696065941.232461
1,31424,1696065941.2969909
1,31488,1696065941.3598347
1,31552,1696065941.4221053
1,31616,1696065941.4860146
1,31680,1696065941.5483117
1,31744,1696065941.6130602
1,31808,1696065941.6749747
1,31872,1696065941.7411902
1,31936,1696065941.8035064
1,32000,1696065941.8665786
1,32064,1696065941.9304864
1,32128,1696065941.9943197
1,32192,1696065942.0574107
1,32256,1696065942.1198275
1,32320,1696065942.182218
1,32384,1696065942.250725
1,32448,1696065942.3105683
1,32512,1696065942.3741968
1,32576,1696065942.435823
1,32640,1696065942.498169
1,32704,1696065942.5685968
1,32768,1696065942.628931
1,32832,1696065942.6898386
1,32896,1696065942.7535424
1,32960,1696065942.8157804
1,33024,1696065942.8785744
1,33088,1696065942.9466097
1,33152,1696065943.0050592
1,33216,1696065943.0766518
1,33280,1696065943.1319182
1,33344,1696065943.2027612
1,33408,1696065943.2597697
1,33472,1696065943.3259757
1,33536,1696065943.3901973
1,33600,1696065943.449889
1,33664,1696065943.520628
1,33728,1696065943.5825615
1,33792,1696065943.6425753
1,33856,1696065943.7025034
1,33920,1696065943.7660184
1,33984,1696065943.834326
1,34048,1696065943.8941715
1,34112,1696065943.9551792
1,34176,1696065944.0217917
1,34240,1696065944.0817847
1,34304,1696065944.1469164
1,34368,1696065944.2095397
1,34432,1696065944.2712843
1,34496,1696065944.341505
1,34560,1696065944.3975968
1,34624,1696065944.4648576
1,34688,1696065944.5250783
1,34752,1696065944.593324
1,34816,1696065944.6509235
1,34880,1696065944.7129078
1,34944,1696065944.7818577
1,35008,1696065944.8459988
1,35072,1696065944.9038332
1,35136,1696065944.973286
1,35200,1696065945.0299728
1,35264,1696065945.0966249
1,35328,1696065945.160671
1,35392,1696065945.220188
1,35456,1696065945.2850432
1,35520,1696065945.3501353
1,35584,1696065945.4147584
1,35648,1696065945.48253
1,35712,1696065945.5403104
1,35776,1696065945.6046827
1,35840,1696065945.6700146
1,35904,1696065945.7293065
1,35968,1696065945.7987278
1,36032,1696065945.8572385
1,36096,1696065945.9251032
1,36160,1696065945.984704
1,36224,1696065946.0462737
1,36288,1696065946.1150777
1,36352,1696065946.1744504
1,36416,1696065946.2364142
1,36480,1696065946.298263
1,36544,1696065946.366008
1,36608,1696065946.4261189
1,36672,1696065946.4900258
1,36736,1696065946.5545938
1,36800,1696065946.6218407
1,36864,1696065946.6843133
1,36928,1696065946.7508307
1,36992,1696065946.807493
1,37056,1696065946.8724222
1,37120,1696065946.9387958
1,37184,1696065947.0025353
1,37248,1696065947.0669224
1,37312,1696065947.1298807
1,37376,1696065947.193963
1,37440,1696065947.2568498
1,37504,1696065947.3176017
1,37568,1696065947.3861413
1,37632,1696065947.4454348
1,37696,1696065947.507478
1,37760,1696065947.5739481
1,37824,1696065947.6338923
1,37888,1696065947.6823
1,37952,1696065947.7319524
1,38016,1696065947.782583
1,38080,1696065947.824854
1,38144,1696065947.8760602
1,38208,1696065947.9290135
1,38272,1696065947.9711332
1,38336,1696065948.0219774
1,38400,1696065948.0665803
1,38464,1696065948.113944
1,38528,1696065948.162039
1,38592,1696065948.2137377
1,38656,1696065948.259186
1,38720,1696065948.3133361
1,38784,1696065948.3580945
1,38848,1696065948.4059856
1,38912,1696065948.453674
1,38976,1696065948.5033715
1,39040,1696065948.551665
1,39104,1696065948.598958
1,39168,1696065948.6504114
1,39232,1696065948.6941767
1,39296,1696065948.7404048
1,39360,1696065948.7912056
1,39424,1696065948.8358805
1,39488,1696065948.8907475
1,39552,1696065948.9322147
1,39616,1696065948.9819026
1,39680,1696065949.029142
1,39744,1696065949.0809891
1,39808,1696065949.1231992
1,39872,1696065949.1730993
1,39936,1696065949.2223248
1,40000,1696065949.271075
1,40064,1696065949.3177183
1,40128,1696065949.3701704
1,40192,1696065949.4133523
1,40256,1696065949.468809
1,40320,1696065949.5099754
1,40384,1696065949.562389
1,40448,1696065949.6049383
1,40512,1696065949.6559668
1,40576,1696065949.70193
1,40640,1696065949.7546763
1,40704,1696065949.8050117
1,40768,1696065949.8463442
1,40832,1696065949.8943212
1,40896,1696065949.944057
1,40960,1696065949.9911356
1,41024,1696065950.041427
1,41088,1696065950.0861554
1,41152,1696065950.1359894
1,41216,1696065950.1858582
1,41280,1696065950.2371614
1,41344,1696065950.281493
1,41408,1696065950.3218172
1,41472,1696065950.3779695
1,41536,1696065950.4293103
1,41600,1696065950.4724936
1,41664,1696065950.5252857
1,41728,1696065950.5738022
1,41792,1696065950.620634
1,41856,1696065950.6587446
1,41920,1696065950.716556
1,41984,1696065950.7622557
1,42048,1696065950.8136134
1,42112,1696065950.8549018
1,42176,1696065950.9100368
1,42240,1696065950.9597929
1,42304,1696065951.0027862
1,42368,1696065951.0427155
1,42432,1696065951.103202
1,42496,1696065951.150937
1,42560,1696065951.1968374
1,42624,1696065951.2488081
1,42688,1696065951.2900236
1,42752,1696065951.3405943
1,42816,1696065951.3875847
1,42880,1696065951.4373937
1,42944,1696065951.485112
1,43008,1696065951.532774
1,43072,1696065951.5795612
1,43136,1696065951.6274908
1,43200,1696065951.6754951
1,43264,1696065951.7257035
1,43328,1696065951.7705765
1,43392,1696065951.8218236
1,43456,1696065951.866599
1,43520,1696065951.9140816
1,43584,1696065951.9620814
1,43648,1696065952.010153
1,43712,1696065952.0619097
1,43776,1696065952.1078172
1,43840,1696065952.1564353
1,43904,1696065952.2070627
1,43968,1696065952.2565339
1,44032,1696065952.3010998
1,44096,1696065952.3516898
1,44160,1696065952.3950198
1,44224,1696065952.442803
1,44288,1696065952.4919467
1,44352,1696065952.5391808
1,44416,1696065952.5865183
1,44480,1696065952.6350114
1,44544,1696065952.682584
1,44608,1696065952.7313406
1,44672,1696065952.778752
1,44736,1696065952.8267348
1,44800,1696065952.8747845
1,44864,1696065952.9234324
1,44928,1696065952.9714677
1,44992,1696065953.019728
1,45056,1696065953.0699322
1,45120,1696065953.1178875
1,45184,1696065953.1667302
1,45248,1696065953.2142584
1,45312,1696065953.2619877
1,45376,1696065953.3068101
1,45440,1696065953.3581514
1,45504,1696065953.4059885
1,45568,1696065953.4540699
1,45632,1696065953.5022638
1,45696,1696065953.550188
1,45760,1696065953.5981872
1,45824,1696065953.6460865
1,45888,1696065953.6944625
1,45952,1696065953.741204
1,46016,1696065953.7903264
1,46080,1696065953.8382745
1,46144,1696065953.8865
1,46208,1696065953.934446
1,46272,1696065953.9828103
1,46336,1696065954.0306432
1,46400,1696065954.0784438
1,46464,1696065954.1223936
1,46528,1696065954.1760237
1,46592,1696065954.2250328
1,46656,1696065954.2676082
1,46720,1696065954.319076
1,46784,1696065954.367802
1,46848,1696065954.4150665
1,46912,1696065954.4628146
1,46976,1696065954.5115635
1,47040,1696065954.5619903
1,47104,1696065954.6097214
1,47168,1696065954.654608
1,47232,1696065954.7038326
1,47296,1696065954.7518985
1,47360,1696065954.8000193
1,47424,1696065954.8466988
1,47488,1696065954.8980875
1,47552,1696065954.9426246
1,47616,1696065954.994153
1,47680,1696065955.0423808
1,47744,1696065955.090646
1,47808,1696065955.1382172
1,47872,1696065955.1860435
1,47936,1696065955.2305403
1,48000,1696065955.2822149
1,48064,1696065955.3290448
1,48128,1696065955.3784277
1,48192,1696065955.4264336
1,48256,1696065955.4744976
1,48320,1696065955.5226214
1,48384,1696065955.5715065
1,48448,1696065955.6140893
1,48512,1696065955.6664343
1,48576,1696065955.7101886
1,48640,1696065955.7625911
1,48704,1696065955.8110297
1,48768,1696065955.859037
1,48832,1696065955.9094722
1,48896,1696065955.9545794
1,48960,1696065956.0029573
1,49024,1696065956.0509796
1,49088,1696065956.1017342
1,49152,1696065956.1498606
1,49216,1696065956.197755
1,49280,1696065956.2455895
1,49344,1696065956.2938433
1,49408,1696065956.3415346
1,49472,1696065956.3899343
1,49536,1696065956.4379873
1,49600,1696065956.4861445
1,49664,1696065956.533715
1,49728,1696065956.58422
1,49792,1696065956.630105
1,49856,1696065956.6779408
1,49920,1696065956.7260191
1,49984,1696065956.774213
1,50000,1696065956.8277988
2,64,1696065957.1067052
2,128,1696065957.148053
2,192,1696065957.1959066
2,256,1696065957.2440574
2,320,1696065957.2926521
2,384,1696065957.3405826
2,448,1696065957.3887377
2,512,1696065957.4373786
2,576,1696065957.4858205
2,640,1696065957.5344462
2,704,1696065957.5823524
2,768,1696065957.6306627
2,832,1696065957.6789584
