epoch,trained_sample,time
1,0,1696062717.8759835
1,128,1696062719.1514208
1,256,1696062719.1637158
1,384,1696062719.1867526
1,512,1696062719.207581
1,640,1696062719.2318156
1,768,1696062719.2557256
1,896,1696062719.2757564
1,1024,1696062719.2966976
1,1152,1696062719.318002
1,1280,1696062719.3419378
1,1408,1696062719.3587701
1,1536,1696062719.3802826
1,1664,1696062719.4042382
1,1792,1696062719.424626
1,1920,1696062719.4467118
1,2048,1696062719.4671457
1,2176,1696062719.4867609
1,2304,1696062719.5065403
1,2432,1696062719.5268104
1,2560,1696062719.54672
1,2688,1696062719.5670407
1,2816,1696062719.5872614
1,2944,1696062719.6080654
1,3072,1696062719.627558
1,3200,1696062719.6483452
1,3328,1696062719.6714046
1,3456,1696062719.6923742
1,3584,1696062719.712342
1,3712,1696062719.731869
1,3840,1696062719.7517214
1,3968,1696062719.772526
1,4096,1696062719.7924798
1,4224,1696062719.8119602
1,4352,1696062719.8326664
1,4480,1696062719.851759
1,4608,1696062719.92841
1,4736,1696062719.9488091
1,4864,1696062719.9673994
1,4992,1696062719.9884267
1,5120,1696062720.0085607
1,5248,1696062720.0315762
1,5376,1696062720.0515876
1,5504,1696062720.0668957
1,5632,1696062720.0938802
1,5760,1696062720.1143296
1,5888,1696062720.1346257
1,6016,1696062720.1549094
1,6144,1696062720.1749532
1,6272,1696062720.1947699
1,6400,1696062720.2153811
1,6528,1696062720.2364717
1,6656,1696062720.2558267
1,6784,1696062720.2755423
1,6912,1696062720.2962954
1,7040,1696062720.315795
1,7168,1696062720.3363008
1,7296,1696062720.3555634
1,7424,1696062720.3793983
1,7552,1696062720.3999074
1,7680,1696062720.420247
1,7808,1696062720.4393513
1,7936,1696062720.461145
1,8064,1696062720.482813
1,8192,1696062720.502548
1,8320,1696062720.5268178
1,8448,1696062720.547316
1,8576,1696062720.5673826
1,8704,1696062720.5876524
1,8832,1696062720.6079032
1,8960,1696062720.6276538
1,9088,1696062720.6478622
1,9216,1696062720.6681879
1,9344,1696062720.6880424
1,9472,1696062720.7085145
1,9600,1696062720.7275555
1,9728,1696062720.747133
1,9856,1696062720.7680523
1,9984,1696062720.7884831
1,10112,1696062720.8083012
1,10240,1696062720.8336203
1,10368,1696062720.8601456
1,10496,1696062720.8794498
1,10624,1696062720.8997414
1,10752,1696062720.917901
1,10880,1696062720.9421422
1,11008,1696062720.9607232
1,11136,1696062720.9784145
1,11264,1696062721.0018167
1,11392,1696062721.0274994
1,11520,1696062721.0469766
1,11648,1696062721.0663602
1,11776,1696062721.082661
1,11904,1696062721.1044302
1,12032,1696062721.1238875
1,12160,1696062721.1442878
1,12288,1696062721.164312
1,12416,1696062721.188533
1,12544,1696062721.2167976
1,12672,1696062721.2352252
1,12800,1696062721.2556992
1,12928,1696062721.2763488
1,13056,1696062721.3009307
1,13184,1696062721.3215404
1,13312,1696062721.3403018
1,13440,1696062721.3598132
1,13568,1696062721.379211
1,13696,1696062721.4021335
1,13824,1696062721.4229417
1,13952,1696062721.4432075
1,14080,1696062721.4630044
1,14208,1696062721.4832246
1,14336,1696062721.5032554
1,14464,1696062721.5230641
1,14592,1696062721.5438416
1,14720,1696062721.5654752
1,14848,1696062721.5843976
1,14976,1696062721.6034865
1,15104,1696062721.6244311
1,15232,1696062721.6433334
1,15360,1696062721.6641052
1,15488,1696062721.683715
1,15616,1696062721.7038093
1,15744,1696062721.7262876
1,15872,1696062721.7469127
1,16000,1696062721.7667508
1,16128,1696062721.786709
1,16256,1696062721.806994
1,16384,1696062721.8270981
1,16512,1696062721.8473117
1,16640,1696062721.8672166
1,16768,1696062721.887809
1,16896,1696062721.9076777
1,17024,1696062721.9277084
1,17152,1696062721.9561214
1,17280,1696062721.972917
1,17408,1696062721.9970858
1,17536,1696062722.017999
1,17664,1696062722.037673
1,17792,1696062722.0545995
1,17920,1696062722.0757449
1,18048,1696062722.0955625
1,18176,1696062722.1157572
1,18304,1696062722.13598
1,18432,1696062722.1556044
1,18560,1696062722.1752105
1,18688,1696062722.195182
1,18816,1696062722.2160356
1,18944,1696062722.2364447
1,19072,1696062722.2561681
1,19200,1696062722.2778604
1,19328,1696062722.301077
1,19456,1696062722.3181312
1,19584,1696062722.3370812
1,19712,1696062722.3574097
1,19840,1696062722.3772056
1,19968,1696062722.3969324
1,20096,1696062722.4166243
1,20224,1696062722.4383833
1,20352,1696062722.458365
1,20480,1696062722.4830732
1,20608,1696062722.5034642
1,20736,1696062722.523529
1,20864,1696062722.5438569
1,20992,1696062722.5640814
1,21120,1696062722.5867202
1,21248,1696062722.6034815
1,21376,1696062722.6201646
1,21504,1696062722.6438713
1,21632,1696062722.667072
1,21760,1696062722.6879098
1,21888,1696062722.707854
1,22016,1696062722.7279603
1,22144,1696062722.7479382
1,22272,1696062722.7711337
1,22400,1696062722.791568
1,22528,1696062722.8110769
1,22656,1696062722.83149
1,22784,1696062722.8517704
1,22912,1696062722.8726244
1,23040,1696062722.8908195
1,23168,1696062722.9125679
1,23296,1696062722.93205
1,23424,1696062722.9548779
1,23552,1696062722.975513
1,23680,1696062722.995849
1,23808,1696062723.015896
1,23936,1696062723.03575
1,24064,1696062723.0563
1,24192,1696062723.0761466
1,24320,1696062723.09666
1,24448,1696062723.1155746
1,24576,1696062723.1363282
1,24704,1696062723.1560788
1,24832,1696062723.1764522
1,24960,1696062723.1960766
1,25088,1696062723.2164352
1,25216,1696062723.2363093
1,25344,1696062723.256347
1,25472,1696062723.2760394
1,25600,1696062723.2966728
1,25728,1696062723.315527
1,25856,1696062723.336063
1,25984,1696062723.358036
1,26112,1696062723.379628
1,26240,1696062723.4000037
1,26368,1696062723.419846
1,26496,1696062723.4399664
1,26624,1696062723.4619427
1,26752,1696062723.4763594
1,26880,1696062723.4980133
1,27008,1696062723.519355
1,27136,1696062723.543492
1,27264,1696062723.5639431
1,27392,1696062723.5838027
1,27520,1696062723.603534
1,27648,1696062723.6241674
1,27776,1696062723.6443858
1,27904,1696062723.664468
1,28032,1696062723.684326
1,28160,1696062723.7035246
1,28288,1696062723.7246046
1,28416,1696062723.7435467
1,28544,1696062723.764471
1,28672,1696062723.7842612
1,28800,1696062723.804312
1,28928,1696062723.8242235
1,29056,1696062723.8441267
1,29184,1696062723.864285
1,29312,1696062723.884327
1,29440,1696062723.9049854
1,29568,1696062723.9297497
1,29696,1696062723.951981
1,29824,1696062723.9723935
1,29952,1696062723.9937427
1,30080,1696062724.0191903
1,30208,1696062724.0403593
1,30336,1696062724.0604596
1,30464,1696062724.0806658
1,30592,1696062724.1044946
1,30720,1696062724.1269176
1,30848,1696062724.147096
1,30976,1696062724.1679761
1,31104,1696062724.1932411
1,31232,1696062724.2155874
1,31360,1696062724.239211
1,31488,1696062724.2606835
1,31616,1696062724.283344
1,31744,1696062724.3044798
1,31872,1696062724.3248856
1,32000,1696062724.346087
1,32128,1696062724.3691313
1,32256,1696062724.3880663
1,32384,1696062724.4089046
1,32512,1696062724.430049
1,32640,1696062724.451564
1,32768,1696062724.4730024
1,32896,1696062724.4946048
1,33024,1696062724.5187762
1,33152,1696062724.5406518
1,33280,1696062724.561257
1,33408,1696062724.5819285
1,33536,1696062724.6046226
1,33664,1696062724.625862
1,33792,1696062724.647823
1,33920,1696062724.6715124
1,34048,1696062724.6927648
1,34176,1696062724.7135081
1,34304,1696062724.735094
1,34432,1696062724.7574267
1,34560,1696062724.7794695
1,34688,1696062724.8013742
1,34816,1696062724.822304
1,34944,1696062724.844698
1,35072,1696062724.8645563
1,35200,1696062724.8853354
1,35328,1696062724.908041
1,35456,1696062724.9288764
1,35584,1696062724.9503202
1,35712,1696062724.974491
1,35840,1696062724.9976795
1,35968,1696062725.0169072
1,36096,1696062725.038779
1,36224,1696062725.0630167
1,36352,1696062725.0846236
1,36480,1696062725.1035366
1,36608,1696062725.127065
1,36736,1696062725.1490726
1,36864,1696062725.1694372
1,36992,1696062725.1915152
1,37120,1696062725.21324
1,37248,1696062725.234665
1,37376,1696062725.257029
1,37504,1696062725.2790449
1,37632,1696062725.3014183
1,37760,1696062725.3224757
1,37888,1696062725.344293
1,38016,1696062725.3652418
1,38144,1696062725.3857658
1,38272,1696062725.4085727
1,38400,1696062725.4293199
1,38528,1696062725.450295
1,38656,1696062725.4722183
1,38784,1696062725.4967418
1,38912,1696062725.5147855
1,39040,1696062725.539478
1,39168,1696062725.5612068
1,39296,1696062725.5834806
1,39424,1696062725.60844
1,39552,1696062725.6296682
1,39680,1696062725.6526287
1,39808,1696062725.6773388
1,39936,1696062725.6982267
1,40064,1696062725.7205422
1,40192,1696062725.7445686
1,40320,1696062725.766698
1,40448,1696062725.7895057
1,40576,1696062725.8127308
1,40704,1696062725.833852
1,40832,1696062725.8566215
1,40960,1696062725.8806684
1,41088,1696062725.901178
1,41216,1696062725.9217808
1,41344,1696062725.9468393
1,41472,1696062725.96944
1,41600,1696062725.991778
1,41728,1696062726.014423
1,41856,1696062726.038031
1,41984,1696062726.059701
1,42112,1696062726.081538
1,42240,1696062726.1046512
1,42368,1696062726.1284876
1,42496,1696062726.1497853
1,42624,1696062726.1714635
1,42752,1696062726.1960156
1,42880,1696062726.218721
1,43008,1696062726.2414932
1,43136,1696062726.264437
1,43264,1696062726.2861352
1,43392,1696062726.3107877
1,43520,1696062726.3337765
1,43648,1696062726.3563929
1,43776,1696062726.3795826
1,43904,1696062726.4013736
1,44032,1696062726.4236877
1,44160,1696062726.4486902
1,44288,1696062726.4690514
1,44416,1696062726.4924572
1,44544,1696062726.5147374
1,44672,1696062726.5382388
1,44800,1696062726.561867
1,44928,1696062726.5829506
1,45056,1696062726.6046035
1,45184,1696062726.6276517
1,45312,1696062726.6529813
1,45440,1696062726.6770368
1,45568,1696062726.7021646
1,45696,1696062726.723778
1,45824,1696062726.7473688
1,45952,1696062726.7730117
1,46080,1696062726.7922256
1,46208,1696062726.8167534
1,46336,1696062726.8353922
1,46464,1696062726.858338
1,46592,1696062726.8809547
1,46720,1696062726.911594
1,46848,1696062726.9347425
1,46976,1696062726.9564712
1,47104,1696062726.9778476
1,47232,1696062727.0035784
1,47360,1696062727.0251565
1,47488,1696062727.0457623
1,47616,1696062727.0685933
1,47744,1696062727.089715
1,47872,1696062727.1171234
1,48000,1696062727.1379871
1,48128,1696062727.1632032
1,48256,1696062727.1795394
1,48384,1696062727.2051435
1,48512,1696062727.2282815
1,48640,1696062727.2498145
1,48768,1696062727.2722793
1,48896,1696062727.2953415
1,49024,1696062727.3161168
1,49152,1696062727.3385615
1,49280,1696062727.3644168
1,49408,1696062727.3862119
1,49536,1696062727.409108
1,49664,1696062727.432036
1,49792,1696062727.4551322
1,49920,1696062727.4772608
1,50000,1696062727.5072
2,128,1696062727.8816352
2,256,1696062727.9019983
2,384,1696062727.9239318
2,512,1696062727.9471507
2,640,1696062727.971181
2,768,1696062727.9956264
2,896,1696062728.0200806
2,1024,1696062728.0410743
2,1152,1696062728.0614064
2,1280,1696062728.0844474
2,1408,1696062728.1065247
2,1536,1696062728.1290607
2,1664,1696062728.1532514
2,1792,1696062728.175973
2,1920,1696062728.198709
2,2048,1696062728.2212825
2,2176,1696062728.2435033
2,2304,1696062728.26689
2,2432,1696062728.2909281
2,2560,1696062728.3127623
2,2688,1696062728.3347554
2,2816,1696062728.3600712
2,2944,1696062728.3846905
2,3072,1696062728.4050148
2,3200,1696062728.4274004
2,3328,1696062728.4510286
2,3456,1696062728.4744365
2,3584,1696062728.4971752
2,3712,1696062728.5192528
2,3840,1696062728.5425837
2,3968,1696062728.5650713
2,4096,1696062728.5890503
2,4224,1696062728.6160593
2,4352,1696062728.6379328
2,4480,1696062728.6557627
2,4608,1696062728.6802173
2,4736,1696062728.7040074
2,4864,1696062728.7252598
2,4992,1696062728.7487345
2,5120,1696062728.770635
2,5248,1696062728.7941952
2,5376,1696062728.8172786
2,5504,1696062728.840493
2,5632,1696062728.8629751
2,5760,1696062728.8865058
2,5888,1696062728.9092984
2,6016,1696062728.9308596
2,6144,1696062728.9541
2,6272,1696062728.9762745
2,6400,1696062729.0004396
2,6528,1696062729.0225866
2,6656,1696062729.0460055
2,6784,1696062729.0687537
2,6912,1696062729.091065
2,7040,1696062729.114302
2,7168,1696062729.1371639
2,7296,1696062729.160217
2,7424,1696062729.182292
2,7552,1696062729.2048995
2,7680,1696062729.2287753
2,7808,1696062729.2505245
2,7936,1696062729.2746022
2,8064,1696062729.2972643
2,8192,1696062729.3192635
2,8320,1696062729.3423436
2,8448,1696062729.3653738
2,8576,1696062729.3885055
2,8704,1696062729.4115345
2,8832,1696062729.4341412
2,8960,1696062729.4572692
2,9088,1696062729.4804873
2,9216,1696062729.5034652
2,9344,1696062729.5274937
2,9472,1696062729.5512717
2,9600,1696062729.5727518
2,9728,1696062729.5962305
2,9856,1696062729.617671
2,9984,1696062729.6407242
2,10112,1696062729.6647663
2,10240,1696062729.6868393
2,10368,1696062729.7112582
2,10496,1696062729.7330263
2,10624,1696062729.7558382
2,10752,1696062729.7792313
2,10880,1696062729.8019702
2,11008,1696062729.8247716
2,11136,1696062729.847497
2,11264,1696062729.8707006
2,11392,1696062729.893871
2,11520,1696062729.9223437
2,11648,1696062729.9419668
2,11776,1696062729.967679
2,11904,1696062729.9828947
2,12032,1696062730.0093396
2,12160,1696062730.0342872
2,12288,1696062730.0545096
2,12416,1696062730.0778952
2,12544,1696062730.1014686
2,12672,1696062730.122956
2,12800,1696062730.1475515
2,12928,1696062730.1691692
2,13056,1696062730.192338
2,13184,1696062730.2167585
2,13312,1696062730.2380617
2,13440,1696062730.2620127
2,13568,1696062730.2851102
2,13696,1696062730.3074224
2,13824,1696062730.3320918
2,13952,1696062730.3517618
2,14080,1696062730.37754
2,14208,1696062730.400616
2,14336,1696062730.4218943
2,14464,1696062730.448297
2,14592,1696062730.4694278
2,14720,1696062730.4924555
2,14848,1696062730.5151026
2,14976,1696062730.5388944
2,15104,1696062730.5609396
2,15232,1696062730.5825534
2,15360,1696062730.6090562
2,15488,1696062730.6301508
2,15616,1696062730.6536403
2,15744,1696062730.6769896
2,15872,1696062730.6989336
2,16000,1696062730.7235909
2,16128,1696062730.7451348
2,16256,1696062730.767751
2,16384,1696062730.7918503
2,16512,1696062730.8140864
2,16640,1696062730.8364937
2,16768,1696062730.860446
2,16896,1696062730.8821082
2,17024,1696062730.9055483
2,17152,1696062730.9290438
2,17280,1696062730.9514904
2,17408,1696062730.9761126
2,17536,1696062730.9975805
2,17664,1696062731.020216
2,17792,1696062731.0440948
2,17920,1696062731.067118
2,18048,1696062731.089753
2,18176,1696062731.1133363
2,18304,1696062731.1352808
2,18432,1696062731.1600175
2,18560,1696062731.1814544
2,18688,1696062731.2044868
2,18816,1696062731.2274685
2,18944,1696062731.2520595
2,19072,1696062731.273468
2,19200,1696062731.2939122
2,19328,1696062731.317514
2,19456,1696062731.3442507
2,19584,1696062731.365519
2,19712,1696062731.39068
2,19840,1696062731.412287
2,19968,1696062731.4338586
2,20096,1696062731.4594245
2,20224,1696062731.4818945
2,20352,1696062731.5070252
2,20480,1696062731.5285265
2,20608,1696062731.548927
2,20736,1696062731.5747938
2,20864,1696062731.5963132
2,20992,1696062731.6176517
2,21120,1696062731.6433816
2,21248,1696062731.6645498
2,21376,1696062731.685697
2,21504,1696062731.7071815
2,21632,1696062731.731005
2,21760,1696062731.754799
2,21888,1696062731.7772536
2,22016,1696062731.7994235
2,22144,1696062731.8243086
2,22272,1696062731.845463
2,22400,1696062731.8680599
2,22528,1696062731.891566
2,22656,1696062731.9155915
2,22784,1696062731.9382105
2,22912,1696062731.961528
2,23040,1696062731.9846473
2,23168,1696062732.00633
2,23296,1696062732.0301604
2,23424,1696062732.05326
2,23552,1696062732.0737998
2,23680,1696062732.1006973
2,23808,1696062732.1221168
2,23936,1696062732.1450145
2,24064,1696062732.1691918
2,24192,1696062732.1913233
2,24320,1696062732.2164748
2,24448,1696062732.2374618
2,24576,1696062732.2598603
2,24704,1696062732.2845478
2,24832,1696062732.307182
2,24960,1696062732.3297
2,25088,1696062732.3530822
2,25216,1696062732.3748317
2,25344,1696062732.3992403
2,25472,1696062732.421008
2,25600,1696062732.443829
2,25728,1696062732.4671023
2,25856,1696062732.4894915
2,25984,1696062732.514611
2,26112,1696062732.5371428
2,26240,1696062732.560699
2,26368,1696062732.5828857
2,26496,1696062732.6067479
2,26624,1696062732.6291184
2,26752,1696062732.6520963
2,26880,1696062732.6748118
2,27008,1696062732.699135
2,27136,1696062732.7212036
2,27264,1696062732.7432861
2,27392,1696062732.7681231
2,27520,1696062732.789732
2,27648,1696062732.8118713
2,27776,1696062732.8348956
2,27904,1696062732.858713
2,28032,1696062732.8814921
2,28160,1696062732.9041903
2,28288,1696062732.9265275
2,28416,1696062732.950443
2,28544,1696062732.9733233
2,28672,1696062732.9955692
2,28800,1696062733.0189984
2,28928,1696062733.0425704
2,29056,1696062733.0658953
2,29184,1696062733.0888371
2,29312,1696062733.1107411
2,29440,1696062733.134797
2,29568,1696062733.1572385
2,29696,1696062733.1802773
2,29824,1696062733.2049713
2,29952,1696062733.226887
2,30080,1696062733.252031
2,30208,1696062733.2724292
2,30336,1696062733.295956
2,30464,1696062733.3205693
2,30592,1696062733.3453617
2,30720,1696062733.3659139
2,30848,1696062733.388216
2,30976,1696062733.41079
2,31104,1696062733.4356
2,31232,1696062733.45753
2,31360,1696062733.4792755
2,31488,1696062733.5030448
2,31616,1696062733.5272777
2,31744,1696062733.5492394
2,31872,1696062733.5725567
2,32000,1696062733.594595
2,32128,1696062733.6184936
2,32256,1696062733.6410074
2,32384,1696062733.6635847
2,32512,1696062733.687078
2,32640,1696062733.7098916
2,32768,1696062733.7329006
2,32896,1696062733.7566543
2,33024,1696062733.7787445
2,33152,1696062733.8016858
2,33280,1696062733.825272
2,33408,1696062733.84725
2,33536,1696062733.871853
2,33664,1696062733.8939412
2,33792,1696062733.916953
2,33920,1696062733.9403212
2,34048,1696062733.9619508
2,34176,1696062733.9865465
2,34304,1696062734.008834
2,34432,1696062734.0314825
2,34560,1696062734.0552156
2,34688,1696062734.0781333
2,34816,1696062734.1003423
2,34944,1696062734.1234987
2,35072,1696062734.146705
2,35200,1696062734.1697483
2,35328,1696062734.1928687
2,35456,1696062734.2146776
2,35584,1696062734.2380981
2,35712,1696062734.2614324
2,35840,1696062734.2835474
2,35968,1696062734.3067348
2,36096,1696062734.329376
2,36224,1696062734.3533049
2,36352,1696062734.3757286
2,36480,1696062734.4015992
2,36608,1696062734.4237068
2,36736,1696062734.44523
2,36864,1696062734.4687197
2,36992,1696062734.4917128
2,37120,1696062734.5146673
2,37248,1696062734.537656
2,37376,1696062734.5611756
2,37504,1696062734.5849056
2,37632,1696062734.6061468
2,37760,1696062734.6293168
2,37888,1696062734.654876
2,38016,1696062734.675311
2,38144,1696062734.6987154
2,38272,1696062734.7221773
2,38400,1696062734.7450871
2,38528,1696062734.7690752
2,38656,1696062734.791109
2,38784,1696062734.8145359
2,38912,1696062734.8368368
2,39040,1696062734.8601625
2,39168,1696062734.8823128
2,39296,1696062734.906045
2,39424,1696062734.9321344
2,39552,1696062734.9548516
2,39680,1696062734.978727
2,39808,1696062735.0007892
2,39936,1696062735.023268
2,40064,1696062735.0455616
2,40192,1696062735.06624
2,40320,1696062735.0902166
2,40448,1696062735.113824
2,40576,1696062735.136696
2,40704,1696062735.157864
2,40832,1696062735.1811385
2,40960,1696062735.2068062
2,41088,1696062735.2262435
2,41216,1696062735.2501984
2,41344,1696062735.2733316
2,41472,1696062735.296252
2,41600,1696062735.318398
2,41728,1696062735.3463237
2,41856,1696062735.3686807
2,41984,1696062735.3908942
2,42112,1696062735.41694
2,42240,1696062735.4393098
2,42368,1696062735.4631548
2,42496,1696062735.4850533
2,42624,1696062735.5108654
2,42752,1696062735.531911
2,42880,1696062735.5576525
2,43008,1696062735.57904
2,43136,1696062735.602764
2,43264,1696062735.6273751
2,43392,1696062735.6434038
2,43520,1696062735.6681213
2,43648,1696062735.6924813
2,43776,1696062735.7137134
2,43904,1696062735.736657
2,44032,1696062735.7610438
2,44160,1696062735.7835507
2,44288,1696062735.806807
2,44416,1696062735.829687
2,44544,1696062735.8518188
2,44672,1696062735.8751373
2,44800,1696062735.898563
2,44928,1696062735.9217362
2,45056,1696062735.9446037
2,45184,1696062735.966738
2,45312,1696062735.9915144
2,45440,1696062736.0133624
2,45568,1696062736.0356777
2,45696,1696062736.0638378
2,45824,1696062736.0852005
2,45952,1696062736.1109715
2,46080,1696062736.1317897
2,46208,1696062736.1550384
2,46336,1696062736.176987
2,46464,1696062736.2026732
2,46592,1696062736.2242715
2,46720,1696062736.2464366
2,46848,1696062736.2718966
2,46976,1696062736.2928047
2,47104,1696062736.314712
2,47232,1696062736.3364677
2,47360,1696062736.3602948
2,47488,1696062736.3860939
2,47616,1696062736.4078648
2,47744,1696062736.43323
2,47872,1696062736.4539871
2,48000,1696062736.4790556
2,48128,1696062736.5004413
2,48256,1696062736.52062
2,48384,1696062736.5437763
2,48512,1696062736.567372
2,48640,1696062736.5905192
2,48768,1696062736.6131163
2,48896,1696062736.6352649
2,49024,1696062736.656314
2,49152,1696062736.6799588
2,49280,1696062736.7029512
2,49408,1696062736.7260132
2,49536,1696062736.749291
2,49664,1696062736.7727609
2,49792,1696062736.796296
2,49920,1696062736.8196507
2,50000,1696062736.8433437
3,128,1696062737.1825953
3,256,1696062737.2021275
3,384,1696062737.2245498
3,512,1696062737.2473981
3,640,1696062737.270425
3,768,1696062737.292526
3,896,1696062737.31566
3,1024,1696062737.338396
3,1152,1696062737.361509
3,1280,1696062737.3875864
3,1408,1696062737.410078
3,1536,1696062737.429914
3,1664,1696062737.4531727
3,1792,1696062737.47841
3,1920,1696062737.5027661
3,2048,1696062737.521908
3,2176,1696062737.5450666
3,2304,1696062737.5703592
3,2432,1696062737.593856
3,2560,1696062737.6135488
3,2688,1696062737.6368184
3,2816,1696062737.6621504
3,2944,1696062737.6855767
3,3072,1696062737.706113
3,3200,1696062737.7283292
3,3328,1696062737.7533982
3,3456,1696062737.777759
3,3584,1696062737.7967966
3,3712,1696062737.819977
3,3840,1696062737.8454838
3,3968,1696062737.8679101
3,4096,1696062737.8885105
3,4224,1696062737.9114418
3,4352,1696062737.9372385
3,4480,1696062737.959754
3,4608,1696062737.9800007
3,4736,1696062738.0031064
3,4864,1696062738.0279005
3,4992,1696062738.052505
3,5120,1696062738.071683
3,5248,1696062738.0943875
3,5376,1696062738.119974
3,5504,1696062738.1448312
3,5632,1696062738.164079
3,5760,1696062738.1860273
3,5888,1696062738.213412
3,6016,1696062738.235383
3,6144,1696062738.2560785
3,6272,1696062738.2794375
3,6400,1696062738.3037374
3,6528,1696062738.3287444
3,6656,1696062738.3465805
3,6784,1696062738.3701453
3,6912,1696062738.3951476
3,7040,1696062738.419578
3,7168,1696062738.4387074
3,7296,1696062738.4612658
3,7424,1696062738.4877093
3,7552,1696062738.50985
3,7680,1696062738.530054
3,7808,1696062738.5527115
3,7936,1696062738.578254
3,8064,1696062738.601083
3,8192,1696062738.6218216
3,8320,1696062738.6443932
3,8448,1696062738.6711419
3,8576,1696062738.6936347
3,8704,1696062738.7135024
3,8832,1696062738.736254
3,8960,1696062738.7622945
3,9088,1696062738.7848465
3,9216,1696062738.8051088
3,9344,1696062738.827597
3,9472,1696062738.8552046
3,9600,1696062738.8731837
3,9728,1696062738.8967574
3,9856,1696062738.9192154
3,9984,1696062738.9422019
3,10112,1696062738.9646955
3,10240,1696062738.9877987
3,10368,1696062739.01055
3,10496,1696062739.0332816
3,10624,1696062739.0563433
3,10752,1696062739.0787177
3,10880,1696062739.1019275
3,11008,1696062739.1243823
3,11136,1696062739.1475618
3,11264,1696062739.1702356
3,11392,1696062739.1934729
3,11520,1696062739.2163897
3,11648,1696062739.239597
3,11776,1696062739.2622259
3,11904,1696062739.2850084
3,12032,1696062739.3081963
3,12160,1696062739.330873
3,12288,1696062739.3540225
3,12416,1696062739.37737
3,12544,1696062739.3999765
3,12672,1696062739.4234312
3,12800,1696062739.4454272
3,12928,1696062739.4688544
3,13056,1696062739.49206
3,13184,1696062739.514232
3,13312,1696062739.5372548
3,13440,1696062739.5629652
3,13568,1696062739.5865242
3,13696,1696062739.608411
3,13824,1696062739.631081
3,13952,1696062739.6550825
3,14080,1696062739.6777005
3,14208,1696062739.7020094
3,14336,1696062739.723371
3,14464,1696062739.7456477
3,14592,1696062739.7692502
3,14720,1696062739.7927978
3,14848,1696062739.8152544
3,14976,1696062739.8384066
3,15104,1696062739.8612356
3,15232,1696062739.8829758
3,15360,1696062739.9080648
3,15488,1696062739.929538
3,15616,1696062739.9521072
3,15744,1696062739.9768474
3,15872,1696062739.9991179
3,16000,1696062740.0223799
3,16128,1696062740.0451481
3,16256,1696062740.0676572
3,16384,1696062740.0923648
3,16512,1696062740.1139784
3,16640,1696062740.1371279
3,16768,1696062740.1606257
3,16896,1696062740.1828208
3,17024,1696062740.2063863
3,17152,1696062740.2294881
3,17280,1696062740.2514398
3,17408,1696062740.2762697
3,17536,1696062740.2983775
3,17664,1696062740.32172
3,17792,1696062740.3480556
3,17920,1696062740.3714244
3,18048,1696062740.3936472
3,18176,1696062740.4178772
3,18304,1696062740.4386287
3,18432,1696062740.4597611
3,18560,1696062740.4833038
3,18688,1696062740.50606
3,18816,1696062740.5288837
3,18944,1696062740.556152
3,19072,1696062740.5780606
3,19200,1696062740.6036367
3,19328,1696062740.6247995
3,19456,1696062740.6434383
3,19584,1696062740.6659548
3,19712,1696062740.6904151
3,19840,1696062740.7137368
3,19968,1696062740.7354596
3,20096,1696062740.758989
3,20224,1696062740.782573
3,20352,1696062740.8057356
3,20480,1696062740.8301868
3,20608,1696062740.8531957
3,20736,1696062740.8749847
3,20864,1696062740.8979864
3,20992,1696062740.9218764
3,21120,1696062740.9449792
3,21248,1696062740.9677558
3,21376,1696062740.9907746
3,21504,1696062741.0135624
3,21632,1696062741.036456
3,21760,1696062741.0606205
3,21888,1696062741.0831552
3,22016,1696062741.107135
3,22144,1696062741.1294365
3,22272,1696062741.1521041
3,22400,1696062741.1763315
3,22528,1696062741.200675
3,22656,1696062741.2251627
3,22784,1696062741.246601
3,22912,1696062741.2667637
3,23040,1696062741.2908034
3,23168,1696062741.3136644
3,23296,1696062741.3360138
3,23424,1696062741.3591595
3,23552,1696062741.38336
3,23680,1696062741.4067037
3,23808,1696062741.4290695
3,23936,1696062741.4520829
3,24064,1696062741.4747899
3,24192,1696062741.498691
3,24320,1696062741.521017
3,24448,1696062741.5434723
3,24576,1696062741.5666602
3,24704,1696062741.589954
3,24832,1696062741.6130176
3,24960,1696062741.6368692
3,25088,1696062741.6598246
3,25216,1696062741.6830153
3,25344,1696062741.7055278
3,25472,1696062741.7283123
3,25600,1696062741.7507143
3,25728,1696062741.7756655
3,25856,1696062741.7970803
3,25984,1696062741.81991
3,26112,1696062741.8442152
3,26240,1696062741.8661487
3,26368,1696062741.8884811
3,26496,1696062741.9117305
3,26624,1696062741.9344912
3,26752,1696062741.959113
3,26880,1696062741.9810438
3,27008,1696062742.0036447
3,27136,1696062742.0286298
3,27264,1696062742.0495276
3,27392,1696062742.0728579
3,27520,1696062742.0965066
3,27648,1696062742.1181746
3,27776,1696062742.1403935
3,27904,1696062742.165361
3,28032,1696062742.187667
3,28160,1696062742.210809
3,28288,1696062742.2340722
3,28416,1696062742.2573261
3,28544,1696062742.2800999
3,28672,1696062742.3042424
3,28800,1696062742.32646
3,28928,1696062742.3487031
3,29056,1696062742.372672
3,29184,1696062742.3950617
3,29312,1696062742.419129
3,29440,1696062742.4469454
3,29568,1696062742.4668198
3,29696,1696062742.4892702
3,29824,1696062742.511479
3,29952,1696062742.5347745
3,30080,1696062742.557644
3,30208,1696062742.5811818
3,30336,1696062742.604591
3,30464,1696062742.6265204
3,30592,1696062742.6491706
3,30720,1696062742.6730115
3,30848,1696062742.6957395
3,30976,1696062742.7190275
3,31104,1696062742.7416055
3,31232,1696062742.7659028
3,31360,1696062742.7882338
3,31488,1696062742.8102257
3,31616,1696062742.8337545
3,31744,1696062742.857035
3,31872,1696062742.8789105
3,32000,1696062742.9030805
3,32128,1696062742.924831
3,32256,1696062742.947491
3,32384,1696062742.972266
3,32512,1696062742.993417
3,32640,1696062743.016049
3,32768,1696062743.0407379
3,32896,1696062743.061587
3,33024,1696062743.0839574
3,33152,1696062743.1070502
3,33280,1696062743.1310859
3,33408,1696062743.1528988
3,33536,1696062743.1754787
3,33664,1696062743.1991365
3,33792,1696062743.2213054
3,33920,1696062743.2437332
3,34048,1696062743.2682955
3,34176,1696062743.289419
3,34304,1696062743.3121843
3,34432,1696062743.3349242
3,34560,1696062743.3568754
3,34688,1696062743.381131
3,34816,1696062743.4050307
3,34944,1696062743.426357
3,35072,1696062743.4497244
3,35200,1696062743.4731686
3,35328,1696062743.4950795
3,35456,1696062743.5191479
3,35584,1696062743.5414867
3,35712,1696062743.563329
3,35840,1696062743.5864651
3,35968,1696062743.6096647
3,36096,1696062743.6324568
3,36224,1696062743.6542494
3,36352,1696062743.6769903
3,36480,1696062743.7007358
3,36608,1696062743.7229326
3,36736,1696062743.7452514
3,36864,1696062743.7688174
3,36992,1696062743.791311
3,37120,1696062743.8152096
3,37248,1696062743.8371313
3,37376,1696062743.8596034
3,37504,1696062743.885619
3,37632,1696062743.9048135
3,37760,1696062743.9269822
3,37888,1696062743.9504974
3,38016,1696062743.9736493
3,38144,1696062743.9963133
3,38272,1696062744.0180602
3,38400,1696062744.0415273
3,38528,1696062744.0647147
3,38656,1696062744.085876
3,38784,1696062744.1089785
3,38912,1696062744.1328526
3,39040,1696062744.155278
3,39168,1696062744.1773984
3,39296,1696062744.2005367
3,39424,1696062744.222616
3,39552,1696062744.2469687
3,39680,1696062744.2691967
3,39808,1696062744.291781
3,39936,1696062744.31581
3,40064,1696062744.3361754
3,40192,1696062744.3593905
3,40320,1696062744.3826725
3,40448,1696062744.4063394
3,40576,1696062744.4285579
3,40704,1696062744.451665
3,40832,1696062744.4751678
3,40960,1696062744.4969559
3,41088,1696062744.5188057
3,41216,1696062744.5430672
3,41344,1696062744.5653982
3,41472,1696062744.5874941
3,41600,1696062744.610347
3,41728,1696062744.6333106
3,41856,1696062744.6568077
3,41984,1696062744.6785374
3,42112,1696062744.70257
3,42240,1696062744.7253711
3,42368,1696062744.747015
3,42496,1696062744.7691903
3,42624,1696062744.7932792
3,42752,1696062744.815455
3,42880,1696062744.8376822
3,43008,1696062744.8596752
3,43136,1696062744.8828087
3,43264,1696062744.9063625
3,43392,1696062744.9290094
3,43520,1696062744.9510915
3,43648,1696062744.9751573
3,43776,1696062744.9974236
3,43904,1696062745.0195763
3,44032,1696062745.0427728
3,44160,1696062745.0666423
3,44288,1696062745.0886316
3,44416,1696062745.1110568
3,44544,1696062745.1346564
3,44672,1696062745.157478
3,44800,1696062745.1807475
3,44928,1696062745.203126
3,45056,1696062745.226809
3,45184,1696062745.2486928
3,45312,1696062745.27094
3,45440,1696062745.2955966
3,45568,1696062745.317197
3,45696,1696062745.3420818
3,45824,1696062745.3675487
3,45952,1696062745.3882675
3,46080,1696062745.4095752
3,46208,1696062745.435165
3,46336,1696062745.4567835
3,46464,1696062745.4824195
3,46592,1696062745.5042243
3,46720,1696062745.5260103
3,46848,1696062745.5507536
3,46976,1696062745.5721662
3,47104,1696062745.5942676
3,47232,1696062745.6199417
3,47360,1696062745.640135
3,47488,1696062745.6631908
3,47616,1696062745.6857226
3,47744,1696062745.7110152
3,47872,1696062745.7324605
3,48000,1696062745.754492
3,48128,1696062745.7799685
3,48256,1696062745.8010898
3,48384,1696062745.81967
3,48512,1696062745.8426318
3,48640,1696062745.8662033
3,48768,1696062745.8896015
3,48896,1696062745.912367
3,49024,1696062745.9324987
3,49152,1696062745.9555686
3,49280,1696062745.9788973
3,49408,1696062746.002184
3,49536,1696062746.0249078
3,49664,1696062746.0476928
3,49792,1696062746.0710237
3,49920,1696062746.0937903
3,50000,1696062746.1173136
4,128,1696062746.4943583
4,256,1696062746.5141985
4,384,1696062746.5356162
4,512,1696062746.559352
4,640,1696062746.5827405
4,768,1696062746.6097927
4,896,1696062746.6320577
4,1024,1696062746.654773
4,1152,1696062746.6795714
4,1280,1696062746.7022889
4,1408,1696062746.7263944
4,1536,1696062746.747772
4,1664,1696062746.7744045
4,1792,1696062746.7955997
4,1920,1696062746.8182414
4,2048,1696062746.8420823
4,2176,1696062746.8653824
4,2304,1696062746.8885725
4,2432,1696062746.9115477
4,2560,1696062746.9368906
4,2688,1696062746.9576807
4,2816,1696062746.9806426
4,2944,1696062747.005278
4,3072,1696062747.0273302
4,3200,1696062747.051349
4,3328,1696062747.0741844
4,3456,1696062747.0971792
4,3584,1696062747.1210134
4,3712,1696062747.143509
4,3840,1696062747.1685824
4,3968,1696062747.1901264
4,4096,1696062747.2129223
4,4224,1696062747.2382772
4,4352,1696062747.2597337
4,4480,1696062747.2828467
4,4608,1696062747.3063295
4,4736,1696062747.3304896
4,4864,1696062747.35302
4,4992,1696062747.3754497
4,5120,1696062747.399394
4,5248,1696062747.4221807
4,5376,1696062747.4458368
4,5504,1696062747.4693015
4,5632,1696062747.491758
4,5760,1696062747.515043
4,5888,1696062747.5386312
4,6016,1696062747.5616527
4,6144,1696062747.5849519
4,6272,1696062747.607688
4,6400,1696062747.6311014
4,6528,1696062747.6544335
4,6656,1696062747.6778233
4,6784,1696062747.7013168
4,6912,1696062747.7237122
4,7040,1696062747.748234
4,7168,1696062747.769696
4,7296,1696062747.7927117
4,7424,1696062747.8171277
4,7552,1696062747.8392265
4,7680,1696062747.862992
4,7808,1696062747.8857954
4,7936,1696062747.9095654
4,8064,1696062747.934095
4,8192,1696062747.9543128
4,8320,1696062747.9777434
4,8448,1696062748.0012593
4,8576,1696062748.0249846
4,8704,1696062748.0507777
4,8832,1696062748.0755816
4,8960,1696062748.0919232
4,9088,1696062748.1175797
4,9216,1696062748.1409183
4,9344,1696062748.1632712
4,9472,1696062748.1871648
4,9600,1696062748.2101364
4,9728,1696062748.2329867
4,9856,1696062748.2568932
4,9984,1696062748.2786167
4,10112,1696062748.3031979
4,10240,1696062748.3252864
4,10368,1696062748.3482234
4,10496,1696062748.372645
4,10624,1696062748.393845
4,10752,1696062748.4168744
4,10880,1696062748.440566
4,11008,1696062748.4631171
4,11136,1696062748.4865603
4,11264,1696062748.5095184
4,11392,1696062748.531266
4,11520,1696062748.5551608
4,11648,1696062748.578239
4,11776,1696062748.601361
4,11904,1696062748.625375
4,12032,1696062748.6470656
4,12160,1696062748.6709683
4,12288,1696062748.6938531
4,12416,1696062748.7160883
4,12544,1696062748.7399633
4,12672,1696062748.7628183
4,12800,1696062748.7874699
4,12928,1696062748.809075
4,13056,1696062748.831551
4,13184,1696062748.8565786
4,13312,1696062748.8778121
4,13440,1696062748.8998997
4,13568,1696062748.9238994
4,13696,1696062748.9473948
4,13824,1696062748.9700868
4,13952,1696062748.9936576
4,14080,1696062749.0174124
4,14208,1696062749.0422425
4,14336,1696062749.0673316
4,14464,1696062749.088718
4,14592,1696062749.1103394
4,14720,1696062749.1325617
4,14848,1696062749.1550772
4,14976,1696062749.1783385
4,15104,1696062749.201609
4,15232,1696062749.2233732
4,15360,1696062749.2460454
4,15488,1696062749.2718563
4,15616,1696062749.2923589
4,15744,1696062749.3154378
4,15872,1696062749.342703
4,16000,1696062749.362842
4,16128,1696062749.3879244
4,16256,1696062749.4157028
4,16384,1696062749.4351242
4,16512,1696062749.4609165
4,16640,1696062749.4860902
4,16768,1696062749.5138721
4,16896,1696062749.5322738
4,17024,1696062749.5559416
4,17152,1696062749.579413
4,17280,1696062749.6016617
4,17408,1696062749.6263964
4,17536,1696062749.6490407
4,17664,1696062749.6699085
4,17792,1696062749.69297
4,17920,1696062749.717915
4,18048,1696062749.7429307
4,18176,1696062749.765466
4,18304,1696062749.7913425
4,18432,1696062749.8119981
4,18560,1696062749.8374138
4,18688,1696062749.8598986
4,18816,1696062749.8841894
4,18944,1696062749.9058557
4,19072,1696062749.9282837
4,19200,1696062749.9508781
4,19328,1696062749.9765882
4,19456,1696062749.9979746
4,19584,1696062750.0203655
4,19712,1696062750.0435815
4,19840,1696062750.0651228
4,19968,1696062750.0887787
4,20096,1696062750.1132607
4,20224,1696062750.1352217
4,20352,1696062750.162165
4,20480,1696062750.1843948
4,20608,1696062750.2047195
4,20736,1696062750.2274582
4,20864,1696062750.2533016
4,20992,1696062750.279433
4,21120,1696062750.3002443
4,21248,1696062750.3228834
4,21376,1696062750.3446627
4,21504,1696062750.36524
4,21632,1696062750.3894694
4,21760,1696062750.413265
4,21888,1696062750.4396904
4,22016,1696062750.4620767
4,22144,1696062750.4868379
4,22272,1696062750.5079827
4,22400,1696062750.5340536
4,22528,1696062750.556076
4,22656,1696062750.5783317
4,22784,1696062750.601514
4,22912,1696062750.6262443
4,23040,1696062750.6478949
4,23168,1696062750.6730754
4,23296,1696062750.693295
4,23424,1696062750.720834
4,23552,1696062750.7412367
4,23680,1696062750.7618508
4,23808,1696062750.7844894
4,23936,1696062750.8104684
4,24064,1696062750.8351
4,24192,1696062750.8563373
4,24320,1696062750.8782375
4,24448,1696062750.8993301
4,24576,1696062750.9216523
4,24704,1696062750.945063
4,24832,1696062750.9668186
4,24960,1696062750.9932766
4,25088,1696062751.0161397
4,25216,1696062751.040083
4,25344,1696062751.062252
4,25472,1696062751.0846426
4,25600,1696062751.11082
4,25728,1696062751.1327286
4,25856,1696062751.155163
4,25984,1696062751.1765323
4,26112,1696062751.2012284
4,26240,1696062751.2245731
4,26368,1696062751.2477212
4,26496,1696062751.268484
4,26624,1696062751.2917454
4,26752,1696062751.3145108
4,26880,1696062751.3364
4,27008,1696062751.3581748
4,27136,1696062751.3796346
4,27264,1696062751.4013228
4,27392,1696062751.4235435
4,27520,1696062751.450914
4,27648,1696062751.4734137
4,27776,1696062751.494803
4,27904,1696062751.5168858
4,28032,1696062751.5405715
4,28160,1696062751.56498
4,28288,1696062751.5905254
4,28416,1696062751.6092045
4,28544,1696062751.6314452
4,28672,1696062751.6553557
4,28800,1696062751.6795585
4,28928,1696062751.7027364
4,29056,1696062751.725225
4,29184,1696062751.7479446
4,29312,1696062751.7725477
4,29440,1696062751.7937505
4,29568,1696062751.8162398
4,29696,1696062751.8409739
4,29824,1696062751.8630352
4,29952,1696062751.885998
4,30080,1696062751.9093919
4,30208,1696062751.93205
4,30336,1696062751.9556358
4,30464,1696062751.9787295
4,30592,1696062752.0008967
4,30720,1696062752.0265455
4,30848,1696062752.0516644
4,30976,1696062752.067204
4,31104,1696062752.0924857
4,31232,1696062752.1164787
4,31360,1696062752.1384797
4,31488,1696062752.1619432
4,31616,1696062752.185304
4,31744,1696062752.2068925
4,31872,1696062752.2303035
4,32000,1696062752.2533956
4,32128,1696062752.2774436
4,32256,1696062752.303065
4,32384,1696062752.3249745
4,32512,1696062752.3512511
4,32640,1696062752.3724687
4,32768,1696062752.3945017
4,32896,1696062752.4178438
4,33024,1696062752.4432268
4,33152,1696062752.4672768
4,33280,1696062752.4882972
4,33408,1696062752.5079327
4,33536,1696062752.5309043
4,33664,1696062752.5538044
4,33792,1696062752.5762014
4,33920,1696062752.598663
4,34048,1696062752.6271348
4,34176,1696062752.6462336
4,34304,1696062752.669305
4,34432,1696062752.6940057
4,34560,1696062752.716914
4,34688,1696062752.7379067
4,34816,1696062752.762707
4,34944,1696062752.7846456
4,35072,1696062752.8061655
4,35200,1696062752.830372
4,35328,1696062752.8525853
4,35456,1696062752.8752165
4,35584,1696062752.8992238
4,35712,1696062752.9251015
4,35840,1696062752.9474277
4,35968,1696062752.9703934
4,36096,1696062752.9942615
4,36224,1696062753.0176556
4,36352,1696062753.0396652
4,36480,1696062753.0649705
4,36608,1696062753.0852404
4,36736,1696062753.107427
4,36864,1696062753.1298683
4,36992,1696062753.1526186
4,37120,1696062753.1770127
4,37248,1696062753.1980367
4,37376,1696062753.2212744
4,37504,1696062753.2451003
4,37632,1696062753.2664971
4,37760,1696062753.2893136
4,37888,1696062753.3147104
4,38016,1696062753.3338854
4,38144,1696062753.3558238
4,38272,1696062753.3833156
4,38400,1696062753.4087625
4,38528,1696062753.4294868
4,38656,1696062753.448549
4,38784,1696062753.4709823
4,38912,1696062753.5004256
4,39040,1696062753.5218086
4,39168,1696062753.54402
4,39296,1696062753.5715947
4,39424,1696062753.5926294
4,39552,1696062753.6124542
4,39680,1696062753.6347322
4,39808,1696062753.6584475
4,39936,1696062753.6834671
4,40064,1696062753.7045019
4,40192,1696062753.7266057
4,40320,1696062753.7485063
4,40448,1696062753.767283
4,40576,1696062753.7918096
4,40704,1696062753.8153892
4,40832,1696062753.83766
4,40960,1696062753.8596568
4,41088,1696062753.8835657
4,41216,1696062753.9017584
4,41344,1696062753.9217477
4,41472,1696062753.9418209
4,41600,1696062753.9618106
4,41728,1696062753.9827402
4,41856,1696062754.0028892
4,41984,1696062754.0229957
4,42112,1696062754.0432172
4,42240,1696062754.064474
4,42368,1696062754.0848086
4,42496,1696062754.1035736
4,42624,1696062754.1250527
4,42752,1696062754.1450841
4,42880,1696062754.1641297
4,43008,1696062754.185169
4,43136,1696062754.2054572
4,43264,1696062754.225549
4,43392,1696062754.245405
4,43520,1696062754.2649136
4,43648,1696062754.2855885
4,43776,1696062754.3054504
4,43904,1696062754.3256776
4,44032,1696062754.3490686
4,44160,1696062754.3660712
4,44288,1696062754.3867369
4,44416,1696062754.4080591
4,44544,1696062754.4273179
4,44672,1696062754.4471743
4,44800,1696062754.4726377
4,44928,1696062754.4915886
4,45056,1696062754.5126598
4,45184,1696062754.5316393
4,45312,1696062754.552455
4,45440,1696062754.572396
4,45568,1696062754.5927875
4,45696,1696062754.6090791
4,45824,1696062754.6297529
4,45952,1696062754.6496773
4,46080,1696062754.6698868
4,46208,1696062754.6896462
4,46336,1696062754.7107935
4,46464,1696062754.7308738
4,46592,1696062754.7508478
4,46720,1696062754.7719538
4,46848,1696062754.7908025
4,46976,1696062754.8106952
4,47104,1696062754.8309758
4,47232,1696062754.8511724
4,47360,1696062754.8712668
4,47488,1696062754.8913407
4,47616,1696062754.9115632
4,47744,1696062754.9316342
4,47872,1696062754.951595
4,48000,1696062754.9716768
4,48128,1696062754.9932058
4,48256,1696062755.0131395
4,48384,1696062755.0365686
4,48512,1696062755.0555763
4,48640,1696062755.0750175
4,48768,1696062755.0951164
4,48896,1696062755.1162255
4,49024,1696062755.1348128
4,49152,1696062755.156756
4,49280,1696062755.1783361
4,49408,1696062755.1992106
4,49536,1696062755.2193666
4,49664,1696062755.239033
4,49792,1696062755.2603478
4,49920,1696062755.278565
4,50000,1696062755.302024
5,128,1696062755.7235155
5,256,1696062755.7474496
5,384,1696062755.771255
5,512,1696062755.7900312
5,640,1696062755.8101764
5,768,1696062755.8288872
5,896,1696062755.8499615
5,1024,1696062755.8667338
5,1152,1696062755.89185
5,1280,1696062755.909916
5,1408,1696062755.932867
5,1536,1696062755.9486797
5,1664,1696062755.9701092
5,1792,1696062755.9890065
5,1920,1696062756.010107
5,2048,1696062756.0317583
5,2176,1696062756.0516975
5,2304,1696062756.0701582
5,2432,1696062756.0917842
5,2560,1696062756.1135476
5,2688,1696062756.135433
5,2816,1696062756.155277
5,2944,1696062756.1760538
5,3072,1696062756.1949606
5,3200,1696062756.2109869
5,3328,1696062756.230483
5,3456,1696062756.250575
5,3584,1696062756.2735415
5,3712,1696062756.2926855
5,3840,1696062756.3157713
5,3968,1696062756.332898
5,4096,1696062756.3546793
5,4224,1696062756.3770046
5,4352,1696062756.3947217
5,4480,1696062756.4147189
5,4608,1696062756.4387028
5,4736,1696062756.4584816
5,4864,1696062756.4780245
5,4992,1696062756.4949238
5,5120,1696062756.5165088
5,5248,1696062756.5374367
5,5376,1696062756.5604722
5,5504,1696062756.5778131
5,5632,1696062756.6037714
5,5760,1696062756.6237454
5,5888,1696062756.6432295
5,6016,1696062756.66327
5,6144,1696062756.68204
5,6272,1696062756.7010546
5,6400,1696062756.722489
5,6528,1696062756.740539
5,6656,1696062756.7618968
5,6784,1696062756.7820983
5,6912,1696062756.8006802
5,7040,1696062756.8208416
5,7168,1696062756.8436995
5,7296,1696062756.865813
5,7424,1696062756.8869612
5,7552,1696062756.9031472
5,7680,1696062756.9277675
5,7808,1696062756.9468887
5,7936,1696062756.965512
5,8064,1696062756.9848058
5,8192,1696062757.00769
5,8320,1696062757.0306778
5,8448,1696062757.0512245
5,8576,1696062757.071728
5,8704,1696062757.0915399
5,8832,1696062757.1116107
5,8960,1696062757.1317642
5,9088,1696062757.151757
5,9216,1696062757.1725183
5,9344,1696062757.194878
5,9472,1696062757.2149568
5,9600,1696062757.234918
5,9728,1696062757.2554457
5,9856,1696062757.2752259
5,9984,1696062757.2962337
5,10112,1696062757.3151004
5,10240,1696062757.3363078
5,10368,1696062757.3591475
5,10496,1696062757.3820243
5,10624,1696062757.4031754
5,10752,1696062757.4232583
5,10880,1696062757.4431262
5,11008,1696062757.4632368
5,11136,1696062757.4835718
5,11264,1696062757.5036168
5,11392,1696062757.5254354
5,11520,1696062757.5423641
5,11648,1696062757.5603235
5,11776,1696062757.5808578
5,11904,1696062757.601056
5,12032,1696062757.6208997
5,12160,1696062757.6405845
5,12288,1696062757.6603167
5,12416,1696062757.6811936
5,12544,1696062757.702831
5,12672,1696062757.72238
5,12800,1696062757.7434552
5,12928,1696062757.7640343
5,13056,1696062757.7857494
5,13184,1696062757.8063362
5,13312,1696062757.826574
5,13440,1696062757.8465872
5,13568,1696062757.8667448
5,13696,1696062757.887492
5,13824,1696062757.9099193
5,13952,1696062757.9308524
5,14080,1696062757.952159
5,14208,1696062757.973703
5,14336,1696062757.99258
5,14464,1696062758.012138
5,14592,1696062758.032238
5,14720,1696062758.0527186
5,14848,1696062758.0723093
5,14976,1696062758.0943635
5,15104,1696062758.1179256
5,15232,1696062758.135137
5,15360,1696062758.1563396
5,15488,1696062758.1753275
5,15616,1696062758.1942785
5,15744,1696062758.2117372
5,15872,1696062758.2343972
5,16000,1696062758.25747
5,16128,1696062758.276951
5,16256,1696062758.2978845
5,16384,1696062758.3158953
5,16512,1696062758.3376594
5,16640,1696062758.3571389
5,16768,1696062758.3781266
5,16896,1696062758.3961978
5,17024,1696062758.4162974
5,17152,1696062758.4403472
5,17280,1696062758.460349
5,17408,1696062758.4775999
5,17536,1696062758.5026097
5,17664,1696062758.5215027
5,17792,1696062758.5418048
5,17920,1696062758.563616
5,18048,1696062758.5829823
5,18176,1696062758.601368
5,18304,1696062758.6226006
5,18432,1696062758.6423945
5,18560,1696062758.6671078
5,18688,1696062758.6873071
5,18816,1696062758.7089539
5,18944,1696062758.7266784
5,19072,1696062758.747721
5,19200,1696062758.7661002
5,19328,1696062758.785889
5,19456,1696062758.8047867
5,19584,1696062758.8259597
5,19712,1696062758.844007
5,19840,1696062758.8673725
5,19968,1696062758.8914046
5,20096,1696062758.9095137
5,20224,1696062758.9287221
5,20352,1696062758.950793
5,20480,1696062758.972131
5,20608,1696062758.9914606
5,20736,1696062759.0097852
5,20864,1696062759.0297687
5,20992,1696062759.0476944
5,21120,1696062759.0717707
5,21248,1696062759.0917141
5,21376,1696062759.1123726
5,21504,1696062759.1329358
5,21632,1696062759.1523278
5,21760,1696062759.1728215
5,21888,1696062759.194498
5,22016,1696062759.2154877
5,22144,1696062759.233616
5,22272,1696062759.2531798
5,22400,1696062759.2743437
5,22528,1696062759.2924302
5,22656,1696062759.3155677
5,22784,1696062759.333593
5,22912,1696062759.3527746
5,23040,1696062759.3757734
5,23168,1696062759.3941545
5,23296,1696062759.4156342
5,23424,1696062759.4352107
5,23552,1696062759.4552088
5,23680,1696062759.476835
5,23808,1696062759.4982698
5,23936,1696062759.5216837
5,24064,1696062759.541693
5,24192,1696062759.5613153
5,24320,1696062759.581231
5,24448,1696062759.602569
5,24576,1696062759.622755
5,24704,1696062759.641383
5,24832,1696062759.6628418
5,24960,1696062759.689456
5,25088,1696062759.7096868
5,25216,1696062759.7299936
5,25344,1696062759.746276
5,25472,1696062759.768911
5,25600,1696062759.789921
5,25728,1696062759.8161914
5,25856,1696062759.8375201
5,25984,1696062759.8572247
5,26112,1696062759.8754947
5,26240,1696062759.8960953
5,26368,1696062759.91429
5,26496,1696062759.9367645
5,26624,1696062759.9570422
5,26752,1696062759.9835458
5,26880,1696062760.0030403
5,27008,1696062760.0190845
5,27136,1696062760.0395608
5,27264,1696062760.0608034
5,27392,1696062760.0863492
5,27520,1696062760.1054823
5,27648,1696062760.12834
5,27776,1696062760.149886
5,27904,1696062760.1698356
5,28032,1696062760.1891682
5,28160,1696062760.209733
5,28288,1696062760.2357843
5,28416,1696062760.2551956
5,28544,1696062760.273984
5,28672,1696062760.293394
5,28800,1696062760.3142357
5,28928,1696062760.3338223
5,29056,1696062760.3590388
5,29184,1696062760.3786402
5,29312,1696062760.3997598
5,29440,1696062760.4176862
5,29568,1696062760.4417725
5,29696,1696062760.461536
5,29824,1696062760.4814541
5,29952,1696062760.5019128
5,30080,1696062760.5273054
5,30208,1696062760.5469735
5,30336,1696062760.5676653
5,30464,1696062760.5859344
5,30592,1696062760.6099305
5,30720,1696062760.629039
5,30848,1696062760.6504176
5,30976,1696062760.6760325
5,31104,1696062760.6941614
5,31232,1696062760.713636
5,31360,1696062760.7329578
5,31488,1696062760.754355
5,31616,1696062760.77712
5,31744,1696062760.7968457
5,31872,1696062760.818673
5,32000,1696062760.8349197
5,32128,1696062760.859362
5,32256,1696062760.8779662
5,32384,1696062760.8962164
5,32512,1696062760.9217184
5,32640,1696062760.941802
5,32768,1696062760.961169
5,32896,1696062760.9871454
5,33024,1696062761.0123217
5,33152,1696062761.0302682
5,33280,1696062761.0506384
5,33408,1696062761.0708222
5,33536,1696062761.0917122
5,33664,1696062761.112274
5,33792,1696062761.1332345
5,33920,1696062761.1528072
5,34048,1696062761.1741052
5,34176,1696062761.1922941
5,34304,1696062761.2117229
5,34432,1696062761.2393467
5,34560,1696062761.259421
5,34688,1696062761.2811651
5,34816,1696062761.3017957
5,34944,1696062761.3215961
5,35072,1696062761.3410172
5,35200,1696062761.3662224
5,35328,1696062761.3861704
5,35456,1696062761.4023147
5,35584,1696062761.4244955
5,35712,1696062761.4470036
5,35840,1696062761.467304
5,35968,1696062761.4859464
5,36096,1696062761.5096004
5,36224,1696062761.5298667
5,36352,1696062761.5519974
5,36480,1696062761.5737238
5,36608,1696062761.5932877
5,36736,1696062761.6118217
5,36864,1696062761.6312463
5,36992,1696062761.6504593
5,37120,1696062761.6752248
5,37248,1696062761.695434
5,37376,1696062761.7179492
5,37504,1696062761.7397764
5,37632,1696062761.7607753
5,37760,1696062761.7794676
5,37888,1696062761.799486
5,38016,1696062761.8181758
5,38144,1696062761.842799
5,38272,1696062761.8612998
5,38400,1696062761.8820493
5,38528,1696062761.9025986
5,38656,1696062761.9216309
5,38784,1696062761.9414256
5,38912,1696062761.962167
5,39040,1696062761.9793994
5,39168,1696062762.0015244
5,39296,1696062762.0225465
5,39424,1696062762.0447147
5,39552,1696062762.0660114
5,39680,1696062762.0853844
5,39808,1696062762.10513
5,39936,1696062762.1251194
5,40064,1696062762.147834
5,40192,1696062762.1689918
5,40320,1696062762.187371
5,40448,1696062762.2068572
5,40576,1696062762.2288482
5,40704,1696062762.2492485
5,40832,1696062762.2723064
5,40960,1696062762.2938197
5,41088,1696062762.3133538
5,41216,1696062762.3330703
5,41344,1696062762.357443
5,41472,1696062762.3784907
5,41600,1696062762.3976123
5,41728,1696062762.4140966
5,41856,1696062762.4414651
5,41984,1696062762.462254
5,42112,1696062762.4825628
5,42240,1696062762.5016575
5,42368,1696062762.5216107
5,42496,1696062762.5418227
5,42624,1696062762.5618882
5,42752,1696062762.5828729
5,42880,1696062762.6019967
5,43008,1696062762.6216786
5,43136,1696062762.6426954
5,43264,1696062762.6635072
5,43392,1696062762.6824126
5,43520,1696062762.705027
5,43648,1696062762.7237005
5,43776,1696062762.7450747
5,43904,1696062762.7651923
5,44032,1696062762.7873673
5,44160,1696062762.805805
5,44288,1696062762.8291347
5,44416,1696062762.847744
5,44544,1696062762.8667114
5,44672,1696062762.887635
5,44800,1696062762.9104407
5,44928,1696062762.9295902
5,45056,1696062762.9499216
5,45184,1696062762.9710598
5,45312,1696062762.991336
5,45440,1696062763.0114484
5,45568,1696062763.0298753
5,45696,1696062763.050188
5,45824,1696062763.072396
5,45952,1696062763.091117
5,46080,1696062763.1121042
5,46208,1696062763.1376941
5,46336,1696062763.1584022
5,46464,1696062763.177488
5,46592,1696062763.1967525
5,46720,1696062763.2186046
5,46848,1696062763.2395697
5,46976,1696062763.2577465
5,47104,1696062763.2776299
5,47232,1696062763.2978783
5,47360,1696062763.3162317
5,47488,1696062763.3402114
5,47616,1696062763.3618233
5,47744,1696062763.3827944
5,47872,1696062763.403166
5,48000,1696062763.4212625
5,48128,1696062763.4443343
5,48256,1696062763.464214
5,48384,1696062763.484412
5,48512,1696062763.5038524
5,48640,1696062763.5242026
5,48768,1696062763.5439162
5,48896,1696062763.5660985
5,49024,1696062763.586138
5,49152,1696062763.6060388
5,49280,1696062763.625893
5,49408,1696062763.645927
5,49536,1696062763.6659403
5,49664,1696062763.68593
5,49792,1696062763.7059948
5,49920,1696062763.7260244
5,50000,1696062763.7461474
