epoch,trained_sample,time
1,0,1695613657.686364
1,32,1695613658.9319718
1,64,1695613658.9654725
1,96,1695613658.9965975
1,128,1695613659.027319
1,160,1695613659.060242
1,192,1695613659.09703
1,224,1695613659.1282933
1,256,1695613659.1591814
1,288,1695613659.1908128
1,320,1695613659.2239628
1,352,1695613659.254591
1,384,1695613659.28782
1,416,1695613659.322273
1,448,1695613659.3575373
1,480,1695613659.3875916
1,512,1695613659.4206357
1,544,1695613659.4525914
1,576,1695613659.4864118
1,608,1695613659.518659
1,640,1695613659.55367
1,672,1695613659.5867155
1,704,1695613659.6218023
1,736,1695613659.649584
1,768,1695613659.6786225
1,800,1695613659.7075434
1,832,1695613659.7364757
1,864,1695613659.765388
1,896,1695613659.7943506
1,928,1695613659.8232894
1,960,1695613659.8521569
1,992,1695613659.8810213
1,1024,1695613659.9099536
1,1056,1695613659.9388814
1,1088,1695613659.9678545
1,1120,1695613659.9967048
1,1152,1695613660.0257835
1,1184,1695613660.0547082
1,1216,1695613660.083703
1,1248,1695613660.1126227
1,1280,1695613660.1445067
1,1312,1695613660.1785617
1,1344,1695613660.212317
1,1376,1695613660.2430398
1,1408,1695613660.2750015
1,1440,1695613660.3098974
1,1472,1695613660.342487
1,1504,1695613660.374739
1,1536,1695613660.4067514
1,1568,1695613660.4399805
1,1600,1695613660.477186
1,1632,1695613660.5090282
1,1664,1695613660.5428607
1,1696,1695613660.5747259
1,1728,1695613660.6063042
1,1760,1695613660.6396773
1,1792,1695613660.6709812
1,1824,1695613660.7027743
1,1856,1695613660.7348895
1,1888,1695613660.7666953
1,1920,1695613660.7986655
1,1952,1695613660.8307352
1,1984,1695613660.8626606
1,2016,1695613660.894543
1,2048,1695613660.924479
1,2080,1695613660.9547536
1,2112,1695613660.9906669
1,2144,1695613661.025649
1,2176,1695613661.0587044
1,2208,1695613661.0918562
1,2240,1695613661.123704
1,2272,1695613661.154997
1,2304,1695613661.1929896
1,2336,1695613661.2225282
1,2368,1695613661.259822
1,2400,1695613661.291081
1,2432,1695613661.3262963
1,2464,1695613661.3587496
1,2496,1695613661.3904936
1,2528,1695613661.4198976
1,2560,1695613661.4507017
1,2592,1695613661.4840162
1,2624,1695613661.5185423
1,2656,1695613661.5485346
1,2688,1695613661.5785751
1,2720,1695613661.6130557
1,2752,1695613661.644893
1,2784,1695613661.6745267
1,2816,1695613661.7118511
1,2848,1695613661.7431388
1,2880,1695613661.7744908
1,2912,1695613661.808381
1,2944,1695613661.8455164
1,2976,1695613661.8768842
1,3008,1695613661.9178355
1,3040,1695613661.9472811
1,3072,1695613661.9843247
1,3104,1695613662.0230951
1,3136,1695613662.0546942
1,3168,1695613662.093069
1,3200,1695613662.1250105
1,3232,1695613662.1545131
1,3264,1695613662.1986449
1,3296,1695613662.2338326
1,3328,1695613662.2638235
1,3360,1695613662.302915
1,3392,1695613662.334846
1,3424,1695613662.3666844
1,3456,1695613662.401488
1,3488,1695613662.4330652
1,3520,1695613662.4667978
1,3552,1695613662.498558
1,3584,1695613662.5295877
1,3616,1695613662.5631256
1,3648,1695613662.594608
1,3680,1695613662.629767
1,3712,1695613662.662542
1,3744,1695613662.6947827
1,3776,1695613662.7265468
1,3808,1695613662.7587702
1,3840,1695613662.7935452
1,3872,1695613662.8232472
1,3904,1695613662.8551428
1,3936,1695613662.8900518
1,3968,1695613662.9227939
1,4000,1695613662.9546833
1,4032,1695613662.988088
1,4064,1695613663.018993
1,4096,1695613663.0538547
1,4128,1695613663.0848901
1,4160,1695613663.1189125
1,4192,1695613663.1505826
1,4224,1695613663.1826742
1,4256,1695613663.215039
1,4288,1695613663.2447953
1,4320,1695613663.2788255
1,4352,1695613663.3135438
1,4384,1695613663.344813
1,4416,1695613663.3784592
1,4448,1695613663.4107232
1,4480,1695613663.4426258
1,4512,1695613663.4735372
1,4544,1695613663.5056481
1,4576,1695613663.5353813
1,4608,1695613663.5663443
1,4640,1695613663.6020691
1,4672,1695613663.6312394
1,4704,1695613663.6651177
1,4736,1695613663.698397
1,4768,1695613663.7277448
1,4800,1695613663.7633212
1,4832,1695613663.7948053
1,4864,1695613663.8248596
1,4896,1695613663.8644357
1,4928,1695613663.8987792
1,4960,1695613663.9339132
1,4992,1695613663.9711728
1,5024,1695613664.0037057
1,5056,1695613664.0350592
1,5088,1695613664.0672176
1,5120,1695613664.1023347
1,5152,1695613664.1375566
1,5184,1695613664.1708999
1,5216,1695613664.2041235
1,5248,1695613664.2349343
1,5280,1695613664.2669117
1,5312,1695613664.298836
1,5344,1695613664.3341408
1,5376,1695613664.3669689
1,5408,1695613664.3985507
1,5440,1695613664.428578
1,5472,1695613664.4629188
1,5504,1695613664.497715
1,5536,1695613664.5306938
1,5568,1695613664.5626876
1,5600,1695613664.5947452
1,5632,1695613664.6253176
1,5664,1695613664.6592257
1,5696,1695613664.689608
1,5728,1695613664.723322
1,5760,1695613664.7550209
1,5792,1695613664.7878642
1,5824,1695613664.8202274
1,5856,1695613664.8510406
1,5888,1695613664.884382
1,5920,1695613664.9149382
1,5952,1695613664.9479933
1,5984,1695613664.9804137
1,6016,1695613665.0141532
1,6048,1695613665.0465803
1,6080,1695613665.078614
1,6112,1695613665.1105917
1,6144,1695613665.1418736
1,6176,1695613665.1778169
1,6208,1695613665.2118502
1,6240,1695613665.243736
1,6272,1695613665.2766192
1,6304,1695613665.311859
1,6336,1695613665.343198
1,6368,1695613665.375143
1,6400,1695613665.4079106
1,6432,1695613665.439099
1,6464,1695613665.4717982
1,6496,1695613665.5030038
1,6528,1695613665.5357985
1,6560,1695613665.5679364
1,6592,1695613665.6002467
1,6624,1695613665.6342561
1,6656,1695613665.6655838
1,6688,1695613665.7017858
1,6720,1695613665.734786
1,6752,1695613665.7696252
1,6784,1695613665.8025758
1,6816,1695613665.834621
1,6848,1695613665.869476
1,6880,1695613665.9000661
1,6912,1695613665.9314473
1,6944,1695613665.9663472
1,6976,1695613666.0005622
1,7008,1695613666.0316432
1,7040,1695613666.0664043
1,7072,1695613666.0988915
1,7104,1695613666.1390433
1,7136,1695613666.170635
1,7168,1695613666.2067568
1,7200,1695613666.2396066
1,7232,1695613666.2720537
1,7264,1695613666.304135
1,7296,1695613666.3356764
1,7328,1695613666.3742218
1,7360,1695613666.4038503
1,7392,1695613666.4429615
1,7424,1695613666.4747446
1,7456,1695613666.5129075
1,7488,1695613666.5449128
1,7520,1695613666.5799987
1,7552,1695613666.6181626
1,7584,1695613666.6528146
1,7616,1695613666.6844792
1,7648,1695613666.7222993
1,7680,1695613666.7545574
1,7712,1695613666.7885282
1,7744,1695613666.8226995
1,7776,1695613666.8659482
1,7808,1695613666.8986619
1,7840,1695613666.9309692
1,7872,1695613666.9672608
1,7904,1695613666.9991548
1,7936,1695613667.0380087
1,7968,1695613667.070549
1,8000,1695613667.1031735
1,8032,1695613667.1426387
1,8064,1695613667.174676
1,8096,1695613667.2133713
1,8128,1695613667.244959
1,8160,1695613667.2802112
1,8192,1695613667.3180695
1,8224,1695613667.3506727
1,8256,1695613667.3900733
1,8288,1695613667.422476
1,8320,1695613667.4557397
1,8352,1695613667.4946802
1,8384,1695613667.526773
1,8416,1695613667.5634763
1,8448,1695613667.6012459
1,8480,1695613667.6330612
1,8512,1695613667.6700876
1,8544,1695613667.7027295
1,8576,1695613667.7351809
1,8608,1695613667.7718673
1,8640,1695613667.8059485
1,8672,1695613667.8390465
1,8704,1695613667.8779385
1,8736,1695613667.9078717
1,8768,1695613667.9488416
1,8800,1695613667.9807885
1,8832,1695613668.015935
1,8864,1695613668.0534017
1,8896,1695613668.086682
1,8928,1695613668.1221833
1,8960,1695613668.1548514
1,8992,1695613668.1932693
1,9024,1695613668.2284565
1,9056,1695613668.2621746
1,9088,1695613668.2962415
1,9120,1695613668.3314755
1,9152,1695613668.3629074
1,9184,1695613668.4017963
1,9216,1695613668.4312706
1,9248,1695613668.4749599
1,9280,1695613668.5060074
1,9312,1695613668.5459332
1,9344,1695613668.5761092
1,9376,1695613668.6143725
1,9408,1695613668.6511416
1,9440,1695613668.6840026
1,9472,1695613668.7219918
1,9504,1695613668.7520556
1,9536,1695613668.7939503
1,9568,1695613668.8298242
1,9600,1695613668.8624537
1,9632,1695613668.895033
1,9664,1695613668.9315755
1,9696,1695613668.9743974
1,9728,1695613669.0122514
1,9760,1695613669.0421968
1,9792,1695613669.081543
1,9824,1695613669.115365
1,9856,1695613669.147321
1,9888,1695613669.1858692
1,9920,1695613669.2184381
1,9952,1695613669.2538328
1,9984,1695613669.2896554
1,10016,1695613669.322517
1,10048,1695613669.358339
1,10080,1695613669.3935673
1,10112,1695613669.4235623
1,10144,1695613669.4622056
1,10176,1695613669.4978642
1,10208,1695613669.5328457
1,10240,1695613669.5646515
1,10272,1695613669.5996423
1,10304,1695613669.6371734
1,10336,1695613669.6705196
1,10368,1695613669.7039306
1,10400,1695613669.7373002
1,10432,1695613669.774832
1,10464,1695613669.8070724
1,10496,1695613669.8427067
1,10528,1695613669.8817432
1,10560,1695613669.9128854
1,10592,1695613669.95055
1,10624,1695613669.9872792
1,10656,1695613670.0180733
1,10688,1695613670.055582
1,10720,1695613670.0878859
1,10752,1695613670.1297536
1,10784,1695613670.1661923
1,10816,1695613670.1957266
1,10848,1695613670.2347872
1,10880,1695613670.2666001
1,10912,1695613670.3028076
1,10944,1695613670.33833
1,10976,1695613670.3737051
1,11008,1695613670.4088337
1,11040,1695613670.440872
1,11072,1695613670.4756153
1,11104,1695613670.5063553
1,11136,1695613670.5472164
1,11168,1695613670.584268
1,11200,1695613670.6251824
1,11232,1695613670.6567178
1,11264,1695613670.6915593
1,11296,1695613670.7234526
1,11328,1695613670.762033
1,11360,1695613670.794537
1,11392,1695613670.8302712
1,11424,1695613670.8654687
1,11456,1695613670.8984401
1,11488,1695613670.9335785
1,11520,1695613670.9668047
1,11552,1695613670.9991848
1,11584,1695613671.0381505
1,11616,1695613671.0675075
1,11648,1695613671.1024973
1,11680,1695613671.1386502
1,11712,1695613671.1779752
1,11744,1695613671.2113001
1,11776,1695613671.2464314
1,11808,1695613671.2786477
1,11840,1695613671.3145316
1,11872,1695613671.3497717
1,11904,1695613671.3856664
1,11936,1695613671.418555
1,11968,1695613671.4535968
1,12000,1695613671.4835002
1,12032,1695613671.5224118
1,12064,1695613671.5546577
1,12096,1695613671.5903988
1,12128,1695613671.622899
1,12160,1695613671.6614835
1,12192,1695613671.6913867
1,12224,1695613671.7302496
1,12256,1695613671.7625911
1,12288,1695613671.7984676
1,12320,1695613671.8347752
1,12352,1695613671.8684504
1,12384,1695613671.904835
1,12416,1695613671.9364526
1,12448,1695613671.9728184
1,12480,1695613672.0079348
1,12512,1695613672.045897
1,12544,1695613672.078901
1,12576,1695613672.1179376
1,12608,1695613672.1530442
1,12640,1695613672.184905
1,12672,1695613672.2197447
1,12704,1695613672.257622
1,12736,1695613672.292776
1,12768,1695613672.3285594
1,12800,1695613672.3662558
1,12832,1695613672.4056144
1,12864,1695613672.4408596
1,12896,1695613672.4728792
1,12928,1695613672.50787
1,12960,1695613672.545826
1,12992,1695613672.5816128
1,13024,1695613672.6146913
1,13056,1695613672.65083
1,13088,1695613672.6838965
1,13120,1695613672.7220914
1,13152,1695613672.757174
1,13184,1695613672.7888198
1,13216,1695613672.8256817
1,13248,1695613672.8566124
1,13280,1695613672.8946586
1,13312,1695613672.9267807
1,13344,1695613672.9625506
1,13376,1695613672.9948401
1,13408,1695613673.0310678
1,13440,1695613673.0627651
1,13472,1695613673.0952055
1,13504,1695613673.1378791
1,13536,1695613673.1706953
1,13568,1695613673.2028396
1,13600,1695613673.2416272
1,13632,1695613673.2716358
1,13664,1695613673.3105636
1,13696,1695613673.345724
1,13728,1695613673.381573
1,13760,1695613673.413008
1,13792,1695613673.4477937
1,13824,1695613673.4859526
1,13856,1695613673.5197268
1,13888,1695613673.551446
1,13920,1695613673.5903194
1,13952,1695613673.6258478
1,13984,1695613673.65888
1,14016,1695613673.6921227
1,14048,1695613673.7293398
1,14080,1695613673.7611117
1,14112,1695613673.7977676
1,14144,1695613673.8276742
1,14176,1695613673.8662112
1,14208,1695613673.898924
1,14240,1695613673.9315107
1,14272,1695613673.9743526
1,14304,1695613674.006632
1,14336,1695613674.0394225
1,14368,1695613674.078348
1,14400,1695613674.1140327
1,14432,1695613674.1494555
1,14464,1695613674.180496
1,14496,1695613674.2189496
1,14528,1695613674.2542589
1,14560,1695613674.286865
1,14592,1695613674.3188527
1,14624,1695613674.3550987
1,14656,1695613674.389975
1,14688,1695613674.4228108
1,14720,1695613674.4553246
1,14752,1695613674.4916925
1,14784,1695613674.5232527
1,14816,1695613674.5595756
1,14848,1695613674.5944352
1,14880,1695613674.626752
1,14912,1695613674.6629145
1,14944,1695613674.698487
1,14976,1695613674.733641
1,15008,1695613674.764843
1,15040,1695613674.8020012
1,15072,1695613674.8346405
1,15104,1695613674.873762
1,15136,1695613674.9065337
1,15168,1695613674.9424622
1,15200,1695613674.9789639
1,15232,1695613675.0233045
1,15264,1695613675.0562456
1,15296,1695613675.0946062
1,15328,1695613675.1333654
1,15360,1695613675.1707816
1,15392,1695613675.2040517
1,15424,1695613675.2428167
1,15456,1695613675.2762759
1,15488,1695613675.3192494
1,15520,1695613675.3527405
1,15552,1695613675.3924727
1,15584,1695613675.4295328
1,15616,1695613675.4674504
1,15648,1695613675.4987044
1,15680,1695613675.53862
1,15712,1695613675.5714355
1,15744,1695613675.621143
1,15776,1695613675.6528661
1,15808,1695613675.6919754
1,15840,1695613675.730013
1,15872,1695613675.767931
1,15904,1695613675.8024855
1,15936,1695613675.8386762
1,15968,1695613675.8725893
1,16000,1695613675.91646
1,16032,1695613675.9549305
1,16064,1695613675.9898772
1,16096,1695613676.0254228
1,16128,1695613676.0631685
1,16160,1695613676.0958166
1,16192,1695613676.1281743
1,16224,1695613676.1664715
1,16256,1695613676.2028322
1,16288,1695613676.245309
1,16320,1695613676.2771266
1,16352,1695613676.3119729
1,16384,1695613676.35134
1,16416,1695613676.3827963
1,16448,1695613676.4217055
1,16480,1695613676.4560606
1,16512,1695613676.5007982
1,16544,1695613676.5306716
1,16576,1695613676.570126
1,16608,1695613676.6025932
1,16640,1695613676.6420493
1,16672,1695613676.6752584
1,16704,1695613676.7079055
1,16736,1695613676.7488587
1,16768,1695613676.7839167
1,16800,1695613676.8189301
1,16832,1695613676.8584366
1,16864,1695613676.8908842
1,16896,1695613676.9304655
1,16928,1695613676.9628842
1,16960,1695613677.002523
1,16992,1695613677.03643
1,17024,1695613677.077403
1,17056,1695613677.1109076
1,17088,1695613677.150061
1,17120,1695613677.1828518
1,17152,1695613677.2219772
1,17184,1695613677.2559175
1,17216,1695613677.291019
1,17248,1695613677.3263822
1,17280,1695613677.3761747
1,17312,1695613677.4071229
1,17344,1695613677.4485195
1,17376,1695613677.4855237
1,17408,1695613677.5258613
1,17440,1695613677.5667915
1,17472,1695613677.5986557
1,17504,1695613677.637694
1,17536,1695613677.6763594
1,17568,1695613677.7082112
1,17600,1695613677.746529
1,17632,1695613677.7794366
1,17664,1695613677.8292027
1,17696,1695613677.8615239
1,17728,1695613677.8970966
1,17760,1695613677.9331818
1,17792,1695613677.9767017
1,17824,1695613678.0085385
1,17856,1695613678.0448132
1,17888,1695613678.082611
1,17920,1695613678.1229622
1,17952,1695613678.1560104
1,17984,1695613678.1947765
1,18016,1695613678.2256026
1,18048,1695613678.2670615
1,18080,1695613678.2978897
1,18112,1695613678.3322823
1,18144,1695613678.3701797
1,18176,1695613678.40591
1,18208,1695613678.439727
1,18240,1695613678.472815
1,18272,1695613678.5119433
1,18304,1695613678.5528054
1,18336,1695613678.58467
1,18368,1695613678.6193655
1,18400,1695613678.651374
1,18432,1695613678.693326
1,18464,1695613678.72498
1,18496,1695613678.7597814
1,18528,1695613678.7978053
1,18560,1695613678.8352334
1,18592,1695613678.8667293
1,18624,1695613678.9023275
1,18656,1695613678.9348419
1,18688,1695613678.9771934
1,18720,1695613679.0167572
1,18752,1695613679.0467403
1,18784,1695613679.086528
1,18816,1695613679.1271646
1,18848,1695613679.1579
1,18880,1695613679.1948574
1,18912,1695613679.2342658
1,18944,1695613679.2768235
1,18976,1695613679.3105452
1,19008,1695613679.3434436
1,19040,1695613679.385943
1,19072,1695613679.4257667
1,19104,1695613679.4586642
1,19136,1695613679.495127
1,19168,1695613679.5338268
1,19200,1695613679.5731244
1,19232,1695613679.6048734
1,19264,1695613679.6404994
1,19296,1695613679.6789563
1,19328,1695613679.7192073
1,19360,1695613679.7506876
1,19392,1695613679.7900274
1,19424,1695613679.8230078
1,19456,1695613679.8703713
1,19488,1695613679.9028335
1,19520,1695613679.9420018
1,19552,1695613679.9854553
1,19584,1695613680.0166976
1,19616,1695613680.0550554
1,19648,1695613680.0939627
1,19680,1695613680.1312072
1,19712,1695613680.170112
1,19744,1695613680.2121055
1,19776,1695613680.244249
1,19808,1695613680.2854202
1,19840,1695613680.3195214
1,19872,1695613680.3579934
1,19904,1695613680.3918142
1,19936,1695613680.43008
1,19968,1695613680.4615295
1,20000,1695613680.4963944
1,20032,1695613680.5315144
1,20064,1695613680.5697255
1,20096,1695613680.6014948
1,20128,1695613680.635638
1,20160,1695613680.6676574
1,20192,1695613680.702724
1,20224,1695613680.744373
1,20256,1695613680.7750213
1,20288,1695613680.8113825
1,20320,1695613680.8446047
1,20352,1695613680.8843863
1,20384,1695613680.9170597
1,20416,1695613680.9537764
1,20448,1695613680.9870002
1,20480,1695613681.0192246
1,20512,1695613681.0584357
1,20544,1695613681.0912528
1,20576,1695613681.1271193
1,20608,1695613681.1592784
1,20640,1695613681.2047715
1,20672,1695613681.235127
1,20704,1695613681.2713532
1,20736,1695613681.3033676
1,20768,1695613681.3505433
1,20800,1695613681.3890233
1,20832,1695613681.4260576
1,20864,1695613681.4561021
1,20896,1695613681.4921687
1,20928,1695613681.5300293
1,20960,1695613681.5627646
1,20992,1695613681.595046
1,21024,1695613681.6312678
1,21056,1695613681.6637971
1,21088,1695613681.702294
1,21120,1695613681.736045
1,21152,1695613681.7737544
1,21184,1695613681.809361
1,21216,1695613681.849822
1,21248,1695613681.8826163
1,21280,1695613681.916449
1,21312,1695613681.9538763
1,21344,1695613681.9890878
1,21376,1695613682.029716
1,21408,1695613682.0595822
1,21440,1695613682.0990198
1,21472,1695613682.1328077
1,21504,1695613682.1670198
1,21536,1695613682.2055616
1,21568,1695613682.242124
1,21600,1695613682.2815175
1,21632,1695613682.3130913
1,21664,1695613682.3483493
1,21696,1695613682.3833525
1,21728,1695613682.4217234
1,21760,1695613682.4546416
1,21792,1695613682.488222
1,21824,1695613682.525919
1,21856,1695613682.5587833
1,21888,1695613682.5912151
1,21920,1695613682.6302044
1,21952,1695613682.6658795
1,21984,1695613682.6968956
1,22016,1695613682.7345948
1,22048,1695613682.7739966
1,22080,1695613682.8067353
1,22112,1695613682.8492599
1,22144,1695613682.8826506
1,22176,1695613682.9147315
1,22208,1695613682.9505136
1,22240,1695613682.9832041
1,22272,1695613683.0224557
1,22304,1695613683.051866
1,22336,1695613683.0913382
1,22368,1695613683.1268048
1,22400,1695613683.1621768
1,22432,1695613683.1980987
1,22464,1695613683.2313104
1,22496,1695613683.2697093
1,22528,1695613683.3029454
1,22560,1695613683.3455544
1,22592,1695613683.3807364
1,22624,1695613683.415444
1,22656,1695613683.4519258
1,22688,1695613683.483989
1,22720,1695613683.5255287
1,22752,1695613683.5568485
1,22784,1695613683.5919986
1,22816,1695613683.6299143
1,22848,1695613683.6626873
1,22880,1695613683.6987524
1,22912,1695613683.731617
1,22944,1695613683.7695653
1,22976,1695613683.8029006
1,23008,1695613683.845812
1,23040,1695613683.8789122
1,23072,1695613683.9105704
1,23104,1695613683.9494166
1,23136,1695613683.9860327
1,23168,1695613684.0198228
1,23200,1695613684.057557
1,23232,1695613684.0961442
1,23264,1695613684.131438
1,23296,1695613684.1714063
1,23328,1695613684.204042
1,23360,1695613684.241741
1,23392,1695613684.2778416
1,23424,1695613684.3113284
1,23456,1695613684.3464181
1,23488,1695613684.3786447
1,23520,1695613684.4151971
1,23552,1695613684.4477253
1,23584,1695613684.4865468
1,23616,1695613684.5200698
1,23648,1695613684.5581307
1,23680,1695613684.5898228
1,23712,1695613684.6266787
1,23744,1695613684.6621263
1,23776,1695613684.6950464
1,23808,1695613684.7304683
1,23840,1695613684.762854
1,23872,1695613684.7953465
1,23904,1695613684.8308568
1,23936,1695613684.8665795
1,23968,1695613684.8993585
1,24000,1695613684.9406884
1,24032,1695613684.981139
1,24064,1695613685.0141714
1,24096,1695613685.0480506
1,24128,1695613685.0854235
1,24160,1695613685.1182468
1,24192,1695613685.1522887
1,24224,1695613685.1875215
1,24256,1695613685.2258217
1,24288,1695613685.259229
1,24320,1695613685.2914467
1,24352,1695613685.32543
1,24384,1695613685.3628895
1,24416,1695613685.3968709
1,24448,1695613685.4314492
1,24480,1695613685.4638124
1,24512,1695613685.5057833
1,24544,1695613685.5385106
1,24576,1695613685.5713048
1,24608,1695613685.6131232
1,24640,1695613685.6497219
1,24672,1695613685.6834493
1,24704,1695613685.7156725
1,24736,1695613685.7503262
1,24768,1695613685.7941434
1,24800,1695613685.8269372
1,24832,1695613685.864917
1,24864,1695613685.897197
1,24896,1695613685.9320233
1,24928,1695613685.9699733
1,24960,1695613686.002757
1,24992,1695613686.0371454
1,25024,1695613686.0721717
1,25056,1695613686.1099277
1,25088,1695613686.143399
1,25120,1695613686.175416
1,25152,1695613686.211352
1,25184,1695613686.246777
1,25216,1695613686.280806
1,25248,1695613686.3217092
1,25280,1695613686.3519905
1,25312,1695613686.3882127
1,25344,1695613686.42507
1,25376,1695613686.4571009
1,25408,1695613686.492619
1,25440,1695613686.53017
1,25472,1695613686.5635571
1,25504,1695613686.5982757
1,25536,1695613686.631025
1,25568,1695613686.6638386
1,25600,1695613686.699833
1,25632,1695613686.7359538
1,25664,1695613686.7734392
1,25696,1695613686.806041
1,25728,1695613686.840033
1,25760,1695613686.8781805
1,25792,1695613686.9109511
1,25824,1695613686.9431243
1,25856,1695613686.975465
1,25888,1695613687.015399
1,25920,1695613687.0477598
1,25952,1695613687.0829628
1,25984,1695613687.1199017
1,26016,1695613687.1513996
1,26048,1695613687.1948986
1,26080,1695613687.2304246
1,26112,1695613687.2700016
1,26144,1695613687.303912
1,26176,1695613687.3386226
1,26208,1695613687.3855019
1,26240,1695613687.4216046
1,26272,1695613687.4551919
1,26304,1695613687.489132
1,26336,1695613687.53262
1,26368,1695613687.5702205
1,26400,1695613687.6043088
1,26432,1695613687.6415215
1,26464,1695613687.6809423
1,26496,1695613687.7202013
1,26528,1695613687.7545462
1,26560,1695613687.7895663
1,26592,1695613687.8293574
1,26624,1695613687.8681045
1,26656,1695613687.902109
1,26688,1695613687.9361646
1,26720,1695613687.9758914
1,26752,1695613688.0142825
1,26784,1695613688.0482848
1,26816,1695613688.0806837
1,26848,1695613688.1187851
1,26880,1695613688.1544027
1,26912,1695613688.1957576
1,26944,1695613688.226887
1,26976,1695613688.2627468
1,27008,1695613688.3007457
1,27040,1695613688.3375487
1,27072,1695613688.3705554
1,27104,1695613688.4031389
1,27136,1695613688.4402273
1,27168,1695613688.4775326
1,27200,1695613688.5121152
1,27232,1695613688.5465653
1,27264,1695613688.5790362
1,27296,1695613688.6164212
1,27328,1695613688.6471353
1,27360,1695613688.683775
1,27392,1695613688.7159193
1,27424,1695613688.7537885
1,27456,1695613688.7834606
1,27488,1695613688.8251743
1,27520,1695613688.8570411
1,27552,1695613688.892412
1,27584,1695613688.9274437
1,27616,1695613688.9656844
1,27648,1695613688.998788
1,27680,1695613689.0310364
1,27712,1695613689.0698926
1,27744,1695613689.1026142
1,27776,1695613689.1385002
1,27808,1695613689.174113
1,27840,1695613689.206816
1,27872,1695613689.2390218
1,27904,1695613689.2768188
1,27936,1695613689.3108015
1,27968,1695613689.3429904
1,28000,1695613689.37591
1,28032,1695613689.4174464
1,28064,1695613689.450706
1,28096,1695613689.483216
1,28128,1695613689.5194163
1,28160,1695613689.551077
1,28192,1695613689.5902565
1,28224,1695613689.625819
1,28256,1695613689.6634848
1,28288,1695613689.6948702
1,28320,1695613689.7307048
1,28352,1695613689.770279
1,28384,1695613689.8029306
1,28416,1695613689.8387043
1,28448,1695613689.8736398
1,28480,1695613689.90689
1,28512,1695613689.9426596
1,28544,1695613689.9751291
1,28576,1695613690.0143068
1,28608,1695613690.0511715
1,28640,1695613690.0827634
1,28672,1695613690.1155207
1,28704,1695613690.1503963
1,28736,1695613690.1929164
1,28768,1695613690.2269688
1,28800,1695613690.2591794
1,28832,1695613690.2984717
1,28864,1695613690.332263
1,28896,1695613690.369963
1,28928,1695613690.4058967
1,28960,1695613690.4411757
1,28992,1695613690.474658
1,29024,1695613690.5070114
1,29056,1695613690.5420544
1,29088,1695613690.5817287
1,29120,1695613690.6147037
1,29152,1695613690.6444147
1,29184,1695613690.6786504
1,29216,1695613690.7126634
1,29248,1695613690.7472825
1,29280,1695613690.7807918
1,29312,1695613690.8155038
1,29344,1695613690.8509371
1,29376,1695613690.8859625
1,29408,1695613690.9195578
1,29440,1695613690.9535117
1,29472,1695613690.9884586
1,29504,1695613691.023435
1,29536,1695613691.0586681
1,29568,1695613691.092609
1,29600,1695613691.1278288
1,29632,1695613691.1646714
1,29664,1695613691.203947
1,29696,1695613691.2427266
1,29728,1695613691.2821796
1,29760,1695613691.314354
1,29792,1695613691.3550906
1,29824,1695613691.3947861
1,29856,1695613691.4279854
1,29888,1695613691.4621515
1,29920,1695613691.5016115
1,29952,1695613691.5409174
1,29984,1695613691.5744016
1,30016,1695613691.6093745
1,30048,1695613691.6499727
1,30080,1695613691.6921678
1,30112,1695613691.7297328
1,30144,1695613691.759832
1,30176,1695613691.8039978
1,30208,1695613691.840915
1,30240,1695613691.875505
1,30272,1695613691.9091735
1,30304,1695613691.9494267
1,30336,1695613691.988595
1,30368,1695613692.022407
1,30400,1695613692.0573099
1,30432,1695613692.0971262
1,30464,1695613692.1364837
1,30496,1695613692.1776166
1,30528,1695613692.213164
1,30560,1695613692.250314
1,30592,1695613692.282669
1,30624,1695613692.3190513
1,30656,1695613692.3543532
1,30688,1695613692.3867006
1,30720,1695613692.4194465
1,30752,1695613692.458507
1,30784,1695613692.490645
1,30816,1695613692.527361
1,30848,1695613692.5613036
1,30880,1695613692.5945945
1,30912,1695613692.6326969
1,30944,1695613692.669881
1,30976,1695613692.7095742
1,31008,1695613692.7434692
1,31040,1695613692.7772772
1,31072,1695613692.8181708
1,31104,1695613692.8576407
1,31136,1695613692.890735
1,31168,1695613692.9246347
1,31200,1695613692.9636848
1,31232,1695613693.0035732
1,31264,1695613693.036961
1,31296,1695613693.0709534
1,31328,1695613693.1126268
1,31360,1695613693.154737
1,31392,1695613693.1952276
1,31424,1695613693.2277892
1,31456,1695613693.2737057
1,31488,1695613693.3104565
1,31520,1695613693.3460321
1,31552,1695613693.3884823
1,31584,1695613693.4224455
1,31616,1695613693.457657
1,31648,1695613693.4938123
1,31680,1695613693.5330625
1,31712,1695613693.567037
1,31744,1695613693.6077971
1,31776,1695613693.6389134
1,31808,1695613693.677461
1,31840,1695613693.7107556
1,31872,1695613693.7459283
1,31904,1695613693.7756119
1,31936,1695613693.8134356
1,31968,1695613693.8469665
1,32000,1695613693.8785264
1,32032,1695613693.908095
1,32064,1695613693.9454584
1,32096,1695613693.9754372
1,32128,1695613694.0140502
1,32160,1695613694.0465806
1,32192,1695613694.0879476
1,32224,1695613694.1188843
1,32256,1695613694.1536226
1,32288,1695613694.1832492
1,32320,1695613694.218027
1,32352,1695613694.25057
1,32384,1695613694.280098
1,32416,1695613694.311562
1,32448,1695613694.3466606
1,32480,1695613694.3762684
1,32512,1695613694.411454
1,32544,1695613694.4426281
1,32576,1695613694.4838526
1,32608,1695613694.5149162
1,32640,1695613694.5455756
1,32672,1695613694.5793183
1,32704,1695613694.6196704
1,32736,1695613694.6505497
1,32768,1695613694.682437
1,32800,1695613694.7145798
1,32832,1695613694.7547395
1,32864,1695613694.7866359
1,32896,1695613694.822467
1,32928,1695613694.8553305
1,32960,1695613694.895991
1,32992,1695613694.9268477
1,33024,1695613694.9620986
1,33056,1695613694.991728
1,33088,1695613695.0232651
1,33120,1695613695.0560873
1,33152,1695613695.0881753
1,33184,1695613695.123186
1,33216,1695613695.1640525
1,33248,1695613695.1954525
1,33280,1695613695.2280474
1,33312,1695613695.2588346
1,33344,1695613695.298756
1,33376,1695613695.3304462
1,33408,1695613695.3601277
1,33440,1695613695.3922112
1,33472,1695613695.4325745
1,33504,1695613695.4664469
1,33536,1695613695.4956424
1,33568,1695613695.533683
1,33600,1695613695.5741534
1,33632,1695613695.6080625
1,33664,1695613695.638796
1,33696,1695613695.6739256
1,33728,1695613695.7141123
1,33760,1695613695.7464657
1,33792,1695613695.7755132
1,33824,1695613695.811012
1,33856,1695613695.8576276
1,33888,1695613695.8913646
1,33920,1695613695.9301145
1,33952,1695613695.9591777
1,33984,1695613695.9977312
1,34016,1695613696.0306475
1,34048,1695613696.0626287
1,34080,1695613696.0946481
1,34112,1695613696.1327875
1,34144,1695613696.167221
1,34176,1695613696.1984842
1,34208,1695613696.233366
1,34240,1695613696.2743187
1,34272,1695613696.306348
1,34304,1695613696.3385942
1,34336,1695613696.3706365
1,34368,1695613696.4109275
1,34400,1695613696.4425886
1,34432,1695613696.4723146
1,34464,1695613696.5022461
1,34496,1695613696.5383282
1,34528,1695613696.5734527
1,34560,1695613696.6071208
1,34592,1695613696.639433
1,34624,1695613696.6769042
1,34656,1695613696.706539
1,34688,1695613696.7382693
1,34720,1695613696.7686071
1,34752,1695613696.8102832
1,34784,1695613696.842669
1,34816,1695613696.8786714
1,34848,1695613696.9104085
1,34880,1695613696.952032
1,34912,1695613696.9829636
1,34944,1695613697.0134199
1,34976,1695613697.0471218
1,35008,1695613697.0851104
1,35040,1695613697.1184902
1,35072,1695613697.1504698
1,35104,1695613697.1827068
1,35136,1695613697.22281
1,35168,1695613697.2546523
1,35200,1695613697.28649
1,35232,1695613697.3184662
1,35264,1695613697.358534
1,35296,1695613697.3907719
1,35328,1695613697.422605
1,35360,1695613697.4547791
1,35392,1695613697.4960222
1,35424,1695613697.5268965
1,35456,1695613697.5578926
1,35488,1695613697.5903664
1,35520,1695613697.6308355
1,35552,1695613697.6585076
1,35584,1695613697.6873946
1,35616,1695613697.716483
1,35648,1695613697.7616704
1,35680,1695613697.7944758
1,35712,1695613697.8267348
1,35744,1695613697.8584561
1,35776,1695613697.8989081
1,35808,1695613697.9314735
1,35840,1695613697.963465
1,35872,1695613697.9948258
1,35904,1695613698.0352595
1,35936,1695613698.0666578
1,35968,1695613698.1015613
1,36000,1695613698.1314654
1,36032,1695613698.1692812
1,36064,1695613698.2053375
1,36096,1695613698.2354162
1,36128,1695613698.267143
1,36160,1695613698.3052306
1,36192,1695613698.341503
1,36224,1695613698.3751712
1,36256,1695613698.4078019
1,36288,1695613698.4512084
1,36320,1695613698.4837277
1,36352,1695613698.5154974
1,36384,1695613698.5468235
1,36416,1695613698.5864458
1,36448,1695613698.6185305
1,36480,1695613698.6507385
1,36512,1695613698.6815448
1,36544,1695613698.7231486
1,36576,1695613698.7552438
1,36608,1695613698.7867484
1,36640,1695613698.8184793
1,36672,1695613698.85985
1,36704,1695613698.8907557
1,36736,1695613698.9210773
1,36768,1695613698.9550433
1,36800,1695613698.9929018
1,36832,1695613699.0220575
1,36864,1695613699.0554492
1,36896,1695613699.087686
1,36928,1695613699.1284726
1,36960,1695613699.166804
1,36992,1695613699.1984978
1,37024,1695613699.2284477
1,37056,1695613699.2583103
1,37088,1695613699.2921393
1,37120,1695613699.3241286
1,37152,1695613699.3556347
1,37184,1695613699.3974369
1,37216,1695613699.4288108
1,37248,1695613699.4579663
1,37280,1695613699.4913225
1,37312,1695613699.5256684
1,37344,1695613699.555281
1,37376,1695613699.589173
1,37408,1695613699.619308
1,37440,1695613699.6583877
1,37472,1695613699.690633
1,37504,1695613699.7224956
1,37536,1695613699.7522068
1,37568,1695613699.7924623
1,37600,1695613699.8249557
1,37632,1695613699.8566194
1,37664,1695613699.8904405
1,37696,1695613699.93055
1,37728,1695613699.9655626
1,37760,1695613699.9953158
1,37792,1695613700.030146
1,37824,1695613700.0686102
1,37856,1695613700.1017857
1,37888,1695613700.1348078
1,37920,1695613700.174738
1,37952,1695613700.215835
1,37984,1695613700.246857
1,38016,1695613700.281782
1,38048,1695613700.311438
1,38080,1695613700.346191
1,38112,1695613700.378596
1,38144,1695613700.4104934
1,38176,1695613700.4414892
1,38208,1695613700.4812393
1,38240,1695613700.514971
1,38272,1695613700.5457475
1,38304,1695613700.5785375
1,38336,1695613700.6201298
1,38368,1695613700.653478
1,38400,1695613700.686692
1,38432,1695613700.7185578
1,38464,1695613700.759146
1,38496,1695613700.7906115
1,38528,1695613700.8205547
1,38560,1695613700.8547907
1,38592,1695613700.8958127
1,38624,1695613700.9294865
1,38656,1695613700.9632719
1,38688,1695613700.9945
1,38720,1695613701.034183
1,38752,1695613701.0652373
1,38784,1695613701.101697
1,38816,1695613701.132006
1,38848,1695613701.1739087
1,38880,1695613701.2175775
1,38912,1695613701.250813
1,38944,1695613701.2872894
1,38976,1695613701.3235507
1,39008,1695613701.3547056
1,39040,1695613701.3898249
1,39072,1695613701.422282
1,39104,1695613701.4606204
1,39136,1695613701.489808
1,39168,1695613701.5250757
1,39200,1695613701.5585518
1,39232,1695613701.598338
1,39264,1695613701.6312675
1,39296,1695613701.663293
1,39328,1695613701.6947052
1,39360,1695613701.7330148
1,39392,1695613701.767013
1,39424,1695613701.799423
1,39456,1695613701.830475
1,39488,1695613701.8709204
1,39520,1695613701.9026895
1,39552,1695613701.934502
1,39584,1695613701.9725611
1,39616,1695613702.013387
1,39648,1695613702.0501735
1,39680,1695613702.08344
1,39712,1695613702.1154625
1,39744,1695613702.1544182
1,39776,1695613702.1876671
1,39808,1695613702.2186215
1,39840,1695613702.250673
1,39872,1695613702.2887425
1,39904,1695613702.3234172
1,39936,1695613702.3546205
1,39968,1695613702.392827
1,40000,1695613702.4332843
1,40032,1695613702.4670181
1,40064,1695613702.4987283
1,40096,1695613702.5334895
1,40128,1695613702.5787392
1,40160,1695613702.610556
1,40192,1695613702.6380892
1,40224,1695613702.6787722
1,40256,1695613702.710821
1,40288,1695613702.7425518
1,40320,1695613702.7747972
1,40352,1695613702.8065226
1,40384,1695613702.8412821
1,40416,1695613702.872884
1,40448,1695613702.9073505
1,40480,1695613702.9388824
1,40512,1695613702.9707577
1,40544,1695613703.0028672
1,40576,1695613703.0347657
1,40608,1695613703.0738096
1,40640,1695613703.1032598
1,40672,1695613703.1385422
1,40704,1695613703.1709754
1,40736,1695613703.202681
1,40768,1695613703.234733
1,40800,1695613703.2696137
1,40832,1695613703.3013864
1,40864,1695613703.3351
1,40896,1695613703.369563
1,40928,1695613703.4013755
1,40960,1695613703.435114
1,40992,1695613703.4651227
1,41024,1695613703.499469
1,41056,1695613703.5326254
1,41088,1695613703.5631807
1,41120,1695613703.598011
1,41152,1695613703.627524
1,41184,1695613703.6625237
1,41216,1695613703.6978931
1,41248,1695613703.727224
