epoch,trained_sample,time
1,0,1696072238.2722704
1,128,1696072239.6171145
1,256,1696072239.648719
1,384,1696072239.6665618
1,512,1696072239.6915553
1,640,1696072239.711439
1,768,1696072239.7298524
1,896,1696072239.7507925
1,1024,1696072239.770282
1,1152,1696072239.7909112
1,1280,1696072239.810488
1,1408,1696072239.83044
1,1536,1696072239.848335
1,1664,1696072239.86704
1,1792,1696072239.8863597
1,1920,1696072239.903698
1,2048,1696072239.9218092
1,2176,1696072239.9471588
1,2304,1696072239.968946
1,2432,1696072239.9901187
1,2560,1696072240.0095387
1,2688,1696072240.0344787
1,2816,1696072240.056959
1,2944,1696072240.077578
1,3072,1696072240.1005204
1,3200,1696072240.1225095
1,3328,1696072240.1426756
1,3456,1696072240.1643374
1,3584,1696072240.1854448
1,3712,1696072240.2102983
1,3840,1696072240.2336566
1,3968,1696072240.256332
1,4096,1696072240.2773151
1,4224,1696072240.299921
1,4352,1696072240.3189826
1,4480,1696072240.3430364
1,4608,1696072240.3634512
1,4736,1696072240.381723
1,4864,1696072240.4070897
1,4992,1696072240.4291866
1,5120,1696072240.4524853
1,5248,1696072240.475053
1,5376,1696072240.4917476
1,5504,1696072240.5103924
1,5632,1696072240.5308971
1,5760,1696072240.550708
1,5888,1696072240.56862
1,6016,1696072240.5868032
1,6144,1696072240.6063871
1,6272,1696072240.62627
1,6400,1696072240.6470554
1,6528,1696072240.6734767
1,6656,1696072240.6942685
1,6784,1696072240.715179
1,6912,1696072240.738662
1,7040,1696072240.7556045
1,7168,1696072240.7729309
1,7296,1696072240.7907393
1,7424,1696072240.8102963
1,7552,1696072240.8287964
1,7680,1696072240.848155
1,7808,1696072240.8676295
1,7936,1696072240.8941445
1,8064,1696072240.921847
1,8192,1696072240.9413683
1,8320,1696072240.962747
1,8448,1696072240.9858913
1,8576,1696072241.0032856
1,8704,1696072241.0221424
1,8832,1696072241.0426784
1,8960,1696072241.062603
1,9088,1696072241.0810652
1,9216,1696072241.1017036
1,9344,1696072241.1241817
1,9472,1696072241.1520987
1,9600,1696072241.1738107
1,9728,1696072241.1947691
1,9856,1696072241.2152557
1,9984,1696072241.2433183
1,10112,1696072241.2684698
1,10240,1696072241.2896233
1,10368,1696072241.3138747
1,10496,1696072241.3374155
1,10624,1696072241.354166
1,10752,1696072241.3794382
1,10880,1696072241.401742
1,11008,1696072241.4266965
1,11136,1696072241.450701
1,11264,1696072241.4723678
1,11392,1696072241.4956443
1,11520,1696072241.514399
1,11648,1696072241.5394242
1,11776,1696072241.562637
1,11904,1696072241.5845428
1,12032,1696072241.6072052
1,12160,1696072241.628264
1,12288,1696072241.650957
1,12416,1696072241.6721468
1,12544,1696072241.693708
1,12672,1696072241.7120636
1,12800,1696072241.7388177
1,12928,1696072241.7645092
1,13056,1696072241.7861493
1,13184,1696072241.8036306
1,13312,1696072241.8257885
1,13440,1696072241.8466141
1,13568,1696072241.8625073
1,13696,1696072241.8832586
1,13824,1696072241.9039824
1,13952,1696072241.9249063
1,14080,1696072241.9444077
1,14208,1696072241.9679077
1,14336,1696072241.9874966
1,14464,1696072242.0147774
1,14592,1696072242.0363414
1,14720,1696072242.0575166
1,14848,1696072242.081643
1,14976,1696072242.098135
1,15104,1696072242.1159902
1,15232,1696072242.1359093
1,15360,1696072242.1547725
1,15488,1696072242.1745484
1,15616,1696072242.1988056
1,15744,1696072242.2187932
1,15872,1696072242.238429
1,16000,1696072242.2605765
1,16128,1696072242.2786512
1,16256,1696072242.2974567
1,16384,1696072242.3190875
1,16512,1696072242.3442667
1,16640,1696072242.3663824
1,16768,1696072242.387971
1,16896,1696072242.4081914
1,17024,1696072242.427379
1,17152,1696072242.4447541
1,17280,1696072242.46908
1,17408,1696072242.4926765
1,17536,1696072242.5135207
1,17664,1696072242.537643
1,17792,1696072242.5614612
1,17920,1696072242.5866623
1,18048,1696072242.614275
1,18176,1696072242.6408205
1,18304,1696072242.660071
1,18432,1696072242.6812441
1,18560,1696072242.7018626
1,18688,1696072242.7245955
1,18816,1696072242.745675
1,18944,1696072242.7651298
1,19072,1696072242.7913864
1,19200,1696072242.812497
1,19328,1696072242.8317478
1,19456,1696072242.851579
1,19584,1696072242.8713057
1,19712,1696072242.8937354
1,19840,1696072242.9139602
1,19968,1696072242.9332473
1,20096,1696072242.9551804
1,20224,1696072242.973205
1,20352,1696072242.9921339
1,20480,1696072243.0115945
1,20608,1696072243.0315442
1,20736,1696072243.051554
1,20864,1696072243.071474
1,20992,1696072243.0915537
1,21120,1696072243.1115408
1,21248,1696072243.1315076
1,21376,1696072243.1513462
1,21504,1696072243.1713305
1,21632,1696072243.1972542
1,21760,1696072243.2219052
1,21888,1696072243.2438774
1,22016,1696072243.2640934
1,22144,1696072243.283211
1,22272,1696072243.3077784
1,22400,1696072243.3283453
1,22528,1696072243.3514054
1,22656,1696072243.3727286
1,22784,1696072243.3978252
1,22912,1696072243.419642
1,23040,1696072243.4481378
1,23168,1696072243.4694114
1,23296,1696072243.495483
1,23424,1696072243.5212276
1,23552,1696072243.5418818
1,23680,1696072243.569021
1,23808,1696072243.590485
1,23936,1696072243.6110878
1,24064,1696072243.6297503
1,24192,1696072243.6562765
1,24320,1696072243.6779623
1,24448,1696072243.7036538
1,24576,1696072243.7299912
1,24704,1696072243.7463121
1,24832,1696072243.76533
1,24960,1696072243.7851515
1,25088,1696072243.8036883
1,25216,1696072243.827895
1,25344,1696072243.8476143
1,25472,1696072243.8679202
1,25600,1696072243.892564
1,25728,1696072243.912728
1,25856,1696072243.9348974
1,25984,1696072243.961181
1,26112,1696072243.9787052
1,26240,1696072243.9980278
1,26368,1696072244.016121
1,26496,1696072244.0346324
1,26624,1696072244.0551763
1,26752,1696072244.0787332
1,26880,1696072244.0976756
1,27008,1696072244.1173744
1,27136,1696072244.1425571
1,27264,1696072244.164536
1,27392,1696072244.1822095
1,27520,1696072244.200636
1,27648,1696072244.2182972
1,27776,1696072244.2363584
1,27904,1696072244.256712
1,28032,1696072244.2765439
1,28160,1696072244.2942286
1,28288,1696072244.315049
1,28416,1696072244.3394608
1,28544,1696072244.357623
1,28672,1696072244.3771548
1,28800,1696072244.3965304
1,28928,1696072244.4176815
1,29056,1696072244.4402127
1,29184,1696072244.460751
1,29312,1696072244.4790113
1,29440,1696072244.4988968
1,29568,1696072244.5200899
1,29696,1696072244.542882
1,29824,1696072244.561913
1,29952,1696072244.5842528
1,30080,1696072244.6037927
1,30208,1696072244.6230023
1,30336,1696072244.6437662
1,30464,1696072244.6632752
1,30592,1696072244.6821618
1,30720,1696072244.6998796
1,30848,1696072244.7189436
1,30976,1696072244.738708
1,31104,1696072244.7585473
1,31232,1696072244.7793899
1,31360,1696072244.803278
1,31488,1696072244.8275037
1,31616,1696072244.8510232
1,31744,1696072244.876816
1,31872,1696072244.898574
1,32000,1696072244.9252946
1,32128,1696072244.9436147
1,32256,1696072244.9684782
1,32384,1696072244.9909663
1,32512,1696072245.0122368
1,32640,1696072245.03213
1,32768,1696072245.0498455
1,32896,1696072245.0767205
1,33024,1696072245.1011477
1,33152,1696072245.1221747
1,33280,1696072245.148338
1,33408,1696072245.1701388
1,33536,1696072245.1940713
1,33664,1696072245.2135925
1,33792,1696072245.2412581
1,33920,1696072245.2678454
1,34048,1696072245.2900693
1,34176,1696072245.3110044
1,34304,1696072245.3352268
1,34432,1696072245.3555033
1,34560,1696072245.3804867
1,34688,1696072245.4023428
1,34816,1696072245.4276104
1,34944,1696072245.4507778
1,35072,1696072245.4709618
1,35200,1696072245.4952993
1,35328,1696072245.5154045
1,35456,1696072245.5375562
1,35584,1696072245.5587099
1,35712,1696072245.5851219
1,35840,1696072245.605374
1,35968,1696072245.626354
1,36096,1696072245.6497438
1,36224,1696072245.6657813
1,36352,1696072245.6882062
1,36480,1696072245.7122707
1,36608,1696072245.7337856
1,36736,1696072245.7541149
1,36864,1696072245.7774343
1,36992,1696072245.8009784
1,37120,1696072245.8215973
1,37248,1696072245.8454108
1,37376,1696072245.8694725
1,37504,1696072245.8944116
1,37632,1696072245.9166465
1,37760,1696072245.9379513
1,37888,1696072245.9581463
1,38016,1696072245.9734645
1,38144,1696072245.9974177
1,38272,1696072246.0204833
1,38400,1696072246.042766
1,38528,1696072246.0631897
1,38656,1696072246.0843008
1,38784,1696072246.1107688
1,38912,1696072246.1328557
1,39040,1696072246.1570888
1,39168,1696072246.17785
1,39296,1696072246.1983514
1,39424,1696072246.2195365
1,39552,1696072246.2430518
1,39680,1696072246.2643044
1,39808,1696072246.28728
1,39936,1696072246.3077447
1,40064,1696072246.3310804
1,40192,1696072246.3518052
1,40320,1696072246.3748486
1,40448,1696072246.3939998
1,40576,1696072246.4150171
1,40704,1696072246.4388409
1,40832,1696072246.4618227
1,40960,1696072246.4775677
1,41088,1696072246.5024147
1,41216,1696072246.5243926
1,41344,1696072246.5454867
1,41472,1696072246.5667863
1,41600,1696072246.5934813
1,41728,1696072246.6163528
1,41856,1696072246.6379893
1,41984,1696072246.6581645
1,42112,1696072246.679266
1,42240,1696072246.7024648
1,42368,1696072246.722288
1,42496,1696072246.748777
1,42624,1696072246.7682369
1,42752,1696072246.7868285
1,42880,1696072246.8127265
1,43008,1696072246.8333485
1,43136,1696072246.8544466
1,43264,1696072246.8700912
1,43392,1696072246.892241
1,43520,1696072246.914528
1,43648,1696072246.9361556
1,43776,1696072246.9572835
1,43904,1696072246.978674
1,44032,1696072247.005324
1,44160,1696072247.0247588
1,44288,1696072247.0455832
1,44416,1696072247.0663571
1,44544,1696072247.092666
1,44672,1696072247.1130383
1,44800,1696072247.1372502
1,44928,1696072247.160758
1,45056,1696072247.1816242
1,45184,1696072247.2046893
1,45312,1696072247.224603
1,45440,1696072247.2426906
1,45568,1696072247.2645514
1,45696,1696072247.285311
1,45824,1696072247.3051739
1,45952,1696072247.3258188
1,46080,1696072247.3477192
1,46208,1696072247.3685024
1,46336,1696072247.387819
1,46464,1696072247.4069757
1,46592,1696072247.4307044
1,46720,1696072247.4521997
1,46848,1696072247.4731672
1,46976,1696072247.497466
1,47104,1696072247.5168092
1,47232,1696072247.5358863
1,47360,1696072247.5548646
1,47488,1696072247.5788069
1,47616,1696072247.5994515
1,47744,1696072247.6188126
1,47872,1696072247.6445763
1,48000,1696072247.6636462
1,48128,1696072247.681368
1,48256,1696072247.7085493
1,48384,1696072247.7288353
1,48512,1696072247.7528708
1,48640,1696072247.7713165
1,48768,1696072247.7891273
1,48896,1696072247.8104641
1,49024,1696072247.8353906
1,49152,1696072247.8562326
1,49280,1696072247.875038
1,49408,1696072247.89351
1,49536,1696072247.917721
1,49664,1696072247.9368896
1,49792,1696072247.9538605
1,49920,1696072247.9770973
1,50000,1696072248.003099
2,128,1696072248.370598
2,256,1696072248.3904135
2,384,1696072248.410086
2,512,1696072248.428163
2,640,1696072248.4506981
2,768,1696072248.4749603
2,896,1696072248.4899073
2,1024,1696072248.5107896
2,1152,1696072248.5323203
2,1280,1696072248.552933
2,1408,1696072248.572465
2,1536,1696072248.5907586
2,1664,1696072248.6144342
2,1792,1696072248.6344445
2,1920,1696072248.659013
2,2048,1696072248.6816256
2,2176,1696072248.7024746
2,2304,1696072248.722227
2,2432,1696072248.7449336
2,2560,1696072248.766437
2,2688,1696072248.7817554
2,2816,1696072248.802191
2,2944,1696072248.8238523
2,3072,1696072248.8460865
2,3200,1696072248.8664315
2,3328,1696072248.8862207
2,3456,1696072248.906162
2,3584,1696072248.9267013
2,3712,1696072248.9503646
2,3840,1696072248.9707482
2,3968,1696072248.993357
2,4096,1696072249.008393
2,4224,1696072249.0309784
2,4352,1696072249.0547857
2,4480,1696072249.0758982
2,4608,1696072249.0987313
2,4736,1696072249.1187959
2,4864,1696072249.1434457
2,4992,1696072249.162729
2,5120,1696072249.1867936
2,5248,1696072249.2079737
2,5376,1696072249.2284083
2,5504,1696072249.248636
2,5632,1696072249.270905
2,5760,1696072249.289546
2,5888,1696072249.3122137
2,6016,1696072249.3391762
2,6144,1696072249.360672
2,6272,1696072249.3841105
2,6400,1696072249.4040604
2,6528,1696072249.4240482
2,6656,1696072249.4428294
2,6784,1696072249.4668305
2,6912,1696072249.4867435
2,7040,1696072249.5093706
2,7168,1696072249.5320642
2,7296,1696072249.5546763
2,7424,1696072249.5739741
2,7552,1696072249.5946782
2,7680,1696072249.6213472
2,7808,1696072249.6384332
2,7936,1696072249.6585884
2,8064,1696072249.680736
2,8192,1696072249.702773
2,8320,1696072249.7222347
2,8448,1696072249.7469385
2,8576,1696072249.7651296
2,8704,1696072249.7833416
2,8832,1696072249.8013427
2,8960,1696072249.8207848
2,9088,1696072249.8397655
2,9216,1696072249.8582773
2,9344,1696072249.8823967
2,9472,1696072249.9046035
2,9600,1696072249.9266095
2,9728,1696072249.9471142
2,9856,1696072249.9707963
2,9984,1696072249.9904873
2,10112,1696072250.0127423
2,10240,1696072250.034712
2,10368,1696072250.0543497
2,10496,1696072250.0780168
2,10624,1696072250.1013658
2,10752,1696072250.1228416
2,10880,1696072250.1428442
2,11008,1696072250.1645424
2,11136,1696072250.185548
2,11264,1696072250.209066
2,11392,1696072250.2305949
2,11520,1696072250.2514331
2,11648,1696072250.2734578
2,11776,1696072250.2944772
2,11904,1696072250.3139422
2,12032,1696072250.3406632
2,12160,1696072250.3603315
2,12288,1696072250.3844292
2,12416,1696072250.402389
2,12544,1696072250.4250176
2,12672,1696072250.4482331
2,12800,1696072250.4721043
2,12928,1696072250.490287
2,13056,1696072250.513023
2,13184,1696072250.5360546
2,13312,1696072250.5595646
2,13440,1696072250.578555
2,13568,1696072250.600947
2,13696,1696072250.6238928
2,13824,1696072250.6473982
2,13952,1696072250.666558
2,14080,1696072250.689243
2,14208,1696072250.7128916
2,14336,1696072250.7329066
2,14464,1696072250.7479427
2,14592,1696072250.7742972
2,14720,1696072250.7990084
2,14848,1696072250.8172696
2,14976,1696072250.8350613
2,15104,1696072250.8609755
2,15232,1696072250.886912
2,15360,1696072250.9104846
2,15488,1696072250.9289773
2,15616,1696072250.9518063
2,15744,1696072250.9732065
2,15872,1696072250.996662
2,16000,1696072251.0147645
2,16128,1696072251.03743
2,16256,1696072251.0627496
2,16384,1696072251.086219
2,16512,1696072251.100257
2,16640,1696072251.127004
2,16768,1696072251.151806
2,16896,1696072251.1703885
2,17024,1696072251.1876626
2,17152,1696072251.2135236
2,17280,1696072251.23512
2,17408,1696072251.2591417
2,17536,1696072251.2781677
2,17664,1696072251.3026266
2,17792,1696072251.3269792
2,17920,1696072251.349345
2,18048,1696072251.3629801
2,18176,1696072251.390658
2,18304,1696072251.4148345
2,18432,1696072251.4368808
2,18560,1696072251.454757
2,18688,1696072251.4788823
2,18816,1696072251.5030093
2,18944,1696072251.5248442
2,19072,1696072251.543828
2,19200,1696072251.5683599
2,19328,1696072251.5936747
2,19456,1696072251.6164048
2,19584,1696072251.6410494
2,19712,1696072251.6650465
2,19840,1696072251.685267
2,19968,1696072251.7106857
2,20096,1696072251.732841
2,20224,1696072251.7545955
2,20352,1696072251.7745543
2,20480,1696072251.8006546
2,20608,1696072251.8213656
2,20736,1696072251.842279
2,20864,1696072251.866078
2,20992,1696072251.8822339
2,21120,1696072251.9027357
2,21248,1696072251.9238193
2,21376,1696072251.945772
2,21504,1696072251.9707062
2,21632,1696072251.992317
2,21760,1696072252.014423
2,21888,1696072252.036033
2,22016,1696072252.056795
2,22144,1696072252.078463
2,22272,1696072252.093965
2,22400,1696072252.1168578
2,22528,1696072252.1385202
2,22656,1696072252.1542444
2,22784,1696072252.176859
2,22912,1696072252.198561
2,23040,1696072252.2186422
2,23168,1696072252.2366052
2,23296,1696072252.2561266
2,23424,1696072252.2745957
2,23552,1696072252.2944267
2,23680,1696072252.3114493
2,23808,1696072252.3324113
2,23936,1696072252.354639
2,24064,1696072252.3701751
2,24192,1696072252.3929844
2,24320,1696072252.4163737
2,24448,1696072252.4390416
2,24576,1696072252.463588
2,24704,1696072252.4850073
2,24832,1696072252.505391
2,24960,1696072252.52898
2,25088,1696072252.5524411
2,25216,1696072252.5735645
2,25344,1696072252.5989065
2,25472,1696072252.620747
2,25600,1696072252.641387
2,25728,1696072252.6652353
2,25856,1696072252.6886115
2,25984,1696072252.7108326
2,26112,1696072252.729958
2,26240,1696072252.7565532
2,26368,1696072252.777114
2,26496,1696072252.797308
2,26624,1696072252.821453
2,26752,1696072252.8446438
2,26880,1696072252.8653762
2,27008,1696072252.886983
2,27136,1696072252.9153125
2,27264,1696072252.9361634
2,27392,1696072252.9622228
2,27520,1696072252.9843967
2,27648,1696072253.0065105
2,27776,1696072253.0270386
2,27904,1696072253.049256
2,28032,1696072253.064395
2,28160,1696072253.0909653
2,28288,1696072253.113166
2,28416,1696072253.1288745
2,28544,1696072253.1547225
2,28672,1696072253.1771753
2,28800,1696072253.2010384
2,28928,1696072253.2232106
2,29056,1696072253.244644
2,29184,1696072253.2684455
2,29312,1696072253.290087
2,29440,1696072253.3111818
2,29568,1696072253.3277807
2,29696,1696072253.3464353
2,29824,1696072253.3684678
2,29952,1696072253.3908875
2,30080,1696072253.410594
2,30208,1696072253.427277
2,30336,1696072253.4444766
2,30464,1696072253.463907
2,30592,1696072253.4859915
2,30720,1696072253.5038495
2,30848,1696072253.5222967
2,30976,1696072253.5420024
2,31104,1696072253.5627894
2,31232,1696072253.5822313
2,31360,1696072253.5998106
2,31488,1696072253.6178596
2,31616,1696072253.6362455
2,31744,1696072253.6564548
2,31872,1696072253.6751847
2,32000,1696072253.6944058
2,32128,1696072253.7143219
2,32256,1696072253.7348988
2,32384,1696072253.7544613
2,32512,1696072253.7726815
2,32640,1696072253.790907
2,32768,1696072253.8101387
2,32896,1696072253.8298285
2,33024,1696072253.847901
2,33152,1696072253.865533
2,33280,1696072253.8861706
2,33408,1696072253.9063897
2,33536,1696072253.9247377
2,33664,1696072253.942715
2,33792,1696072253.9627714
2,33920,1696072253.9885857
2,34048,1696072254.0044029
2,34176,1696072254.030123
2,34304,1696072254.0523458
2,34432,1696072254.0756521
2,34560,1696072254.0958786
2,34688,1696072254.1173222
2,34816,1696072254.141271
2,34944,1696072254.1646261
2,35072,1696072254.1855192
2,35200,1696072254.2094958
2,35328,1696072254.2325833
2,35456,1696072254.2548888
2,35584,1696072254.2746341
2,35712,1696072254.2907374
2,35840,1696072254.3123255
2,35968,1696072254.3346639
2,36096,1696072254.354791
2,36224,1696072254.3791153
2,36352,1696072254.4009602
2,36480,1696072254.4243748
2,36608,1696072254.4441018
2,36736,1696072254.466627
2,36864,1696072254.4871533
2,36992,1696072254.511316
2,37120,1696072254.5318875
2,37248,1696072254.554575
2,37376,1696072254.57641
2,37504,1696072254.5987577
2,37632,1696072254.62135
2,37760,1696072254.6428127
2,37888,1696072254.6620302
2,38016,1696072254.679525
2,38144,1696072254.6990902
2,38272,1696072254.71838
2,38400,1696072254.7384112
2,38528,1696072254.7582903
2,38656,1696072254.7767327
2,38784,1696072254.8028815
2,38912,1696072254.8255534
2,39040,1696072254.8468552
2,39168,1696072254.8668096
2,39296,1696072254.8909693
2,39424,1696072254.9124842
2,39552,1696072254.934952
2,39680,1696072254.9556658
2,39808,1696072254.9787898
2,39936,1696072255.0000443
2,40064,1696072255.0227735
2,40192,1696072255.042981
2,40320,1696072255.067014
2,40448,1696072255.0877252
2,40576,1696072255.110661
2,40704,1696072255.1325579
2,40832,1696072255.1560016
2,40960,1696072255.175549
2,41088,1696072255.199841
2,41216,1696072255.2201695
2,41344,1696072255.2431376
2,41472,1696072255.2634852
2,41600,1696072255.2868493
2,41728,1696072255.3087673
2,41856,1696072255.3305438
2,41984,1696072255.3466845
2,42112,1696072255.3683999
2,42240,1696072255.390364
2,42368,1696072255.4103746
2,42496,1696072255.435609
2,42624,1696072255.4554906
2,42752,1696072255.481749
2,42880,1696072255.503774
2,43008,1696072255.5262926
2,43136,1696072255.542057
2,43264,1696072255.5648842
2,43392,1696072255.5863998
2,43520,1696072255.6071537
2,43648,1696072255.6307337
2,43776,1696072255.6522503
2,43904,1696072255.6746173
2,44032,1696072255.6941504
2,44160,1696072255.7203877
2,44288,1696072255.7415369
2,44416,1696072255.762536
2,44544,1696072255.7827935
2,44672,1696072255.8087242
2,44800,1696072255.8255699
2,44928,1696072255.8499455
2,45056,1696072255.866002
2,45184,1696072255.8890803
2,45312,1696072255.910346
2,45440,1696072255.9301312
2,45568,1696072255.956389
2,45696,1696072255.976862
2,45824,1696072255.9978838
2,45952,1696072256.0227933
2,46080,1696072256.0448728
2,46208,1696072256.0656557
2,46336,1696072256.0813274
2,46464,1696072256.1036427
2,46592,1696072256.126776
2,46720,1696072256.1507134
2,46848,1696072256.1703954
2,46976,1696072256.1879158
2,47104,1696072256.2104158
2,47232,1696072256.2306466
2,47360,1696072256.250554
2,47488,1696072256.2704575
2,47616,1696072256.290154
2,47744,1696072256.3102121
2,47872,1696072256.3303885
2,48000,1696072256.350203
2,48128,1696072256.370629
2,48256,1696072256.39017
2,48384,1696072256.410482
2,48512,1696072256.4301784
2,48640,1696072256.4503477
2,48768,1696072256.470443
2,48896,1696072256.4907448
2,49024,1696072256.5125992
2,49152,1696072256.531274
2,49280,1696072256.5502028
2,49408,1696072256.5701478
2,49536,1696072256.5901291
2,49664,1696072256.6102078
2,49792,1696072256.6302142
2,49920,1696072256.6483743
2,50000,1696072256.6665163
3,128,1696072257.0711615
3,256,1696072257.0965235
3,384,1696072257.1169863
3,512,1696072257.1389053
3,640,1696072257.1605089
3,768,1696072257.1828194
3,896,1696072257.2034075
3,1024,1696072257.2272527
3,1152,1696072257.248696
3,1280,1696072257.2706914
3,1408,1696072257.2915463
3,1536,1696072257.314978
3,1664,1696072257.336121
3,1792,1696072257.3590229
3,1920,1696072257.3797078
3,2048,1696072257.402594
3,2176,1696072257.423979
3,2304,1696072257.447789
3,2432,1696072257.4703012
3,2560,1696072257.4910014
3,2688,1696072257.5175188
3,2816,1696072257.5387902
3,2944,1696072257.561593
3,3072,1696072257.5826504
3,3200,1696072257.6023955
3,3328,1696072257.6282744
3,3456,1696072257.6518376
3,3584,1696072257.6747956
3,3712,1696072257.695267
3,3840,1696072257.7227643
3,3968,1696072257.7440057
3,4096,1696072257.7607632
3,4224,1696072257.787692
3,4352,1696072257.809835
3,4480,1696072257.8302958
3,4608,1696072257.8533237
3,4736,1696072257.8699296
3,4864,1696072257.893942
3,4992,1696072257.9171307
3,5120,1696072257.93881
3,5248,1696072257.9587624
3,5376,1696072257.98286
3,5504,1696072258.0042932
3,5632,1696072258.0268922
3,5760,1696072258.0475857
3,5888,1696072258.0695603
3,6016,1696072258.0903292
3,6144,1696072258.1108978
3,6272,1696072258.1367326
3,6400,1696072258.159418
3,6528,1696072258.1831071
3,6656,1696072258.2033858
3,6784,1696072258.2270193
3,6912,1696072258.248733
3,7040,1696072258.2706327
3,7168,1696072258.2909563
3,7296,1696072258.3090942
3,7424,1696072258.336761
3,7552,1696072258.3574767
3,7680,1696072258.3787282
3,7808,1696072258.3981998
3,7936,1696072258.425026
3,8064,1696072258.4431684
3,8192,1696072258.4637806
3,8320,1696072258.4867313
3,8448,1696072258.5070472
3,8576,1696072258.534482
3,8704,1696072258.5506556
3,8832,1696072258.5718625
3,8960,1696072258.5949657
3,9088,1696072258.6157598
3,9216,1696072258.6386611
3,9344,1696072258.6605308
3,9472,1696072258.6828637
3,9600,1696072258.7025254
3,9728,1696072258.7290552
3,9856,1696072258.7475338
3,9984,1696072258.7680268
3,10112,1696072258.7908103
3,10240,1696072258.8063266
3,10368,1696072258.8276353
3,10496,1696072258.8510673
3,10624,1696072258.871489
3,10752,1696072258.895113
3,10880,1696072258.9159567
3,11008,1696072258.9387803
3,11136,1696072258.9596987
3,11264,1696072258.9825447
3,11392,1696072258.9984734
3,11520,1696072259.0208683
3,11648,1696072259.0428321
3,11776,1696072259.0628848
3,11904,1696072259.087231
3,12032,1696072259.108799
3,12160,1696072259.1319704
3,12288,1696072259.1546595
3,12416,1696072259.1752357
3,12544,1696072259.1991458
3,12672,1696072259.2199311
3,12800,1696072259.2430866
3,12928,1696072259.2637453
3,13056,1696072259.2868102
3,13184,1696072259.3023803
3,13312,1696072259.3244658
3,13440,1696072259.3469362
3,13568,1696072259.366635
3,13696,1696072259.3889182
3,13824,1696072259.4106603
3,13952,1696072259.4314358
3,14080,1696072259.44769
3,14208,1696072259.4663985
3,14336,1696072259.48482
3,14464,1696072259.5036438
3,14592,1696072259.522342
3,14720,1696072259.5426824
3,14848,1696072259.5629125
3,14976,1696072259.5825706
3,15104,1696072259.6024427
3,15232,1696072259.622757
3,15360,1696072259.6427207
3,15488,1696072259.6625366
3,15616,1696072259.6827595
3,15744,1696072259.7027998
3,15872,1696072259.7226334
3,16000,1696072259.7428765
3,16128,1696072259.7624617
3,16256,1696072259.7822046
3,16384,1696072259.8025036
3,16512,1696072259.8223748
3,16640,1696072259.8428476
3,16768,1696072259.8623266
3,16896,1696072259.8824117
3,17024,1696072259.902977
3,17152,1696072259.9223335
3,17280,1696072259.9471376
3,17408,1696072259.9685128
3,17536,1696072259.9905956
3,17664,1696072260.0112936
3,17792,1696072260.0349786
3,17920,1696072260.0559204
3,18048,1696072260.0790017
3,18176,1696072260.099961
3,18304,1696072260.1230474
3,18432,1696072260.1432688
3,18560,1696072260.167277
3,18688,1696072260.1885037
3,18816,1696072260.210517
3,18944,1696072260.2258184
3,19072,1696072260.2498384
3,19200,1696072260.2700863
3,19328,1696072260.2943916
3,19456,1696072260.3151944
3,19584,1696072260.3314214
3,19712,1696072260.3496606
3,19840,1696072260.3684268
3,19968,1696072260.3870988
3,20096,1696072260.4068651
3,20224,1696072260.426835
3,20352,1696072260.4463575
3,20480,1696072260.4668097
3,20608,1696072260.4867616
3,20736,1696072260.50653
3,20864,1696072260.5268812
3,20992,1696072260.5467362
3,21120,1696072260.5668454
3,21248,1696072260.5875554
3,21376,1696072260.6068976
3,21504,1696072260.626312
3,21632,1696072260.6470404
3,21760,1696072260.6664715
3,21888,1696072260.6865354
3,22016,1696072260.7066
3,22144,1696072260.7262695
3,22272,1696072260.7465823
3,22400,1696072260.7670572
3,22528,1696072260.7863703
3,22656,1696072260.8069923
3,22784,1696072260.8266509
3,22912,1696072260.846444
3,23040,1696072260.8665879
3,23168,1696072260.8872747
3,23296,1696072260.9065778
3,23424,1696072260.9260774
3,23552,1696072260.9466698
3,23680,1696072260.9670875
3,23808,1696072260.9863684
3,23936,1696072261.0064995
3,24064,1696072261.0265682
3,24192,1696072261.0464907
3,24320,1696072261.0666375
3,24448,1696072261.0862036
3,24576,1696072261.1062946
3,24704,1696072261.127073
3,24832,1696072261.1467495
3,24960,1696072261.1665792
3,25088,1696072261.1876016
3,25216,1696072261.207237
3,25344,1696072261.226511
3,25472,1696072261.2470202
3,25600,1696072261.2672517
3,25728,1696072261.2874274
3,25856,1696072261.310956
3,25984,1696072261.3312604
3,26112,1696072261.3540015
3,26240,1696072261.3755324
3,26368,1696072261.4026096
3,26496,1696072261.424303
3,26624,1696072261.4503155
3,26752,1696072261.4735632
3,26880,1696072261.4948666
3,27008,1696072261.515424
3,27136,1696072261.5378501
3,27264,1696072261.5610476
3,27392,1696072261.5826795
3,27520,1696072261.6023755
3,27648,1696072261.6290686
3,27776,1696072261.6471262
3,27904,1696072261.6691716
3,28032,1696072261.6902099
3,28160,1696072261.710118
3,28288,1696072261.736925
3,28416,1696072261.7575905
3,28544,1696072261.7783809
3,28672,1696072261.8017604
3,28800,1696072261.8238254
3,28928,1696072261.8495262
3,29056,1696072261.86672
3,29184,1696072261.8888757
3,29312,1696072261.911598
3,29440,1696072261.9325092
3,29568,1696072261.954529
3,29696,1696072261.9752584
3,29824,1696072261.999107
3,29952,1696072262.0182827
3,30080,1696072262.0410209
3,30208,1696072262.0628798
3,30336,1696072262.0831664
3,30464,1696072262.1067812
3,30592,1696072262.1272645
3,30720,1696072262.1530788
3,30848,1696072262.171409
3,30976,1696072262.191891
3,31104,1696072262.21454
3,31232,1696072262.2300806
3,31360,1696072262.2536051
3,31488,1696072262.2698076
3,31616,1696072262.2940874
3,31744,1696072262.3168666
3,31872,1696072262.3388119
3,32000,1696072262.3582718
3,32128,1696072262.3850033
3,32256,1696072262.4055667
3,32384,1696072262.4266102
3,32512,1696072262.4464731
3,32640,1696072262.4710712
3,32768,1696072262.4929395
3,32896,1696072262.5160809
3,33024,1696072262.5392146
3,33152,1696072262.558931
3,33280,1696072262.5830503
3,33408,1696072262.6032243
3,33536,1696072262.6248593
3,33664,1696072262.6467366
3,33792,1696072262.6664724
3,33920,1696072262.6911843
3,34048,1696072262.7138593
3,34176,1696072262.7371676
3,34304,1696072262.7588227
3,34432,1696072262.7784874
3,34560,1696072262.7944703
3,34688,1696072262.8144586
3,34816,1696072262.8387737
3,34944,1696072262.8609633
3,35072,1696072262.8829098
3,35200,1696072262.9028332
3,35328,1696072262.9272153
3,35456,1696072262.9499376
3,35584,1696072262.9663486
3,35712,1696072262.9891117
3,35840,1696072263.0122304
3,35968,1696072263.0345557
3,36096,1696072263.056134
3,36224,1696072263.0769372
3,36352,1696072263.0986733
3,36480,1696072263.1186838
3,36608,1696072263.1376998
3,36736,1696072263.155091
3,36864,1696072263.17462
3,36992,1696072263.1990063
3,37120,1696072263.2205772
3,37248,1696072263.2427373
3,37376,1696072263.2621279
3,37504,1696072263.2891626
3,37632,1696072263.309355
3,37760,1696072263.3306735
3,37888,1696072263.3501546
3,38016,1696072263.373753
3,38144,1696072263.3965325
3,38272,1696072263.4188945
3,38400,1696072263.4398751
3,38528,1696072263.4676342
3,38656,1696072263.4884279
3,38784,1696072263.5105443
3,38912,1696072263.5313036
3,39040,1696072263.555177
3,39168,1696072263.575565
3,39296,1696072263.5992255
3,39424,1696072263.6193602
3,39552,1696072263.6414168
3,39680,1696072263.6624286
3,39808,1696072263.6779206
3,39936,1696072263.6989288
3,40064,1696072263.7231534
3,40192,1696072263.7448592
3,40320,1696072263.7605948
3,40448,1696072263.7852743
3,40576,1696072263.802021
3,40704,1696072263.8250196
3,40832,1696072263.8479073
3,40960,1696072263.8706121
3,41088,1696072263.8921387
3,41216,1696072263.9146795
3,41344,1696072263.9363043
3,41472,1696072263.958732
3,41600,1696072263.9790637
3,41728,1696072264.0065558
3,41856,1696072264.029184
3,41984,1696072264.0506084
3,42112,1696072264.0665078
3,42240,1696072264.0887046
3,42368,1696072264.1110647
3,42496,1696072264.1312146
3,42624,1696072264.1548173
3,42752,1696072264.1765957
3,42880,1696072264.1987455
3,43008,1696072264.219812
3,43136,1696072264.2428188
3,43264,1696072264.2633548
3,43392,1696072264.2872002
3,43520,1696072264.3073292
3,43648,1696072264.3345575
3,43776,1696072264.3569074
3,43904,1696072264.3789356
3,44032,1696072264.3989122
3,44160,1696072264.423284
3,44288,1696072264.4446878
3,44416,1696072264.4667242
3,44544,1696072264.4824743
3,44672,1696072264.5051467
3,44800,1696072264.5266194
3,44928,1696072264.547189
3,45056,1696072264.5711706
3,45184,1696072264.5915997
3,45312,1696072264.6149857
3,45440,1696072264.6356506
3,45568,1696072264.6586118
3,45696,1696072264.6742182
3,45824,1696072264.694658
3,45952,1696072264.7188594
3,46080,1696072264.7400982
3,46208,1696072264.7629492
3,46336,1696072264.783465
3,46464,1696072264.8067827
3,46592,1696072264.8281353
3,46720,1696072264.8508022
3,46848,1696072264.8715522
3,46976,1696072264.8946764
3,47104,1696072264.910462
3,47232,1696072264.9332993
3,47360,1696072264.9562755
3,47488,1696072264.9761722
3,47616,1696072264.9989204
3,47744,1696072265.0195818
3,47872,1696072265.0429928
3,48000,1696072265.0633173
3,48128,1696072265.086971
3,48256,1696072265.1087003
3,48384,1696072265.130309
3,48512,1696072265.1533248
3,48640,1696072265.1697834
3,48768,1696072265.1913915
3,48896,1696072265.215193
3,49024,1696072265.2356248
3,49152,1696072265.251341
3,49280,1696072265.2678914
3,49408,1696072265.2840817
3,49536,1696072265.3024166
3,49664,1696072265.320059
3,49792,1696072265.3367007
3,49920,1696072265.3523736
3,50000,1696072265.3695812
4,128,1696072265.7390609
4,256,1696072265.7579238
4,384,1696072265.7816367
4,512,1696072265.8025205
4,640,1696072265.8180687
4,768,1696072265.8385582
4,896,1696072265.8605812
4,1024,1696072265.8826845
4,1152,1696072265.902701
4,1280,1696072265.9215114
4,1408,1696072265.9385471
4,1536,1696072265.9605782
4,1664,1696072265.9826825
4,1792,1696072266.0025556
4,1920,1696072266.0269885
4,2048,1696072266.0466778
4,2176,1696072266.069136
4,2304,1696072266.0907733
4,2432,1696072266.1130528
4,2560,1696072266.133937
4,2688,1696072266.1525393
4,2816,1696072266.1701486
4,2944,1696072266.1944666
4,3072,1696072266.2205825
4,3200,1696072266.2398982
4,3328,1696072266.259155
4,3456,1696072266.2791297
4,3584,1696072266.3018646
4,3712,1696072266.322574
4,3840,1696072266.3419323
4,3968,1696072266.36475
4,4096,1696072266.3859582
4,4224,1696072266.4059365
4,4352,1696072266.4264903
4,4480,1696072266.4472663
4,4608,1696072266.46866
4,4736,1696072266.4854355
4,4864,1696072266.5025656
4,4992,1696072266.522548
4,5120,1696072266.5448263
4,5248,1696072266.5640345
4,5376,1696072266.5831373
4,5504,1696072266.6029909
4,5632,1696072266.623269
4,5760,1696072266.6431777
4,5888,1696072266.6630666
4,6016,1696072266.6832404
4,6144,1696072266.7026365
4,6272,1696072266.7262836
4,6400,1696072266.7490437
4,6528,1696072266.7710664
4,6656,1696072266.791591
4,6784,1696072266.817446
4,6912,1696072266.8371906
4,7040,1696072266.8544207
4,7168,1696072266.874543
4,7296,1696072266.8946946
4,7424,1696072266.9173365
4,7552,1696072266.940723
4,7680,1696072266.9654975
4,7808,1696072266.9880981
4,7936,1696072267.0108492
4,8064,1696072267.032294
4,8192,1696072267.0542467
4,8320,1696072267.0761538
4,8448,1696072267.0990775
4,8576,1696072267.1195025
4,8704,1696072267.145475
4,8832,1696072267.168102
4,8960,1696072267.1862557
4,9088,1696072267.2120304
4,9216,1696072267.2317367
4,9344,1696072267.2515135
4,9472,1696072267.2734275
4,9600,1696072267.2946675
4,9728,1696072267.31507
4,9856,1696072267.3415737
4,9984,1696072267.3645642
4,10112,1696072267.3849013
4,10240,1696072267.4045274
4,10368,1696072267.4233034
4,10496,1696072267.4432998
4,10624,1696072267.466746
4,10752,1696072267.4886646
4,10880,1696072267.5104945
4,11008,1696072267.531802
4,11136,1696072267.5549457
4,11264,1696072267.576169
4,11392,1696072267.5974984
4,11520,1696072267.6154797
4,11648,1696072267.635837
4,11776,1696072267.6557727
4,11904,1696072267.675403
4,12032,1696072267.6931443
4,12160,1696072267.710643
4,12288,1696072267.7338288
4,12416,1696072267.7556365
4,12544,1696072267.7777703
4,12672,1696072267.797651
4,12800,1696072267.8240087
4,12928,1696072267.8485882
4,13056,1696072267.8710282
4,13184,1696072267.8916378
4,13312,1696072267.912533
4,13440,1696072267.9334042
4,13568,1696072267.9572349
4,13696,1696072267.9791281
4,13824,1696072268.000178
4,13952,1696072268.0234573
4,14080,1696072268.0444121
4,14208,1696072268.0668268
4,14336,1696072268.0906582
4,14464,1696072268.1105628
4,14592,1696072268.13824
4,14720,1696072268.1678827
4,14848,1696072268.189125
4,14976,1696072268.2105718
4,15104,1696072268.2305183
4,15232,1696072268.2523034
4,15360,1696072268.2715952
4,15488,1696072268.2950654
4,15616,1696072268.316487
4,15744,1696072268.3367107
4,15872,1696072268.3624563
4,16000,1696072268.3869493
4,16128,1696072268.409823
4,16256,1696072268.432311
4,16384,1696072268.454922
4,16512,1696072268.4756894
4,16640,1696072268.4992309
4,16768,1696072268.5205271
4,16896,1696072268.5430975
4,17024,1696072268.56442
4,17152,1696072268.5870898
4,17280,1696072268.6084075
4,17408,1696072268.631042
4,17536,1696072268.6518338
4,17664,1696072268.6752317
4,17792,1696072268.6962667
4,17920,1696072268.7189631
4,18048,1696072268.7405467
4,18176,1696072268.7634265
4,18304,1696072268.7832768
4,18432,1696072268.811264
4,18560,1696072268.8339975
4,18688,1696072268.8546636
4,18816,1696072268.8763947
4,18944,1696072268.89522
4,19072,1696072268.912251
4,19200,1696072268.9321468
4,19328,1696072268.9516456
4,19456,1696072268.9716017
4,19584,1696072268.9913566
4,19712,1696072269.0112035
4,19840,1696072269.0312083
4,19968,1696072269.0512395
4,20096,1696072269.0713444
4,20224,1696072269.09167
4,20352,1696072269.1180234
4,20480,1696072269.1382935
4,20608,1696072269.1575656
4,20736,1696072269.1837091
4,20864,1696072269.2056308
4,20992,1696072269.2264414
4,21120,1696072269.241676
4,21248,1696072269.2631993
4,21376,1696072269.2869854
4,21504,1696072269.308101
4,21632,1696072269.3307483
4,21760,1696072269.3513072
4,21888,1696072269.3749623
4,22016,1696072269.3961341
4,22144,1696072269.418463
4,22272,1696072269.4427836
4,22400,1696072269.4639297
4,22528,1696072269.4868562
4,22656,1696072269.5086412
4,22784,1696072269.5289469
4,22912,1696072269.5502193
4,23040,1696072269.5670037
4,23168,1696072269.5846267
4,23296,1696072269.6024837
4,23424,1696072269.6237435
4,23552,1696072269.6439986
4,23680,1696072269.6625466
4,23808,1696072269.6836202
4,23936,1696072269.7048028
4,24064,1696072269.724829
4,24192,1696072269.7440925
4,24320,1696072269.7662394
4,24448,1696072269.785864
4,24576,1696072269.8051512
4,24704,1696072269.8276594
4,24832,1696072269.8478374
4,24960,1696072269.8676703
4,25088,1696072269.8908212
4,25216,1696072269.906431
4,25344,1696072269.9261239
4,25472,1696072269.9508996
4,25600,1696072269.9707594
4,25728,1696072269.9924145
4,25856,1696072270.0123832
4,25984,1696072270.032264
4,26112,1696072270.0548017
4,26240,1696072270.0747662
4,26368,1696072270.0960295
4,26496,1696072270.1150036
4,26624,1696072270.1362503
4,26752,1696072270.157632
4,26880,1696072270.1784868
4,27008,1696072270.197616
4,27136,1696072270.2234101
4,27264,1696072270.2416742
4,27392,1696072270.265588
4,27520,1696072270.2857118
4,27648,1696072270.3064022
4,27776,1696072270.3268661
4,27904,1696072270.3534184
4,28032,1696072270.372245
4,28160,1696072270.3977911
4,28288,1696072270.420894
4,28416,1696072270.4425664
4,28544,1696072270.4626029
4,28672,1696072270.4888797
4,28800,1696072270.5093663
4,28928,1696072270.5254738
4,29056,1696072270.550346
4,29184,1696072270.572474
4,29312,1696072270.5945632
4,29440,1696072270.6174366
4,29568,1696072270.6402013
4,29696,1696072270.662725
4,29824,1696072270.6857338
4,29952,1696072270.7082112
4,30080,1696072270.730684
4,30208,1696072270.7507787
4,30336,1696072270.7750084
4,30464,1696072270.7964222
4,30592,1696072270.8190036
4,30720,1696072270.8393128
4,30848,1696072270.8629735
4,30976,1696072270.8838
4,31104,1696072270.9064906
4,31232,1696072270.9268136
4,31360,1696072270.945536
4,31488,1696072270.965782
4,31616,1696072270.9864335
4,31744,1696072271.0064673
4,31872,1696072271.0260916
4,32000,1696072271.0463152
4,32128,1696072271.0665143
4,32256,1696072271.0866065
4,32384,1696072271.1062243
4,32512,1696072271.1255398
4,32640,1696072271.1513133
4,32768,1696072271.1720989
4,32896,1696072271.194829
4,33024,1696072271.215059
4,33152,1696072271.2388961
4,33280,1696072271.2591696
4,33408,1696072271.276982
4,33536,1696072271.303848
4,33664,1696072271.3189707
4,33792,1696072271.3450673
4,33920,1696072271.364612
4,34048,1696072271.386611
4,34176,1696072271.4062583
4,34304,1696072271.4325542
4,34432,1696072271.4530056
4,34560,1696072271.4746258
4,34688,1696072271.4951
4,34816,1696072271.52036
4,34944,1696072271.541596
4,35072,1696072271.5623777
4,35200,1696072271.5830247
4,35328,1696072271.6020544
4,35456,1696072271.6228101
4,35584,1696072271.6396203
4,35712,1696072271.6575532
4,35840,1696072271.6745377
4,35968,1696072271.6917422
4,36096,1696072271.7108598
4,36224,1696072271.730564
4,36352,1696072271.7506893
4,36480,1696072271.7702804
4,36608,1696072271.7884622
4,36736,1696072271.807757
4,36864,1696072271.826918
4,36992,1696072271.8460743
4,37120,1696072271.8662825
4,37248,1696072271.8866093
4,37376,1696072271.9066427
4,37504,1696072271.926488
4,37632,1696072271.944342
4,37760,1696072271.9644907
4,37888,1696072271.9859416
4,38016,1696072272.0078056
4,38144,1696072272.0292063
4,38272,1696072272.044445
4,38400,1696072272.0662465
4,38528,1696072272.086855
4,38656,1696072272.1083047
4,38784,1696072272.129329
4,38912,1696072272.1449978
4,39040,1696072272.168701
4,39168,1696072272.1935735
4,39296,1696072272.216861
4,39424,1696072272.2380736
4,39552,1696072272.2576532
4,39680,1696072272.2750895
4,39808,1696072272.2934124
4,39936,1696072272.3120403
4,40064,1696072272.330849
4,40192,1696072272.350518
4,40320,1696072272.3699627
4,40448,1696072272.3908792
4,40576,1696072272.4102457
4,40704,1696072272.430283
4,40832,1696072272.450787
4,40960,1696072272.4708066
4,41088,1696072272.490104
4,41216,1696072272.5103812
4,41344,1696072272.530695
4,41472,1696072272.5503047
4,41600,1696072272.570261
4,41728,1696072272.5904853
4,41856,1696072272.6103115
4,41984,1696072272.6306205
4,42112,1696072272.6548278
4,42240,1696072272.6754427
4,42368,1696072272.6991644
4,42496,1696072272.7198243
4,42624,1696072272.7427883
4,42752,1696072272.7642303
4,42880,1696072272.7867825
4,43008,1696072272.807476
4,43136,1696072272.8308337
4,43264,1696072272.852119
4,43392,1696072272.8755145
4,43520,1696072272.8955128
4,43648,1696072272.9165227
4,43776,1696072272.9418385
4,43904,1696072272.964644
4,44032,1696072272.9868605
4,44160,1696072273.0042815
4,44288,1696072273.0233896
4,44416,1696072273.0419157
4,44544,1696072273.0625393
4,44672,1696072273.0825317
4,44800,1696072273.102194
4,44928,1696072273.1225545
4,45056,1696072273.14251
4,45184,1696072273.163184
4,45312,1696072273.1824
4,45440,1696072273.199966
4,45568,1696072273.223395
4,45696,1696072273.2407293
4,45824,1696072273.2584069
4,45952,1696072273.2780852
4,46080,1696072273.2985005
4,46208,1696072273.318566
4,46336,1696072273.3381133
4,46464,1696072273.358427
4,46592,1696072273.3787732
4,46720,1696072273.3985898
4,46848,1696072273.4188924
4,46976,1696072273.4389956
4,47104,1696072273.4583232
4,47232,1696072273.4780526
4,47360,1696072273.4983406
4,47488,1696072273.5184796
4,47616,1696072273.5381565
4,47744,1696072273.558579
4,47872,1696072273.5784116
4,48000,1696072273.5985963
4,48128,1696072273.6186204
4,48256,1696072273.6382563
4,48384,1696072273.6585355
4,48512,1696072273.6787353
4,48640,1696072273.6981924
4,48768,1696072273.7184331
4,48896,1696072273.7384088
4,49024,1696072273.7593331
4,49152,1696072273.7781656
4,49280,1696072273.7963188
4,49408,1696072273.8148024
4,49536,1696072273.8324008
4,49664,1696072273.8514473
4,49792,1696072273.871211
4,49920,1696072273.889601
4,50000,1696072273.9092953
5,128,1696072274.3141522
5,256,1696072274.3322546
5,384,1696072274.355229
5,512,1696072274.3759234
5,640,1696072274.3981082
5,768,1696072274.4216013
5,896,1696072274.4443634
5,1024,1696072274.468072
5,1152,1696072274.4893816
5,1280,1696072274.5125995
5,1408,1696072274.53312
5,1536,1696072274.5568402
5,1664,1696072274.5769987
5,1792,1696072274.6003551
5,1920,1696072274.6176968
5,2048,1696072274.64122
5,2176,1696072274.6641452
5,2304,1696072274.6850286
5,2432,1696072274.7086627
5,2560,1696072274.7302551
5,2688,1696072274.7511425
5,2816,1696072274.7728431
5,2944,1696072274.7935817
5,3072,1696072274.814536
5,3200,1696072274.8410978
5,3328,1696072274.8621416
5,3456,1696072274.8846738
5,3584,1696072274.9053235
5,3712,1696072274.9291532
5,3840,1696072274.9527125
5,3968,1696072274.9733999
5,4096,1696072274.9979632
5,4224,1696072275.0199332
5,4352,1696072275.0469794
5,4480,1696072275.0695786
5,4608,1696072275.0906603
5,4736,1696072275.1099598
5,4864,1696072275.1337745
5,4992,1696072275.1544917
5,5120,1696072275.1792812
5,5248,1696072275.203656
5,5376,1696072275.2248783
5,5504,1696072275.246729
5,5632,1696072275.2662065
5,5760,1696072275.2876842
5,5888,1696072275.3101153
5,6016,1696072275.3313787
5,6144,1696072275.3522503
5,6272,1696072275.3710866
5,6400,1696072275.3894265
5,6528,1696072275.4148836
5,6656,1696072275.433811
5,6784,1696072275.451362
5,6912,1696072275.4740589
5,7040,1696072275.4895163
5,7168,1696072275.5044067
5,7296,1696072275.5226252
5,7424,1696072275.541154
5,7552,1696072275.5609655
5,7680,1696072275.579582
5,7808,1696072275.5984757
5,7936,1696072275.6186917
5,8064,1696072275.6386836
5,8192,1696072275.6583524
5,8320,1696072275.6783755
5,8448,1696072275.6983218
5,8576,1696072275.7185657
5,8704,1696072275.738447
5,8832,1696072275.758705
5,8960,1696072275.7785144
5,9088,1696072275.798405
5,9216,1696072275.818301
5,9344,1696072275.838968
5,9472,1696072275.8587892
5,9600,1696072275.876559
5,9728,1696072275.8949428
5,9856,1696072275.9148648
5,9984,1696072275.934414
5,10112,1696072275.953537
5,10240,1696072275.9744842
5,10368,1696072275.9941823
5,10496,1696072276.0208793
5,10624,1696072276.041204
5,10752,1696072276.066275
5,10880,1696072276.0888646
5,11008,1696072276.1103108
5,11136,1696072276.1350448
5,11264,1696072276.1572034
5,11392,1696072276.1790016
5,11520,1696072276.198985
5,11648,1696072276.2225301
5,11776,1696072276.2442977
5,11904,1696072276.265522
5,12032,1696072276.2816136
5,12160,1696072276.3015683
5,12288,1696072276.3183753
5,12416,1696072276.333108
5,12544,1696072276.346979
5,12672,1696072276.3670998
5,12800,1696072276.3867464
5,12928,1696072276.4058263
5,13056,1696072276.4282606
5,13184,1696072276.4507358
5,13312,1696072276.4708853
5,13440,1696072276.485993
5,13568,1696072276.5056767
5,13696,1696072276.5267372
5,13824,1696072276.5466454
5,13952,1696072276.5693998
5,14080,1696072276.5921283
5,14208,1696072276.612316
5,14336,1696072276.634555
5,14464,1696072276.6551294
5,14592,1696072276.6718338
5,14720,1696072276.6874588
5,14848,1696072276.7031515
5,14976,1696072276.7190201
5,15104,1696072276.7334213
5,15232,1696072276.748999
5,15360,1696072276.7660208
5,15488,1696072276.7803776
5,15616,1696072276.7952702
5,15744,1696072276.8107462
5,15872,1696072276.8264306
5,16000,1696072276.841334
5,16128,1696072276.8582516
5,16256,1696072276.8735557
5,16384,1696072276.888904
5,16512,1696072276.9058921
5,16640,1696072276.920052
5,16768,1696072276.9350984
5,16896,1696072276.9495943
5,17024,1696072276.9653132
5,17152,1696072276.9821699
5,17280,1696072276.9967084
5,17408,1696072277.019497
5,17536,1696072277.0383823
5,17664,1696072277.0585973
5,17792,1696072277.0786214
5,17920,1696072277.0985472
5,18048,1696072277.11833
5,18176,1696072277.1362848
5,18304,1696072277.1533675
5,18432,1696072277.1732352
5,18560,1696072277.1914027
5,18688,1696072277.215054
5,18816,1696072277.2356203
5,18944,1696072277.2562642
5,19072,1696072277.2802525
5,19200,1696072277.3022301
5,19328,1696072277.323428
5,19456,1696072277.3452303
5,19584,1696072277.3638053
5,19712,1696072277.3791902
5,19840,1696072277.3974047
5,19968,1696072277.4218423
5,20096,1696072277.4414053
5,20224,1696072277.4596453
5,20352,1696072277.478289
5,20480,1696072277.5021763
5,20608,1696072277.5213313
5,20736,1696072277.539741
5,20864,1696072277.5627334
5,20992,1696072277.58361
5,21120,1696072277.602939
5,21248,1696072277.620974
5,21376,1696072277.637
5,21504,1696072277.6555815
5,21632,1696072277.6757092
5,21760,1696072277.6968963
5,21888,1696072277.7186866
5,22016,1696072277.738425
5,22144,1696072277.7543721
5,22272,1696072277.7753675
5,22400,1696072277.79825
5,22528,1696072277.8184445
5,22656,1696072277.8373027
5,22784,1696072277.8581433
5,22912,1696072277.8849905
5,23040,1696072277.902514
5,23168,1696072277.922542
5,23296,1696072277.9447267
5,23424,1696072277.9666836
5,23552,1696072277.9864924
5,23680,1696072278.0097315
5,23808,1696072278.0322146
5,23936,1696072278.0533757
5,24064,1696072278.0742383
5,24192,1696072278.097863
5,24320,1696072278.1181834
5,24448,1696072278.1350064
5,24576,1696072278.1519103
5,24704,1696072278.175596
5,24832,1696072278.1928885
5,24960,1696072278.210297
5,25088,1696072278.2346165
5,25216,1696072278.254899
5,25344,1696072278.270118
5,25472,1696072278.289574
5,25600,1696072278.3106146
5,25728,1696072278.3296635
5,25856,1696072278.3538861
5,25984,1696072278.3764772
5,26112,1696072278.3968143
5,26240,1696072278.4184146
5,26368,1696072278.4393942
5,26496,1696072278.4609692
5,26624,1696072278.4817939
5,26752,1696072278.505588
5,26880,1696072278.524936
5,27008,1696072278.5451403
5,27136,1696072278.5648453
5,27264,1696072278.5851002
5,27392,1696072278.6079862
5,27520,1696072278.6300044
5,27648,1696072278.6501718
5,27776,1696072278.6701558
5,27904,1696072278.6901424
5,28032,1696072278.7103102
5,28160,1696072278.7299926
5,28288,1696072278.75031
5,28416,1696072278.771014
5,28544,1696072278.7880151
5,28672,1696072278.8059077
5,28800,1696072278.8214447
5,28928,1696072278.846997
5,29056,1696072278.8706143
5,29184,1696072278.8901582
5,29312,1696072278.9168205
5,29440,1696072278.9369943
5,29568,1696072278.958264
5,29696,1696072278.9792309
5,29824,1696072278.9987934
5,29952,1696072279.0181286
5,30080,1696072279.0350075
5,30208,1696072279.05213
5,30336,1696072279.0755613
5,30464,1696072279.096341
5,30592,1696072279.121941
5,30720,1696072279.1414323
5,30848,1696072279.1595354
5,30976,1696072279.1841147
5,31104,1696072279.2036061
5,31232,1696072279.2243237
5,31360,1696072279.2435412
5,31488,1696072279.2677622
5,31616,1696072279.290699
5,31744,1696072279.310459
5,31872,1696072279.3345902
5,32000,1696072279.3541384
5,32128,1696072279.370686
5,32256,1696072279.3889503
5,32384,1696072279.4070501
5,32512,1696072279.4273438
5,32640,1696072279.450353
5,32768,1696072279.4719458
5,32896,1696072279.4931467
5,33024,1696072279.5164368
5,33152,1696072279.5331438
5,33280,1696072279.5519319
5,33408,1696072279.5719712
5,33536,1696072279.591589
5,33664,1696072279.610716
5,33792,1696072279.6347563
5,33920,1696072279.6562147
5,34048,1696072279.674368
5,34176,1696072279.693019
5,34304,1696072279.7208927
5,34432,1696072279.7409136
5,34560,1696072279.759763
5,34688,1696072279.7782986
5,34816,1696072279.8019419
5,34944,1696072279.821021
5,35072,1696072279.839894
5,35200,1696072279.858144
5,35328,1696072279.8818984
5,35456,1696072279.9017599
5,35584,1696072279.91983
5,35712,1696072279.943204
5,35840,1696072279.962269
5,35968,1696072279.9813447
5,36096,1696072280.0020115
5,36224,1696072280.0287964
5,36352,1696072280.0466642
5,36480,1696072280.0656598
5,36608,1696072280.086689
5,36736,1696072280.1070957
5,36864,1696072280.1268482
5,36992,1696072280.1458037
5,37120,1696072280.1661224
5,37248,1696072280.186402
5,37376,1696072280.2063808
5,37504,1696072280.2269092
5,37632,1696072280.2463408
5,37760,1696072280.2682781
5,37888,1696072280.287031
5,38016,1696072280.3056235
5,38144,1696072280.3266516
5,38272,1696072280.3415911
5,38400,1696072280.3607948
5,38528,1696072280.3793201
5,38656,1696072280.4007103
5,38784,1696072280.4224923
5,38912,1696072280.4375217
5,39040,1696072280.4599743
5,39168,1696072280.4823322
5,39296,1696072280.4976199
5,39424,1696072280.5200424
5,39552,1696072280.542027
5,39680,1696072280.562405
5,39808,1696072280.5827265
5,39936,1696072280.6040316
5,40064,1696072280.6244624
5,40192,1696072280.6438465
5,40320,1696072280.662219
5,40448,1696072280.6867983
5,40576,1696072280.7065427
5,40704,1696072280.721457
5,40832,1696072280.7451797
5,40960,1696072280.7630455
5,41088,1696072280.780986
5,41216,1696072280.802352
5,41344,1696072280.823106
5,41472,1696072280.8486657
5,41600,1696072280.868786
5,41728,1696072280.88768
5,41856,1696072280.906637
5,41984,1696072280.9306102
5,42112,1696072280.9505882
5,42240,1696072280.967896
5,42368,1696072280.985293
5,42496,1696072281.0027802
5,42624,1696072281.0212593
5,42752,1696072281.0445616
5,42880,1696072281.0666964
5,43008,1696072281.086662
5,43136,1696072281.102209
5,43264,1696072281.121995
5,43392,1696072281.141841
5,43520,1696072281.1619732
5,43648,1696072281.187929
5,43776,1696072281.2108324
5,43904,1696072281.2317958
5,44032,1696072281.252448
5,44160,1696072281.2714348
5,44288,1696072281.2919474
5,44416,1696072281.312291
5,44544,1696072281.3310807
5,44672,1696072281.349783
5,44800,1696072281.368813
5,44928,1696072281.3882546
5,45056,1696072281.407684
5,45184,1696072281.4280715
5,45312,1696072281.4465346
5,45440,1696072281.4674282
5,45568,1696072281.488454
5,45696,1696072281.5075746
5,45824,1696072281.5280848
5,45952,1696072281.5482385
5,46080,1696072281.5678215
5,46208,1696072281.5898798
5,46336,1696072281.6092885
5,46464,1696072281.6270387
5,46592,1696072281.6442564
5,46720,1696072281.660604
5,46848,1696072281.6796596
5,46976,1696072281.7038476
5,47104,1696072281.72436
5,47232,1696072281.7436674
5,47360,1696072281.7645304
5,47488,1696072281.7868245
5,47616,1696072281.8063273
5,47744,1696072281.8328695
5,47872,1696072281.8530593
5,48000,1696072281.8763456
5,48128,1696072281.8963149
5,48256,1696072281.913924
5,48384,1696072281.9362614
5,48512,1696072281.9579306
5,48640,1696072281.9781682
5,48768,1696072281.99813
5,48896,1696072282.0187173
5,49024,1696072282.0452843
5,49152,1696072282.064794
5,49280,1696072282.0836456
5,49408,1696072282.106835
5,49536,1696072282.126399
5,49664,1696072282.1450064
5,49792,1696072282.164508
5,49920,1696072282.1838398
5,50000,1696072282.2024007
6,128,1696072282.6195302
6,256,1696072282.6341827
6,384,1696072282.6535127
6,512,1696072282.6748621
6,640,1696072282.69761
6,768,1696072282.7179804
6,896,1696072282.7429342
6,1024,1696072282.7667089
6,1152,1696072282.788737
6,1280,1696072282.811719
6,1408,1696072282.8317459
6,1536,1696072282.8548486
6,1664,1696072282.875563
6,1792,1696072282.899022
6,1920,1696072282.9213638
6,2048,1696072282.9459012
6,2176,1696072282.9684908
6,2304,1696072282.9894524
6,2432,1696072283.014111
6,2560,1696072283.0375924
6,2688,1696072283.0599873
6,2816,1696072283.0815415
6,2944,1696072283.105224
6,3072,1696072283.1267624
6,3200,1696072283.146106
6,3328,1696072283.1641896
6,3456,1696072283.1836884
6,3584,1696072283.2075205
6,3712,1696072283.2277489
6,3840,1696072283.246476
6,3968,1696072283.2642844
6,4096,1696072283.282274
6,4224,1696072283.3024185
6,4352,1696072283.320163
6,4480,1696072283.3376596
6,4608,1696072283.3558917
6,4736,1696072283.3787484
6,4864,1696072283.396599
6,4992,1696072283.4144251
6,5120,1696072283.4355125
6,5248,1696072283.4547806
6,5376,1696072283.4743178
6,5504,1696072283.4947762
6,5632,1696072283.5142715
6,5760,1696072283.5347667
6,5888,1696072283.5542357
6,6016,1696072283.5744102
6,6144,1696072283.594868
6,6272,1696072283.6142983
6,6400,1696072283.6344957
6,6528,1696072283.6523395
6,6656,1696072283.670125
6,6784,1696072283.6902804
6,6912,1696072283.7104168
6,7040,1696072283.7306416
6,7168,1696072283.750295
6,7296,1696072283.7705505
6,7424,1696072283.790679
6,7552,1696072283.8103342
6,7680,1696072283.830848
6,7808,1696072283.8507113
6,7936,1696072283.8684275
6,8064,1696072283.8866906
6,8192,1696072283.9074082
6,8320,1696072283.9269192
6,8448,1696072283.946321
6,8576,1696072283.9666936
6,8704,1696072283.9867833
6,8832,1696072284.006414
6,8960,1696072284.0266824
6,9088,1696072284.046762
6,9216,1696072284.0645614
6,9344,1696072284.082677
6,9472,1696072284.1026206
6,9600,1696072284.1229053
6,9728,1696072284.1423275
6,9856,1696072284.1670463
6,9984,1696072284.1884458
6,10112,1696072284.2096224
6,10240,1696072284.231864
6,10368,1696072284.254122
6,10496,1696072284.2750442
6,10624,1696072284.2988853
6,10752,1696072284.3199363
6,10880,1696072284.342938
6,11008,1696072284.3655968
6,11136,1696072284.3882532
6,11264,1696072284.4109824
6,11392,1696072284.4308937
6,11520,1696072284.4548569
6,11648,1696072284.4708781
6,11776,1696072284.492834
6,11904,1696072284.5143492
6,12032,1696072284.534341
6,12160,1696072284.560847
