epoch,trained_sample,time
1,0,1696059163.12657
1,16,1696059164.3013465
1,32,1696059164.3157992
1,48,1696059164.33308
1,64,1696059164.3498373
1,80,1696059164.3639553
1,96,1696059164.3754308
1,112,1696059164.3880584
1,128,1696059164.4002311
1,144,1696059164.4117706
1,160,1696059164.4231913
1,176,1696059164.4359972
1,192,1696059164.448474
1,208,1696059164.4597669
1,224,1696059164.4721131
1,240,1696059164.4862025
1,256,1696059164.497885
1,272,1696059164.5103984
1,288,1696059164.5223403
1,304,1696059164.5340738
1,320,1696059164.5471709
1,336,1696059164.5589428
1,352,1696059164.5711844
1,368,1696059164.5840695
1,384,1696059164.5953805
1,400,1696059164.6080344
1,416,1696059164.6204252
1,432,1696059164.631695
1,448,1696059164.6431298
1,464,1696059164.6546414
1,480,1696059164.6653142
1,496,1696059164.6754756
1,512,1696059164.686618
1,528,1696059164.6974676
1,544,1696059164.708165
1,560,1696059164.7182736
1,576,1696059164.7976456
1,592,1696059164.8084536
1,608,1696059164.8191388
1,624,1696059164.830164
1,640,1696059164.8411388
1,656,1696059164.8517122
1,672,1696059164.8619533
1,688,1696059164.8723428
1,704,1696059164.8830273
1,720,1696059164.893497
1,736,1696059164.9042068
1,752,1696059164.9152715
1,768,1696059164.9277382
1,784,1696059164.9396076
1,800,1696059164.9511616
1,816,1696059164.9636774
1,832,1696059164.9758875
1,848,1696059164.9880798
1,864,1696059164.9996004
1,880,1696059165.0124393
1,896,1696059165.0247257
1,912,1696059165.036035
1,928,1696059165.047457
1,944,1696059165.0602846
1,960,1696059165.0727236
1,976,1696059165.0840564
1,992,1696059165.095578
1,1008,1696059165.1082633
1,1024,1696059165.1531975
1,1040,1696059165.167215
1,1056,1696059165.1791284
1,1072,1696059165.1918836
1,1088,1696059165.2497962
1,1104,1696059165.262757
1,1120,1696059165.2744668
1,1136,1696059165.3227267
1,1152,1696059165.3349576
1,1168,1696059165.3469627
1,1184,1696059165.3602064
1,1200,1696059165.372308
1,1216,1696059165.3833585
1,1232,1696059165.396356
1,1248,1696059165.4093683
1,1264,1696059165.420743
1,1280,1696059165.431951
1,1296,1696059165.4442399
1,1312,1696059165.4560905
1,1328,1696059165.4690864
1,1344,1696059165.482327
1,1360,1696059165.4935598
1,1376,1696059165.5055652
1,1392,1696059165.518237
1,1408,1696059165.5300577
1,1424,1696059165.5417337
1,1440,1696059165.5544705
1,1456,1696059165.5661812
1,1472,1696059165.577746
1,1488,1696059165.5907753
1,1504,1696059165.6025355
1,1520,1696059165.6144567
1,1536,1696059165.6274378
1,1552,1696059165.6394534
1,1568,1696059165.6509984
1,1584,1696059165.6632364
1,1600,1696059165.6755664
1,1616,1696059165.687522
1,1632,1696059165.6988406
1,1648,1696059165.7115638
1,1664,1696059165.7238057
1,1680,1696059165.7355888
1,1696,1696059165.7483897
1,1712,1696059165.7605653
1,1728,1696059165.7712104
1,1744,1696059165.783071
1,1760,1696059165.7959094
1,1776,1696059165.8079548
1,1792,1696059165.8197138
1,1808,1696059165.8323634
1,1824,1696059165.8463933
1,1840,1696059165.859694
1,1856,1696059165.871183
1,1872,1696059165.8834527
1,1888,1696059165.8957145
1,1904,1696059165.9073682
1,1920,1696059165.918676
1,1936,1696059165.931248
1,1952,1696059165.9443192
1,1968,1696059165.955903
1,1984,1696059165.9710622
1,2000,1696059165.9843016
1,2016,1696059165.9955335
1,2032,1696059166.0082183
1,2048,1696059166.0204687
1,2064,1696059166.032194
1,2080,1696059166.0435233
1,2096,1696059166.0559504
1,2112,1696059166.0681372
1,2128,1696059166.0817065
1,2144,1696059166.0933099
1,2160,1696059166.1056287
1,2176,1696059166.1169715
1,2192,1696059166.1286945
1,2208,1696059166.1414976
1,2224,1696059166.15328
1,2240,1696059166.1639028
1,2256,1696059166.176991
1,2272,1696059166.1893728
1,2288,1696059166.2005763
1,2304,1696059166.2119915
1,2320,1696059166.22456
1,2336,1696059166.2386916
1,2352,1696059166.2504716
1,2368,1696059166.2629154
1,2384,1696059166.2748811
1,2400,1696059166.2868733
1,2416,1696059166.2995574
1,2432,1696059166.3108766
1,2448,1696059166.32313
1,2464,1696059166.3361847
1,2480,1696059166.3473852
1,2496,1696059166.359918
1,2512,1696059166.372069
1,2528,1696059166.383175
1,2544,1696059166.395982
1,2560,1696059166.408156
1,2576,1696059166.4197972
1,2592,1696059166.432526
1,2608,1696059166.444131
1,2624,1696059166.454928
1,2640,1696059166.4677625
1,2656,1696059166.4816978
1,2672,1696059166.5020409
1,2688,1696059166.521697
1,2704,1696059166.5418866
1,2720,1696059166.5619347
1,2736,1696059166.5817842
1,2752,1696059166.6018927
1,2768,1696059166.6223264
1,2784,1696059166.6417687
1,2800,1696059166.6614292
1,2816,1696059166.6822913
1,2832,1696059166.7025423
1,2848,1696059166.7217464
1,2864,1696059166.7413466
1,2880,1696059166.7613976
1,2896,1696059166.7751231
1,2912,1696059166.7894592
1,2928,1696059166.802408
1,2944,1696059166.8144698
1,2960,1696059166.8274531
1,2976,1696059166.8389282
1,2992,1696059166.8511426
1,3008,1696059166.8635943
1,3024,1696059166.87569
1,3040,1696059166.8886437
1,3056,1696059166.9008904
1,3072,1696059166.911778
1,3088,1696059166.9235978
1,3104,1696059166.936333
1,3120,1696059166.948288
1,3136,1696059166.959368
1,3152,1696059166.9735026
1,3168,1696059166.98628
1,3184,1696059166.9981925
1,3200,1696059167.0111308
1,3216,1696059167.0229394
1,3232,1696059167.035055
1,3248,1696059167.0473225
1,3264,1696059167.0593822
1,3280,1696059167.0720735
1,3296,1696059167.0844705
1,3312,1696059167.0957994
1,3328,1696059167.1107376
1,3344,1696059167.1229095
1,3360,1696059167.1352906
1,3376,1696059167.148053
1,3392,1696059167.1592295
1,3408,1696059167.1718
1,3424,1696059167.1841433
1,3440,1696059167.1964417
1,3456,1696059167.2096703
1,3472,1696059167.2211738
1,3488,1696059167.233823
1,3504,1696059167.2456517
1,3520,1696059167.2566395
1,3536,1696059167.2696514
1,3552,1696059167.2818494
1,3568,1696059167.2933085
1,3584,1696059167.3060768
1,3600,1696059167.3180606
1,3616,1696059167.3296456
1,3632,1696059167.3427675
1,3648,1696059167.3539107
1,3664,1696059167.3653798
1,3680,1696059167.3793788
1,3696,1696059167.391127
1,3712,1696059167.4027495
1,3728,1696059167.4156961
1,3744,1696059167.4326158
1,3760,1696059167.4438312
1,3776,1696059167.456171
1,3792,1696059167.4683497
1,3808,1696059167.4800086
1,3824,1696059167.4913573
1,3840,1696059167.5034804
1,3856,1696059167.5188584
1,3872,1696059167.5332277
1,3888,1696059167.5460877
1,3904,1696059167.5579658
1,3920,1696059167.5693355
1,3936,1696059167.5824785
1,3952,1696059167.5941823
1,3968,1696059167.605327
1,3984,1696059167.6182601
1,4000,1696059167.6301982
1,4016,1696059167.641821
1,4032,1696059167.6545749
1,4048,1696059167.6664078
1,4064,1696059167.678235
1,4080,1696059167.6912138
1,4096,1696059167.7021122
1,4112,1696059167.7138762
1,4128,1696059167.7278101
1,4144,1696059167.7392645
1,4160,1696059167.751763
1,4176,1696059167.7639534
1,4192,1696059167.7753646
1,4208,1696059167.7863834
1,4224,1696059167.7984836
1,4240,1696059167.811872
1,4256,1696059167.8238783
1,4272,1696059167.836833
1,4288,1696059167.8490424
1,4304,1696059167.860281
1,4320,1696059167.871673
1,4336,1696059167.8841753
1,4352,1696059167.8958433
1,4368,1696059167.907305
1,4384,1696059167.9206638
1,4400,1696059167.9345458
1,4416,1696059167.9458754
1,4432,1696059167.958001
1,4448,1696059167.9713576
1,4464,1696059167.9829524
1,4480,1696059167.99982
1,4496,1696059168.0178776
1,4512,1696059168.0319636
1,4528,1696059168.0433464
1,4544,1696059168.056169
1,4560,1696059168.0682135
1,4576,1696059168.0811088
1,4592,1696059168.094704
1,4608,1696059168.1057074
1,4624,1696059168.118068
1,4640,1696059168.1291695
1,4656,1696059168.1404176
1,4672,1696059168.151419
1,4688,1696059168.1643093
1,4704,1696059168.1756139
1,4720,1696059168.1869593
1,4736,1696059168.1989045
1,4752,1696059168.2114341
1,4768,1696059168.222174
1,4784,1696059168.2338452
1,4800,1696059168.2459295
1,4816,1696059168.2577975
1,4832,1696059168.2686856
1,4848,1696059168.2806482
1,4864,1696059168.2925627
1,4880,1696059168.303509
1,4896,1696059168.3142686
1,4912,1696059168.3260932
1,4928,1696059168.3370664
1,4944,1696059168.3500109
1,4960,1696059168.3640683
1,4976,1696059168.3753722
1,4992,1696059168.3874052
1,5008,1696059168.3998733
1,5024,1696059168.4107387
1,5040,1696059168.4229405
1,5056,1696059168.4351172
1,5072,1696059168.4469078
1,5088,1696059168.4576266
1,5104,1696059168.4699852
1,5120,1696059168.4820375
1,5136,1696059168.4937665
1,5152,1696059168.5047147
1,5168,1696059168.516466
1,5184,1696059168.528314
1,5200,1696059168.5405111
1,5216,1696059168.5509424
1,5232,1696059168.5623424
1,5248,1696059168.5736854
1,5264,1696059168.5861552
1,5280,1696059168.5971112
1,5296,1696059168.6083767
1,5312,1696059168.619377
1,5328,1696059168.632259
1,5344,1696059168.6436265
1,5360,1696059168.6549482
1,5376,1696059168.6668546
1,5392,1696059168.6793833
1,5408,1696059168.69013
1,5424,1696059168.7017353
1,5440,1696059168.7137952
1,5456,1696059168.7256742
1,5472,1696059168.7365124
1,5488,1696059168.7491748
1,5504,1696059168.7603922
1,5520,1696059168.7721777
1,5536,1696059168.7843792
1,5552,1696059168.7958338
1,5568,1696059168.8065572
1,5584,1696059168.8193948
1,5600,1696059168.8312805
1,5616,1696059168.8431776
1,5632,1696059168.8541937
1,5648,1696059168.8659728
1,5664,1696059168.877765
1,5680,1696059168.889841
1,5696,1696059168.9006646
1,5712,1696059168.9125645
1,5728,1696059168.9280453
1,5744,1696059168.9394941
1,5760,1696059168.9523137
1,5776,1696059168.9646637
1,5792,1696059168.9772196
1,5808,1696059168.9911313
1,5824,1696059169.0019581
1,5840,1696059169.0136268
1,5856,1696059169.0258105
1,5872,1696059169.037752
1,5888,1696059169.0487702
1,5904,1696059169.0615017
1,5920,1696059169.0727408
1,5936,1696059169.083206
1,5952,1696059169.0948749
1,5968,1696059169.1072273
1,5984,1696059169.1183755
1,6000,1696059169.1302748
1,6016,1696059169.1424847
1,6032,1696059169.1547
1,6048,1696059169.166141
1,6064,1696059169.1791134
1,6080,1696059169.191872
1,6096,1696059169.2069635
1,6112,1696059169.2187808
1,6128,1696059169.2312226
1,6144,1696059169.2424881
1,6160,1696059169.2549548
1,6176,1696059169.2669294
1,6192,1696059169.2789862
1,6208,1696059169.2923734
1,6224,1696059169.3131347
1,6240,1696059169.3257794
1,6256,1696059169.3384237
1,6272,1696059169.3513722
1,6288,1696059169.3662748
1,6304,1696059169.3779056
1,6320,1696059169.3912187
1,6336,1696059169.4026504
1,6352,1696059169.416031
1,6368,1696059169.4308963
1,6384,1696059169.4450383
1,6400,1696059169.4562948
1,6416,1696059169.4690661
1,6432,1696059169.481773
1,6448,1696059169.4933696
1,6464,1696059169.5055583
1,6480,1696059169.517625
1,6496,1696059169.5283573
1,6512,1696059169.54029
1,6528,1696059169.552498
1,6544,1696059169.5635629
1,6560,1696059169.574208
1,6576,1696059169.5868173
1,6592,1696059169.6030223
1,6608,1696059169.620575
1,6624,1696059169.6320093
1,6640,1696059169.6448371
1,6656,1696059169.656175
1,6672,1696059169.6691492
1,6688,1696059169.681854
1,6704,1696059169.693371
1,6720,1696059169.7081788
1,6736,1696059169.7204075
1,6752,1696059169.7311652
1,6768,1696059169.7441146
1,6784,1696059169.7575989
1,6800,1696059169.7721672
1,6816,1696059169.7834048
1,6832,1696059169.7958543
1,6848,1696059169.809126
1,6864,1696059169.8229957
1,6880,1696059169.8359163
1,6896,1696059169.8487995
1,6912,1696059169.8608775
1,6928,1696059169.872618
1,6944,1696059169.8849356
1,6960,1696059169.8965325
1,6976,1696059169.913905
1,6992,1696059169.9272568
1,7008,1696059169.939238
1,7024,1696059169.952105
1,7040,1696059169.9631593
1,7056,1696059169.9774716
1,7072,1696059169.9887557
1,7088,1696059170.0008714
1,7104,1696059170.0139031
1,7120,1696059170.0259569
1,7136,1696059170.036919
1,7152,1696059170.0495632
1,7168,1696059170.060819
1,7184,1696059170.072355
1,7200,1696059170.083391
1,7216,1696059170.0962815
1,7232,1696059170.1079361
1,7248,1696059170.1195433
1,7264,1696059170.1318157
1,7280,1696059170.1441607
1,7296,1696059170.1558433
1,7312,1696059170.172949
1,7328,1696059170.1837854
1,7344,1696059170.1982086
1,7360,1696059170.2133098
1,7376,1696059170.2281814
1,7392,1696059170.2417073
1,7408,1696059170.253318
1,7424,1696059170.2657735
1,7440,1696059170.2783768
1,7456,1696059170.289497
1,7472,1696059170.301988
1,7488,1696059170.3135781
1,7504,1696059170.325261
1,7520,1696059170.339579
1,7536,1696059170.352051
1,7552,1696059170.3647928
1,7568,1696059170.376549
1,7584,1696059170.3873003
1,7600,1696059170.4006968
1,7616,1696059170.4121804
1,7632,1696059170.4237406
1,7648,1696059170.436055
1,7664,1696059170.448301
1,7680,1696059170.4597971
1,7696,1696059170.4736958
1,7712,1696059170.484753
1,7728,1696059170.497353
1,7744,1696059170.5096335
1,7760,1696059170.5215795
1,7776,1696059170.5337026
1,7792,1696059170.545614
1,7808,1696059170.5564435
1,7824,1696059170.5683491
1,7840,1696059170.579858
1,7856,1696059170.5917773
1,7872,1696059170.604042
1,7888,1696059170.6167476
1,7904,1696059170.6274405
1,7920,1696059170.6402042
1,7936,1696059170.6522803
1,7952,1696059170.6637862
1,7968,1696059170.6757843
1,7984,1696059170.6879053
1,8000,1696059170.6995988
1,8016,1696059170.7134259
1,8032,1696059170.7251878
1,8048,1696059170.7367332
1,8064,1696059170.7491262
1,8080,1696059170.7612927
1,8096,1696059170.7723246
1,8112,1696059170.7849739
1,8128,1696059170.7961957
1,8144,1696059170.8078575
1,8160,1696059170.8198571
1,8176,1696059170.8322227
1,8192,1696059170.8440447
1,8208,1696059170.8575723
1,8224,1696059170.8689616
1,8240,1696059170.8815982
1,8256,1696059170.8931699
1,8272,1696059170.9047103
1,8288,1696059170.917261
1,8304,1696059170.9294078
1,8320,1696059170.941406
1,8336,1696059170.9542363
1,8352,1696059170.971748
1,8368,1696059170.9907126
1,8384,1696059171.0024524
1,8400,1696059171.015764
1,8416,1696059171.0274367
1,8432,1696059171.0412664
1,8448,1696059171.0528123
1,8464,1696059171.0643003
1,8480,1696059171.0759108
1,8496,1696059171.0906894
1,8512,1696059171.1028612
1,8528,1696059171.1151752
1,8544,1696059171.1268015
1,8560,1696059171.1411824
1,8576,1696059171.1517868
1,8592,1696059171.163413
1,8608,1696059171.1752174
1,8624,1696059171.1965034
1,8640,1696059171.2072875
1,8656,1696059171.2208364
1,8672,1696059171.232442
1,8688,1696059171.2444873
1,8704,1696059171.2559547
1,8720,1696059171.2689886
1,8736,1696059171.2800133
1,8752,1696059171.2915123
1,8768,1696059171.304304
1,8784,1696059171.3171015
1,8800,1696059171.3277915
1,8816,1696059171.3394005
1,8832,1696059171.3522902
1,8848,1696059171.3651252
1,8864,1696059171.3756924
1,8880,1696059171.3875287
1,8896,1696059171.4003127
1,8912,1696059171.4124131
1,8928,1696059171.4231367
1,8944,1696059171.4358432
1,8960,1696059171.4500883
1,8976,1696059171.4637747
1,8992,1696059171.4751017
1,9008,1696059171.487149
1,9024,1696059171.4997885
1,9040,1696059171.5126128
1,9056,1696059171.5233014
1,9072,1696059171.5366652
1,9088,1696059171.549711
1,9104,1696059171.561829
1,9120,1696059171.5740411
1,9136,1696059171.5862665
1,9152,1696059171.598225
1,9168,1696059171.611531
1,9184,1696059171.6225994
1,9200,1696059171.63461
1,9216,1696059171.6493642
1,9232,1696059171.662797
1,9248,1696059171.6741939
1,9264,1696059171.6866775
1,9280,1696059171.698327
1,9296,1696059171.709921
1,9312,1696059171.721657
1,9328,1696059171.733719
1,9344,1696059171.7450209
1,9360,1696059171.758191
1,9376,1696059171.7691345
1,9392,1696059171.7803957
1,9408,1696059171.7919247
1,9424,1696059171.804635
1,9440,1696059171.8153892
1,9456,1696059171.8267725
1,9472,1696059171.8393152
1,9488,1696059171.8522027
1,9504,1696059171.862982
1,9520,1696059171.8757894
1,9536,1696059171.8888035
1,9552,1696059171.9003742
1,9568,1696059171.911288
1,9584,1696059171.9239662
1,9600,1696059171.9386058
1,9616,1696059171.950254
1,9632,1696059171.9626694
1,9648,1696059171.9743328
1,9664,1696059171.9859562
1,9680,1696059171.9984994
1,9696,1696059172.0094187
1,9712,1696059172.020819
1,9728,1696059172.0325177
1,9744,1696059172.0455887
1,9760,1696059172.056175
1,9776,1696059172.0678694
1,9792,1696059172.0807455
1,9808,1696059172.0924692
1,9824,1696059172.1097233
1,9840,1696059172.1267424
1,9856,1696059172.1388927
1,9872,1696059172.1526964
1,9888,1696059172.165077
1,9904,1696059172.176327
1,9920,1696059172.1883504
1,9936,1696059172.2014039
1,9952,1696059172.2134194
1,9968,1696059172.2270732
1,9984,1696059172.2394931
1,10000,1696059172.2518158
1,10016,1696059172.2638621
1,10032,1696059172.2778196
1,10048,1696059172.2887383
1,10064,1696059172.2996814
1,10080,1696059172.3105626
1,10096,1696059172.3241372
1,10112,1696059172.3348408
1,10128,1696059172.3456624
1,10144,1696059172.3564394
1,10160,1696059172.369879
1,10176,1696059172.3805516
1,10192,1696059172.3913257
1,10208,1696059172.402125
1,10224,1696059172.4160836
1,10240,1696059172.4268055
1,10256,1696059172.4377315
1,10272,1696059172.4485729
1,10288,1696059172.462204
1,10304,1696059172.4734473
1,10320,1696059172.4849675
1,10336,1696059172.4962575
1,10352,1696059172.5097792
1,10368,1696059172.5206969
1,10384,1696059172.5379698
1,10400,1696059172.5491085
1,10416,1696059172.5608902
1,10432,1696059172.573019
1,10448,1696059172.5859246
1,10464,1696059172.597973
1,10480,1696059172.6094253
1,10496,1696059172.6222541
1,10512,1696059172.633886
1,10528,1696059172.6469626
1,10544,1696059172.6591115
1,10560,1696059172.6718545
1,10576,1696059172.6848137
1,10592,1696059172.6963015
1,10608,1696059172.7077878
1,10624,1696059172.7204895
1,10640,1696059172.7339277
1,10656,1696059172.7477198
1,10672,1696059172.759266
1,10688,1696059172.7718747
1,10704,1696059172.7845848
1,10720,1696059172.7959778
1,10736,1696059172.8083494
1,10752,1696059172.821793
1,10768,1696059172.8334713
1,10784,1696059172.8460832
1,10800,1696059172.8581665
1,10816,1696059172.8697472
1,10832,1696059172.8827817
1,10848,1696059172.8946195
1,10864,1696059172.9058542
1,10880,1696059172.918
1,10896,1696059172.9312916
1,10912,1696059172.9431255
1,10928,1696059172.9543686
1,10944,1696059172.9668074
1,10960,1696059172.9794457
1,10976,1696059172.9906332
1,10992,1696059173.0032854
1,11008,1696059173.0162268
1,11024,1696059173.0283504
1,11040,1696059173.0396657
1,11056,1696059173.0523593
1,11072,1696059173.0641823
1,11088,1696059173.0755439
1,11104,1696059173.0877316
1,11120,1696059173.0999873
1,11136,1696059173.1136005
1,11152,1696059173.1277406
1,11168,1696059173.1396637
1,11184,1696059173.1512454
1,11200,1696059173.1687322
1,11216,1696059173.1798987
1,11232,1696059173.1912866
1,11248,1696059173.2037745
1,11264,1696059173.2160523
1,11280,1696059173.2282658
1,11296,1696059173.2399042
1,11312,1696059173.2519228
1,11328,1696059173.26535
1,11344,1696059173.2766116
1,11360,1696059173.2877452
1,11376,1696059173.3006694
1,11392,1696059173.3143163
1,11408,1696059173.3254201
1,11424,1696059173.3377829
1,11440,1696059173.3510253
1,11456,1696059173.363
1,11472,1696059173.374493
1,11488,1696059173.387222
1,11504,1696059173.3993561
1,11520,1696059173.4119956
1,11536,1696059173.4240162
1,11552,1696059173.4360037
1,11568,1696059173.4484603
1,11584,1696059173.4600701
1,11600,1696059173.470696
1,11616,1696059173.4841423
1,11632,1696059173.496844
1,11648,1696059173.5083194
1,11664,1696059173.5200486
1,11680,1696059173.5330184
1,11696,1696059173.545029
1,11712,1696059173.557998
1,11728,1696059173.5695724
1,11744,1696059173.5809
1,11760,1696059173.5927768
1,11776,1696059173.6047833
1,11792,1696059173.616933
1,11808,1696059173.6294703
1,11824,1696059173.6406817
1,11840,1696059173.6523242
1,11856,1696059173.6641676
1,11872,1696059173.67636
1,11888,1696059173.687752
1,11904,1696059173.7008612
1,11920,1696059173.711699
1,11936,1696059173.7231486
1,11952,1696059173.735705
1,11968,1696059173.74821
1,11984,1696059173.758818
1,12000,1696059173.7724931
1,12016,1696059173.7850866
1,12032,1696059173.7967324
1,12048,1696059173.8083563
1,12064,1696059173.8207927
1,12080,1696059173.8331506
1,12096,1696059173.8445902
1,12112,1696059173.8566613
1,12128,1696059173.8698847
1,12144,1696059173.8814728
1,12160,1696059173.893971
1,12176,1696059173.905044
1,12192,1696059173.916138
1,12208,1696059173.9278774
1,12224,1696059173.9407997
1,12240,1696059173.9568412
1,12256,1696059173.9714534
1,12272,1696059173.9835143
1,12288,1696059173.9961028
1,12304,1696059174.0077202
1,12320,1696059174.0193868
1,12336,1696059174.0317724
1,12352,1696059174.0433688
1,12368,1696059174.0545597
1,12384,1696059174.0666363
1,12400,1696059174.0790253
1,12416,1696059174.0917249
1,12432,1696059174.1033547
1,12448,1696059174.114768
1,12464,1696059174.12682
1,12480,1696059174.1393375
1,12496,1696059174.1534107
1,12512,1696059174.1679294
1,12528,1696059174.1792552
1,12544,1696059174.1924012
1,12560,1696059174.203962
1,12576,1696059174.2151332
1,12592,1696059174.2273788
1,12608,1696059174.2396932
1,12624,1696059174.2514105
1,12640,1696059174.2628257
1,12656,1696059174.274932
1,12672,1696059174.287379
1,12688,1696059174.2988572
1,12704,1696059174.310835
1,12720,1696059174.3233495
1,12736,1696059174.341821
1,12752,1696059174.3602474
1,12768,1696059174.3752244
1,12784,1696059174.3878512
1,12800,1696059174.400309
1,12816,1696059174.4113193
1,12832,1696059174.4249265
1,12848,1696059174.4375398
1,12864,1696059174.4490488
1,12880,1696059174.461005
1,12896,1696059174.4734282
1,12912,1696059174.4848893
1,12928,1696059174.4966574
1,12944,1696059174.507777
1,12960,1696059174.5197198
1,12976,1696059174.532237
1,12992,1696059174.5446413
1,13008,1696059174.5553808
1,13024,1696059174.5671678
1,13040,1696059174.5800467
1,13056,1696059174.5927634
1,13072,1696059174.6033382
1,13088,1696059174.616398
1,13104,1696059174.6288133
1,13120,1696059174.6404212
1,13136,1696059174.6522212
1,13152,1696059174.6646225
1,13168,1696059174.6763067
1,13184,1696059174.6877673
1,13200,1696059174.702652
1,13216,1696059174.7154262
1,13232,1696059174.7280467
1,13248,1696059174.7398868
1,13264,1696059174.754437
1,13280,1696059174.769835
1,13296,1696059174.7850983
1,13312,1696059174.7983847
1,13328,1696059174.8120987
1,13344,1696059174.8254156
1,13360,1696059174.8369381
1,13376,1696059174.8498118
1,13392,1696059174.8607967
1,13408,1696059174.8720143
1,13424,1696059174.8835943
1,13440,1696059174.8963978
1,13456,1696059174.90778
1,13472,1696059174.9191825
1,13488,1696059174.9319043
1,13504,1696059174.944269
1,13520,1696059174.9550867
1,13536,1696059174.9670515
1,13552,1696059174.9797914
1,13568,1696059174.9922352
1,13584,1696059175.004536
1,13600,1696059175.0165772
1,13616,1696059175.027938
1,13632,1696059175.0410166
1,13648,1696059175.0526712
1,13664,1696059175.0638971
1,13680,1696059175.0753138
1,13696,1696059175.0880833
1,13712,1696059175.09947
1,13728,1696059175.1114383
1,13744,1696059175.122235
1,13760,1696059175.1345236
1,13776,1696059175.146533
1,13792,1696059175.1597369
1,13808,1696059175.1727302
1,13824,1696059175.1849234
1,13840,1696059175.199842
1,13856,1696059175.2147853
1,13872,1696059175.2268298
1,13888,1696059175.2392535
1,13904,1696059175.2506664
1,13920,1696059175.2627378
1,13936,1696059175.2751336
1,13952,1696059175.2886736
1,13968,1696059175.304865
1,13984,1696059175.3175159
1,14000,1696059175.3310788
1,14016,1696059175.343872
1,14032,1696059175.3565054
1,14048,1696059175.3710043
1,14064,1696059175.3846843
1,14080,1696059175.3989842
1,14096,1696059175.4196432
1,14112,1696059175.4338665
1,14128,1696059175.445558
1,14144,1696059175.4574614
1,14160,1696059175.4693935
1,14176,1696059175.4808218
1,14192,1696059175.4928389
1,14208,1696059175.506012
1,14224,1696059175.5174937
1,14240,1696059175.529927
1,14256,1696059175.5431876
1,14272,1696059175.5543547
1,14288,1696059175.5664513
1,14304,1696059175.5793324
1,14320,1696059175.5912368
1,14336,1696059175.603986
1,14352,1696059175.616616
1,14368,1696059175.6278346
1,14384,1696059175.6407337
1,14400,1696059175.6527472
1,14416,1696059175.664173
1,14432,1696059175.6772704
1,14448,1696059175.6887724
1,14464,1696059175.7015553
1,14480,1696059175.7136376
1,14496,1696059175.7249715
1,14512,1696059175.7378848
1,14528,1696059175.7498782
1,14544,1696059175.76132
1,14560,1696059175.7740624
1,14576,1696059175.7860847
1,14592,1696059175.797684
1,14608,1696059175.8103645
1,14624,1696059175.822352
1,14640,1696059175.834066
1,14656,1696059175.846604
1,14672,1696059175.8585372
1,14688,1696059175.8703084
1,14704,1696059175.8836377
1,14720,1696059175.8945115
1,14736,1696059175.9064043
1,14752,1696059175.9184601
1,14768,1696059175.933397
1,14784,1696059175.9443908
1,14800,1696059175.955386
1,14816,1696059175.9658406
1,14832,1696059175.9802206
1,14848,1696059175.9935524
1,14864,1696059176.0045178
1,14880,1696059176.0153725
1,14896,1696059176.028817
1,14912,1696059176.039903
1,14928,1696059176.0519094
1,14944,1696059176.0629175
1,14960,1696059176.07706
1,14976,1696059176.0880775
1,14992,1696059176.1080952
1,15008,1696059176.1221366
1,15024,1696059176.1374485
1,15040,1696059176.1509106
1,15056,1696059176.1654685
1,15072,1696059176.1790457
1,15088,1696059176.1941674
1,15104,1696059176.2091029
1,15120,1696059176.2241423
1,15136,1696059176.2390456
1,15152,1696059176.2538383
1,15168,1696059176.2684102
1,15184,1696059176.2847722
1,15200,1696059176.3000007
1,15216,1696059176.3139334
1,15232,1696059176.3293855
1,15248,1696059176.342807
1,15264,1696059176.3579502
1,15280,1696059176.3714921
1,15296,1696059176.3860881
1,15312,1696059176.3998528
1,15328,1696059176.4140887
1,15344,1696059176.4277678
1,15360,1696059176.4421391
1,15376,1696059176.4559577
1,15392,1696059176.4703798
1,15408,1696059176.4840238
1,15424,1696059176.4982471
1,15440,1696059176.5119166
1,15456,1696059176.526335
1,15472,1696059176.5401664
1,15488,1696059176.5542898
1,15504,1696059176.5678976
1,15520,1696059176.582388
1,15536,1696059176.5971909
1,15552,1696059176.6122003
1,15568,1696059176.6267955
1,15584,1696059176.641619
1,15600,1696059176.6563797
1,15616,1696059176.671138
1,15632,1696059176.6856513
1,15648,1696059176.700257
1,15664,1696059176.715531
1,15680,1696059176.7300918
1,15696,1696059176.7444115
1,15712,1696059176.7609975
1,15728,1696059176.7748296
1,15744,1696059176.7866113
1,15760,1696059176.798452
1,15776,1696059176.8109689
1,15792,1696059176.823162
1,15808,1696059176.836089
1,15824,1696059176.8493729
1,15840,1696059176.8610036
1,15856,1696059176.8740385
1,15872,1696059176.8862429
1,15888,1696059176.8978832
1,15904,1696059176.9105535
1,15920,1696059176.9226406
1,15936,1696059176.9345975
1,15952,1696059176.9476814
1,15968,1696059176.9590673
1,15984,1696059176.9712818
1,16000,1696059176.9838037
1,16016,1696059176.996651
1,16032,1696059177.0080023
1,16048,1696059177.0195405
1,16064,1696059177.0326757
1,16080,1696059177.0449984
1,16096,1696059177.056595
1,16112,1696059177.0715232
1,16128,1696059177.083587
1,16144,1696059177.0962825
1,16160,1696059177.1108165
1,16176,1696059177.1244085
1,16192,1696059177.1363654
1,16208,1696059177.1486418
1,16224,1696059177.1617687
1,16240,1696059177.1741586
1,16256,1696059177.1858373
1,16272,1696059177.1991324
1,16288,1696059177.2114484
1,16304,1696059177.224375
1,16320,1696059177.2366006
1,16336,1696059177.247937
1,16352,1696059177.260794
1,16368,1696059177.27315
1,16384,1696059177.2844815
1,16400,1696059177.2959788
1,16416,1696059177.3087246
1,16432,1696059177.3228006
1,16448,1696059177.3348665
1,16464,1696059177.3477902
1,16480,1696059177.359212
1,16496,1696059177.3717878
1,16512,1696059177.3846333
1,16528,1696059177.3958392
1,16544,1696059177.4094381
1,16560,1696059177.4216506
1,16576,1696059177.433032
1,16592,1696059177.4458294
1,16608,1696059177.4578922
1,16624,1696059177.46938
1,16640,1696059177.4826877
1,16656,1696059177.4946651
1,16672,1696059177.5059245
1,16688,1696059177.5182517
1,16704,1696059177.5308998
1,16720,1696059177.5429804
1,16736,1696059177.555244
1,16752,1696059177.567671
1,16768,1696059177.5800653
1,16784,1696059177.5913525
1,16800,1696059177.6040144
1,16816,1696059177.6169221
1,16832,1696059177.6282544
1,16848,1696059177.6408682
1,16864,1696059177.6546519
1,16880,1696059177.6667316
1,16896,1696059177.6794999
1,16912,1696059177.6918592
1,16928,1696059177.7046602
1,16944,1696059177.7170367
1,16960,1696059177.736355
1,16976,1696059177.7514722
1,16992,1696059177.766229
1,17008,1696059177.782184
1,17024,1696059177.798448
1,17040,1696059177.813189
1,17056,1696059177.8287518
1,17072,1696059177.8423197
1,17088,1696059177.8578029
1,17104,1696059177.873043
1,17120,1696059177.8922448
1,17136,1696059177.90749
1,17152,1696059177.9222705
1,17168,1696059177.936099
1,17184,1696059177.950072
1,17200,1696059177.9639118
1,17216,1696059177.9783778
1,17232,1696059177.9932735
1,17248,1696059178.0082765
1,17264,1696059178.0234761
1,17280,1696059178.036737
1,17296,1696059178.0514503
1,17312,1696059178.0647478
1,17328,1696059178.0796251
1,17344,1696059178.094473
1,17360,1696059178.1085262
1,17376,1696059178.1232543
1,17392,1696059178.1379972
1,17408,1696059178.1525416
1,17424,1696059178.167558
1,17440,1696059178.182142
1,17456,1696059178.1959631
1,17472,1696059178.2103236
1,17488,1696059178.224937
1,17504,1696059178.2472148
1,17520,1696059178.2649546
1,17536,1696059178.2796872
1,17552,1696059178.2938924
1,17568,1696059178.3092659
1,17584,1696059178.3232553
1,17600,1696059178.3384194
1,17616,1696059178.3535957
1,17632,1696059178.3702195
1,17648,1696059178.3860137
1,17664,1696059178.4012654
1,17680,1696059178.4185665
1,17696,1696059178.4347763
1,17712,1696059178.4498746
1,17728,1696059178.4655232
1,17744,1696059178.4788306
1,17760,1696059178.4935148
1,17776,1696059178.5070832
1,17792,1696059178.5216107
1,17808,1696059178.538186
1,17824,1696059178.5540586
1,17840,1696059178.569521
1,17856,1696059178.5862198
1,17872,1696059178.6043813
1,17888,1696059178.619228
1,17904,1696059178.633729
1,17920,1696059178.647347
1,17936,1696059178.6618755
1,17952,1696059178.6755044
1,17968,1696059178.6900856
1,17984,1696059178.703597
1,18000,1696059178.7178814
1,18016,1696059178.7345054
1,18032,1696059178.7501948
1,18048,1696059178.7653077
1,18064,1696059178.7787635
1,18080,1696059178.7934864
1,18096,1696059178.807325
1,18112,1696059178.8220255
1,18128,1696059178.83569
1,18144,1696059178.8503754
1,18160,1696059178.8652546
1,18176,1696059178.880552
1,18192,1696059178.8957708
1,18208,1696059178.908891
1,18224,1696059178.9254322
1,18240,1696059178.9384649
1,18256,1696059178.950189
1,18272,1696059178.9628654
1,18288,1696059178.976685
1,18304,1696059178.9882636
1,18320,1696059178.999597
1,18336,1696059179.0124018
1,18352,1696059179.0254786
1,18368,1696059179.0391362
1,18384,1696059179.050906
1,18400,1696059179.0629199
1,18416,1696059179.0753467
1,18432,1696059179.0875704
1,18448,1696059179.0988214
1,18464,1696059179.1116352
1,18480,1696059179.1244974
1,18496,1696059179.1359148
1,18512,1696059179.147325
1,18528,1696059179.159988
1,18544,1696059179.1724393
1,18560,1696059179.184045
1,18576,1696059179.1956964
1,18592,1696059179.2083836
1,18608,1696059179.2223291
1,18624,1696059179.2357345
1,18640,1696059179.2473698
1,18656,1696059179.2600114
1,18672,1696059179.2728536
1,18688,1696059179.2843528
1,18704,1696059179.297279
1,18720,1696059179.3094318
1,18736,1696059179.32084
1,18752,1696059179.332704
1,18768,1696059179.3454874
1,18784,1696059179.3572624
1,18800,1696059179.3701963
1,18816,1696059179.3822649
1,18832,1696059179.3939145
1,18848,1696059179.4064512
1,18864,1696059179.4186502
1,18880,1696059179.430642
1,18896,1696059179.4430704
1,18912,1696059179.4550486
1,18928,1696059179.46994
1,18944,1696059179.4834619
1,18960,1696059179.4983594
1,18976,1696059179.5117126
1,18992,1696059179.5266256
1,19008,1696059179.5402687
1,19024,1696059179.555537
1,19040,1696059179.5699449
1,19056,1696059179.584058
1,19072,1696059179.5987396
1,19088,1696059179.6121397
1,19104,1696059179.626764
1,19120,1696059179.6411295
1,19136,1696059179.6555083
1,19152,1696059179.6699443
1,19168,1696059179.6836307
1,19184,1696059179.6978443
1,19200,1696059179.7111657
1,19216,1696059179.7254882
1,19232,1696059179.738771
1,19248,1696059179.7533064
1,19264,1696059179.7665324
1,19280,1696059179.7811408
1,19296,1696059179.7947829
1,19312,1696059179.8131335
1,19328,1696059179.8304324
1,19344,1696059179.8453007
1,19360,1696059179.859076
1,19376,1696059179.8737118
1,19392,1696059179.8895147
1,19408,1696059179.905474
1,19424,1696059179.9222467
1,19440,1696059179.9371026
1,19456,1696059179.953017
1,19472,1696059179.9696004
1,19488,1696059179.9853241
1,19504,1696059179.999937
1,19520,1696059180.0153775
1,19536,1696059180.0300605
1,19552,1696059180.0442624
1,19568,1696059180.060904
1,19584,1696059180.0727768
1,19600,1696059180.0871692
1,19616,1696059180.0996752
1,19632,1696059180.112124
1,19648,1696059180.1258302
1,19664,1696059180.138142
1,19680,1696059180.1500437
1,19696,1696059180.1627126
1,19712,1696059180.1738713
1,19728,1696059180.1860492
1,19744,1696059180.199209
1,19760,1696059180.2114568
1,19776,1696059180.2240574
1,19792,1696059180.2366936
1,19808,1696059180.2480097
1,19824,1696059180.259485
1,19840,1696059180.2728558
1,19856,1696059180.2851474
1,19872,1696059180.2965043
1,19888,1696059180.3080766
1,19904,1696059180.3210917
1,19920,1696059180.3327088
1,19936,1696059180.3441112
1,19952,1696059180.3587701
1,19968,1696059180.3706362
1,19984,1696059180.3830085
1,20000,1696059180.3951604
1,20016,1696059180.4073775
1,20032,1696059180.4201689
1,20048,1696059180.432091
1,20064,1696059180.443497
1,20080,1696059180.4564488
1,20096,1696059180.4688838
1,20112,1696059180.4802225
1,20128,1696059180.4917033
1,20144,1696059180.5043726
1,20160,1696059180.516699
1,20176,1696059180.5303657
1,20192,1696059180.5425189
1,20208,1696059180.554353
1,20224,1696059180.5671122
1,20240,1696059180.5790174
1,20256,1696059180.5913174
1,20272,1696059180.6038213
1,20288,1696059180.616287
1,20304,1696059180.627869
1,20320,1696059180.6393023
1,20336,1696059180.652038
1,20352,1696059180.6643639
1,20368,1696059180.675582
1,20384,1696059180.6885235
1,20400,1696059180.700552
1,20416,1696059180.7119083
1,20432,1696059180.7245562
1,20448,1696059180.7365148
1,20464,1696059180.7479198
1,20480,1696059180.7605422
1,20496,1696059180.773993
1,20512,1696059180.7876618
1,20528,1696059180.8001359
1,20544,1696059180.8121247
1,20560,1696059180.8235343
1,20576,1696059180.8391788
1,20592,1696059180.8520336
1,20608,1696059180.8646924
1,20624,1696059180.8760936
1,20640,1696059180.8875067
1,20656,1696059180.9003077
1,20672,1696059180.9121664
1,20688,1696059180.92446
1,20704,1696059180.9379969
1,20720,1696059180.9496274
1,20736,1696059180.9623892
1,20752,1696059180.9745927
1,20768,1696059180.9865384
1,20784,1696059180.9992602
1,20800,1696059181.0116317
1,20816,1696059181.0246348
1,20832,1696059181.0371866
1,20848,1696059181.049626
1,20864,1696059181.0628076
1,20880,1696059181.0750241
1,20896,1696059181.0877383
1,20912,1696059181.1007962
1,20928,1696059181.1123316
1,20944,1696059181.125148
1,20960,1696059181.138878
1,20976,1696059181.151659
1,20992,1696059181.1642013
1,21008,1696059181.1781259
1,21024,1696059181.1902697
1,21040,1696059181.2032049
1,21056,1696059181.2154367
1,21072,1696059181.2270072
1,21088,1696059181.240405
1,21104,1696059181.2530346
1,21120,1696059181.2646527
1,21136,1696059181.2780478
1,21152,1696059181.2904532
1,21168,1696059181.3022735
1,21184,1696059181.315666
1,21200,1696059181.328255
1,21216,1696059181.3399096
1,21232,1696059181.352343
1,21248,1696059181.366112
1,21264,1696059181.3779435
1,21280,1696059181.3912091
1,21296,1696059181.4030037
1,21312,1696059181.415201
1,21328,1696059181.4281504
1,21344,1696059181.4405022
1,21360,1696059181.4521968
1,21376,1696059181.4636893
1,21392,1696059181.476116
1,21408,1696059181.4944875
1,21424,1696059181.5145986
1,21440,1696059181.5374825
1,21456,1696059181.5575173
1,21472,1696059181.57364
1,21488,1696059181.5878954
1,21504,1696059181.6003132
1,21520,1696059181.6120691
1,21536,1696059181.623663
1,21552,1696059181.6368005
1,21568,1696059181.648932
1,21584,1696059181.660438
1,21600,1696059181.6734688
1,21616,1696059181.6873453
1,21632,1696059181.6988897
1,21648,1696059181.7120614
1,21664,1696059181.7247941
1,21680,1696059181.7362125
1,21696,1696059181.7541254
1,21712,1696059181.7691634
1,21728,1696059181.7842958
1,21744,1696059181.7978632
1,21760,1696059181.813426
1,21776,1696059181.8273354
1,21792,1696059181.8421845
1,21808,1696059181.856895
1,21824,1696059181.8711581
1,21840,1696059181.8856804
1,21856,1696059181.8993368
1,21872,1696059181.916814
1,21888,1696059181.930772
1,21904,1696059181.9446125
1,21920,1696059181.9587545
1,21936,1696059181.973453
1,21952,1696059181.988238
1,21968,1696059182.0030248
1,21984,1696059182.0178409
1,22000,1696059182.0326426
1,22016,1696059182.0476596
1,22032,1696059182.062268
1,22048,1696059182.0761588
1,22064,1696059182.0906048
1,22080,1696059182.104407
1,22096,1696059182.1178777
1,22112,1696059182.1362848
1,22128,1696059182.156407
1,22144,1696059182.1766548
1,22160,1696059182.1967943
1,22176,1696059182.216917
1,22192,1696059182.2363675
1,22208,1696059182.2564425
1,22224,1696059182.2763
1,22240,1696059182.29643
1,22256,1696059182.3177433
1,22272,1696059182.3371072
1,22288,1696059182.3567636
1,22304,1696059182.3768916
1,22320,1696059182.3964932
1,22336,1696059182.4166315
1,22352,1696059182.436923
1,22368,1696059182.4566197
1,22384,1696059182.4763956
1,22400,1696059182.4962528
1,22416,1696059182.5163534
1,22432,1696059182.5364666
1,22448,1696059182.556367
1,22464,1696059182.5765688
1,22480,1696059182.596216
1,22496,1696059182.6167998
1,22512,1696059182.6364331
1,22528,1696059182.6562946
1,22544,1696059182.676807
1,22560,1696059182.6963878
1,22576,1696059182.716407
1,22592,1696059182.7366514
1,22608,1696059182.7570102
1,22624,1696059182.7766783
1,22640,1696059182.7964447
1,22656,1696059182.8162992
1,22672,1696059182.8366907
1,22688,1696059182.85689
1,22704,1696059182.8764741
1,22720,1696059182.8967235
1,22736,1696059182.9164295
1,22752,1696059182.936512
1,22768,1696059182.9564033
1,22784,1696059182.976076
1,22800,1696059182.9968824
1,22816,1696059183.0167656
1,22832,1696059183.037495
1,22848,1696059183.056801
1,22864,1696059183.0764613
1,22880,1696059183.0967808
1,22896,1696059183.116443
1,22912,1696059183.1362162
1,22928,1696059183.1566732
1,22944,1696059183.1764019
1,22960,1696059183.196806
1,22976,1696059183.2164078
1,22992,1696059183.2363825
1,23008,1696059183.2567701
1,23024,1696059183.2767985
1,23040,1696059183.2963235
1,23056,1696059183.3165052
1,23072,1696059183.336413
1,23088,1696059183.3562968
1,23104,1696059183.3768294
1,23120,1696059183.3968594
1,23136,1696059183.4169261
1,23152,1696059183.4368699
1,23168,1696059183.456532
1,23184,1696059183.4766035
1,23200,1696059183.4960034
1,23216,1696059183.5118756
1,23232,1696059183.5269008
1,23248,1696059183.5423703
1,23264,1696059183.5560243
1,23280,1696059183.5702016
1,23296,1696059183.5861914
1,23312,1696059183.601595
1,23328,1696059183.6170254
1,23344,1696059183.6303966
1,23360,1696059183.645129
1,23376,1696059183.659216
1,23392,1696059183.6742585
1,23408,1696059183.6893506
1,23424,1696059183.7035036
1,23440,1696059183.7187936
1,23456,1696059183.7341428
1,23472,1696059183.7495446
1,23488,1696059183.7630823
1,23504,1696059183.7779176
1,23520,1696059183.7958522
1,23536,1696059183.8111787
1,23552,1696059183.8256533
1,23568,1696059183.8422365
1,23584,1696059183.8579006
1,23600,1696059183.873127
1,23616,1696059183.8870203
1,23632,1696059183.9019547
1,23648,1696059183.916594
1,23664,1696059183.9316208
1,23680,1696059183.9447937
1,23696,1696059183.9596267
1,23712,1696059183.9746675
1,23728,1696059183.9888053
1,23744,1696059184.0040956
1,23760,1696059184.0181668
1,23776,1696059184.033495
1,23792,1696059184.0469913
1,23808,1696059184.0616386
1,23824,1696059184.0752733
1,23840,1696059184.090007
1,23856,1696059184.1037178
1,23872,1696059184.1180263
1,23888,1696059184.1315532
1,23904,1696059184.1460412
1,23920,1696059184.1596787
1,23936,1696059184.1741664
1,23952,1696059184.1877706
1,23968,1696059184.2025828
1,23984,1696059184.2167861
1,24000,1696059184.2309833
1,24016,1696059184.245838
1,24032,1696059184.260322
1,24048,1696059184.27555
1,24064,1696059184.2895043
1,24080,1696059184.304345
1,24096,1696059184.3212264
1,24112,1696059184.334738
1,24128,1696059184.3470576
1,24144,1696059184.3597312
1,24160,1696059184.372384
1,24176,1696059184.3842516
1,24192,1696059184.3957825
1,24208,1696059184.4104059
1,24224,1696059184.4236724
1,24240,1696059184.4354365
1,24256,1696059184.4484437
1,24272,1696059184.4608905
1,24288,1696059184.472371
1,24304,1696059184.4839478
1,24320,1696059184.496932
1,24336,1696059184.5088346
1,24352,1696059184.520413
1,24368,1696059184.5350523
1,24384,1696059184.5468364
1,24400,1696059184.5593436
1,24416,1696059184.5724146
1,24432,1696059184.5838885
1,24448,1696059184.5955315
1,24464,1696059184.6089187
1,24480,1696059184.6207726
1,24496,1696059184.6338658
1,24512,1696059184.6464684
1,24528,1696059184.6589518
1,24544,1696059184.674865
1,24560,1696059184.6868632
1,24576,1696059184.6992414
1,24592,1696059184.7113917
1,24608,1696059184.7242174
1,24624,1696059184.7366261
1,24640,1696059184.7485466
1,24656,1696059184.7615778
1,24672,1696059184.7737012
1,24688,1696059184.7854304
1,24704,1696059184.7982829
1,24720,1696059184.8103175
1,24736,1696059184.8220935
1,24752,1696059184.8345575
1,24768,1696059184.8466156
1,24784,1696059184.8585057
1,24800,1696059184.871125
1,24816,1696059184.8832014
1,24832,1696059184.8959317
1,24848,1696059184.9082394
1,24864,1696059184.920139
1,24880,1696059184.9315367
1,24896,1696059184.9443798
1,24912,1696059184.956343
1,24928,1696059184.967766
1,24944,1696059184.9810529
1,24960,1696059184.9934158
1,24976,1696059185.0048547
1,24992,1696059185.0168574
1,25008,1696059185.0299137
1,25024,1696059185.0418546
1,25040,1696059185.0533915
1,25056,1696059185.0662305
1,25072,1696059185.0783834
1,25088,1696059185.0901692
1,25104,1696059185.1027598
1,25120,1696059185.1147535
1,25136,1696059185.1301408
1,25152,1696059185.1434839
1,25168,1696059185.1561978
1,25184,1696059185.1689744
1,25200,1696059185.1805005
1,25216,1696059185.1938212
1,25232,1696059185.2056317
1,25248,1696059185.2184637
1,25264,1696059185.2307544
1,25280,1696059185.2430208
1,25296,1696059185.2561784
1,25312,1696059185.2676258
1,25328,1696059185.280472
1,25344,1696059185.2948306
1,25360,1696059185.3084795
1,25376,1696059185.3198497
1,25392,1696059185.3322794
1,25408,1696059185.3459163
1,25424,1696059185.3576143
1,25440,1696059185.37042
1,25456,1696059185.3826773
1,25472,1696059185.3947396
1,25488,1696059185.4077833
1,25504,1696059185.4204383
1,25520,1696059185.4317875
1,25536,1696059185.4440587
1,25552,1696059185.4570165
1,25568,1696059185.4696517
1,25584,1696059185.4815245
1,25600,1696059185.4948957
1,25616,1696059185.5071826
1,25632,1696059185.519886
1,25648,1696059185.5330007
1,25664,1696059185.5444016
1,25680,1696059185.5560527
1,25696,1696059185.572604
1,25712,1696059185.5845664
1,25728,1696059185.5959778
1,25744,1696059185.6087213
1,25760,1696059185.622779
1,25776,1696059185.63493
1,25792,1696059185.6476073
1,25808,1696059185.660101
1,25824,1696059185.6716056
1,25840,1696059185.6845562
1,25856,1696059185.697335
1,25872,1696059185.7088513
1,25888,1696059185.721743
1,25904,1696059185.734061
1,25920,1696059185.746079
1,25936,1696059185.7593458
1,25952,1696059185.771597
1,25968,1696059185.784654
1,25984,1696059185.7969632
1,26000,1696059185.8091474
1,26016,1696059185.829414
1,26032,1696059185.8449533
1,26048,1696059185.8606005
1,26064,1696059185.8741753
1,26080,1696059185.8892593
1,26096,1696059185.9029663
1,26112,1696059185.917804
1,26128,1696059185.931317
1,26144,1696059185.9457722
1,26160,1696059185.959361
1,26176,1696059185.9738479
1,26192,1696059185.9902198
1,26208,1696059186.0069315
1,26224,1696059186.0236573
1,26240,1696059186.0394282
1,26256,1696059186.052808
1,26272,1696059186.0681074
1,26288,1696059186.0821521
1,26304,1696059186.0957406
1,26320,1696059186.1099494
1,26336,1696059186.1264324
1,26352,1696059186.1418858
1,26368,1696059186.1574447
1,26384,1696059186.1711626
1,26400,1696059186.1864061
1,26416,1696059186.2027035
1,26432,1696059186.2176542
1,26448,1696059186.232997
1,26464,1696059186.2490723
1,26480,1696059186.2630217
1,26496,1696059186.2812057
1,26512,1696059186.2990339
1,26528,1696059186.3134782
1,26544,1696059186.3292227
1,26560,1696059186.342479
1,26576,1696059186.357364
1,26592,1696059186.3712394
1,26608,1696059186.3861575
1,26624,1696059186.3994524
1,26640,1696059186.4136698
1,26656,1696059186.4273703
1,26672,1696059186.442064
1,26688,1696059186.4559875
1,26704,1696059186.4703758
1,26720,1696059186.4850142
1,26736,1696059186.4998367
1,26752,1696059186.5146828
1,26768,1696059186.5294812
1,26784,1696059186.5442874
1,26800,1696059186.558666
1,26816,1696059186.5735672
1,26832,1696059186.5886586
1,26848,1696059186.6037874
1,26864,1696059186.6168025
1,26880,1696059186.6317465
1,26896,1696059186.6455216
1,26912,1696059186.6593702
1,26928,1696059186.6711645
1,26944,1696059186.6844363
1,26960,1696059186.6983352
1,26976,1696059186.7117887
1,26992,1696059186.7249055
1,27008,1696059186.7365456
1,27024,1696059186.750304
1,27040,1696059186.762625
1,27056,1696059186.775205
1,27072,1696059186.7889807
1,27088,1696059186.8016365
1,27104,1696059186.8157651
1,27120,1696059186.828254
1,27136,1696059186.8420172
1,27152,1696059186.8538713
1,27168,1696059186.866595
1,27184,1696059186.8790317
1,27200,1696059186.8917377
1,27216,1696059186.9052408
1,27232,1696059186.9189515
1,27248,1696059186.9326067
1,27264,1696059186.9459178
1,27280,1696059186.9601247
1,27296,1696059186.9730911
1,27312,1696059186.9879117
1,27328,1696059187.0008316
1,27344,1696059187.0130415
1,27360,1696059187.0289507
1,27376,1696059187.0413644
1,27392,1696059187.0549037
1,27408,1696059187.066417
1,27424,1696059187.0792983
1,27440,1696059187.092612
1,27456,1696059187.1040943
1,27472,1696059187.1156807
1,27488,1696059187.1291578
1,27504,1696059187.1451838
1,27520,1696059187.15956
1,27536,1696059187.1724062
1,27552,1696059187.1864712
1,27568,1696059187.2002738
1,27584,1696059187.213481
1,27600,1696059187.2257628
1,27616,1696059187.2399669
1,27632,1696059187.2530143
1,27648,1696059187.266002
1,27664,1696059187.2812681
1,27680,1696059187.2962244
1,27696,1696059187.3119712
1,27712,1696059187.32549
1,27728,1696059187.3416355
1,27744,1696059187.3576975
1,27760,1696059187.3737795
1,27776,1696059187.390486
1,27792,1696059187.4056258
1,27808,1696059187.420985
1,27824,1696059187.4369032
1,27840,1696059187.4524581
1,27856,1696059187.4664464
1,27872,1696059187.4821436
1,27888,1696059187.497198
1,27904,1696059187.5129917
1,27920,1696059187.5280185
1,27936,1696059187.5433805
1,27952,1696059187.556417
1,27968,1696059187.5721626
1,27984,1696059187.587177
1,28000,1696059187.6039906
1,28016,1696059187.6197908
1,28032,1696059187.6342263
1,28048,1696059187.649737
1,28064,1696059187.6648657
1,28080,1696059187.6792898
1,28096,1696059187.6945546
1,28112,1696059187.709514
1,28128,1696059187.7261565
1,28144,1696059187.7419739
1,28160,1696059187.758225
1,28176,1696059187.773475
1,28192,1696059187.788634
1,28208,1696059187.8045685
1,28224,1696059187.819857
1,28240,1696059187.8340912
1,28256,1696059187.8503256
1,28272,1696059187.8656497
1,28288,1696059187.8792448
1,28304,1696059187.8946097
1,28320,1696059187.9103184
1,28336,1696059187.9248486
1,28352,1696059187.9409595
1,28368,1696059187.9585912
1,28384,1696059187.9741375
1,28400,1696059187.990377
1,28416,1696059188.0055747
1,28432,1696059188.02084
1,28448,1696059188.0369592
1,28464,1696059188.050735
1,28480,1696059188.0658236
1,28496,1696059188.0824637
1,28512,1696059188.097006
1,28528,1696059188.1120327
1,28544,1696059188.1283522
1,28560,1696059188.1419
1,28576,1696059188.1602247
1,28592,1696059188.1755872
1,28608,1696059188.1907558
1,28624,1696059188.2058475
1,28640,1696059188.222097
1,28656,1696059188.2374637
1,28672,1696059188.2525544
1,28688,1696059188.2666523
1,28704,1696059188.2819567
1,28720,1696059188.2976146
1,28736,1696059188.3154528
1,28752,1696059188.3316445
1,28768,1696059188.3463624
1,28784,1696059188.3598793
1,28800,1696059188.3759453
1,28816,1696059188.390697
1,28832,1696059188.4051158
1,28848,1696059188.4212046
1,28864,1696059188.4363163
1,28880,1696059188.44983
1,28896,1696059188.466183
1,28912,1696059188.4819164
1,28928,1696059188.4971235
1,28944,1696059188.512955
1,28960,1696059188.527682
1,28976,1696059188.5427122
1,28992,1696059188.5576038
1,29008,1696059188.5735815
1,29024,1696059188.5893285
1,29040,1696059188.6073177
1,29056,1696059188.6223125
1,29072,1696059188.6378288
1,29088,1696059188.652113
1,29104,1696059188.667315
1,29120,1696059188.6821384
1,29136,1696059188.6969163
1,29152,1696059188.7131531
1,29168,1696059188.7287097
1,29184,1696059188.7424839
1,29200,1696059188.7586932
1,29216,1696059188.7743719
1,29232,1696059188.7877994
1,29248,1696059188.8061547
1,29264,1696059188.8190384
1,29280,1696059188.8395538
1,29296,1696059188.8589792
1,29312,1696059188.8797507
1,29328,1696059188.9005005
1,29344,1696059188.920774
1,29360,1696059188.9402442
1,29376,1696059188.960689
1,29392,1696059188.9808848
1,29408,1696059189.0006309
1,29424,1696059189.0201254
1,29440,1696059189.040799
1,29456,1696059189.060435
1,29472,1696059189.080338
1,29488,1696059189.100098
1,29504,1696059189.1206174
1,29520,1696059189.1402643
1,29536,1696059189.160724
1,29552,1696059189.180424
1,29568,1696059189.2006197
1,29584,1696059189.2208252
1,29600,1696059189.240805
1,29616,1696059189.2609005
1,29632,1696059189.2811153
1,29648,1696059189.3006387
1,29664,1696059189.3203785
1,29680,1696059189.340784
1,29696,1696059189.3607166
1,29712,1696059189.3802307
1,29728,1696059189.3997443
1,29744,1696059189.4182506
1,29760,1696059189.439436
1,29776,1696059189.4576862
1,29792,1696059189.4739358
1,29808,1696059189.4907103
1,29824,1696059189.5060947
1,29840,1696059189.5208778
1,29856,1696059189.535517
1,29872,1696059189.5513287
1,29888,1696059189.5671105
1,29904,1696059189.5828812
1,29920,1696059189.5976026
1,29936,1696059189.6130192
1,29952,1696059189.6267545
1,29968,1696059189.6381562
1,29984,1696059189.6526554
1,30000,1696059189.6697707
1,30016,1696059189.6864195
1,30032,1696059189.7018857
1,30048,1696059189.7157054
1,30064,1696059189.7310338
1,30080,1696059189.7468605
1,30096,1696059189.7616415
1,30112,1696059189.7783985
1,30128,1696059189.7929866
1,30144,1696059189.80841
1,30160,1696059189.8212276
1,30176,1696059189.8337102
1,30192,1696059189.845021
1,30208,1696059189.8555279
1,30224,1696059189.866555
1,30240,1696059189.8788414
1,30256,1696059189.8915954
1,30272,1696059189.9022331
1,30288,1696059189.9130747
1,30304,1696059189.924575
1,30320,1696059189.9368136
1,30336,1696059189.94752
1,30352,1696059189.9583461
1,30368,1696059189.9701865
1,30384,1696059189.982948
1,30400,1696059189.9936883
1,30416,1696059190.004575
1,30432,1696059190.016243
1,30448,1696059190.0286133
1,30464,1696059190.0392983
1,30480,1696059190.051082
1,30496,1696059190.0630696
1,30512,1696059190.0739088
1,30528,1696059190.084504
1,30544,1696059190.0955436
1,30560,1696059190.1082416
1,30576,1696059190.1189628
1,30592,1696059190.1297472
1,30608,1696059190.1413317
1,30624,1696059190.153646
1,30640,1696059190.1648633
1,30656,1696059190.17539
1,30672,1696059190.1864676
1,30688,1696059190.198531
1,30704,1696059190.2097907
1,30720,1696059190.2207887
1,30736,1696059190.231994
1,30752,1696059190.2431793
1,30768,1696059190.2555966
1,30784,1696059190.2670891
1,30800,1696059190.277891
1,30816,1696059190.2896616
1,30832,1696059190.3014565
1,30848,1696059190.3121464
1,30864,1696059190.323265
1,30880,1696059190.3356462
1,30896,1696059190.3480518
1,30912,1696059190.3593612
1,30928,1696059190.3708148
1,30944,1696059190.3815765
1,30960,1696059190.3921072
1,30976,1696059190.4031427
1,30992,1696059190.4153712
1,31008,1696059190.4265137
1,31024,1696059190.438101
1,31040,1696059190.4506917
1,31056,1696059190.461557
1,31072,1696059190.4722338
1,31088,1696059190.4834242
1,31104,1696059190.4962242
1,31120,1696059190.5081887
1,31136,1696059190.5193324
1,31152,1696059190.53083
1,31168,1696059190.5414948
1,31184,1696059190.5522468
1,31200,1696059190.563206
1,31216,1696059190.5758588
1,31232,1696059190.5881717
1,31248,1696059190.5993044
1,31264,1696059190.6102035
1,31280,1696059190.6212971
1,31296,1696059190.633708
1,31312,1696059190.6448855
1,31328,1696059190.6557393
1,31344,1696059190.6674318
1,31360,1696059190.6787012
1,31376,1696059190.6893532
1,31392,1696059190.7000766
1,31408,1696059190.711987
1,31424,1696059190.7232773
1,31440,1696059190.7337701
1,31456,1696059190.7446756
1,31472,1696059190.755973
1,31488,1696059190.7686658
1,31504,1696059190.7805455
1,31520,1696059190.79093
1,31536,1696059190.8020198
1,31552,1696059190.8137407
1,31568,1696059190.826242
1,31584,1696059190.8374367
1,31600,1696059190.8481781
1,31616,1696059190.8593218
1,31632,1696059190.8715827
1,31648,1696059190.883528
1,31664,1696059190.8955622
1,31680,1696059190.9061086
1,31696,1696059190.9172733
1,31712,1696059190.9292471
1,31728,1696059190.9398677
1,31744,1696059190.9509535
1,31760,1696059190.963198
1,31776,1696059190.975734
1,31792,1696059190.9871178
1,31808,1696059190.9976318
1,31824,1696059191.008446
1,31840,1696059191.0207253
1,31856,1696059191.0324419
1,31872,1696059191.0501351
1,31888,1696059191.0648658
1,31904,1696059191.079745
1,31920,1696059191.0938923
1,31936,1696059191.1072807
1,31952,1696059191.1234746
1,31968,1696059191.138199
1,31984,1696059191.1506553
1,32000,1696059191.163511
1,32016,1696059191.1776512
1,32032,1696059191.190071
1,32048,1696059191.2037818
1,32064,1696059191.2169433
1,32080,1696059191.2288702
1,32096,1696059191.2430754
1,32112,1696059191.2559536
1,32128,1696059191.2692254
1,32144,1696059191.2821918
1,32160,1696059191.2955067
1,32176,1696059191.3076572
1,32192,1696059191.3214853
1,32208,1696059191.3350136
1,32224,1696059191.348455
1,32240,1696059191.3622932
1,32256,1696059191.376478
1,32272,1696059191.3885937
1,32288,1696059191.4021769
1,32304,1696059191.4138224
1,32320,1696059191.4260042
1,32336,1696059191.4406276
1,32352,1696059191.4523418
1,32368,1696059191.4656584
1,32384,1696059191.4785101
1,32400,1696059191.492245
1,32416,1696059191.5050356
1,32432,1696059191.5210028
1,32448,1696059191.533707
1,32464,1696059191.5467958
1,32480,1696059191.5591109
1,32496,1696059191.571923
1,32512,1696059191.5850523
1,32528,1696059191.5965822
1,32544,1696059191.6104257
1,32560,1696059191.623321
1,32576,1696059191.6396341
1,32592,1696059191.6538975
1,32608,1696059191.667608
1,32624,1696059191.679143
1,32640,1696059191.6919951
1,32656,1696059191.7054622
1,32672,1696059191.7182865
1,32688,1696059191.732037
1,32704,1696059191.7456172
1,32720,1696059191.758219
1,32736,1696059191.7711275
1,32752,1696059191.7837896
1,32768,1696059191.7969139
1,32784,1696059191.8087842
1,32800,1696059191.8229418
1,32816,1696059191.8358898
1,32832,1696059191.849722
1,32848,1696059191.86197
1,32864,1696059191.8762329
1,32880,1696059191.8893895
1,32896,1696059191.9023733
1,32912,1696059191.915166
1,32928,1696059191.9270978
1,32944,1696059191.939879
1,32960,1696059191.9525363
1,32976,1696059191.9643884
1,32992,1696059191.975964
1,33008,1696059191.9895468
1,33024,1696059192.002265
1,33040,1696059192.016125
1,33056,1696059192.029011
1,33072,1696059192.0409641
1,33088,1696059192.0566885
1,33104,1696059192.0690298
1,33120,1696059192.0823007
1,33136,1696059192.0944617
1,33152,1696059192.107864
1,33168,1696059192.1198254
1,33184,1696059192.1326482
1,33200,1696059192.146095
1,33216,1696059192.161425
1,33232,1696059192.1742105
1,33248,1696059192.1883721
1,33264,1696059192.200101
1,33280,1696059192.2157433
1,33296,1696059192.2311485
1,33312,1696059192.2438293
1,33328,1696059192.255813
1,33344,1696059192.2690873
1,33360,1696059192.281286
1,33376,1696059192.292823
1,33392,1696059192.3061554
1,33408,1696059192.3193676
1,33424,1696059192.3325167
1,33440,1696059192.3463397
1,33456,1696059192.359111
1,33472,1696059192.372365
1,33488,1696059192.3845422
1,33504,1696059192.396711
1,33520,1696059192.4100149
1,33536,1696059192.4224389
1,33552,1696059192.4343836
1,33568,1696059192.4476275
1,33584,1696059192.4600658
1,33600,1696059192.4718294
1,33616,1696059192.4847517
1,33632,1696059192.4967823
1,33648,1696059192.5093691
1,33664,1696059192.5227308
1,33680,1696059192.5349376
1,33696,1696059192.548164
1,33712,1696059192.561112
1,33728,1696059192.575597
1,33744,1696059192.5879302
1,33760,1696059192.601562
1,33776,1696059192.6133025
1,33792,1696059192.6264048
1,33808,1696059192.6387706
1,33824,1696059192.6503112
1,33840,1696059192.6632538
1,33856,1696059192.6768737
1,33872,1696059192.6909914
1,33888,1696059192.705382
1,33904,1696059192.7180257
1,33920,1696059192.7318661
1,33936,1696059192.743513
1,33952,1696059192.7551413
1,33968,1696059192.7687757
1,33984,1696059192.7816923
1,34000,1696059192.79355
1,34016,1696059192.80777
1,34032,1696059192.8208833
1,34048,1696059192.8347843
1,34064,1696059192.849135
1,34080,1696059192.8615508
1,34096,1696059192.8754919
1,34112,1696059192.8874109
1,34128,1696059192.9004636
1,34144,1696059192.914043
1,34160,1696059192.927412
1,34176,1696059192.9413464
1,34192,1696059192.954074
1,34208,1696059192.9673228
1,34224,1696059192.9790013
1,34240,1696059192.9918642
1,34256,1696059193.0044718
1,34272,1696059193.0160666
1,34288,1696059193.0299067
1,34304,1696059193.042688
1,34320,1696059193.0561535
1,34336,1696059193.0690331
1,34352,1696059193.0822577
1,34368,1696059193.095271
1,34384,1696059193.1084468
1,34400,1696059193.1220675
1,34416,1696059193.1354284
1,34432,1696059193.1486745
1,34448,1696059193.1603801
1,34464,1696059193.1761966
1,34480,1696059193.1897204
1,34496,1696059193.203864
1,34512,1696059193.2178626
1,34528,1696059193.2303271
1,34544,1696059193.2441905
1,34560,1696059193.2569335
1,34576,1696059193.2706354
1,34592,1696059193.284986
1,34608,1696059193.2962754
1,34624,1696059193.3096006
1,34640,1696059193.3220272
1,34656,1696059193.3364835
1,34672,1696059193.349612
1,34688,1696059193.363122
1,34704,1696059193.376371
1,34720,1696059193.3882132
1,34736,1696059193.3998682
1,34752,1696059193.4129658
1,34768,1696059193.4235115
1,34784,1696059193.434972
1,34800,1696059193.4472663
1,34816,1696059193.4583106
1,34832,1696059193.4690654
1,34848,1696059193.4805002
1,34864,1696059193.4927175
1,34880,1696059193.5033433
1,34896,1696059193.514217
1,34912,1696059193.5261235
1,34928,1696059193.537685
1,34944,1696059193.548237
1,34960,1696059193.5640066
1,34976,1696059193.5766857
1,34992,1696059193.5896106
1,35008,1696059193.603821
1,35024,1696059193.615503
1,35040,1696059193.628485
1,35056,1696059193.6427257
1,35072,1696059193.6546962
1,35088,1696059193.6671066
1,35104,1696059193.679254
1,35120,1696059193.6917393
1,35136,1696059193.704726
1,35152,1696059193.7163453
1,35168,1696059193.7280009
1,35184,1696059193.7414265
1,35200,1696059193.753846
1,35216,1696059193.7659543
1,35232,1696059193.7787588
1,35248,1696059193.789985
1,35264,1696059193.80236
1,35280,1696059193.8155568
1,35296,1696059193.8274693
1,35312,1696059193.8403642
1,35328,1696059193.8528907
1,35344,1696059193.8643737
1,35360,1696059193.8759317
1,35376,1696059193.8894227
1,35392,1696059193.9009674
1,35408,1696059193.9140048
1,35424,1696059193.9263287
1,35440,1696059193.9382892
1,35456,1696059193.9511924
1,35472,1696059193.9636045
1,35488,1696059193.9751241
1,35504,1696059193.9884355
1,35520,1696059194.0010767
1,35536,1696059194.0124516
1,35552,1696059194.024049
1,35568,1696059194.0363364
1,35584,1696059194.048231
1,35600,1696059194.059474
1,35616,1696059194.071604
1,35632,1696059194.0840747
1,35648,1696059194.0954676
1,35664,1696059194.108329
1,35680,1696059194.1207998
1,35696,1696059194.1315958
1,35712,1696059194.1447845
1,35728,1696059194.1571753
1,35744,1696059194.1687856
1,35760,1696059194.1802816
1,35776,1696059194.1928616
1,35792,1696059194.2045734
1,35808,1696059194.2177715
1,35824,1696059194.230116
1,35840,1696059194.2414956
1,35856,1696059194.2533865
1,35872,1696059194.2654328
1,35888,1696059194.2772555
1,35904,1696059194.2932923
1,35920,1696059194.304811
1,35936,1696059194.3165781
1,35952,1696059194.3297105
1,35968,1696059194.3415632
1,35984,1696059194.3524935
1,36000,1696059194.3646407
1,36016,1696059194.3770359
1,36032,1696059194.3887103
1,36048,1696059194.3999074
1,36064,1696059194.4127836
1,36080,1696059194.4242768
1,36096,1696059194.4351058
1,36112,1696059194.447593
1,36128,1696059194.4601955
1,36144,1696059194.4720187
1,36160,1696059194.48381
1,36176,1696059194.496318
1,36192,1696059194.5075493
1,36208,1696059194.5186937
1,36224,1696059194.530146
1,36240,1696059194.5423772
1,36256,1696059194.5552948
1,36272,1696059194.567178
1,36288,1696059194.5785882
1,36304,1696059194.5908675
1,36320,1696059194.6037781
1,36336,1696059194.6156793
1,36352,1696059194.627075
1,36368,1696059194.6387806
1,36384,1696059194.651648
1,36400,1696059194.6640773
1,36416,1696059194.6758423
1,36432,1696059194.6882656
1,36448,1696059194.7001305
1,36464,1696059194.7117362
1,36480,1696059194.7240193
1,36496,1696059194.7363331
1,36512,1696059194.7478714
1,36528,1696059194.7602825
1,36544,1696059194.7726235
1,36560,1696059194.78414
1,36576,1696059194.7956798
1,36592,1696059194.8076904
1,36608,1696059194.8201437
1,36624,1696059194.8316848
1,36640,1696059194.8450499
1,36656,1696059194.8567867
1,36672,1696059194.8685653
1,36688,1696059194.8814046
1,36704,1696059194.893066
1,36720,1696059194.9046917
1,36736,1696059194.9162843
1,36752,1696059194.928959
1,36768,1696059194.940693
1,36784,1696059194.9533632
1,36800,1696059194.9653282
1,36816,1696059194.9770672
1,36832,1696059194.9902377
1,36848,1696059195.0021286
1,36864,1696059195.013922
1,36880,1696059195.0268054
1,36896,1696059195.0380802
1,36912,1696059195.0494862
1,36928,1696059195.0627058
1,36944,1696059195.073899
1,36960,1696059195.0850103
1,36976,1696059195.0970006
1,36992,1696059195.1095588
1,37008,1696059195.1205175
1,37024,1696059195.1321156
1,37040,1696059195.1450837
1,37056,1696059195.15691
1,37072,1696059195.1694634
1,37088,1696059195.181326
1,37104,1696059195.1930196
1,37120,1696059195.2059498
1,37136,1696059195.2170274
1,37152,1696059195.2288456
1,37168,1696059195.2406762
1,37184,1696059195.2532377
1,37200,1696059195.26541
1,37216,1696059195.2762258
1,37232,1696059195.287855
1,37248,1696059195.3007894
1,37264,1696059195.3130422
1,37280,1696059195.324609
1,37296,1696059195.3374832
1,37312,1696059195.349459
1,37328,1696059195.3606246
1,37344,1696059195.3719456
1,37360,1696059195.384862
1,37376,1696059195.397434
1,37392,1696059195.4086478
1,37408,1696059195.42135
1,37424,1696059195.4332025
1,37440,1696059195.4443362
1,37456,1696059195.456327
1,37472,1696059195.4683433
1,37488,1696059195.4830787
1,37504,1696059195.4977236
1,37520,1696059195.5105822
1,37536,1696059195.522482
1,37552,1696059195.5348506
1,37568,1696059195.5482745
1,37584,1696059195.5590985
1,37600,1696059195.570417
1,37616,1696059195.5832322
1,37632,1696059195.5955865
1,37648,1696059195.60659
1,37664,1696059195.618659
1,37680,1696059195.6312995
1,37696,1696059195.6435778
1,37712,1696059195.655803
1,37728,1696059195.6691651
1,37744,1696059195.6810641
1,37760,1696059195.69417
1,37776,1696059195.7060356
1,37792,1696059195.7194765
1,37808,1696059195.7319698
1,37824,1696059195.7449987
1,37840,1696059195.758049
1,37856,1696059195.7699356
1,37872,1696059195.7845712
1,37888,1696059195.7975662
1,37904,1696059195.8103197
1,37920,1696059195.8235838
1,37936,1696059195.835105
1,37952,1696059195.8484945
1,37968,1696059195.860909
1,37984,1696059195.8726544
1,38000,1696059195.887185
1,38016,1696059195.9003587
1,38032,1696059195.9131796
1,38048,1696059195.9282782
1,38064,1696059195.9412308
1,38080,1696059195.9538455
1,38096,1696059195.9679642
1,38112,1696059195.9799366
1,38128,1696059195.9946795
1,38144,1696059196.0092485
1,38160,1696059196.021435
1,38176,1696059196.036567
1,38192,1696059196.0505729
1,38208,1696059196.063743
1,38224,1696059196.0761042
1,38240,1696059196.0881584
1,38256,1696059196.1016247
1,38272,1696059196.115906
1,38288,1696059196.127683
1,38304,1696059196.139694
1,38320,1696059196.1511688
1,38336,1696059196.1621563
1,38352,1696059196.1729066
1,38368,1696059196.1842215
1,38384,1696059196.1956728
1,38400,1696059196.208278
1,38416,1696059196.2192416
1,38432,1696059196.2301314
1,38448,1696059196.2421072
1,38464,1696059196.2549102
1,38480,1696059196.2687626
1,38496,1696059196.282074
1,38512,1696059196.2969944
1,38528,1696059196.3100376
1,38544,1696059196.3231246
1,38560,1696059196.3357778
1,38576,1696059196.3483603
1,38592,1696059196.362377
1,38608,1696059196.37784
1,38624,1696059196.394265
1,38640,1696059196.406437
1,38656,1696059196.4196875
1,38672,1696059196.433408
1,38688,1696059196.447745
1,38704,1696059196.4593987
1,38720,1696059196.472432
1,38736,1696059196.4853039
1,38752,1696059196.4968472
1,38768,1696059196.508663
1,38784,1696059196.5218163
1,38800,1696059196.5341768
1,38816,1696059196.5461318
1,38832,1696059196.559361
1,38848,1696059196.5716276
1,38864,1696059196.5844777
1,38880,1696059196.5969799
1,38896,1696059196.6084082
1,38912,1696059196.6199234
1,38928,1696059196.6331975
1,38944,1696059196.6456008
1,38960,1696059196.6572638
1,38976,1696059196.6707942
1,38992,1696059196.6830509
1,39008,1696059196.6953063
1,39024,1696059196.7079074
1,39040,1696059196.7205744
1,39056,1696059196.7319262
1,39072,1696059196.7433734
1,39088,1696059196.7567832
1,39104,1696059196.769161
1,39120,1696059196.7816558
1,39136,1696059196.7950065
1,39152,1696059196.807112
1,39168,1696059196.8195748
1,39184,1696059196.832054
1,39200,1696059196.8451881
1,39216,1696059196.8591495
1,39232,1696059196.8708067
1,39248,1696059196.882955
1,39264,1696059196.895401
1,39280,1696059196.9076443
1,39296,1696059196.9193602
1,39312,1696059196.9314325
1,39328,1696059196.9436483
1,39344,1696059196.9554565
1,39360,1696059196.9680524
1,39376,1696059196.9808087
1,39392,1696059196.992128
1,39408,1696059197.0035634
1,39424,1696059197.0164492
1,39440,1696059197.0287585
1,39456,1696059197.0402062
1,39472,1696059197.0523756
1,39488,1696059197.0666018
1,39504,1696059197.0789597
1,39520,1696059197.0916789
1,39536,1696059197.1037936
1,39552,1696059197.1150937
1,39568,1696059197.127691
1,39584,1696059197.141479
1,39600,1696059197.1543295
1,39616,1696059197.167451
1,39632,1696059197.1815357
1,39648,1696059197.1968021
1,39664,1696059197.210907
1,39680,1696059197.223562
1,39696,1696059197.2368042
1,39712,1696059197.24851
1,39728,1696059197.264653
1,39744,1696059197.2770028
1,39760,1696059197.2913058
1,39776,1696059197.3044362
1,39792,1696059197.3178613
1,39808,1696059197.329622
1,39824,1696059197.343258
1,39840,1696059197.355334
1,39856,1696059197.3691692
1,39872,1696059197.3827705
1,39888,1696059197.3971353
1,39904,1696059197.410115
1,39920,1696059197.4237485
1,39936,1696059197.4360225
1,39952,1696059197.4493177
1,39968,1696059197.460819
1,39984,1696059197.4716997
1,40000,1696059197.4839358
1,40016,1696059197.4963129
1,40032,1696059197.506738
1,40048,1696059197.5177317
1,40064,1696059197.5292695
1,40080,1696059197.541966
1,40096,1696059197.553352
1,40112,1696059197.564237
1,40128,1696059197.5751617
1,40144,1696059197.5875022
1,40160,1696059197.6000896
1,40176,1696059197.611325
1,40192,1696059197.6223216
1,40208,1696059197.633921
1,40224,1696059197.6466932
1,40240,1696059197.6574268
1,40256,1696059197.6682494
1,40272,1696059197.6796336
1,40288,1696059197.6919076
1,40304,1696059197.7042189
1,40320,1696059197.7153673
1,40336,1696059197.726453
1,40352,1696059197.737247
1,40368,1696059197.7488537
1,40384,1696059197.7610104
1,40400,1696059197.7720325
1,40416,1696059197.7829747
1,40432,1696059197.7956192
1,40448,1696059197.8068917
1,40464,1696059197.817704
1,40480,1696059197.8294303
1,40496,1696059197.8418188
1,40512,1696059197.8529332
1,40528,1696059197.863421
1,40544,1696059197.875622
1,40560,1696059197.887939
1,40576,1696059197.8989875
1,40592,1696059197.9096377
1,40608,1696059197.920231
1,40624,1696059197.9312775
1,40640,1696059197.9435563
1,40656,1696059197.9571176
1,40672,1696059197.9706664
1,40688,1696059197.983761
1,40704,1696059197.9946792
1,40720,1696059198.0080173
1,40736,1696059198.0197878
1,40752,1696059198.0312724
1,40768,1696059198.0465178
1,40784,1696059198.0582325
1,40800,1696059198.070643
1,40816,1696059198.0844662
1,40832,1696059198.0963576
1,40848,1696059198.1075602
1,40864,1696059198.119852
1,40880,1696059198.1323442
1,40896,1696059198.1464672
1,40912,1696059198.1574457
1,40928,1696059198.1704838
1,40944,1696059198.183461
1,40960,1696059198.195575
1,40976,1696059198.2080004
1,40992,1696059198.2225575
1,41008,1696059198.234378
1,41024,1696059198.2467759
1,41040,1696059198.2584696
1,41056,1696059198.2715116
1,41072,1696059198.283023
1,41088,1696059198.2947874
1,41104,1696059198.3084123
1,41120,1696059198.3209162
1,41136,1696059198.3318334
1,41152,1696059198.3434987
1,41168,1696059198.3587992
1,41184,1696059198.3703618
1,41200,1696059198.383622
1,41216,1696059198.3972194
1,41232,1696059198.409313
1,41248,1696059198.4224315
1,41264,1696059198.4339788
1,41280,1696059198.4460125
1,41296,1696059198.4583871
1,41312,1696059198.4709253
1,41328,1696059198.4916437
1,41344,1696059198.5058556
1,41360,1696059198.5181727
1,41376,1696059198.5304308
1,41392,1696059198.5425682
1,41408,1696059198.5553293
1,41424,1696059198.5666735
1,41440,1696059198.5793304
1,41456,1696059198.5910413
1,41472,1696059198.6043763
1,41488,1696059198.6158025
1,41504,1696059198.6280105
1,41520,1696059198.6397913
1,41536,1696059198.653517
1,41552,1696059198.665282
1,41568,1696059198.676969
1,41584,1696059198.6913922
1,41600,1696059198.703502
1,41616,1696059198.716225
1,41632,1696059198.7287548
1,41648,1696059198.739937
1,41664,1696059198.7515836
1,41680,1696059198.764551
1,41696,1696059198.7769594
1,41712,1696059198.7885134
1,41728,1696059198.800034
1,41744,1696059198.813246
1,41760,1696059198.8255315
1,41776,1696059198.837004
1,41792,1696059198.8485985
1,41808,1696059198.8629005
1,41824,1696059198.874596
1,41840,1696059198.8871195
1,41856,1696059198.9001515
1,41872,1696059198.9115577
1,41888,1696059198.9245532
1,41904,1696059198.9371684
1,41920,1696059198.9486132
1,41936,1696059198.9621017
1,41952,1696059198.9744177
1,41968,1696059198.9863741
1,41984,1696059198.9995794
1,42000,1696059199.012197
1,42016,1696059199.0242789
1,42032,1696059199.0366054
1,42048,1696059199.0479906
1,42064,1696059199.0594366
1,42080,1696059199.0723233
1,42096,1696059199.084816
1,42112,1696059199.0961704
1,42128,1696059199.1089623
1,42144,1696059199.1204915
1,42160,1696059199.1336114
1,42176,1696059199.145566
1,42192,1696059199.1569717
1,42208,1696059199.1688566
1,42224,1696059199.1816502
1,42240,1696059199.1931531
1,42256,1696059199.2060223
1,42272,1696059199.2180007
1,42288,1696059199.2296007
1,42304,1696059199.242319
1,42320,1696059199.2542832
1,42336,1696059199.2662215
1,42352,1696059199.2794816
1,42368,1696059199.2913752
1,42384,1696059199.3041523
1,42400,1696059199.3166058
1,42416,1696059199.3279002
1,42432,1696059199.3393574
1,42448,1696059199.3520992
1,42464,1696059199.3643484
1,42480,1696059199.3761938
1,42496,1696059199.3876085
1,42512,1696059199.4002736
1,42528,1696059199.412145
1,42544,1696059199.4235728
1,42560,1696059199.4364986
1,42576,1696059199.4489
1,42592,1696059199.4602287
1,42608,1696059199.471715
1,42624,1696059199.4846015
1,42640,1696059199.496871
1,42656,1696059199.508184
1,42672,1696059199.5196245
1,42688,1696059199.5325258
1,42704,1696059199.5497236
1,42720,1696059199.5609224
1,42736,1696059199.5727084
1,42752,1696059199.585886
1,42768,1696059199.5978632
1,42784,1696059199.6094375
1,42800,1696059199.6217246
1,42816,1696059199.6338727
1,42832,1696059199.645331
1,42848,1696059199.6580145
1,42864,1696059199.6699877
1,42880,1696059199.6815045
1,42896,1696059199.6944284
1,42912,1696059199.7064779
1,42928,1696059199.718344
1,42944,1696059199.730922
1,42960,1696059199.7423341
1,42976,1696059199.7547193
1,42992,1696059199.7678945
1,43008,1696059199.779343
1,43024,1696059199.792106
1,43040,1696059199.8043582
1,43056,1696059199.816148
1,43072,1696059199.828856
1,43088,1696059199.8405688
1,43104,1696059199.8520286
1,43120,1696059199.8647768
1,43136,1696059199.8765821
1,43152,1696059199.889668
1,43168,1696059199.901658
1,43184,1696059199.9130638
1,43200,1696059199.926021
1,43216,1696059199.9379299
1,43232,1696059199.9498422
1,43248,1696059199.9628146
1,43264,1696059199.9746947
1,43280,1696059199.9868193
1,43296,1696059199.9991632
1,43312,1696059200.0117104
1,43328,1696059200.0232098
1,43344,1696059200.0359929
1,43360,1696059200.0487814
1,43376,1696059200.0604217
1,43392,1696059200.075744
1,43408,1696059200.0889812
1,43424,1696059200.1032047
1,43440,1696059200.1153538
1,43456,1696059200.1276062
1,43472,1696059200.1397994
1,43488,1696059200.1535609
1,43504,1696059200.1669269
1,43520,1696059200.178511
1,43536,1696059200.190421
1,43552,1696059200.202179
1,43568,1696059200.2152474
1,43584,1696059200.227038
1,43600,1696059200.2394028
1,43616,1696059200.2522466
1,43632,1696059200.263528
1,43648,1696059200.2762315
1,43664,1696059200.2885203
1,43680,1696059200.3013074
1,43696,1696059200.3148928
1,43712,1696059200.3267088
1,43728,1696059200.3385031
1,43744,1696059200.3510334
1,43760,1696059200.3630073
1,43776,1696059200.3752847
1,43792,1696059200.3876252
1,43808,1696059200.3996298
1,43824,1696059200.4125476
1,43840,1696059200.4247246
1,43856,1696059200.4357433
1,43872,1696059200.448087
1,43888,1696059200.46142
1,43904,1696059200.4729056
1,43920,1696059200.48443
1,43936,1696059200.4974198
1,43952,1696059200.5088942
1,43968,1696059200.521786
1,43984,1696059200.5337448
1,44000,1696059200.5454051
1,44016,1696059200.5580628
1,44032,1696059200.569974
1,44048,1696059200.5821095
1,44064,1696059200.5952299
1,44080,1696059200.606806
1,44096,1696059200.6180935
1,44112,1696059200.6304436
1,44128,1696059200.6434731
1,44144,1696059200.6549065
1,44160,1696059200.6668453
1,44176,1696059200.6793134
1,44192,1696059200.6906989
1,44208,1696059200.703445
1,44224,1696059200.7161536
1,44240,1696059200.7278876
1,44256,1696059200.7405632
1,44272,1696059200.752964
1,44288,1696059200.7645535
1,44304,1696059200.7773821
1,44320,1696059200.7895155
1,44336,1696059200.8009062
1,44352,1696059200.8127122
1,44368,1696059200.8257976
1,44384,1696059200.8373773
1,44400,1696059200.8489578
1,44416,1696059200.8621888
1,44432,1696059200.8741362
1,44448,1696059200.885726
1,44464,1696059200.898806
1,44480,1696059200.910573
1,44496,1696059200.9224527
1,44512,1696059200.9349043
1,44528,1696059200.946909
1,44544,1696059200.9589229
1,44560,1696059200.971418
1,44576,1696059200.983469
1,44592,1696059200.9962854
1,44608,1696059201.008682
1,44624,1696059201.0199766
1,44640,1696059201.0324683
1,44656,1696059201.0457997
1,44672,1696059201.057339
1,44688,1696059201.0702343
1,44704,1696059201.082079
1,44720,1696059201.093668
1,44736,1696059201.1065345
1,44752,1696059201.1183054
1,44768,1696059201.1300933
1,44784,1696059201.1431465
1,44800,1696059201.1548913
1,44816,1696059201.1669059
1,44832,1696059201.1794002
1,44848,1696059201.191421
1,44864,1696059201.20418
1,44880,1696059201.2175612
1,44896,1696059201.233589
1,44912,1696059201.2456002
1,44928,1696059201.2582176
1,44944,1696059201.2702892
1,44960,1696059201.2819471
1,44976,1696059201.2966423
1,44992,1696059201.3105555
1,45008,1696059201.3245142
1,45024,1696059201.337524
1,45040,1696059201.3491087
1,45056,1696059201.3619926
1,45072,1696059201.3739443
1,45088,1696059201.3855999
1,45104,1696059201.3981535
1,45120,1696059201.4095051
1,45136,1696059201.4215453
1,45152,1696059201.4343343
1,45168,1696059201.4462836
1,45184,1696059201.4579518
1,45200,1696059201.470572
1,45216,1696059201.4825516
1,45232,1696059201.4943416
1,45248,1696059201.5068448
1,45264,1696059201.5188527
1,45280,1696059201.5317714
1,45296,1696059201.54428
1,45312,1696059201.5563667
1,45328,1696059201.567711
1,45344,1696059201.5804305
1,45360,1696059201.5947428
1,45376,1696059201.6068113
1,45392,1696059201.6192846
1,45408,1696059201.6311893
1,45424,1696059201.6437047
1,45440,1696059201.6560621
1,45456,1696059201.6679032
1,45472,1696059201.6827698
1,45488,1696059201.6953855
1,45504,1696059201.7082658
1,45520,1696059201.7208564
1,45536,1696059201.732209
1,45552,1696059201.7452435
1,45568,1696059201.758705
1,45584,1696059201.7700145
1,45600,1696059201.7823622
1,45616,1696059201.7954147
1,45632,1696059201.8071203
1,45648,1696059201.8196945
1,45664,1696059201.8320634
1,45680,1696059201.843882
1,45696,1696059201.8588235
1,45712,1696059201.8708146
1,45728,1696059201.8832905
1,45744,1696059201.8953454
1,45760,1696059201.908075
1,45776,1696059201.9203436
1,45792,1696059201.932215
1,45808,1696059201.9449413
1,45824,1696059201.9567437
1,45840,1696059201.9682486
1,45856,1696059201.9810238
1,45872,1696059201.9927423
1,45888,1696059202.0058742
1,45904,1696059202.0179033
1,45920,1696059202.029401
1,45936,1696059202.0423033
1,45952,1696059202.0542014
1,45968,1696059202.0658662
1,45984,1696059202.0789337
1,46000,1696059202.0907068
1,46016,1696059202.1020052
1,46032,1696059202.1143944
1,46048,1696059202.1273859
1,46064,1696059202.1388998
1,46080,1696059202.150933
1,46096,1696059202.1633835
1,46112,1696059202.1752298
1,46128,1696059202.1875074
1,46144,1696059202.1998446
1,46160,1696059202.2117457
1,46176,1696059202.224533
1,46192,1696059202.2387822
1,46208,1696059202.2506413
1,46224,1696059202.2631183
1,46240,1696059202.2752326
1,46256,1696059202.2877986
1,46272,1696059202.3000786
1,46288,1696059202.3118525
1,46304,1696059202.3244636
1,46320,1696059202.3379054
1,46336,1696059202.3515632
1,46352,1696059202.3632305
1,46368,1696059202.3759134
1,46384,1696059202.3882992
1,46400,1696059202.4003744
1,46416,1696059202.4118114
1,46432,1696059202.4247305
1,46448,1696059202.4370072
1,46464,1696059202.448418
1,46480,1696059202.45989
1,46496,1696059202.4726408
1,46512,1696059202.4844806
1,46528,1696059202.4958696
1,46544,1696059202.5086539
1,46560,1696059202.5209427
1,46576,1696059202.5323246
1,46592,1696059202.5438175
1,46608,1696059202.5553484
1,46624,1696059202.5702033
1,46640,1696059202.5818467
1,46656,1696059202.5987673
1,46672,1696059202.612474
1,46688,1696059202.6255689
1,46704,1696059202.6370893
1,46720,1696059202.6500332
1,46736,1696059202.6620219
1,46752,1696059202.6735482
1,46768,1696059202.6865265
1,46784,1696059202.6983566
1,46800,1696059202.7100778
1,46816,1696059202.7226555
1,46832,1696059202.7345197
1,46848,1696059202.7462432
1,46864,1696059202.7586925
1,46880,1696059202.7707174
1,46896,1696059202.782656
1,46912,1696059202.7956216
1,46928,1696059202.8068762
1,46944,1696059202.8194823
1,46960,1696059202.8324819
1,46976,1696059202.8437638
1,46992,1696059202.8551478
1,47008,1696059202.867783
1,47024,1696059202.8799438
1,47040,1696059202.8916507
1,47056,1696059202.9037578
1,47072,1696059202.9155378
1,47088,1696059202.9286356
1,47104,1696059202.939997
1,47120,1696059202.953015
1,47136,1696059202.9652042
1,47152,1696059202.9765742
1,47168,1696059202.9883213
1,47184,1696059203.0010881
1,47200,1696059203.0127506
1,47216,1696059203.0255725
1,47232,1696059203.0375645
1,47248,1696059203.0489144
1,47264,1696059203.0607083
1,47280,1696059203.0736945
1,47296,1696059203.0856807
1,47312,1696059203.0970151
1,47328,1696059203.1097772
1,47344,1696059203.1216786
1,47360,1696059203.1330802
1,47376,1696059203.1461878
1,47392,1696059203.1582658
1,47408,1696059203.1699376
1,47424,1696059203.182521
1,47440,1696059203.1943786
1,47456,1696059203.2060351
1,47472,1696059203.2185147
1,47488,1696059203.230397
1,47504,1696059203.2419794
1,47520,1696059203.2545145
1,47536,1696059203.2664475
1,47552,1696059203.2781916
1,47568,1696059203.2906873
1,47584,1696059203.3025234
1,47600,1696059203.3142948
1,47616,1696059203.3266566
1,47632,1696059203.3385103
1,47648,1696059203.3503404
1,47664,1696059203.3626385
1,47680,1696059203.374554
1,47696,1696059203.3859205
1,47712,1696059203.3988929
1,47728,1696059203.4103076
1,47744,1696059203.4220135
1,47760,1696059203.4355319
1,47776,1696059203.4474473
1,47792,1696059203.460128
1,47808,1696059203.4716735
1,47824,1696059203.4838932
1,47840,1696059203.4971893
1,47856,1696059203.5093448
1,47872,1696059203.5206077
1,47888,1696059203.5323193
1,47904,1696059203.5441847
1,47920,1696059203.5589964
1,47936,1696059203.5712411
1,47952,1696059203.5835676
1,47968,1696059203.5954292
1,47984,1696059203.6080823
1,48000,1696059203.6203332
1,48016,1696059203.6320784
1,48032,1696059203.6434429
1,48048,1696059203.6560044
1,48064,1696059203.6679864
1,48080,1696059203.6809726
1,48096,1696059203.693016
1,48112,1696059203.7100585
1,48128,1696059203.7212794
1,48144,1696059203.7331522
1,48160,1696059203.746015
1,48176,1696059203.75788
1,48192,1696059203.7747426
1,48208,1696059203.7868423
1,48224,1696059203.7996106
1,48240,1696059203.8115687
1,48256,1696059203.8236399
1,48272,1696059203.8356316
1,48288,1696059203.8476164
1,48304,1696059203.859555
1,48320,1696059203.8711312
1,48336,1696059203.8836446
1,48352,1696059203.8956923
1,48368,1696059203.9070833
1,48384,1696059203.9205751
1,48400,1696059203.9321296
1,48416,1696059203.9454591
1,48432,1696059203.95758
1,48448,1696059203.9689052
1,48464,1696059203.9815814
1,48480,1696059203.9937754
1,48496,1696059204.0051866
1,48512,1696059204.0179548
1,48528,1696059204.029294
1,48544,1696059204.0411055
1,48560,1696059204.0540833
1,48576,1696059204.0659454
1,48592,1696059204.0773547
1,48608,1696059204.0903697
1,48624,1696059204.1022348
1,48640,1696059204.1139026
1,48656,1696059204.1269226
1,48672,1696059204.138679
1,48688,1696059204.1507206
1,48704,1696059204.1630888
1,48720,1696059204.174899
1,48736,1696059204.1870081
1,48752,1696059204.1999063
1,48768,1696059204.2112496
1,48784,1696059204.2237215
1,48800,1696059204.2359495
1,48816,1696059204.2511852
1,48832,1696059204.2665555
1,48848,1696059204.2787485
1,48864,1696059204.2915716
1,48880,1696059204.302995
1,48896,1696059204.3151383
1,48912,1696059204.3274932
1,48928,1696059204.339458
1,48944,1696059204.3522358
1,48960,1696059204.3644826
1,48976,1696059204.3773532
1,48992,1696059204.391168
1,49008,1696059204.4028008
1,49024,1696059204.4141002
1,49040,1696059204.4264638
1,49056,1696059204.439482
1,49072,1696059204.4511523
1,49088,1696059204.4636269
1,49104,1696059204.4758945
1,49120,1696059204.4877682
1,49136,1696059204.500697
1,49152,1696059204.5129018
1,49168,1696059204.5241783
1,49184,1696059204.5356183
1,49200,1696059204.5486333
1,49216,1696059204.560851
1,49232,1696059204.5724723
1,49248,1696059204.583914
1,49264,1696059204.596893
1,49280,1696059204.609038
1,49296,1696059204.6203277
1,49312,1696059204.6317265
1,49328,1696059204.6447341
1,49344,1696059204.656918
1,49360,1696059204.6681707
1,49376,1696059204.6795936
1,49392,1696059204.6922598
1,49408,1696059204.7042687
1,49424,1696059204.7156222
1,49440,1696059204.7287016
1,49456,1696059204.7409446
1,49472,1696059204.7522752
1,49488,1696059204.764339
1,49504,1696059204.777437
1,49520,1696059204.7894754
1,49536,1696059204.8007987
1,49552,1696059204.8135972
1,49568,1696059204.8255785
1,49584,1696059204.8369534
1,49600,1696059204.8487568
1,49616,1696059204.861459
1,49632,1696059204.873044
1,49648,1696059204.885904
1,49664,1696059204.8978145
1,49680,1696059204.9092603
1,49696,1696059204.9219582
1,49712,1696059204.9339159
1,49728,1696059204.945323
1,49744,1696059204.9579816
1,49760,1696059204.9698799
1,49776,1696059204.9812763
1,49792,1696059204.9939158
1,49808,1696059205.0058503
1,49824,1696059205.017291
1,49840,1696059205.0329869
1,49856,1696059205.0447342
1,49872,1696059205.0561635
1,49888,1696059205.072042
1,49904,1696059205.0838547
1,49920,1696059205.0953398
1,49936,1696059205.1080258
1,49952,1696059205.1203249
1,49968,1696059205.1320736
1,49984,1696059205.1436234
1,50000,1696059205.1564643
2,16,1696059205.4297452
2,32,1696059205.4465308
2,48,1696059205.4573386
2,64,1696059205.4681911
2,80,1696059205.4790206
2,96,1696059205.4920385
2,112,1696059205.5039706
2,128,1696059205.5149167
2,144,1696059205.5257878
2,160,1696059205.5391257
2,176,1696059205.5499244
2,192,1696059205.5607567
2,208,1696059205.571609
2,224,1696059205.5850377
2,240,1696059205.5958085
2,256,1696059205.6066601
2,272,1696059205.6175497
2,288,1696059205.630964
2,304,1696059205.641747
2,320,1696059205.6521058
2,336,1696059205.6635044
2,352,1696059205.6768112
2,368,1696059205.6876693
2,384,1696059205.698509
2,400,1696059205.7093546
2,416,1696059205.7227337
2,432,1696059205.7336733
2,448,1696059205.7444646
2,464,1696059205.7552817
2,480,1696059205.7687123
2,496,1696059205.7795553
2,512,1696059205.7904553
2,528,1696059205.8013172
2,544,1696059205.8147035
2,560,1696059205.825411
2,576,1696059205.8362684
2,592,1696059205.8466115
2,608,1696059205.860424
2,624,1696059205.8711529
2,640,1696059205.8820386
2,656,1696059205.8928854
2,672,1696059205.9062872
2,688,1696059205.9171488
2,704,1696059205.9279642
2,720,1696059205.9387846
2,736,1696059205.9521503
2,752,1696059205.9630337
2,768,1696059205.9738774
2,784,1696059205.9847205
2,800,1696059205.998126
2,816,1696059206.009023
2,832,1696059206.0198553
2,848,1696059206.0306804
2,864,1696059206.04411
2,880,1696059206.0548236
2,896,1696059206.0657084
2,912,1696059206.0765066
2,928,1696059206.0901706
2,944,1696059206.1028686
2,960,1696059206.1145623
2,976,1696059206.126371
2,992,1696059206.1406791
2,1008,1696059206.1514149
2,1024,1696059206.1622903
2,1040,1696059206.1731157
2,1056,1696059206.1865125
2,1072,1696059206.197318
2,1088,1696059206.208289
2,1104,1696059206.2190938
2,1120,1696059206.2325392
2,1136,1696059206.2432666
2,1152,1696059206.2541373
2,1168,1696059206.2649772
2,1184,1696059206.282577
2,1200,1696059206.2967675
2,1216,1696059206.3076222
2,1232,1696059206.3184328
2,1248,1696059206.3321748
2,1264,1696059206.3441231
2,1280,1696059206.3547888
2,1296,1696059206.365649
2,1312,1696059206.3790953
2,1328,1696059206.3898747
2,1344,1696059206.4007204
2,1360,1696059206.4115646
2,1376,1696059206.424991
2,1392,1696059206.435711
2,1408,1696059206.446533
2,1424,1696059206.4573748
2,1440,1696059206.4707093
2,1456,1696059206.4816115
2,1472,1696059206.4924216
2,1488,1696059206.503222
2,1504,1696059206.5166352
2,1520,1696059206.527344
2,1536,1696059206.5382218
2,1552,1696059206.549046
2,1568,1696059206.562455
2,1584,1696059206.5733476
2,1600,1696059206.5856795
2,1616,1696059206.59712
2,1632,1696059206.6121607
2,1648,1696059206.6229181
2,1664,1696059206.6337612
2,1680,1696059206.6445508
2,1696,1696059206.657976
2,1712,1696059206.668717
2,1728,1696059206.6795547
2,1744,1696059206.6903636
2,1760,1696059206.703781
2,1776,1696059206.714525
2,1792,1696059206.7253726
2,1808,1696059206.7362306
2,1824,1696059206.749648
2,1840,1696059206.7603643
2,1856,1696059206.7712102
2,1872,1696059206.7820776
2,1888,1696059206.7955568
2,1904,1696059206.806333
2,1920,1696059206.8171825
2,1936,1696059206.8280108
2,1952,1696059206.8414357
2,1968,1696059206.8521564
2,1984,1696059206.8626163
2,2000,1696059206.8737683
2,2016,1696059206.8871853
2,2032,1696059206.8979456
2,2048,1696059206.9088109
2,2064,1696059206.919622
2,2080,1696059206.933026
2,2096,1696059206.9437525
2,2112,1696059206.9546015
2,2128,1696059206.9654486
2,2144,1696059206.9788506
2,2160,1696059206.9896374
2,2176,1696059207.000464
2,2192,1696059207.0112743
2,2208,1696059207.0246713
2,2224,1696059207.0353775
2,2240,1696059207.046224
2,2256,1696059207.0570354
2,2272,1696059207.0704284
2,2288,1696059207.0812976
2,2304,1696059207.0921195
2,2320,1696059207.1029122
2,2336,1696059207.1162882
2,2352,1696059207.1270168
2,2368,1696059207.1378849
2,2384,1696059207.1486862
2,2400,1696059207.162088
2,2416,1696059207.1729586
2,2432,1696059207.1838274
2,2448,1696059207.1946616
2,2464,1696059207.208689
2,2480,1696059207.219718
2,2496,1696059207.2305593
2,2512,1696059207.2413714
2,2528,1696059207.2548862
2,2544,1696059207.2656288
2,2560,1696059207.2764554
2,2576,1696059207.2872703
2,2592,1696059207.3020577
2,2608,1696059207.312769
2,2624,1696059207.3236125
2,2640,1696059207.3344388
2,2656,1696059207.347855
2,2672,1696059207.3588262
2,2688,1696059207.3710198
2,2704,1696059207.38344
2,2720,1696059207.3974965
2,2736,1696059207.4084132
2,2752,1696059207.4187555
2,2768,1696059207.429124
2,2784,1696059207.4416595
2,2800,1696059207.452007
2,2816,1696059207.462368
2,2832,1696059207.4727275
2,2848,1696059207.485294
2,2864,1696059207.495636
2,2880,1696059207.5060024
2,2896,1696059207.516493
2,2912,1696059207.529981
2,2928,1696059207.5403848
2,2944,1696059207.551792
2,2960,1696059207.5629292
2,2976,1696059207.5758786
2,2992,1696059207.5862746
2,3008,1696059207.5966368
2,3024,1696059207.6069803
2,3040,1696059207.6243646
2,3056,1696059207.6341836
2,3072,1696059207.6456358
2,3088,1696059207.6570866
2,3104,1696059207.6703367
2,3120,1696059207.6811678
2,3136,1696059207.691982
2,3152,1696059207.7027884
2,3168,1696059207.7158005
2,3184,1696059207.7271264
2,3200,1696059207.7382615
2,3216,1696059207.7491484
2,3232,1696059207.7641408
2,3248,1696059207.7749026
2,3264,1696059207.7857342
2,3280,1696059207.7965407
2,3296,1696059207.8103404
2,3312,1696059207.8211036
2,3328,1696059207.8319192
2,3344,1696059207.842751
2,3360,1696059207.8557794
2,3376,1696059207.8676662
2,3392,1696059207.8796203
2,3408,1696059207.8908145
2,3424,1696059207.9052777
2,3440,1696059207.9160347
2,3456,1696059207.9268818
2,3472,1696059207.9377334
2,3488,1696059207.9511127
2,3504,1696059207.9618788
2,3520,1696059207.972687
2,3536,1696059207.9834836
2,3552,1696059207.9969141
2,3568,1696059208.0076542
2,3584,1696059208.0184946
2,3600,1696059208.0293283
2,3616,1696059208.0426714
2,3632,1696059208.0535886
2,3648,1696059208.06441
2,3664,1696059208.0752254
2,3680,1696059208.0883534
2,3696,1696059208.1005304
2,3712,1696059208.1114151
2,3728,1696059208.122534
2,3744,1696059208.1340463
2,3760,1696059208.1460803
2,3776,1696059208.1575737
2,3792,1696059208.1705086
2,3808,1696059208.182257
2,3824,1696059208.1939123
2,3840,1696059208.2063706
2,3856,1696059208.2182376
2,3872,1696059208.2298963
2,3888,1696059208.2429583
2,3904,1696059208.2546668
2,3920,1696059208.266543
2,3936,1696059208.2790203
2,3952,1696059208.290849
2,3968,1696059208.3031278
2,3984,1696059208.3160841
2,4000,1696059208.3279102
2,4016,1696059208.3398833
2,4032,1696059208.3518302
2,4048,1696059208.3637373
2,4064,1696059208.3757966
2,4080,1696059208.3877444
2,4096,1696059208.3996687
2,4112,1696059208.4111333
2,4128,1696059208.4235082
2,4144,1696059208.43579
2,4160,1696059208.4476137
2,4176,1696059208.460526
2,4192,1696059208.472556
2,4208,1696059208.484359
2,4224,1696059208.4957142
2,4240,1696059208.5085826
2,4256,1696059208.5203702
2,4272,1696059208.5317879
2,4288,1696059208.5440056
2,4304,1696059208.5556073
2,4320,1696059208.5699124
2,4336,1696059208.583574
2,4352,1696059208.5950649
2,4368,1696059208.6075883
2,4384,1696059208.624396
2,4400,1696059208.6374235
2,4416,1696059208.6488874
2,4432,1696059208.6604152
2,4448,1696059208.6744502
2,4464,1696059208.689202
2,4480,1696059208.7005317
2,4496,1696059208.7136934
2,4512,1696059208.7256348
2,4528,1696059208.7370741
2,4544,1696059208.7512648
2,4560,1696059208.770121
2,4576,1696059208.7852569
2,4592,1696059208.7989948
2,4608,1696059208.8136942
2,4624,1696059208.8282096
2,4640,1696059208.8431692
2,4656,1696059208.8574185
2,4672,1696059208.8718867
2,4688,1696059208.886728
2,4704,1696059208.9003406
2,4720,1696059208.9143627
2,4736,1696059208.9279704
2,4752,1696059208.942241
2,4768,1696059208.955792
2,4784,1696059208.969986
2,4800,1696059208.983443
2,4816,1696059208.997788
2,4832,1696059209.0111277
2,4848,1696059209.0255613
2,4864,1696059209.038888
2,4880,1696059209.0535548
2,4896,1696059209.066917
2,4912,1696059209.0818694
2,4928,1696059209.0961645
2,4944,1696059209.110549
2,4960,1696059209.1252835
2,4976,1696059209.139204
2,4992,1696059209.1548922
2,5008,1696059209.170299
