epoch,trained_sample,time
1,0,1695608234.7803702
1,16,1695608235.9989634
1,32,1695608236.0117097
1,48,1695608236.0260746
1,64,1695608236.0454001
1,80,1695608236.0661542
1,96,1695608236.0858066
1,112,1695608236.1016765
1,128,1695608236.1146612
1,144,1695608236.127253
1,160,1695608236.1404479
1,176,1695608236.1531267
1,192,1695608236.1669579
1,208,1695608236.1787336
1,224,1695608236.1908448
1,240,1695608236.2027667
1,256,1695608236.2153223
1,272,1695608236.2271657
1,288,1695608236.2401867
1,304,1695608236.2514484
1,320,1695608236.2638927
1,336,1695608236.279431
1,352,1695608236.2910116
1,368,1695608236.304493
1,384,1695608236.3164556
1,400,1695608236.3398285
1,416,1695608236.360444
1,432,1695608236.3794122
1,448,1695608236.3993375
1,464,1695608236.4201865
1,480,1695608236.4377384
1,496,1695608236.456651
1,512,1695608236.4757645
1,528,1695608236.4958782
1,544,1695608236.5177815
1,560,1695608236.5353699
1,576,1695608236.6169598
1,592,1695608236.6318178
1,608,1695608236.6442788
1,624,1695608236.6601138
1,640,1695608236.6767807
1,656,1695608236.6904092
1,672,1695608236.704984
1,688,1695608236.7207696
1,704,1695608236.7352462
1,720,1695608236.7479901
1,736,1695608236.7640207
1,752,1695608236.7766914
1,768,1695608236.789236
1,784,1695608236.8049898
1,800,1695608236.8224335
1,816,1695608236.8445985
1,832,1695608236.8647175
1,848,1695608236.8837588
1,864,1695608236.902804
1,880,1695608236.9225714
1,896,1695608236.9420884
1,912,1695608236.956329
1,928,1695608236.9703007
1,944,1695608236.9849174
1,960,1695608236.9994905
1,976,1695608237.0147834
1,992,1695608237.0276814
1,1008,1695608237.0500834
1,1024,1695608237.0780272
1,1040,1695608237.0970383
1,1056,1695608237.1144195
1,1072,1695608237.1342072
1,1088,1695608237.1846073
1,1104,1695608237.2048302
1,1120,1695608237.2250183
1,1136,1695608237.2559748
1,1152,1695608237.2684338
1,1168,1695608237.282444
1,1184,1695608237.2954867
1,1200,1695608237.3108785
1,1216,1695608237.3262818
1,1232,1695608237.3406851
1,1248,1695608237.3583817
1,1264,1695608237.3736804
1,1280,1695608237.3907187
1,1296,1695608237.4035723
1,1312,1695608237.4161506
1,1328,1695608237.4333448
1,1344,1695608237.4538002
1,1360,1695608237.4738333
1,1376,1695608237.49562
1,1392,1695608237.5160391
1,1408,1695608237.5368252
1,1424,1695608237.5560668
1,1440,1695608237.576234
1,1456,1695608237.5939994
1,1472,1695608237.6107435
1,1488,1695608237.6302314
1,1504,1695608237.6487463
1,1520,1695608237.6653183
1,1536,1695608237.688038
1,1552,1695608237.7089126
1,1568,1695608237.7266
1,1584,1695608237.751576
1,1600,1695608237.7656677
1,1616,1695608237.7819316
1,1632,1695608237.8015714
1,1648,1695608237.8148403
1,1664,1695608237.8282228
1,1680,1695608237.8414156
1,1696,1695608237.854955
1,1712,1695608237.868181
1,1728,1695608237.8878183
1,1744,1695608237.908339
1,1760,1695608237.9261253
1,1776,1695608237.9461756
1,1792,1695608237.965576
1,1808,1695608237.9874372
1,1824,1695608238.007769
1,1840,1695608238.0259814
1,1856,1695608238.0444741
1,1872,1695608238.0600996
1,1888,1695608238.0740592
1,1904,1695608238.0877504
1,1920,1695608238.1090963
1,1936,1695608238.128784
1,1952,1695608238.1463988
1,1968,1695608238.1665342
1,1984,1695608238.1850388
1,2000,1695608238.2059836
1,2016,1695608238.2244904
1,2032,1695608238.2435162
1,2048,1695608238.2639434
1,2064,1695608238.2842555
1,2080,1695608238.303694
1,2096,1695608238.3221457
1,2112,1695608238.3416657
1,2128,1695608238.363415
1,2144,1695608238.38357
1,2160,1695608238.4022903
1,2176,1695608238.4196692
1,2192,1695608238.4339445
1,2208,1695608238.446271
1,2224,1695608238.4632466
1,2240,1695608238.479206
1,2256,1695608238.4997222
1,2272,1695608238.518264
1,2288,1695608238.5349953
1,2304,1695608238.549517
1,2320,1695608238.5618887
1,2336,1695608238.5754128
1,2352,1695608238.5919218
1,2368,1695608238.6082907
1,2384,1695608238.6208346
1,2400,1695608238.6365287
1,2416,1695608238.6533558
1,2432,1695608238.6707318
1,2448,1695608238.6840944
1,2464,1695608238.6981652
1,2480,1695608238.711075
1,2496,1695608238.7288704
1,2512,1695608238.7470784
1,2528,1695608238.765843
1,2544,1695608238.7869923
1,2560,1695608238.8040192
1,2576,1695608238.818878
1,2592,1695608238.8336084
1,2608,1695608238.8483553
1,2624,1695608238.8626418
1,2640,1695608238.877257
1,2656,1695608238.8922331
1,2672,1695608238.9077806
1,2688,1695608238.921309
1,2704,1695608238.9360423
1,2720,1695608238.9492257
1,2736,1695608238.9631402
1,2752,1695608238.9811862
1,2768,1695608239.0006964
1,2784,1695608239.021385
1,2800,1695608239.0409026
1,2816,1695608239.062721
1,2832,1695608239.0808232
1,2848,1695608239.0957983
1,2864,1695608239.110623
1,2880,1695608239.1261497
1,2896,1695608239.1403203
1,2912,1695608239.1548822
1,2928,1695608239.1686478
1,2944,1695608239.1875455
1,2960,1695608239.2084434
1,2976,1695608239.2283394
1,2992,1695608239.2485147
1,3008,1695608239.268989
1,3024,1695608239.2893436
1,3040,1695608239.309283
1,3056,1695608239.329538
1,3072,1695608239.3493173
1,3088,1695608239.368826
1,3104,1695608239.3886826
1,3120,1695608239.408613
1,3136,1695608239.4284399
1,3152,1695608239.448462
1,3168,1695608239.4691718
1,3184,1695608239.4890494
1,3200,1695608239.5083997
1,3216,1695608239.5286043
1,3232,1695608239.5492818
1,3248,1695608239.5690048
1,3264,1695608239.590529
1,3280,1695608239.6088185
1,3296,1695608239.624061
1,3312,1695608239.6383228
1,3328,1695608239.653916
1,3344,1695608239.6682544
1,3360,1695608239.6828554
1,3376,1695608239.6966772
1,3392,1695608239.7154403
1,3408,1695608239.7315934
1,3424,1695608239.7467759
1,3440,1695608239.7615318
1,3456,1695608239.7762792
1,3472,1695608239.7907422
1,3488,1695608239.805293
1,3504,1695608239.8191583
1,3520,1695608239.8374438
1,3536,1695608239.8567553
1,3552,1695608239.8765385
1,3568,1695608239.8966653
1,3584,1695608239.9165132
1,3600,1695608239.9349408
1,3616,1695608239.9521549
1,3632,1695608239.9670327
1,3648,1695608239.982071
1,3664,1695608239.9967499
1,3680,1695608240.010426
1,3696,1695608240.03033
1,3712,1695608240.0483263
1,3728,1695608240.067193
1,3744,1695608240.0860703
1,3760,1695608240.1035473
1,3776,1695608240.1212537
1,3792,1695608240.1397996
1,3808,1695608240.1522682
1,3824,1695608240.1695938
1,3840,1695608240.1898775
1,3856,1695608240.2094383
1,3872,1695608240.2269213
1,3888,1695608240.2412775
1,3904,1695608240.2550237
1,3920,1695608240.2695944
1,3936,1695608240.2809148
1,3952,1695608240.2931826
1,3968,1695608240.3046436
1,3984,1695608240.3176115
1,4000,1695608240.3332849
1,4016,1695608240.3462565
1,4032,1695608240.3582492
1,4048,1695608240.3714228
1,4064,1695608240.3826666
1,4080,1695608240.3948336
1,4096,1695608240.4068484
1,4112,1695608240.4200947
1,4128,1695608240.4313169
1,4144,1695608240.4436967
1,4160,1695608240.4553027
1,4176,1695608240.4684882
1,4192,1695608240.4797156
1,4208,1695608240.4921765
1,4224,1695608240.5037541
1,4240,1695608240.516798
1,4256,1695608240.5281162
1,4272,1695608240.540451
1,4288,1695608240.5515573
1,4304,1695608240.5655577
1,4320,1695608240.578993
1,4336,1695608240.5911064
1,4352,1695608240.6028552
1,4368,1695608240.6160684
1,4384,1695608240.6287127
1,4400,1695608240.6399033
1,4416,1695608240.6522071
1,4432,1695608240.6684535
1,4448,1695608240.6808238
1,4464,1695608240.6947606
1,4480,1695608240.7069306
1,4496,1695608240.7196178
1,4512,1695608240.7309825
1,4528,1695608240.7439096
1,4544,1695608240.756188
1,4560,1695608240.768774
1,4576,1695608240.7820494
1,4592,1695608240.7938778
1,4608,1695608240.8067756
1,4624,1695608240.818943
1,4640,1695608240.831695
1,4656,1695608240.844216
1,4672,1695608240.8560407
1,4688,1695608240.8710418
1,4704,1695608240.8834186
1,4720,1695608240.896519
1,4736,1695608240.908823
1,4752,1695608240.9204175
1,4768,1695608240.9336207
1,4784,1695608240.9455311
1,4800,1695608240.9584217
1,4816,1695608240.970707
1,4832,1695608240.9831164
1,4848,1695608240.9959419
1,4864,1695608241.0094006
1,4880,1695608241.0212533
1,4896,1695608241.034224
1,4912,1695608241.0467398
1,4928,1695608241.059457
1,4944,1695608241.0715685
1,4960,1695608241.0848212
1,4976,1695608241.097536
1,4992,1695608241.1090906
1,5008,1695608241.1221719
1,5024,1695608241.1343093
1,5040,1695608241.1463282
1,5056,1695608241.1597059
1,5072,1695608241.1722462
1,5088,1695608241.1872082
1,5104,1695608241.199817
1,5120,1695608241.2123241
1,5136,1695608241.2267876
1,5152,1695608241.2400844
1,5168,1695608241.253611
1,5184,1695608241.2680836
1,5200,1695608241.2796412
1,5216,1695608241.292443
1,5232,1695608241.3067174
1,5248,1695608241.318498
1,5264,1695608241.334961
1,5280,1695608241.350355
1,5296,1695608241.3643146
1,5312,1695608241.3773007
1,5328,1695608241.3948436
1,5344,1695608241.409495
1,5360,1695608241.422649
1,5376,1695608241.436426
1,5392,1695608241.450519
1,5408,1695608241.465378
1,5424,1695608241.4794228
1,5440,1695608241.49359
1,5456,1695608241.510875
1,5472,1695608241.531831
1,5488,1695608241.5495632
1,5504,1695608241.5649068
1,5520,1695608241.5786877
1,5536,1695608241.590172
1,5552,1695608241.602521
1,5568,1695608241.6155865
1,5584,1695608241.6276248
1,5600,1695608241.6405153
1,5616,1695608241.652039
1,5632,1695608241.6683078
1,5648,1695608241.681378
1,5664,1695608241.6946647
1,5680,1695608241.7062092
1,5696,1695608241.718731
1,5712,1695608241.7331464
1,5728,1695608241.7451344
1,5744,1695608241.756479
1,5760,1695608241.7682033
1,5776,1695608241.783093
1,5792,1695608241.795562
1,5808,1695608241.807957
1,5824,1695608241.8211887
1,5840,1695608241.8355925
1,5856,1695608241.847323
1,5872,1695608241.8598385
1,5888,1695608241.8720062
1,5904,1695608241.8853686
1,5920,1695608241.8995445
1,5936,1695608241.9109383
1,5952,1695608241.9251451
1,5968,1695608241.9380329
1,5984,1695608241.9501228
1,6000,1695608241.96228
1,6016,1695608241.9743845
1,6032,1695608241.990314
1,6048,1695608242.0029454
1,6064,1695608242.0181942
1,6080,1695608242.0314276
1,6096,1695608242.0443673
1,6112,1695608242.0572555
1,6128,1695608242.0687973
1,6144,1695608242.0816824
1,6160,1695608242.0932758
1,6176,1695608242.1066887
1,6192,1695608242.1182566
1,6208,1695608242.130778
1,6224,1695608242.1436603
1,6240,1695608242.1546118
1,6256,1695608242.1671507
1,6272,1695608242.1836753
1,6288,1695608242.2003307
1,6304,1695608242.216207
1,6320,1695608242.2294505
1,6336,1695608242.2414901
1,6352,1695608242.253115
1,6368,1695608242.266168
1,6384,1695608242.2783701
1,6400,1695608242.2911766
1,6416,1695608242.30377
1,6432,1695608242.315999
1,6448,1695608242.32793
1,6464,1695608242.3396442
1,6480,1695608242.3510866
1,6496,1695608242.3635685
1,6512,1695608242.3761735
1,6528,1695608242.3883436
1,6544,1695608242.399916
1,6560,1695608242.4125566
1,6576,1695608242.4244974
1,6592,1695608242.4360313
1,6608,1695608242.4484756
1,6624,1695608242.462293
1,6640,1695608242.4767034
1,6656,1695608242.4956462
1,6672,1695608242.5147521
1,6688,1695608242.533318
1,6704,1695608242.5539691
1,6720,1695608242.5742252
1,6736,1695608242.594288
1,6752,1695608242.6142702
1,6768,1695608242.633726
1,6784,1695608242.6543093
1,6800,1695608242.668986
1,6816,1695608242.6803703
1,6832,1695608242.6931648
1,6848,1695608242.7051558
1,6864,1695608242.7164133
1,6880,1695608242.7278943
1,6896,1695608242.7408125
1,6912,1695608242.7526052
1,6928,1695608242.7639644
1,6944,1695608242.7765424
1,6960,1695608242.7887924
1,6976,1695608242.800312
1,6992,1695608242.8116937
1,7008,1695608242.824397
1,7024,1695608242.8366566
1,7040,1695608242.8479068
1,7056,1695608242.8599644
1,7072,1695608242.874652
1,7088,1695608242.8869438
1,7104,1695608242.8994815
1,7120,1695608242.9116344
1,7136,1695608242.9271517
1,7152,1695608242.939396
1,7168,1695608242.9521298
1,7184,1695608242.9638612
1,7200,1695608242.976066
1,7216,1695608242.9892402
1,7232,1695608243.0006657
1,7248,1695608243.0123746
1,7264,1695608243.0249746
1,7280,1695608243.0364292
1,7296,1695608243.048955
1,7312,1695608243.0621827
1,7328,1695608243.0735
1,7344,1695608243.0855885
1,7360,1695608243.0983152
1,7376,1695608243.1099772
1,7392,1695608243.1215515
1,7408,1695608243.1345398
1,7424,1695608243.1462567
1,7440,1695608243.1578312
1,7456,1695608243.1703763
1,7472,1695608243.1825025
1,7488,1695608243.1945658
1,7504,1695608243.207611
1,7520,1695608243.219205
1,7536,1695608243.2323835
1,7552,1695608243.244669
1,7568,1695608243.2559242
1,7584,1695608243.268605
1,7600,1695608243.2803245
1,7616,1695608243.2934725
1,7632,1695608243.3053486
1,7648,1695608243.3167672
1,7664,1695608243.3285916
1,7680,1695608243.3416944
1,7696,1695608243.3534138
1,7712,1695608243.3648171
1,7728,1695608243.3766456
1,7744,1695608243.3899238
1,7760,1695608243.4014792
1,7776,1695608243.4141738
1,7792,1695608243.4263911
1,7808,1695608243.4384212
1,7824,1695608243.4515245
1,7840,1695608243.4629726
1,7856,1695608243.4753947
1,7872,1695608243.487496
1,7888,1695608243.4992888
1,7904,1695608243.512065
1,7920,1695608243.52726
1,7936,1695608243.5412502
1,7952,1695608243.5524642
1,7968,1695608243.5639262
1,7984,1695608243.5770864
1,8000,1695608243.5893724
1,8016,1695608243.600654
1,8032,1695608243.6122975
1,8048,1695608243.625459
1,8064,1695608243.6374876
1,8080,1695608243.6491826
1,8096,1695608243.6651936
1,8112,1695608243.6795654
1,8128,1695608243.6905787
1,8144,1695608243.7031896
1,8160,1695608243.7162685
1,8176,1695608243.728492
1,8192,1695608243.740096
1,8208,1695608243.755111
1,8224,1695608243.7689466
1,8240,1695608243.782655
1,8256,1695608243.793921
1,8272,1695608243.8059978
1,8288,1695608243.8192356
1,8304,1695608243.8305757
1,8320,1695608243.844111
1,8336,1695608243.857196
1,8352,1695608243.868751
1,8368,1695608243.8817222
1,8384,1695608243.893656
1,8400,1695608243.9050658
1,8416,1695608243.917978
1,8432,1695608243.9303708
1,8448,1695608243.9419734
1,8464,1695608243.9541938
1,8480,1695608243.966479
1,8496,1695608243.9790475
1,8512,1695608243.9920359
1,8528,1695608244.0038636
1,8544,1695608244.0166035
1,8560,1695608244.0287757
1,8576,1695608244.0401154
1,8592,1695608244.0525832
1,8608,1695608244.0665507
1,8624,1695608244.077694
1,8640,1695608244.0902207
1,8656,1695608244.1028218
1,8672,1695608244.1150942
1,8688,1695608244.128154
1,8704,1695608244.1399534
1,8720,1695608244.1514273
1,8736,1695608244.164142
1,8752,1695608244.1765618
1,8768,1695608244.1877851
1,8784,1695608244.200702
1,8800,1695608244.2130368
1,8816,1695608244.224382
1,8832,1695608244.2461164
1,8848,1695608244.2666814
1,8864,1695608244.285438
1,8880,1695608244.3055103
1,8896,1695608244.326237
1,8912,1695608244.34592
1,8928,1695608244.3663416
1,8944,1695608244.3856573
1,8960,1695608244.398784
1,8976,1695608244.4126387
1,8992,1695608244.4260657
1,9008,1695608244.4377232
1,9024,1695608244.4501271
1,9040,1695608244.4609556
1,9056,1695608244.472326
1,9072,1695608244.4875033
1,9088,1695608244.49915
1,9104,1695608244.5133016
1,9120,1695608244.5252745
1,9136,1695608244.5369952
1,9152,1695608244.5520148
1,9168,1695608244.5627666
1,9184,1695608244.5768251
1,9200,1695608244.5900502
1,9216,1695608244.6016514
1,9232,1695608244.613816
1,9248,1695608244.625295
1,9264,1695608244.6377132
1,9280,1695608244.648916
1,9296,1695608244.6600754
1,9312,1695608244.6726823
1,9328,1695608244.6860304
1,9344,1695608244.6975846
1,9360,1695608244.709887
1,9376,1695608244.7210128
1,9392,1695608244.7321992
1,9408,1695608244.7449105
1,9424,1695608244.7583683
1,9440,1695608244.7700381
1,9456,1695608244.7826662
1,9472,1695608244.794506
1,9488,1695608244.8062856
1,9504,1695608244.8190508
1,9520,1695608244.8306766
1,9536,1695608244.8421836
1,9552,1695608244.854153
1,9568,1695608244.8662002
1,9584,1695608244.8783388
1,9600,1695608244.8907714
1,9616,1695608244.9024632
1,9632,1695608244.9142811
1,9648,1695608244.9271557
1,9664,1695608244.938521
1,9680,1695608244.9502087
1,9696,1695608244.9626782
1,9712,1695608244.974605
1,9728,1695608244.9865093
1,9744,1695608244.998673
1,9760,1695608245.0098927
1,9776,1695608245.0214255
1,9792,1695608245.0346367
1,9808,1695608245.0457926
1,9824,1695608245.0572183
1,9840,1695608245.0717025
1,9856,1695608245.082557
1,9872,1695608245.0954773
1,9888,1695608245.108401
1,9904,1695608245.1204948
1,9920,1695608245.1317182
1,9936,1695608245.1443126
1,9952,1695608245.1565237
1,9968,1695608245.1677577
1,9984,1695608245.1806493
1,10000,1695608245.1948457
1,10016,1695608245.206039
1,10032,1695608245.219142
1,10048,1695608245.231991
1,10064,1695608245.2449028
1,10080,1695608245.2569284
1,10096,1695608245.2715547
1,10112,1695608245.2861865
1,10128,1695608245.29948
1,10144,1695608245.3121026
1,10160,1695608245.3243165
1,10176,1695608245.335694
1,10192,1695608245.3470669
1,10208,1695608245.3614275
1,10224,1695608245.3736353
1,10240,1695608245.385528
1,10256,1695608245.3995504
1,10272,1695608245.4111073
1,10288,1695608245.4240122
1,10304,1695608245.4371488
1,10320,1695608245.4486856
1,10336,1695608245.461542
1,10352,1695608245.4739075
1,10368,1695608245.485799
1,10384,1695608245.4990985
1,10400,1695608245.5112689
1,10416,1695608245.5226116
1,10432,1695608245.5351381
1,10448,1695608245.5482512
1,10464,1695608245.560356
1,10480,1695608245.574487
1,10496,1695608245.5868933
1,10512,1695608245.5997913
1,10528,1695608245.6127772
1,10544,1695608245.624722
1,10560,1695608245.636403
1,10576,1695608245.6491795
1,10592,1695608245.6607652
1,10608,1695608245.673862
1,10624,1695608245.685579
1,10640,1695608245.6974566
1,10656,1695608245.7102137
1,10672,1695608245.7224908
1,10688,1695608245.7412055
1,10704,1695608245.7594473
1,10720,1695608245.780317
1,10736,1695608245.8009138
1,10752,1695608245.8204029
1,10768,1695608245.8402743
1,10784,1695608245.8597767
1,10800,1695608245.8790357
1,10816,1695608245.9001298
1,10832,1695608245.9204586
1,10848,1695608245.9406939
1,10864,1695608245.9593272
1,10880,1695608245.979463
1,10896,1695608246.0001314
1,10912,1695608246.0207882
1,10928,1695608246.0396178
1,10944,1695608246.0604575
1,10960,1695608246.0809166
1,10976,1695608246.0998342
1,10992,1695608246.1207628
1,11008,1695608246.1397371
1,11024,1695608246.1600003
1,11040,1695608246.1809485
1,11056,1695608246.1999605
1,11072,1695608246.22052
1,11088,1695608246.2415304
1,11104,1695608246.2631238
1,11120,1695608246.2798214
1,11136,1695608246.2965462
1,11152,1695608246.3162477
1,11168,1695608246.334105
1,11184,1695608246.3524604
1,11200,1695608246.3715308
1,11216,1695608246.3899477
1,11232,1695608246.4041471
1,11248,1695608246.4181476
1,11264,1695608246.4325073
1,11280,1695608246.4471161
1,11296,1695608246.4604018
1,11312,1695608246.4731987
1,11328,1695608246.4886124
1,11344,1695608246.5039365
1,11360,1695608246.5174744
1,11376,1695608246.5311952
1,11392,1695608246.5463588
1,11408,1695608246.5600865
1,11424,1695608246.5743842
1,11440,1695608246.5890656
1,11456,1695608246.6017375
1,11472,1695608246.6164062
1,11488,1695608246.6288855
1,11504,1695608246.643649
1,11520,1695608246.6570878
1,11536,1695608246.6694534
1,11552,1695608246.6838167
1,11568,1695608246.6969998
1,11584,1695608246.709251
1,11600,1695608246.7252488
1,11616,1695608246.7384677
1,11632,1695608246.7531688
1,11648,1695608246.7656696
1,11664,1695608246.7796795
1,11680,1695608246.7927666
1,11696,1695608246.8053303
1,11712,1695608246.8197548
1,11728,1695608246.8322327
1,11744,1695608246.8468297
1,11760,1695608246.8602395
1,11776,1695608246.8742664
1,11792,1695608246.888581
1,11808,1695608246.9007578
1,11824,1695608246.91329
1,11840,1695608246.9296234
1,11856,1695608246.94235
1,11872,1695608246.9560833
1,11888,1695608246.9694767
1,11904,1695608246.985314
1,11920,1695608246.9991014
1,11936,1695608247.0128138
1,11952,1695608247.0264952
1,11968,1695608247.0399325
1,11984,1695608247.0544045
1,12000,1695608247.0688999
1,12016,1695608247.0819333
1,12032,1695608247.0960422
1,12048,1695608247.109206
1,12064,1695608247.1221046
1,12080,1695608247.1363375
1,12096,1695608247.1484845
1,12112,1695608247.1630106
1,12128,1695608247.1772425
1,12144,1695608247.1922493
1,12160,1695608247.204404
1,12176,1695608247.2188835
1,12192,1695608247.2323148
1,12208,1695608247.2505498
1,12224,1695608247.2654293
1,12240,1695608247.277998
1,12256,1695608247.2922053
1,12272,1695608247.3050823
1,12288,1695608247.319785
1,12304,1695608247.3329237
1,12320,1695608247.3455606
1,12336,1695608247.360466
1,12352,1695608247.373741
1,12368,1695608247.3863206
1,12384,1695608247.4007413
1,12400,1695608247.413408
1,12416,1695608247.4279404
1,12432,1695608247.4404328
1,12448,1695608247.452783
1,12464,1695608247.467155
1,12480,1695608247.479638
1,12496,1695608247.4930434
1,12512,1695608247.5097907
1,12528,1695608247.525547
1,12544,1695608247.540064
1,12560,1695608247.5534115
1,12576,1695608247.5658226
1,12592,1695608247.5804222
1,12608,1695608247.5930429
1,12624,1695608247.6055405
1,12640,1695608247.6198661
1,12656,1695608247.6340554
1,12672,1695608247.6476014
1,12688,1695608247.6622903
1,12704,1695608247.6746829
1,12720,1695608247.6894257
1,12736,1695608247.7026167
1,12752,1695608247.7161527
1,12768,1695608247.7300043
1,12784,1695608247.744076
1,12800,1695608247.7593844
1,12816,1695608247.7740636
1,12832,1695608247.786409
1,12848,1695608247.8002725
1,12864,1695608247.8161144
1,12880,1695608247.828495
1,12896,1695608247.8415518
1,12912,1695608247.8558106
1,12928,1695608247.8679678
1,12944,1695608247.8822126
1,12960,1695608247.8949158
1,12976,1695608247.9092453
1,12992,1695608247.9221992
1,13008,1695608247.93499
1,13024,1695608247.9493783
1,13040,1695608247.9626424
1,13056,1695608247.9759667
1,13072,1695608247.9899366
1,13088,1695608248.00303
1,13104,1695608248.017384
1,13120,1695608248.0304759
1,13136,1695608248.0455332
1,13152,1695608248.0580966
1,13168,1695608248.0727468
1,13184,1695608248.0859804
1,13200,1695608248.0984142
1,13216,1695608248.1125298
1,13232,1695608248.1257875
1,13248,1695608248.1387224
1,13264,1695608248.1529796
1,13280,1695608248.1687646
1,13296,1695608248.1848953
1,13312,1695608248.199661
1,13328,1695608248.2137198
1,13344,1695608248.2338874
1,13360,1695608248.255754
1,13376,1695608248.2767713
1,13392,1695608248.2958152
1,13408,1695608248.3163424
1,13424,1695608248.3368628
1,13440,1695608248.356011
1,13456,1695608248.3762994
1,13472,1695608248.396341
1,13488,1695608248.4183657
1,13504,1695608248.4362552
1,13520,1695608248.45516
1,13536,1695608248.4761794
1,13552,1695608248.4967434
1,13568,1695608248.5163453
1,13584,1695608248.5383344
1,13600,1695608248.555192
1,13616,1695608248.5757587
1,13632,1695608248.5969827
1,13648,1695608248.6157968
1,13664,1695608248.636279
1,13680,1695608248.6568735
1,13696,1695608248.676227
1,13712,1695608248.6968002
1,13728,1695608248.715824
1,13744,1695608248.7362306
1,13760,1695608248.7567008
1,13776,1695608248.7767723
1,13792,1695608248.794757
1,13808,1695608248.815722
1,13824,1695608248.836365
1,13840,1695608248.8569772
1,13856,1695608248.8763216
1,13872,1695608248.896261
1,13888,1695608248.9167197
1,13904,1695608248.9359252
1,13920,1695608248.9562178
1,13936,1695608248.9769273
1,13952,1695608248.996231
1,13968,1695608249.0165558
1,13984,1695608249.0383964
1,14000,1695608249.0561829
1,14016,1695608249.0752544
1,14032,1695608249.0965297
1,14048,1695608249.1169796
1,14064,1695608249.1360748
1,14080,1695608249.156516
1,14096,1695608249.1761982
1,14112,1695608249.196977
1,14128,1695608249.2163599
1,14144,1695608249.2362635
1,14160,1695608249.2566159
1,14176,1695608249.2762647
1,14192,1695608249.2967415
1,14208,1695608249.3156526
1,14224,1695608249.3362577
1,14240,1695608249.3569849
1,14256,1695608249.375875
1,14272,1695608249.395987
1,14288,1695608249.416428
1,14304,1695608249.4366367
1,14320,1695608249.4555225
1,14336,1695608249.4760404
1,14352,1695608249.4961903
1,14368,1695608249.516963
1,14384,1695608249.5358624
1,14400,1695608249.556053
1,14416,1695608249.5766883
1,14432,1695608249.5968108
1,14448,1695608249.615964
1,14464,1695608249.6360204
1,14480,1695608249.6566744
1,14496,1695608249.6759646
1,14512,1695608249.6963882
1,14528,1695608249.7169836
1,14544,1695608249.7363362
1,14560,1695608249.755896
1,14576,1695608249.7764828
1,14592,1695608249.797024
1,14608,1695608249.8158135
1,14624,1695608249.8366945
1,14640,1695608249.8562427
1,14656,1695608249.876388
1,14672,1695608249.8965707
1,14688,1695608249.9160082
1,14704,1695608249.9364622
1,14720,1695608249.9565754
1,14736,1695608249.9754727
1,14752,1695608249.9960072
1,14768,1695608250.0168629
1,14784,1695608250.0358126
1,14800,1695608250.0562716
1,14816,1695608250.0767794
1,14832,1695608250.0959346
1,14848,1695608250.11649
1,14864,1695608250.1368515
1,14880,1695608250.155809
1,14896,1695608250.1761403
1,14912,1695608250.1965454
1,14928,1695608250.216876
1,14944,1695608250.235821
1,14960,1695608250.2568033
1,14976,1695608250.2767217
1,14992,1695608250.2954988
1,15008,1695608250.3166394
1,15024,1695608250.3369243
1,15040,1695608250.3556423
1,15056,1695608250.376946
1,15072,1695608250.3968258
1,15088,1695608250.414749
1,15104,1695608250.4365778
1,15120,1695608250.4566896
1,15136,1695608250.4756505
1,15152,1695608250.4961739
1,15168,1695608250.5165875
1,15184,1695608250.5368693
1,15200,1695608250.5557892
1,15216,1695608250.5762537
1,15232,1695608250.5970051
1,15248,1695608250.6165173
1,15264,1695608250.6356547
1,15280,1695608250.656768
1,15296,1695608250.6784313
1,15312,1695608250.6960504
1,15328,1695608250.714982
1,15344,1695608250.736214
1,15360,1695608250.7567954
1,15376,1695608250.7757907
1,15392,1695608250.7965622
1,15408,1695608250.8165305
1,15424,1695608250.835376
1,15440,1695608250.8556993
1,15456,1695608250.8766527
1,15472,1695608250.8955886
1,15488,1695608250.9163795
1,15504,1695608250.9369175
1,15520,1695608250.9556205
1,15536,1695608250.9761128
1,15552,1695608250.996937
1,15568,1695608251.016416
1,15584,1695608251.0361903
1,15600,1695608251.0565932
1,15616,1695608251.076615
1,15632,1695608251.0962183
1,15648,1695608251.1163127
1,15664,1695608251.137015
1,15680,1695608251.1564925
1,15696,1695608251.176155
1,15712,1695608251.1969728
1,15728,1695608251.216259
1,15744,1695608251.2359807
1,15760,1695608251.2564063
1,15776,1695608251.27672
1,15792,1695608251.2964437
1,15808,1695608251.316758
1,15824,1695608251.335844
1,15840,1695608251.3564942
1,15856,1695608251.376768
1,15872,1695608251.3960245
1,15888,1695608251.415782
1,15904,1695608251.4359274
1,15920,1695608251.4564052
1,15936,1695608251.4765456
1,15952,1695608251.495699
1,15968,1695608251.5161204
1,15984,1695608251.5387115
1,16000,1695608251.5587919
1,16016,1695608251.579632
1,16032,1695608251.6004095
1,16048,1695608251.6221757
1,16064,1695608251.6405
1,16080,1695608251.6588418
1,16096,1695608251.6800535
1,16112,1695608251.7003999
1,16128,1695608251.7198782
1,16144,1695608251.7407782
1,16160,1695608251.7598007
1,16176,1695608251.7803133
1,16192,1695608251.8004193
1,16208,1695608251.8217263
1,16224,1695608251.843572
1,16240,1695608251.8642108
1,16256,1695608251.8841321
1,16272,1695608251.9045198
1,16288,1695608251.9248738
1,16304,1695608251.944041
1,16320,1695608251.9646883
1,16336,1695608251.9846737
1,16352,1695608252.0019658
1,16368,1695608252.0185924
1,16384,1695608252.0342026
1,16400,1695608252.051389
1,16416,1695608252.0637913
1,16432,1695608252.0771022
1,16448,1695608252.0923827
1,16464,1695608252.1081345
1,16480,1695608252.1230764
1,16496,1695608252.1355746
1,16512,1695608252.1499426
1,16528,1695608252.162336
1,16544,1695608252.1759682
1,16560,1695608252.1903238
1,16576,1695608252.203132
1,16592,1695608252.217201
1,16608,1695608252.2298386
1,16624,1695608252.2441084
1,16640,1695608252.257238
1,16656,1695608252.269659
1,16672,1695608252.2836735
1,16688,1695608252.2970228
1,16704,1695608252.3095922
1,16720,1695608252.3240294
1,16736,1695608252.3372529
1,16752,1695608252.3515282
1,16768,1695608252.3638656
1,16784,1695608252.3780587
1,16800,1695608252.3906362
1,16816,1695608252.4048512
1,16832,1695608252.417131
1,16848,1695608252.430253
1,16864,1695608252.4464543
1,16880,1695608252.4591627
1,16896,1695608252.4725144
1,16912,1695608252.4853826
1,16928,1695608252.5001934
1,16944,1695608252.513561
1,16960,1695608252.5260468
1,16976,1695608252.540474
1,16992,1695608252.5538085
1,17008,1695608252.568618
1,17024,1695608252.5810845
1,17040,1695608252.5955997
1,17056,1695608252.6087976
1,17072,1695608252.6214747
1,17088,1695608252.636337
1,17104,1695608252.6529446
1,17120,1695608252.6648722
1,17136,1695608252.6805837
1,17152,1695608252.6941106
1,17168,1695608252.7074194
1,17184,1695608252.7217956
1,17200,1695608252.7341602
1,17216,1695608252.7482395
1,17232,1695608252.7610426
1,17248,1695608252.7758718
1,17264,1695608252.7890894
1,17280,1695608252.8018003
1,17296,1695608252.8164272
1,17312,1695608252.8289907
1,17328,1695608252.843622
1,17344,1695608252.8556995
1,17360,1695608252.8690627
1,17376,1695608252.8848064
1,17392,1695608252.9063501
1,17408,1695608252.9272761
1,17424,1695608252.948579
1,17440,1695608252.9692733
1,17456,1695608252.9875906
1,17472,1695608253.007797
1,17488,1695608253.029028
1,17504,1695608253.0477831
1,17520,1695608253.0680075
1,17536,1695608253.0881352
1,17552,1695608253.1100225
1,17568,1695608253.1287305
1,17584,1695608253.1474526
1,17600,1695608253.1683133
1,17616,1695608253.1889222
1,17632,1695608253.208058
1,17648,1695608253.2284184
1,17664,1695608253.2484086
1,17680,1695608253.2692497
1,17696,1695608253.2875752
1,17712,1695608253.3074937
1,17728,1695608253.3283093
1,17744,1695608253.3487377
1,17760,1695608253.3681998
1,17776,1695608253.3883865
1,17792,1695608253.4087439
1,17808,1695608253.4277644
1,17824,1695608253.4490163
1,17840,1695608253.4676044
1,17856,1695608253.4878025
1,17872,1695608253.5080173
1,17888,1695608253.5283053
1,17904,1695608253.5486708
1,17920,1695608253.5686073
1,17936,1695608253.5879982
1,17952,1695608253.6089349
1,17968,1695608253.6279204
1,17984,1695608253.6483862
1,18000,1695608253.6688204
1,18016,1695608253.6877236
1,18032,1695608253.7078733
1,18048,1695608253.7293773
1,18064,1695608253.747665
1,18080,1695608253.768081
1,18096,1695608253.7889779
1,18112,1695608253.807667
1,18128,1695608253.8276777
1,18144,1695608253.8487759
1,18160,1695608253.8701653
1,18176,1695608253.8873205
1,18192,1695608253.9072819
1,18208,1695608253.9288113
1,18224,1695608253.9485655
1,18240,1695608253.966834
1,18256,1695608253.9875128
1,18272,1695608254.0082257
1,18288,1695608254.028743
1,18304,1695608254.0502517
1,18320,1695608254.068077
1,18336,1695608254.0876157
1,18352,1695608254.1080022
1,18368,1695608254.1286001
1,18384,1695608254.148907
1,18400,1695608254.1676993
1,18416,1695608254.189415
1,18432,1695608254.2086332
1,18448,1695608254.2276232
1,18464,1695608254.248375
1,18480,1695608254.2689369
1,18496,1695608254.2879379
1,18512,1695608254.308864
1,18528,1695608254.3280559
1,18544,1695608254.348049
1,18560,1695608254.3687408
1,18576,1695608254.3877227
1,18592,1695608254.4089684
1,18608,1695608254.428481
1,18624,1695608254.4478128
1,18640,1695608254.4680784
1,18656,1695608254.4886494
1,18672,1695608254.5085218
1,18688,1695608254.5274668
1,18704,1695608254.5487003
1,18720,1695608254.5691266
1,18736,1695608254.587149
1,18752,1695608254.607747
1,18768,1695608254.6288357
1,18784,1695608254.6476486
1,18800,1695608254.6684594
1,18816,1695608254.6887438
1,18832,1695608254.7080142
1,18848,1695608254.7288344
1,18864,1695608254.7488222
1,18880,1695608254.7670922
1,18896,1695608254.7881603
1,18912,1695608254.8086782
1,18928,1695608254.8286605
1,18944,1695608254.8475542
1,18960,1695608254.8685086
1,18976,1695608254.8887215
1,18992,1695608254.9076183
1,19008,1695608254.9287941
1,19024,1695608254.9489806
1,19040,1695608254.9671495
1,19056,1695608254.9877882
1,19072,1695608255.0083466
1,19088,1695608255.0288675
1,19104,1695608255.0506482
1,19120,1695608255.0706034
1,19136,1695608255.0907302
1,19152,1695608255.1124885
1,19168,1695608255.1327248
1,19184,1695608255.151847
1,19200,1695608255.1701796
1,19216,1695608255.18934
1,19232,1695608255.2118068
1,19248,1695608255.2326264
1,19264,1695608255.251669
1,19280,1695608255.2726898
1,19296,1695608255.2925026
1,19312,1695608255.311557
1,19328,1695608255.331824
1,19344,1695608255.3518474
1,19360,1695608255.3728642
1,19376,1695608255.3926787
1,19392,1695608255.411707
1,19408,1695608255.4320743
1,19424,1695608255.4526403
1,19440,1695608255.4714673
1,19456,1695608255.4925168
1,19472,1695608255.5125513
1,19488,1695608255.5316966
1,19504,1695608255.552049
1,19520,1695608255.5721183
1,19536,1695608255.5944843
1,19552,1695608255.6123104
1,19568,1695608255.6316037
1,19584,1695608255.6524532
1,19600,1695608255.6739595
1,19616,1695608255.6925428
1,19632,1695608255.7114897
1,19648,1695608255.732012
1,19664,1695608255.7525518
1,19680,1695608255.7716022
1,19696,1695608255.7894208
1,19712,1695608255.808539
1,19728,1695608255.825853
1,19744,1695608255.8477292
1,19760,1695608255.8687396
1,19776,1695608255.8905919
1,19792,1695608255.9077802
1,19808,1695608255.9280486
1,19824,1695608255.9486592
1,19840,1695608255.9682038
1,19856,1695608255.9887283
1,19872,1695608256.008136
1,19888,1695608256.0280313
1,19904,1695608256.0485585
1,19920,1695608256.0684257
1,19936,1695608256.0818064
1,19952,1695608256.0925703
1,19968,1695608256.1049712
1,19984,1695608256.1221185
1,20000,1695608256.1419969
1,20016,1695608256.1643739
1,20032,1695608256.1852074
1,20048,1695608256.2016485
1,20064,1695608256.2138603
1,20080,1695608256.226655
1,20096,1695608256.239454
1,20112,1695608256.251432
1,20128,1695608256.2660406
1,20144,1695608256.2785077
1,20160,1695608256.2910995
1,20176,1695608256.3050232
1,20192,1695608256.3183012
1,20208,1695608256.332268
1,20224,1695608256.3449464
1,20240,1695608256.3596067
1,20256,1695608256.373019
1,20272,1695608256.385967
1,20288,1695608256.399927
1,20304,1695608256.4135218
1,20320,1695608256.425131
1,20336,1695608256.4377866
1,20352,1695608256.4496424
1,20368,1695608256.4610987
1,20384,1695608256.4739053
1,20400,1695608256.4860377
1,20416,1695608256.4976645
1,20432,1695608256.5104735
1,20448,1695608256.522512
1,20464,1695608256.5344124
1,20480,1695608256.547043
1,20496,1695608256.5589254
1,20512,1695608256.5710957
1,20528,1695608256.5836115
1,20544,1695608256.595583
1,20560,1695608256.6084492
1,20576,1695608256.6209593
1,20592,1695608256.6324027
1,20608,1695608256.6435335
1,20624,1695608256.6586719
1,20640,1695608256.6713705
1,20656,1695608256.6843853
1,20672,1695608256.6972053
1,20688,1695608256.708691
1,20704,1695608256.7218928
1,20720,1695608256.7336879
1,20736,1695608256.747069
1,20752,1695608256.7595282
1,20768,1695608256.7712104
1,20784,1695608256.784538
1,20800,1695608256.7968395
1,20816,1695608256.8083122
1,20832,1695608256.8213832
1,20848,1695608256.833024
1,20864,1695608256.8465884
1,20880,1695608256.858585
1,20896,1695608256.8705883
1,20912,1695608256.883445
1,20928,1695608256.8957882
1,20944,1695608256.9072096
1,20960,1695608256.919978
1,20976,1695608256.9325554
1,20992,1695608256.944455
1,21008,1695608256.9561179
1,21024,1695608256.9693017
1,21040,1695608256.9816873
1,21056,1695608256.994923
1,21072,1695608257.0067663
1,21088,1695608257.0192592
1,21104,1695608257.032189
1,21120,1695608257.044558
1,21136,1695608257.0572872
1,21152,1695608257.0710604
1,21168,1695608257.082529
1,21184,1695608257.095453
1,21200,1695608257.1079211
1,21216,1695608257.1197839
1,21232,1695608257.132739
1,21248,1695608257.1450374
1,21264,1695608257.1565928
1,21280,1695608257.1681726
1,21296,1695608257.1812425
1,21312,1695608257.1929972
1,21328,1695608257.2060235
1,21344,1695608257.2181368
1,21360,1695608257.2299037
1,21376,1695608257.2426467
1,21392,1695608257.2546778
1,21408,1695608257.2666905
1,21424,1695608257.2792864
1,21440,1695608257.2913995
1,21456,1695608257.304259
1,21472,1695608257.3166428
1,21488,1695608257.3281295
1,21504,1695608257.3403862
1,21520,1695608257.3534224
1,21536,1695608257.3656366
1,21552,1695608257.3772442
1,21568,1695608257.3903177
1,21584,1695608257.4023612
1,21600,1695608257.4141698
1,21616,1695608257.4268346
1,21632,1695608257.4389327
1,21648,1695608257.4511821
1,21664,1695608257.4636314
1,21680,1695608257.4761755
1,21696,1695608257.4881692
1,21712,1695608257.501983
1,21728,1695608257.5158105
1,21744,1695608257.5278804
1,21760,1695608257.541701
1,21776,1695608257.5536404
1,21792,1695608257.5651379
1,21808,1695608257.57794
1,21824,1695608257.5901258
1,21840,1695608257.6018345
1,21856,1695608257.6145203
1,21872,1695608257.6266673
1,21888,1695608257.638615
1,21904,1695608257.6511068
1,21920,1695608257.663169
1,21936,1695608257.675901
1,21952,1695608257.688917
1,21968,1695608257.7003708
1,21984,1695608257.7119
1,22000,1695608257.7252278
1,22016,1695608257.7376163
1,22032,1695608257.749119
1,22048,1695608257.7622123
1,22064,1695608257.7743661
1,22080,1695608257.786168
1,22096,1695608257.7989376
1,22112,1695608257.810959
1,22128,1695608257.8232956
1,22144,1695608257.8358824
1,22160,1695608257.8484476
1,22176,1695608257.8602219
1,22192,1695608257.8719833
1,22208,1695608257.885268
1,22224,1695608257.8976007
1,22240,1695608257.9105704
1,22256,1695608257.92288
1,22272,1695608257.9352198
1,22288,1695608257.9479682
1,22304,1695608257.9602551
1,22320,1695608257.9722733
1,22336,1695608257.9838119
1,22352,1695608257.9971044
1,22368,1695608258.0087636
1,22384,1695608258.021797
1,22400,1695608258.034208
1,22416,1695608258.046497
1,22432,1695608258.0596707
1,22448,1695608258.071819
1,22464,1695608258.0848074
1,22480,1695608258.0970569
1,22496,1695608258.1101542
1,22512,1695608258.1226175
1,22528,1695608258.1348422
1,22544,1695608258.1481054
1,22560,1695608258.1598725
1,22576,1695608258.1725903
1,22592,1695608258.1864572
1,22608,1695608258.1982772
1,22624,1695608258.210889
1,22640,1695608258.223076
1,22656,1695608258.2354627
1,22672,1695608258.2480118
1,22688,1695608258.2604256
1,22704,1695608258.2720773
1,22720,1695608258.2848444
1,22736,1695608258.2983272
1,22752,1695608258.310298
1,22768,1695608258.323592
1,22784,1695608258.3360214
1,22800,1695608258.3481638
1,22816,1695608258.3599062
1,22832,1695608258.3730278
1,22848,1695608258.3854256
1,22864,1695608258.3970902
1,22880,1695608258.410093
1,22896,1695608258.422292
1,22912,1695608258.4340827
1,22928,1695608258.4469168
1,22944,1695608258.4589596
1,22960,1695608258.4713078
1,22976,1695608258.4839115
1,22992,1695608258.4964852
1,23008,1695608258.50794
1,23024,1695608258.519482
1,23040,1695608258.5327766
1,23056,1695608258.5452614
1,23072,1695608258.5567741
1,23088,1695608258.5718253
1,23104,1695608258.5845938
1,23120,1695608258.5967145
1,23136,1695608258.6098228
1,23152,1695608258.622242
1,23168,1695608258.634618
1,23184,1695608258.6480715
1,23200,1695608258.6604035
1,23216,1695608258.6743784
1,23232,1695608258.6882
1,23248,1695608258.7004945
1,23264,1695608258.711976
1,23280,1695608258.7235055
1,23296,1695608258.7366085
1,23312,1695608258.7566016
1,23328,1695608258.7767124
1,23344,1695608258.795588
1,23360,1695608258.816351
1,23376,1695608258.8366625
1,23392,1695608258.860592
1,23408,1695608258.880753
1,23424,1695608258.8996422
1,23440,1695608258.9197423
1,23456,1695608258.940082
1,23472,1695608258.960201
1,23488,1695608258.980219
1,23504,1695608259.0000339
1,23520,1695608259.0201676
1,23536,1695608259.0399315
1,23552,1695608259.0605698
1,23568,1695608259.080213
1,23584,1695608259.1011274
1,23600,1695608259.1204674
1,23616,1695608259.1407528
1,23632,1695608259.159679
1,23648,1695608259.180288
1,23664,1695608259.2005866
1,23680,1695608259.2206233
1,23696,1695608259.2400646
1,23712,1695608259.2602599
1,23728,1695608259.2805452
1,23744,1695608259.3006651
1,23760,1695608259.3202114
1,23776,1695608259.339783
1,23792,1695608259.3608685
1,23808,1695608259.3798358
1,23824,1695608259.399988
1,23840,1695608259.4203753
1,23856,1695608259.4424095
1,23872,1695608259.460257
1,23888,1695608259.4792325
1,23904,1695608259.4998999
1,23920,1695608259.520991
1,23936,1695608259.5388548
1,23952,1695608259.5517342
1,23968,1695608259.5643737
1,23984,1695608259.5789447
1,24000,1695608259.5921493
1,24016,1695608259.6059692
1,24032,1695608259.6192026
1,24048,1695608259.6338854
1,24064,1695608259.646362
1,24080,1695608259.6603315
1,24096,1695608259.6730394
1,24112,1695608259.6879656
1,24128,1695608259.7010875
1,24144,1695608259.7135785
1,24160,1695608259.7280452
1,24176,1695608259.741395
1,24192,1695608259.753056
1,24208,1695608259.771973
1,24224,1695608259.7891278
1,24240,1695608259.8080747
1,24256,1695608259.8214428
1,24272,1695608259.8367028
1,24288,1695608259.8512309
1,24304,1695608259.8649518
1,24320,1695608259.878515
1,24336,1695608259.8919919
1,24352,1695608259.905347
1,24368,1695608259.9190376
1,24384,1695608259.9358926
1,24400,1695608259.947967
1,24416,1695608259.9661188
1,24432,1695608259.9807582
1,24448,1695608259.9944692
1,24464,1695608260.009002
1,24480,1695608260.0213683
1,24496,1695608260.035778
1,24512,1695608260.0489597
1,24528,1695608260.0634003
1,24544,1695608260.0756583
1,24560,1695608260.0895839
1,24576,1695608260.1022239
1,24592,1695608260.116003
1,24608,1695608260.1287715
1,24624,1695608260.1432452
1,24640,1695608260.157661
1,24656,1695608260.1708086
1,24672,1695608260.1842976
1,24688,1695608260.198042
1,24704,1695608260.2104864
1,24720,1695608260.224457
1,24736,1695608260.237227
1,24752,1695608260.2518983
1,24768,1695608260.264382
1,24784,1695608260.2766974
1,24800,1695608260.2907903
1,24816,1695608260.304249
1,24832,1695608260.3183322
1,24848,1695608260.3329732
1,24864,1695608260.3490367
1,24880,1695608260.3684695
1,24896,1695608260.3857675
1,24912,1695608260.407579
1,24928,1695608260.4282951
1,24944,1695608260.4489691
1,24960,1695608260.467547
1,24976,1695608260.4877918
1,24992,1695608260.5080051
1,25008,1695608260.5281448
1,25024,1695608260.5478826
1,25040,1695608260.5682726
1,25056,1695608260.5890343
1,25072,1695608260.6077313
1,25088,1695608260.6287403
1,25104,1695608260.648379
1,25120,1695608260.668156
1,25136,1695608260.6887798
1,25152,1695608260.7103946
1,25168,1695608260.7317889
1,25184,1695608260.752053
1,25200,1695608260.770109
1,25216,1695608260.7899082
1,25232,1695608260.8099873
1,25248,1695608260.828155
1,25264,1695608260.8452682
1,25280,1695608260.864216
1,25296,1695608260.8810065
1,25312,1695608260.9018214
1,25328,1695608260.920848
1,25344,1695608260.9386752
1,25360,1695608260.9586656
1,25376,1695608260.977094
1,25392,1695608260.998525
1,25408,1695608261.0161104
1,25424,1695608261.0358362
1,25440,1695608261.0558286
1,25456,1695608261.0746078
1,25472,1695608261.0902555
1,25488,1695608261.1084032
1,25504,1695608261.1244013
1,25520,1695608261.1388593
1,25536,1695608261.1553283
1,25552,1695608261.1700976
1,25568,1695608261.182562
1,25584,1695608261.1968794
1,25600,1695608261.2101946
1,25616,1695608261.2236466
1,25632,1695608261.2387757
1,25648,1695608261.2511575
1,25664,1695608261.2649388
1,25680,1695608261.278597
1,25696,1695608261.2929065
1,25712,1695608261.3081224
1,25728,1695608261.3222187
1,25744,1695608261.3378885
1,25760,1695608261.3534396
1,25776,1695608261.368361
1,25792,1695608261.3815687
1,25808,1695608261.396279
1,25824,1695608261.4124477
1,25840,1695608261.4288998
1,25856,1695608261.4426413
1,25872,1695608261.456306
1,25888,1695608261.4683666
1,25904,1695608261.4861274
1,25920,1695608261.503288
1,25936,1695608261.5220993
1,25952,1695608261.5388126
1,25968,1695608261.5575454
1,25984,1695608261.5782604
1,26000,1695608261.5973842
1,26016,1695608261.6178532
1,26032,1695608261.6378212
1,26048,1695608261.6513975
1,26064,1695608261.6645973
1,26080,1695608261.6781116
1,26096,1695608261.6898313
1,26112,1695608261.702655
1,26128,1695608261.7146635
1,26144,1695608261.7268488
1,26160,1695608261.7391505
1,26176,1695608261.7523143
1,26192,1695608261.7656424
1,26208,1695608261.7772582
1,26224,1695608261.7895072
1,26240,1695608261.8022337
1,26256,1695608261.8146088
1,26272,1695608261.8270314
1,26288,1695608261.8388917
1,26304,1695608261.8521109
1,26320,1695608261.863653
1,26336,1695608261.8764186
1,26352,1695608261.8883197
1,26368,1695608261.8999245
1,26384,1695608261.9129336
1,26400,1695608261.925051
1,26416,1695608261.9367177
1,26432,1695608261.9480896
1,26448,1695608261.9641
1,26464,1695608261.9771132
1,26480,1695608261.9884784
1,26496,1695608262.0013087
1,26512,1695608262.0152369
1,26528,1695608262.027786
1,26544,1695608262.039389
1,26560,1695608262.0518296
1,26576,1695608262.065454
1,26592,1695608262.0769675
1,26608,1695608262.0885012
1,26624,1695608262.1011548
1,26640,1695608262.1126926
1,26656,1695608262.1256547
1,26672,1695608262.137357
1,26688,1695608262.1488252
1,26704,1695608262.1622524
1,26720,1695608262.1762712
1,26736,1695608262.1880987
1,26752,1695608262.1994236
1,26768,1695608262.2104733
1,26784,1695608262.225202
1,26800,1695608262.2374678
1,26816,1695608262.2489653
1,26832,1695608262.2632067
1,26848,1695608262.2749493
1,26864,1695608262.2877219
1,26880,1695608262.2995598
1,26896,1695608262.3118706
1,26912,1695608262.3254952
1,26928,1695608262.3362656
1,26944,1695608262.347442
1,26960,1695608262.3629067
1,26976,1695608262.375459
1,26992,1695608262.3904283
1,27008,1695608262.4041193
1,27024,1695608262.4171247
1,27040,1695608262.428459
1,27056,1695608262.4414299
1,27072,1695608262.4523659
1,27088,1695608262.4645822
1,27104,1695608262.4777265
1,27120,1695608262.4893274
1,27136,1695608262.5022507
1,27152,1695608262.5143487
1,27168,1695608262.5261338
1,27184,1695608262.5387454
1,27200,1695608262.549973
1,27216,1695608262.5615404
1,27232,1695608262.5758064
1,27248,1695608262.5874307
1,27264,1695608262.5994997
1,27280,1695608262.6130855
1,27296,1695608262.6247828
1,27312,1695608262.6363232
1,27328,1695608262.6491017
1,27344,1695608262.6610656
1,27360,1695608262.6739461
1,27376,1695608262.6852784
1,27392,1695608262.696443
1,27408,1695608262.7112255
1,27424,1695608262.723528
1,27440,1695608262.736407
1,27456,1695608262.7487023
1,27472,1695608262.7602146
1,27488,1695608262.7761467
1,27504,1695608262.7877812
1,27520,1695608262.8002431
1,27536,1695608262.8139336
1,27552,1695608262.8253772
1,27568,1695608262.8378472
1,27584,1695608262.850289
1,27600,1695608262.8618042
1,27616,1695608262.8749852
1,27632,1695608262.8875527
1,27648,1695608262.8999496
1,27664,1695608262.9134805
1,27680,1695608262.9251428
1,27696,1695608262.9381886
1,27712,1695608262.9495015
1,27728,1695608262.9607155
1,27744,1695608262.9742534
1,27760,1695608262.9877
1,27776,1695608263.0002873
1,27792,1695608263.0141342
1,27808,1695608263.0256886
1,27824,1695608263.03772
1,27840,1695608263.051146
1,27856,1695608263.0634387
1,27872,1695608263.0763838
1,27888,1695608263.0882792
1,27904,1695608263.0996168
1,27920,1695608263.1159062
1,27936,1695608263.1285725
1,27952,1695608263.1398754
1,27968,1695608263.1514053
1,27984,1695608263.1642425
1,28000,1695608263.1766891
1,28016,1695608263.188065
1,28032,1695608263.1995118
1,28048,1695608263.211888
1,28064,1695608263.2233338
1,28080,1695608263.2378378
1,28096,1695608263.2497296
1,28112,1695608263.2613385
1,28128,1695608263.2756736
1,28144,1695608263.2876709
1,28160,1695608263.3013158
1,28176,1695608263.313058
1,28192,1695608263.3260367
1,28208,1695608263.3376
1,28224,1695608263.3491666
1,28240,1695608263.36408
1,28256,1695608263.3760972
1,28272,1695608263.3875456
1,28288,1695608263.3996325
1,28304,1695608263.4159546
1,28320,1695608263.4276109
1,28336,1695608263.4400861
1,28352,1695608263.4544659
1,28368,1695608263.466224
1,28384,1695608263.4787133
1,28400,1695608263.4900134
1,28416,1695608263.5018272
1,28432,1695608263.5160484
1,28448,1695608263.5276692
1,28464,1695608263.5406346
1,28480,1695608263.5522535
1,28496,1695608263.5642176
1,28512,1695608263.575654
1,28528,1695608263.5886717
1,28544,1695608263.6003034
1,28560,1695608263.611671
1,28576,1695608263.626675
1,28592,1695608263.6380198
1,28608,1695608263.6506946
1,28624,1695608263.6637492
1,28640,1695608263.6772227
1,28656,1695608263.6910505
1,28672,1695608263.7044413
1,28688,1695608263.7173722
1,28704,1695608263.730849
1,28720,1695608263.7416315
1,28736,1695608263.7550538
1,28752,1695608263.765858
1,28768,1695608263.7767167
1,28784,1695608263.7873094
1,28800,1695608263.8010397
1,28816,1695608263.8118403
1,28832,1695608263.8227243
1,28848,1695608263.833615
1,28864,1695608263.847066
1,28880,1695608263.8580534
1,28896,1695608263.869041
1,28912,1695608263.8798082
1,28928,1695608263.8934512
1,28944,1695608263.904573
1,28960,1695608263.9155653
1,28976,1695608263.9272337
1,28992,1695608263.940835
1,29008,1695608263.9517722
1,29024,1695608263.9627492
1,29040,1695608263.9736738
1,29056,1695608263.9872868
1,29072,1695608263.9981017
1,29088,1695608264.0091476
1,29104,1695608264.0201201
1,29120,1695608264.0335808
1,29136,1695608264.0444973
1,29152,1695608264.0554569
1,29168,1695608264.0665412
1,29184,1695608264.0801206
1,29200,1695608264.0909333
1,29216,1695608264.1018896
1,29232,1695608264.112666
1,29248,1695608264.1256802
1,29264,1695608264.1368906
1,29280,1695608264.1488922
1,29296,1695608264.160479
1,29312,1695608264.175347
1,29328,1695608264.1862202
1,29344,1695608264.1971743
1,29360,1695608264.2081618
1,29376,1695608264.2219827
1,29392,1695608264.2328613
1,29408,1695608264.2437155
1,29424,1695608264.254667
1,29440,1695608264.2681615
1,29456,1695608264.2789357
1,29472,1695608264.2900314
1,29488,1695608264.3009856
1,29504,1695608264.314642
1,29520,1695608264.3257854
1,29536,1695608264.3366973
1,29552,1695608264.3474534
1,29568,1695608264.360873
1,29584,1695608264.3719392
1,29600,1695608264.3838594
1,29616,1695608264.3948905
1,29632,1695608264.4079854
1,29648,1695608264.4198887
1,29664,1695608264.430766
1,29680,1695608264.4416592
1,29696,1695608264.4544644
1,29712,1695608264.4659119
1,29728,1695608264.476894
1,29744,1695608264.4879713
1,29760,1695608264.501563
1,29776,1695608264.512402
1,29792,1695608264.5232608
1,29808,1695608264.5340345
1,29824,1695608264.5474324
1,29840,1695608264.5582232
1,29856,1695608264.5690906
1,29872,1695608264.5798142
1,29888,1695608264.593309
1,29904,1695608264.6042368
1,29920,1695608264.6152263
1,29936,1695608264.6263041
1,29952,1695608264.6397598
1,29968,1695608264.6506972
1,29984,1695608264.6616879
1,30000,1695608264.672609
1,30016,1695608264.6862745
1,30032,1695608264.6970954
1,30048,1695608264.7081707
1,30064,1695608264.7191856
1,30080,1695608264.7336583
1,30096,1695608264.7443886
1,30112,1695608264.7552497
1,30128,1695608264.7656617
1,30144,1695608264.780303
1,30160,1695608264.7901225
1,30176,1695608264.8016841
1,30192,1695608264.8131156
1,30208,1695608264.8239663
1,30224,1695608264.8349845
1,30240,1695608264.846012
1,30256,1695608264.8571143
1,30272,1695608264.8679614
1,30288,1695608264.8787847
1,30304,1695608264.8897045
1,30320,1695608264.9003932
1,30336,1695608264.9115405
1,30352,1695608264.9224536
1,30368,1695608264.9334176
1,30384,1695608264.944178
1,30400,1695608264.9550176
1,30416,1695608264.9658513
1,30432,1695608264.9766815
1,30448,1695608264.98661
1,30464,1695608265.0000093
1,30480,1695608265.0119982
1,30496,1695608265.022974
1,30512,1695608265.0333874
1,30528,1695608265.0449185
1,30544,1695608265.0581079
1,30560,1695608265.0703466
1,30576,1695608265.0816905
1,30592,1695608265.0951722
1,30608,1695608265.107473
1,30624,1695608265.1198275
1,30640,1695608265.1319337
1,30656,1695608265.1449332
1,30672,1695608265.1562347
1,30688,1695608265.1688228
1,30704,1695608265.181461
1,30720,1695608265.193311
1,30736,1695608265.2044642
1,30752,1695608265.2160475
1,30768,1695608265.2303789
1,30784,1695608265.2426467
1,30800,1695608265.2552357
1,30816,1695608265.267109
1,30832,1695608265.2787626
1,30848,1695608265.291217
1,30864,1695608265.3032668
1,30880,1695608265.316032
1,30896,1695608265.3276927
1,30912,1695608265.3393884
1,30928,1695608265.3520575
1,30944,1695608265.364629
1,30960,1695608265.3755276
1,30976,1695608265.3885741
1,30992,1695608265.40069
1,31008,1695608265.4119878
1,31024,1695608265.424206
1,31040,1695608265.4371104
1,31056,1695608265.4483612
1,31072,1695608265.459777
1,31088,1695608265.472005
1,31104,1695608265.4841146
1,31120,1695608265.496022
1,31136,1695608265.507255
1,31152,1695608265.5200129
1,31168,1695608265.5329797
1,31184,1695608265.5443294
1,31200,1695608265.5557508
1,31216,1695608265.5675375
1,31232,1695608265.5793588
1,31248,1695608265.5905101
1,31264,1695608265.6033232
1,31280,1695608265.6159577
1,31296,1695608265.6273062
1,31312,1695608265.6399207
1,31328,1695608265.6522062
1,31344,1695608265.6629786
1,31360,1695608265.6749969
1,31376,1695608265.6872468
1,31392,1695608265.6992788
1,31408,1695608265.7109869
1,31424,1695608265.723598
1,31440,1695608265.735111
1,31456,1695608265.7465115
1,31472,1695608265.7583861
1,31488,1695608265.7714715
1,31504,1695608265.7828715
1,31520,1695608265.795
1,31536,1695608265.8071249
1,31552,1695608265.8185508
1,31568,1695608265.8304183
1,31584,1695608265.8430717
1,31600,1695608265.8544965
1,31616,1695608265.865614
1,31632,1695608265.8777452
1,31648,1695608265.8910706
1,31664,1695608265.902323
1,31680,1695608265.913628
1,31696,1695608265.9271321
1,31712,1695608265.9407444
1,31728,1695608265.9512556
1,31744,1695608265.9633555
1,31760,1695608265.9759321
1,31776,1695608265.9876864
1,31792,1695608265.9984126
1,31808,1695608266.011681
1,31824,1695608266.024917
1,31840,1695608266.0363302
1,31856,1695608266.0487385
1,31872,1695608266.061578
1,31888,1695608266.073063
1,31904,1695608266.0860999
1,31920,1695608266.0974705
1,31936,1695608266.1087484
1,31952,1695608266.1216884
1,31968,1695608266.1337142
1,31984,1695608266.144349
1,32000,1695608266.1562326
1,32016,1695608266.1695201
1,32032,1695608266.1815972
1,32048,1695608266.1922467
1,32064,1695608266.2041106
1,32080,1695608266.2169464
1,32096,1695608266.2288415
1,32112,1695608266.2407594
1,32128,1695608266.2532613
1,32144,1695608266.2646093
1,32160,1695608266.276312
1,32176,1695608266.2928293
1,32192,1695608266.3078694
1,32208,1695608266.3212538
1,32224,1695608266.3341823
1,32240,1695608266.346451
1,32256,1695608266.3583987
1,32272,1695608266.371133
1,32288,1695608266.3832617
1,32304,1695608266.393913
1,32320,1695608266.4062006
1,32336,1695608266.4190426
1,32352,1695608266.430194
1,32368,1695608266.441251
1,32384,1695608266.4537299
1,32400,1695608266.4658642
1,32416,1695608266.4773285
1,32432,1695608266.489207
1,32448,1695608266.5017776
1,32464,1695608266.5131576
1,32480,1695608266.5258088
1,32496,1695608266.5379279
1,32512,1695608266.5494292
1,32528,1695608266.562278
1,32544,1695608266.5741274
1,32560,1695608266.5849774
1,32576,1695608266.5975509
1,32592,1695608266.6096373
1,32608,1695608266.6209967
1,32624,1695608266.6326394
1,32640,1695608266.6449506
1,32656,1695608266.6564832
1,32672,1695608266.6680834
1,32688,1695608266.6799505
1,32704,1695608266.6927586
1,32720,1695608266.7048457
1,32736,1695608266.7192822
1,32752,1695608266.7313159
1,32768,1695608266.7439551
1,32784,1695608266.756227
1,32800,1695608266.768022
1,32816,1695608266.778476
1,32832,1695608266.7912056
1,32848,1695608266.8035994
1,32864,1695608266.815662
1,32880,1695608266.8311572
1,32896,1695608266.8425355
1,32912,1695608266.854136
1,32928,1695608266.8677874
1,32944,1695608266.8832297
1,32960,1695608266.896198
1,32976,1695608266.908621
1,32992,1695608266.9198613
1,33008,1695608266.9320965
1,33024,1695608266.9441283
1,33040,1695608266.9554534
1,33056,1695608266.9669335
1,33072,1695608266.9784784
1,33088,1695608266.9907644
1,33104,1695608267.0022366
1,33120,1695608267.0141716
1,33136,1695608267.026364
1,33152,1695608267.0381715
1,33168,1695608267.049766
1,33184,1695608267.0624583
1,33200,1695608267.073699
1,33216,1695608267.0850468
1,33232,1695608267.0976164
1,33248,1695608267.1096492
1,33264,1695608267.12033
1,33280,1695608267.1324322
1,33296,1695608267.144273
1,33312,1695608267.1563592
1,33328,1695608267.1682298
1,33344,1695608267.180844
1,33360,1695608267.1924253
1,33376,1695608267.203791
1,33392,1695608267.2156491
1,33408,1695608267.2276418
1,33424,1695608267.2395256
1,33440,1695608267.2523665
1,33456,1695608267.2679179
1,33472,1695608267.2813601
1,33488,1695608267.2937253
1,33504,1695608267.3054657
1,33520,1695608267.3173337
1,33536,1695608267.3296561
1,33552,1695608267.3411126
1,33568,1695608267.353975
1,33584,1695608267.365396
1,33600,1695608267.3769016
1,33616,1695608267.389764
1,33632,1695608267.4020376
1,33648,1695608267.412522
1,33664,1695608267.4245956
1,33680,1695608267.4376228
1,33696,1695608267.4499123
1,33712,1695608267.4659166
1,33728,1695608267.4813285
1,33744,1695608267.494389
1,33760,1695608267.5064695
1,33776,1695608267.5182323
1,33792,1695608267.5303743
1,33808,1695608267.5421698
1,33824,1695608267.5546658
1,33840,1695608267.56878
1,33856,1695608267.5805686
1,33872,1695608267.593143
1,33888,1695608267.6063504
1,33904,1695608267.617781
1,33920,1695608267.6293404
1,33936,1695608267.6426013
1,33952,1695608267.65484
1,33968,1695608267.6660428
1,33984,1695608267.678692
1,34000,1695608267.6902044
1,34016,1695608267.702666
1,34032,1695608267.7149
1,34048,1695608267.7264962
1,34064,1695608267.7383752
1,34080,1695608267.7515047
1,34096,1695608267.7629957
1,34112,1695608267.774683
1,34128,1695608267.78648
1,34144,1695608267.7992666
1,34160,1695608267.8133833
1,34176,1695608267.8276997
1,34192,1695608267.8389702
1,34208,1695608267.8516014
1,34224,1695608267.8631403
1,34240,1695608267.8744864
1,34256,1695608267.8869472
1,34272,1695608267.899667
1,34288,1695608267.9103675
1,34304,1695608267.923085
1,34320,1695608267.9357793
1,34336,1695608267.9465747
1,34352,1695608267.9581957
1,34368,1695608267.9738185
1,34384,1695608267.9873292
1,34400,1695608267.9995987
1,34416,1695608268.011667
1,34432,1695608268.0239565
1,34448,1695608268.035427
1,34464,1695608268.0483618
1,34480,1695608268.0605037
1,34496,1695608268.0720801
1,34512,1695608268.083646
1,34528,1695608268.096497
1,34544,1695608268.108729
1,34560,1695608268.1201172
1,34576,1695608268.1316817
1,34592,1695608268.1445673
1,34608,1695608268.156693
1,34624,1695608268.1682553
1,34640,1695608268.180878
1,34656,1695608268.1926396
1,34672,1695608268.2092037
1,34688,1695608268.224114
1,34704,1695608268.235596
1,34720,1695608268.2485173
1,34736,1695608268.2626224
1,34752,1695608268.2738667
1,34768,1695608268.287227
1,34784,1695608268.3000433
1,34800,1695608268.313204
1,34816,1695608268.3246825
1,34832,1695608268.3363132
1,34848,1695608268.349368
1,34864,1695608268.3610024
1,34880,1695608268.3726232
1,34896,1695608268.385589
1,34912,1695608268.3978674
1,34928,1695608268.4095297
1,34944,1695608268.4223754
1,34960,1695608268.4342124
1,34976,1695608268.4462118
1,34992,1695608268.4594715
1,35008,1695608268.4716144
1,35024,1695608268.4837515
1,35040,1695608268.4958022
1,35056,1695608268.5074983
1,35072,1695608268.5189517
1,35088,1695608268.5324354
1,35104,1695608268.54539
1,35120,1695608268.5567887
1,35136,1695608268.5700252
1,35152,1695608268.5817232
1,35168,1695608268.5950751
1,35184,1695608268.607427
1,35200,1695608268.6204512
1,35216,1695608268.633141
1,35232,1695608268.6445696
1,35248,1695608268.657672
1,35264,1695608268.6700404
1,35280,1695608268.6818068
1,35296,1695608268.6950727
1,35312,1695608268.7072842
1,35328,1695608268.7199676
1,35344,1695608268.7328248
1,35360,1695608268.7445362
1,35376,1695608268.7601385
1,35392,1695608268.7720764
1,35408,1695608268.7848213
1,35424,1695608268.796539
1,35440,1695608268.8079379
1,35456,1695608268.8206468
1,35472,1695608268.8345714
1,35488,1695608268.8463213
1,35504,1695608268.858648
1,35520,1695608268.8708007
1,35536,1695608268.8827786
1,35552,1695608268.89545
1,35568,1695608268.90772
1,35584,1695608268.919109
1,35600,1695608268.9315329
1,35616,1695608268.9436622
1,35632,1695608268.9550745
1,35648,1695608268.9677932
1,35664,1695608268.9806666
1,35680,1695608268.9920418
1,35696,1695608269.0067453
1,35712,1695608269.0209951
1,35728,1695608269.0339255
1,35744,1695608269.0462992
1,35760,1695608269.0582178
1,35776,1695608269.071489
1,35792,1695608269.0841436
1,35808,1695608269.095459
1,35824,1695608269.1075518
1,35840,1695608269.1207142
1,35856,1695608269.1320531
1,35872,1695608269.1435857
1,35888,1695608269.1564798
1,35904,1695608269.1687763
1,35920,1695608269.1814103
1,35936,1695608269.1948688
1,35952,1695608269.2066638
1,35968,1695608269.2187748
1,35984,1695608269.2317684
1,36000,1695608269.2443876
1,36016,1695608269.2563803
1,36032,1695608269.2679543
1,36048,1695608269.2837021
1,36064,1695608269.2949867
1,36080,1695608269.3075464
1,36096,1695608269.3203988
1,36112,1695608269.3317845
1,36128,1695608269.343239
1,36144,1695608269.3558457
1,36160,1695608269.368702
1,36176,1695608269.3800097
1,36192,1695608269.3915184
1,36208,1695608269.404188
1,36224,1695608269.4167264
1,36240,1695608269.4281008
1,36256,1695608269.4395523
1,36272,1695608269.4520879
1,36288,1695608269.4643776
1,36304,1695608269.476237
1,36320,1695608269.4876914
1,36336,1695608269.4996936
1,36352,1695608269.512306
1,36368,1695608269.52419
1,36384,1695608269.5356014
1,36400,1695608269.5484195
1,36416,1695608269.5607204
1,36432,1695608269.5722299
1,36448,1695608269.5876153
1,36464,1695608269.6002548
1,36480,1695608269.6117597
1,36496,1695608269.6233208
1,36512,1695608269.63625
1,36528,1695608269.6556318
1,36544,1695608269.669903
1,36560,1695608269.6826832
1,36576,1695608269.694863
1,36592,1695608269.7075777
1,36608,1695608269.720439
1,36624,1695608269.7318466
1,36640,1695608269.7449055
1,36656,1695608269.757372
1,36672,1695608269.7689238
1,36688,1695608269.7807238
1,36704,1695608269.7932737
1,36720,1695608269.804827
1,36736,1695608269.8175075
1,36752,1695608269.8314295
1,36768,1695608269.8441153
1,36784,1695608269.8561428
1,36800,1695608269.8682153
1,36816,1695608269.879824
1,36832,1695608269.8910177
1,36848,1695608269.904108
1,36864,1695608269.917129
1,36880,1695608269.9285624
1,36896,1695608269.9401236
1,36912,1695608269.953245
1,36928,1695608269.9647763
1,36944,1695608269.976339
1,36960,1695608269.9897158
1,36976,1695608270.0017507
1,36992,1695608270.013341
1,37008,1695608270.0266798
1,37024,1695608270.039006
1,37040,1695608270.0512447
1,37056,1695608270.0636914
1,37072,1695608270.0759068
1,37088,1695608270.0896835
1,37104,1695608270.101185
1,37120,1695608270.1131155
1,37136,1695608270.126198
1,37152,1695608270.1377962
1,37168,1695608270.1499977
1,37184,1695608270.1634495
1,37200,1695608270.1755009
1,37216,1695608270.1872363
1,37232,1695608270.2000902
1,37248,1695608270.2124383
1,37264,1695608270.226264
1,37280,1695608270.2400324
1,37296,1695608270.252002
1,37312,1695608270.263807
1,37328,1695608270.2765524
1,37344,1695608270.288401
1,37360,1695608270.2998059
1,37376,1695608270.312389
1,37392,1695608270.3266997
1,37408,1695608270.3385608
1,37424,1695608270.3508656
1,37440,1695608270.3627121
1,37456,1695608270.3751073
1,37472,1695608270.3880594
1,37488,1695608270.3997777
1,37504,1695608270.4123485
1,37520,1695608270.4269412
1,37536,1695608270.4410005
1,37552,1695608270.4523206
1,37568,1695608270.4637692
1,37584,1695608270.4764671
1,37600,1695608270.4886987
1,37616,1695608270.5005407
1,37632,1695608270.5119965
1,37648,1695608270.5249057
1,37664,1695608270.5371516
1,37680,1695608270.5483432
1,37696,1695608270.560004
1,37712,1695608270.57303
1,37728,1695608270.58525
1,37744,1695608270.596576
1,37760,1695608270.6089022
1,37776,1695608270.6228108
1,37792,1695608270.6347015
1,37808,1695608270.6473787
1,37824,1695608270.6596344
1,37840,1695608270.6712897
1,37856,1695608270.6839726
1,37872,1695608270.6965342
1,37888,1695608270.7077558
1,37904,1695608270.720793
1,37920,1695608270.733127
1,37936,1695608270.7444413
1,37952,1695608270.7572978
1,37968,1695608270.7693243
1,37984,1695608270.7807417
1,38000,1695608270.7936385
1,38016,1695608270.8074636
1,38032,1695608270.8191164
1,38048,1695608270.8314562
1,38064,1695608270.8437111
1,38080,1695608270.8556178
1,38096,1695608270.8684468
1,38112,1695608270.8808613
1,38128,1695608270.892289
1,38144,1695608270.90385
1,38160,1695608270.9166858
1,38176,1695608270.9289632
1,38192,1695608270.9403136
1,38208,1695608270.951808
1,38224,1695608270.9645104
1,38240,1695608270.9763362
1,38256,1695608270.988886
1,38272,1695608271.0021741
1,38288,1695608271.013805
1,38304,1695608271.0263658
1,38320,1695608271.0383887
1,38336,1695608271.0501294
1,38352,1695608271.0626843
1,38368,1695608271.0745587
1,38384,1695608271.0863545
1,38400,1695608271.0988474
1,38416,1695608271.110906
1,38432,1695608271.1228867
1,38448,1695608271.135384
1,38464,1695608271.1474338
1,38480,1695608271.1600986
1,38496,1695608271.1725693
1,38512,1695608271.1862943
1,38528,1695608271.1984658
1,38544,1695608271.2117732
1,38560,1695608271.2238603
1,38576,1695608271.2350802
1,38592,1695608271.2477946
1,38608,1695608271.260318
1,38624,1695608271.2718682
1,38640,1695608271.2842844
1,38656,1695608271.2976818
1,38672,1695608271.309161
1,38688,1695608271.3220336
1,38704,1695608271.3339472
1,38720,1695608271.345449
1,38736,1695608271.358201
1,38752,1695608271.3700314
1,38768,1695608271.3816636
1,38784,1695608271.3939703
1,38800,1695608271.4062645
1,38816,1695608271.4185507
1,38832,1695608271.4336972
1,38848,1695608271.44517
1,38864,1695608271.4582067
1,38880,1695608271.4702444
1,38896,1695608271.4820046
1,38912,1695608271.4951081
1,38928,1695608271.5066178
1,38944,1695608271.5184522
1,38960,1695608271.530881
1,38976,1695608271.5428984
1,38992,1695608271.5549643
1,39008,1695608271.5674367
1,39024,1695608271.5793324
1,39040,1695608271.5920975
1,39056,1695608271.604327
1,39072,1695608271.615365
1,39088,1695608271.6281724
1,39104,1695608271.6404083
1,39120,1695608271.6520088
1,39136,1695608271.6664116
1,39152,1695608271.678294
1,39168,1695608271.6907935
1,39184,1695608271.7026467
1,39200,1695608271.7147696
1,39216,1695608271.7276633
1,39232,1695608271.739088
1,39248,1695608271.7516103
1,39264,1695608271.763935
1,39280,1695608271.7758262
1,39296,1695608271.7888763
1,39312,1695608271.801155
1,39328,1695608271.812695
1,39344,1695608271.825545
1,39360,1695608271.8371472
1,39376,1695608271.8495736
1,39392,1695608271.862757
1,39408,1695608271.8744786
1,39424,1695608271.886492
1,39440,1695608271.8994853
1,39456,1695608271.9109147
1,39472,1695608271.923275
1,39488,1695608271.9355645
1,39504,1695608271.947474
1,39520,1695608271.9601986
1,39536,1695608271.9723618
1,39552,1695608271.983992
1,39568,1695608271.9993331
1,39584,1695608272.0115232
1,39600,1695608272.024177
1,39616,1695608272.0364838
1,39632,1695608272.047937
1,39648,1695608272.0593765
1,39664,1695608272.072059
1,39680,1695608272.0843985
1,39696,1695608272.0958128
1,39712,1695608272.1071744
1,39728,1695608272.1199393
1,39744,1695608272.1325302
1,39760,1695608272.1438625
1,39776,1695608272.1569083
1,39792,1695608272.169124
1,39808,1695608272.1804252
1,39824,1695608272.1918783
1,39840,1695608272.2045114
1,39856,1695608272.216266
1,39872,1695608272.227748
1,39888,1695608272.24057
1,39904,1695608272.252799
1,39920,1695608272.264117
1,39936,1695608272.275602
1,39952,1695608272.2878199
1,39968,1695608272.3004234
1,39984,1695608272.3126214
1,40000,1695608272.3236585
1,40016,1695608272.335767
1,40032,1695608272.347518
1,40048,1695608272.3583674
1,40064,1695608272.369682
1,40080,1695608272.3816376
1,40096,1695608272.3929572
1,40112,1695608272.4038084
1,40128,1695608272.4159236
1,40144,1695608272.4274068
1,40160,1695608272.4386966
1,40176,1695608272.4503314
1,40192,1695608272.4619718
1,40208,1695608272.473351
1,40224,1695608272.4842384
1,40240,1695608272.4954352
1,40256,1695608272.5074117
1,40272,1695608272.5190547
1,40288,1695608272.5303698
1,40304,1695608272.5416064
1,40320,1695608272.5533495
1,40336,1695608272.5649707
1,40352,1695608272.575959
1,40368,1695608272.5869899
1,40384,1695608272.5988383
1,40400,1695608272.610401
1,40416,1695608272.6216805
1,40432,1695608272.6335151
1,40448,1695608272.6448681
1,40464,1695608272.6565337
1,40480,1695608272.6674428
1,40496,1695608272.679631
1,40512,1695608272.6939378
1,40528,1695608272.7050912
1,40544,1695608272.7170484
1,40560,1695608272.7298346
1,40576,1695608272.7420654
1,40592,1695608272.7540293
1,40608,1695608272.7661529
1,40624,1695608272.7790437
1,40640,1695608272.790181
1,40656,1695608272.801916
1,40672,1695608272.8156085
1,40688,1695608272.8268669
1,40704,1695608272.8385391
1,40720,1695608272.8522782
1,40736,1695608272.8633237
1,40752,1695608272.8753705
1,40768,1695608272.888093
1,40784,1695608272.899423
1,40800,1695608272.9116316
1,40816,1695608272.9259734
1,40832,1695608272.9366488
1,40848,1695608272.9488182
1,40864,1695608272.96288
1,40880,1695608272.9743352
1,40896,1695608272.9868336
1,40912,1695608272.999332
1,40928,1695608273.0113533
1,40944,1695608273.0240295
1,40960,1695608273.0351837
1,40976,1695608273.0490298
1,40992,1695608273.0614147
1,41008,1695608273.073138
1,41024,1695608273.0858514
1,41040,1695608273.098099
1,41056,1695608273.1095548
1,41072,1695608273.1221144
1,41088,1695608273.1331933
1,41104,1695608273.1442492
1,41120,1695608273.157352
1,41136,1695608273.1724334
1,41152,1695608273.1836522
1,41168,1695608273.1958468
1,41184,1695608273.2077117
1,41200,1695608273.2208455
1,41216,1695608273.2362256
1,41232,1695608273.247974
1,41248,1695608273.2607174
1,41264,1695608273.2724962
1,41280,1695608273.283978
1,41296,1695608273.2966728
1,41312,1695608273.3084052
1,41328,1695608273.319814
1,41344,1695608273.3327787
1,41360,1695608273.345263
1,41376,1695608273.356637
1,41392,1695608273.3677657
1,41408,1695608273.3798466
1,41424,1695608273.39129
1,41440,1695608273.4025974
1,41456,1695608273.4139442
1,41472,1695608273.4257085
1,41488,1695608273.4371343
1,41504,1695608273.44798
1,41520,1695608273.4590478
1,41536,1695608273.470875
1,41552,1695608273.482705
1,41568,1695608273.4936953
1,41584,1695608273.5046718
1,41600,1695608273.5163186
1,41616,1695608273.5274408
1,41632,1695608273.539637
1,41648,1695608273.5541182
1,41664,1695608273.5651197
1,41680,1695608273.57729
1,41696,1695608273.5902355
1,41712,1695608273.605715
1,41728,1695608273.6253703
1,41744,1695608273.638771
1,41760,1695608273.6521194
1,41776,1695608273.6649938
1,41792,1695608273.6762426
1,41808,1695608273.6870923
1,41824,1695608273.7014568
1,41840,1695608273.7138035
1,41856,1695608273.726129
1,41872,1695608273.7379408
1,41888,1695608273.750024
1,41904,1695608273.7629101
1,41920,1695608273.7740507
1,41936,1695608273.786412
1,41952,1695608273.7996106
1,41968,1695608273.811396
1,41984,1695608273.8222866
1,42000,1695608273.8348303
1,42016,1695608273.8479128
1,42032,1695608273.8592596
1,42048,1695608273.871061
1,42064,1695608273.8857045
1,42080,1695608273.8962963
1,42096,1695608273.9082942
1,42112,1695608273.9229069
1,42128,1695608273.9342964
1,42144,1695608273.9469879
1,42160,1695608273.9595397
1,42176,1695608273.971465
1,42192,1695608273.9841313
1,42208,1695608273.9954872
1,42224,1695608274.0077674
1,42240,1695608274.0219617
1,42256,1695608274.0353906
1,42272,1695608274.0479121
1,42288,1695608274.0616517
1,42304,1695608274.0727587
1,42320,1695608274.0858927
1,42336,1695608274.0980332
1,42352,1695608274.1097827
1,42368,1695608274.1219358
1,42384,1695608274.1336005
1,42400,1695608274.1448236
1,42416,1695608274.1579278
1,42432,1695608274.170542
1,42448,1695608274.1826835
1,42464,1695608274.1944554
1,42480,1695608274.2075758
1,42496,1695608274.2197278
1,42512,1695608274.2320065
1,42528,1695608274.2437983
1,42544,1695608274.258087
1,42560,1695608274.2809818
1,42576,1695608274.2992837
1,42592,1695608274.318066
1,42608,1695608274.3383007
1,42624,1695608274.3582442
1,42640,1695608274.3782742
1,42656,1695608274.3985548
1,42672,1695608274.417776
1,42688,1695608274.4375136
1,42704,1695608274.4582562
1,42720,1695608274.477976
1,42736,1695608274.491705
1,42752,1695608274.5042894
1,42768,1695608274.5179598
1,42784,1695608274.5295374
1,42800,1695608274.5424132
1,42816,1695608274.5542047
1,42832,1695608274.5658538
1,42848,1695608274.5783947
1,42864,1695608274.590337
1,42880,1695608274.6020257
1,42896,1695608274.6145737
1,42912,1695608274.6264713
1,42928,1695608274.6384404
1,42944,1695608274.651509
1,42960,1695608274.6630034
1,42976,1695608274.675377
1,42992,1695608274.6876562
1,43008,1695608274.699495
1,43024,1695608274.7121542
1,43040,1695608274.7244453
1,43056,1695608274.7372193
1,43072,1695608274.7509089
1,43088,1695608274.7626283
1,43104,1695608274.7744358
1,43120,1695608274.7868598
1,43136,1695608274.7988431
1,43152,1695608274.8108368
1,43168,1695608274.8232713
1,43184,1695608274.8353262
1,43200,1695608274.8480415
1,43216,1695608274.8602712
1,43232,1695608274.8720202
1,43248,1695608274.8834245
1,43264,1695608274.8961647
1,43280,1695608274.9082139
1,43296,1695608274.9209604
1,43312,1695608274.9327147
1,43328,1695608274.9442265
1,43344,1695608274.956244
1,43360,1695608274.9694083
1,43376,1695608274.9811015
1,43392,1695608274.9939985
1,43408,1695608275.0060496
1,43424,1695608275.0178742
1,43440,1695608275.0307693
1,43456,1695608275.042498
1,43472,1695608275.054445
1,43488,1695608275.0672407
1,43504,1695608275.0788436
1,43520,1695608275.0908492
1,43536,1695608275.1033082
1,43552,1695608275.115311
1,43568,1695608275.1279433
1,43584,1695608275.140153
1,43600,1695608275.151881
1,43616,1695608275.1645892
1,43632,1695608275.1763809
1,43648,1695608275.1877959
1,43664,1695608275.2003677
1,43680,1695608275.2121513
1,43696,1695608275.223559
1,43712,1695608275.2373974
1,43728,1695608275.249836
1,43744,1695608275.2616003
1,43760,1695608275.274104
1,43776,1695608275.2857227
1,43792,1695608275.29849
1,43808,1695608275.3104036
1,43824,1695608275.3220835
1,43840,1695608275.3346183
1,43856,1695608275.346567
1,43872,1695608275.3584805
1,43888,1695608275.370927
1,43904,1695608275.3829477
1,43920,1695608275.3951573
1,43936,1695608275.4078395
1,43952,1695608275.4186084
1,43968,1695608275.4299967
1,43984,1695608275.4423957
1,44000,1695608275.4552724
1,44016,1695608275.466907
1,44032,1695608275.4790902
1,44048,1695608275.4918308
1,44064,1695608275.5025778
1,44080,1695608275.5144184
1,44096,1695608275.5296812
1,44112,1695608275.5452821
1,44128,1695608275.5582323
1,44144,1695608275.5702987
1,44160,1695608275.5821366
1,44176,1695608275.5948343
1,44192,1695608275.6068168
1,44208,1695608275.6182275
1,44224,1695608275.6307838
1,44240,1695608275.6436403
1,44256,1695608275.6554072
1,44272,1695608275.668347
1,44288,1695608275.6805947
1,44304,1695608275.6925383
1,44320,1695608275.7040927
1,44336,1695608275.718966
1,44352,1695608275.73091
1,44368,1695608275.743634
1,44384,1695608275.7559376
1,44400,1695608275.7709458
1,44416,1695608275.7832038
1,44432,1695608275.7956173
1,44448,1695608275.8075118
1,44464,1695608275.8203702
1,44480,1695608275.8328195
1,44496,1695608275.8441772
1,44512,1695608275.8556921
1,44528,1695608275.8687408
1,44544,1695608275.88067
1,44560,1695608275.892211
1,44576,1695608275.9072645
1,44592,1695608275.919727
1,44608,1695608275.9324434
1,44624,1695608275.9439278
1,44640,1695608275.9553568
1,44656,1695608275.9677668
1,44672,1695608275.9823775
1,44688,1695608275.994772
1,44704,1695608276.0076902
1,44720,1695608276.0191183
1,44736,1695608276.0317516
1,44752,1695608276.044095
1,44768,1695608276.0559258
1,44784,1695608276.068757
1,44800,1695608276.0826397
1,44816,1695608276.0947628
1,44832,1695608276.107723
1,44848,1695608276.1191463
1,44864,1695608276.131749
1,44880,1695608276.144056
1,44896,1695608276.1558263
1,44912,1695608276.171098
1,44928,1695608276.1833258
1,44944,1695608276.1960845
1,44960,1695608276.2086463
1,44976,1695608276.219962
1,44992,1695608276.2330952
1,45008,1695608276.2453415
1,45024,1695608276.2567654
1,45040,1695608276.2694461
1,45056,1695608276.2809253
1,45072,1695608276.293733
1,45088,1695608276.3063133
1,45104,1695608276.3189461
1,45120,1695608276.3321476
1,45136,1695608276.3435454
1,45152,1695608276.3560293
1,45168,1695608276.3684032
1,45184,1695608276.380277
1,45200,1695608276.3930743
1,45216,1695608276.4048364
1,45232,1695608276.4177194
1,45248,1695608276.4300048
1,45264,1695608276.441659
1,45280,1695608276.4547482
1,45296,1695608276.4669232
1,45312,1695608276.4791198
1,45328,1695608276.4914405
1,45344,1695608276.5027559
1,45360,1695608276.5156233
1,45376,1695608276.5285947
1,45392,1695608276.54062
1,45408,1695608276.5524385
1,45424,1695608276.5654776
1,45440,1695608276.5775902
1,45456,1695608276.5890877
1,45472,1695608276.602093
1,45488,1695608276.614135
1,45504,1695608276.6258068
1,45520,1695608276.6384435
1,45536,1695608276.6502764
1,45552,1695608276.662137
1,45568,1695608276.6747577
1,45584,1695608276.6867025
1,45600,1695608276.6989315
1,45616,1695608276.7118964
1,45632,1695608276.7232523
1,45648,1695608276.7359478
1,45664,1695608276.7482443
1,45680,1695608276.760041
1,45696,1695608276.7728317
1,45712,1695608276.7845426
1,45728,1695608276.7960505
1,45744,1695608276.8089592
1,45760,1695608276.8207552
1,45776,1695608276.832272
1,45792,1695608276.8452291
1,45808,1695608276.8574123
1,45824,1695608276.8708534
1,45840,1695608276.8827894
1,45856,1695608276.8948555
1,45872,1695608276.907354
1,45888,1695608276.919323
1,45904,1695608276.9320178
1,45920,1695608276.944321
1,45936,1695608276.9561963
1,45952,1695608276.9694235
1,45968,1695608276.9816263
1,45984,1695608276.9931316
1,46000,1695608277.006055
1,46016,1695608277.0180814
1,46032,1695608277.029929
1,46048,1695608277.043066
1,46064,1695608277.0549483
1,46080,1695608277.0671504
1,46096,1695608277.0794482
1,46112,1695608277.091433
1,46128,1695608277.1042163
1,46144,1695608277.11647
1,46160,1695608277.1279004
1,46176,1695608277.1408074
1,46192,1695608277.1526613
1,46208,1695608277.1642048
1,46224,1695608277.1767223
1,46240,1695608277.1898475
1,46256,1695608277.2032173
1,46272,1695608277.215035
1,46288,1695608277.229658
1,46304,1695608277.2427268
1,46320,1695608277.2547023
1,46336,1695608277.2666295
1,46352,1695608277.2789109
1,46368,1695608277.2908487
1,46384,1695608277.3032472
1,46400,1695608277.3159707
1,46416,1695608277.3268714
1,46432,1695608277.3400955
1,46448,1695608277.3530216
1,46464,1695608277.3645096
1,46480,1695608277.377049
1,46496,1695608277.3886693
1,46512,1695608277.403255
1,46528,1695608277.4189227
1,46544,1695608277.431512
1,46560,1695608277.4440176
1,46576,1695608277.456983
1,46592,1695608277.4703908
1,46608,1695608277.482145
1,46624,1695608277.4939365
1,46640,1695608277.5071142
1,46656,1695608277.5189066
1,46672,1695608277.5311508
1,46688,1695608277.5440826
1,46704,1695608277.5555322
1,46720,1695608277.5684137
1,46736,1695608277.5807056
1,46752,1695608277.5919757
1,46768,1695608277.603397
1,46784,1695608277.6161757
1,46800,1695608277.628147
1,46816,1695608277.6405604
1,46832,1695608277.6533198
1,46848,1695608277.6645384
1,46864,1695608277.6794417
1,46880,1695608277.6915927
1,46896,1695608277.7044084
1,46912,1695608277.7166822
1,46928,1695608277.7279952
1,46944,1695608277.7394574
1,46960,1695608277.7522383
1,46976,1695608277.7642708
1,46992,1695608277.7756047
1,47008,1695608277.7882292
1,47024,1695608277.8025362
1,47040,1695608277.8143413
1,47056,1695608277.8266048
1,47072,1695608277.8385787
1,47088,1695608277.8505304
1,47104,1695608277.862954
1,47120,1695608277.8747368
1,47136,1695608277.8911433
1,47152,1695608277.9090018
1,47168,1695608277.9227133
1,47184,1695608277.9354985
1,47200,1695608277.9497077
1,47216,1695608277.9612916
1,47232,1695608277.9742403
1,47248,1695608277.9863322
1,47264,1695608277.998064
1,47280,1695608278.0106933
1,47296,1695608278.022669
1,47312,1695608278.034748
1,47328,1695608278.047738
1,47344,1695608278.0591881
1,47360,1695608278.0716934
1,47376,1695608278.0839264
1,47392,1695608278.0959933
1,47408,1695608278.107408
1,47424,1695608278.1201954
1,47440,1695608278.1321847
1,47456,1695608278.1449306
1,47472,1695608278.1565943
1,47488,1695608278.1680624
1,47504,1695608278.1808138
1,47520,1695608278.193071
1,47536,1695608278.2043915
1,47552,1695608278.2158587
1,47568,1695608278.2284193
1,47584,1695608278.240203
1,47600,1695608278.2516265
1,47616,1695608278.2643373
1,47632,1695608278.2763407
1,47648,1695608278.2901173
1,47664,1695608278.3032737
1,47680,1695608278.3153243
1,47696,1695608278.327896
1,47712,1695608278.340036
1,47728,1695608278.351128
1,47744,1695608278.3651724
1,47760,1695608278.377666
1,47776,1695608278.3891804
1,47792,1695608278.402499
1,47808,1695608278.4144568
1,47824,1695608278.4264097
1,47840,1695608278.4388456
1,47856,1695608278.4498303
1,47872,1695608278.460768
1,47888,1695608278.4716277
1,47904,1695608278.4833877
1,47920,1695608278.4944744
1,47936,1695608278.5054128
1,47952,1695608278.5163207
1,47968,1695608278.5272307
1,47984,1695608278.5382602
1,48000,1695608278.5491831
1,48016,1695608278.560096
1,48032,1695608278.571004
1,48048,1695608278.581977
1,48064,1695608278.5929267
1,48080,1695608278.6038651
1,48096,1695608278.6147904
1,48112,1695608278.6257346
1,48128,1695608278.6366267
1,48144,1695608278.647535
1,48160,1695608278.6584644
1,48176,1695608278.6694295
1,48192,1695608278.680349
1,48208,1695608278.691257
1,48224,1695608278.7022004
1,48240,1695608278.7131279
1,48256,1695608278.7240348
1,48272,1695608278.7349865
1,48288,1695608278.745956
1,48304,1695608278.7568989
1,48320,1695608278.7677956
1,48336,1695608278.7798676
1,48352,1695608278.790804
1,48368,1695608278.8017664
1,48384,1695608278.8126984
1,48400,1695608278.8238204
1,48416,1695608278.8347814
1,48432,1695608278.8457015
1,48448,1695608278.8566394
1,48464,1695608278.8675606
1,48480,1695608278.8785155
1,48496,1695608278.8895197
1,48512,1695608278.9004133
1,48528,1695608278.911328
1,48544,1695608278.9222867
1,48560,1695608278.9331954
1,48576,1695608278.9440439
1,48592,1695608278.9559429
1,48608,1695608278.9676557
1,48624,1695608278.9804761
1,48640,1695608278.9927804
1,48656,1695608279.0042298
1,48672,1695608279.0157177
1,48688,1695608279.0281985
1,48704,1695608279.0423918
1,48720,1695608279.0541255
1,48736,1695608279.066685
1,48752,1695608279.0786169
1,48768,1695608279.0904415
1,48784,1695608279.1024117
1,48800,1695608279.1149473
1,48816,1695608279.1270523
1,48832,1695608279.1394804
1,48848,1695608279.1516738
1,48864,1695608279.1630828
1,48880,1695608279.1758928
1,48896,1695608279.1881511
1,48912,1695608279.2000751
1,48928,1695608279.2114232
1,48944,1695608279.2242317
1,48960,1695608279.2361176
1,48976,1695608279.2488203
1,48992,1695608279.2603064
1,49008,1695608279.2719374
1,49024,1695608279.2848568
1,49040,1695608279.2986603
1,49056,1695608279.31075
1,49072,1695608279.3238869
1,49088,1695608279.335344
1,49104,1695608279.3478594
1,49120,1695608279.360164
1,49136,1695608279.371966
1,49152,1695608279.3848336
1,49168,1695608279.3963463
1,49184,1695608279.4089754
1,49200,1695608279.421827
1,49216,1695608279.4337208
1,49232,1695608279.446968
1,49248,1695608279.458775
1,49264,1695608279.4709063
1,49280,1695608279.4838612
1,49296,1695608279.4953914
1,49312,1695608279.507588
1,49328,1695608279.5218084
1,49344,1695608279.533856
1,49360,1695608279.5467272
1,49376,1695608279.5585535
1,49392,1695608279.5705326
1,49408,1695608279.5831487
1,49424,1695608279.5953307
1,49440,1695608279.60801
1,49456,1695608279.6202824
1,49472,1695608279.63403
1,49488,1695608279.6515696
1,49504,1695608279.6623368
1,49520,1695608279.6732447
1,49536,1695608279.6841593
1,49552,1695608279.695076
1,49568,1695608279.7060115
1,49584,1695608279.716945
1,49600,1695608279.7278602
1,49616,1695608279.7387831
1,49632,1695608279.7497156
1,49648,1695608279.7606444
1,49664,1695608279.7715564
1,49680,1695608279.7824743
1,49696,1695608279.7933936
1,49712,1695608279.804312
1,49728,1695608279.815212
1,49744,1695608279.8261547
1,49760,1695608279.8370714
1,49776,1695608279.8478594
1,49792,1695608279.8597567
1,49808,1695608279.8708324
1,49824,1695608279.8817687
1,49840,1695608279.892679
1,49856,1695608279.9036055
1,49872,1695608279.9145064
1,49888,1695608279.9336827
1,49904,1695608279.943509
1,49920,1695608279.95338
1,49936,1695608279.9632456
1,49952,1695608279.9731293
1,49968,1695608279.9829662
1,49984,1695608279.992873
1,50000,1695608280.002769
2,16,1695608280.2965322
2,32,1695608280.309816
2,48,1695608280.323319
2,64,1695608280.3347988
2,80,1695608280.346846
2,96,1695608280.3595085
2,112,1695608280.370958
2,128,1695608280.3822591
2,144,1695608280.3945143
2,160,1695608280.4076004
2,176,1695608280.419092
2,192,1695608280.4315548
2,208,1695608280.4422672
2,224,1695608280.4531622
2,240,1695608280.4640472
2,256,1695608280.47495
2,272,1695608280.485861
2,288,1695608280.4967117
2,304,1695608280.507631
2,320,1695608280.5185034
2,336,1695608280.5293992
2,352,1695608280.5408723
2,368,1695608280.553038
2,384,1695608280.5643077
2,400,1695608280.5773358
2,416,1695608280.590907
2,432,1695608280.6022172
2,448,1695608280.6144953
2,464,1695608280.626693
2,480,1695608280.6388252
2,496,1695608280.6517854
2,512,1695608280.6631439
2,528,1695608280.6754415
2,544,1695608280.68769
2,560,1695608280.6995466
2,576,1695608280.7123747
2,592,1695608280.7245631
2,608,1695608280.735857
2,624,1695608280.7472918
2,640,1695608280.7600932
2,656,1695608280.7724502
2,672,1695608280.7836883
2,688,1695608280.795139
2,704,1695608280.8078706
2,720,1695608280.8202531
2,736,1695608280.8315072
2,752,1695608280.844394
