epoch,trained_sample,time
1,0,1695622214.14509
1,128,1695622215.5302353
1,256,1695622215.5538177
1,384,1695622215.5746686
1,512,1695622215.5981443
1,640,1695622215.619474
1,768,1695622215.6388671
1,896,1695622215.6607568
1,1024,1695622215.68602
1,1152,1695622215.7135475
1,1280,1695622215.7299254
1,1408,1695622215.7504222
1,1536,1695622215.7770753
1,1664,1695622215.803249
1,1792,1695622215.819912
1,1920,1695622215.8436499
1,2048,1695622215.8682637
1,2176,1695622215.8857455
1,2304,1695622215.9088483
1,2432,1695622215.9348915
1,2560,1695622215.9530416
1,2688,1695622215.9732802
1,2816,1695622215.995835
1,2944,1695622216.0127525
1,3072,1695622216.0309358
1,3200,1695622216.048066
1,3328,1695622216.06671
1,3456,1695622216.086299
1,3584,1695622216.1068187
1,3712,1695622216.127396
1,3840,1695622216.1470032
1,3968,1695622216.1665509
1,4096,1695622216.1868863
1,4224,1695622216.2108817
1,4352,1695622216.2354388
1,4480,1695622216.2501934
1,4608,1695622216.266977
1,4736,1695622216.2825758
1,4864,1695622216.2975595
1,4992,1695622216.3133807
1,5120,1695622216.3298645
1,5248,1695622216.3443565
1,5376,1695622216.3595264
1,5504,1695622216.376279
1,5632,1695622216.3914485
1,5760,1695622216.407365
1,5888,1695622216.423528
1,6016,1695622216.4387088
1,6144,1695622216.4544663
1,6272,1695622216.4704258
1,6400,1695622216.4865873
1,6528,1695622216.502172
1,6656,1695622216.5172784
1,6784,1695622216.5332072
1,6912,1695622216.5493312
1,7040,1695622216.5657952
1,7168,1695622216.5802875
1,7296,1695622216.595375
1,7424,1695622216.6110494
1,7552,1695622216.6262271
1,7680,1695622216.642061
1,7808,1695622216.6580613
1,7936,1695622216.6802032
1,8064,1695622216.7047293
1,8192,1695622216.727696
1,8320,1695622216.7481413
1,8448,1695622216.7722056
1,8576,1695622216.793841
1,8704,1695622216.8119376
1,8832,1695622216.8290734
1,8960,1695622216.8490455
1,9088,1695622216.8757524
1,9216,1695622216.8936305
1,9344,1695622216.913181
1,9472,1695622216.9401538
1,9600,1695622216.964143
1,9728,1695622216.9834468
1,9856,1695622217.0056052
1,9984,1695622217.0293114
1,10112,1695622217.0541701
1,10240,1695622217.074104
1,10368,1695622217.091907
1,10496,1695622217.118954
1,10624,1695622217.1391673
1,10752,1695622217.1639657
1,10880,1695622217.183012
1,11008,1695622217.2126017
1,11136,1695622217.2341552
1,11264,1695622217.2514057
1,11392,1695622217.2750545
1,11520,1695622217.2986658
1,11648,1695622217.3222535
1,11776,1695622217.3406293
1,11904,1695622217.362387
1,12032,1695622217.385189
1,12160,1695622217.406169
1,12288,1695622217.4311106
1,12416,1695622217.4504232
1,12544,1695622217.4707506
1,12672,1695622217.4902542
1,12800,1695622217.5151963
1,12928,1695622217.5379295
1,13056,1695622217.5637596
1,13184,1695622217.5874119
1,13312,1695622217.6149294
1,13440,1695622217.6318917
1,13568,1695622217.6568289
1,13696,1695622217.6754248
1,13824,1695622217.69446
1,13952,1695622217.70985
1,14080,1695622217.7248375
1,14208,1695622217.7393832
1,14336,1695622217.7547796
1,14464,1695622217.7698982
1,14592,1695622217.7849739
1,14720,1695622217.800354
1,14848,1695622217.8145657
1,14976,1695622217.830016
1,15104,1695622217.8451579
1,15232,1695622217.8603203
1,15360,1695622217.8757532
1,15488,1695622217.8914437
1,15616,1695622217.9060066
1,15744,1695622217.9216835
1,15872,1695622217.9356413
1,16000,1695622217.950535
1,16128,1695622217.9700963
1,16256,1695622217.9846222
1,16384,1695622217.9995456
1,16512,1695622218.0151055
1,16640,1695622218.0314946
1,16768,1695622218.049331
1,16896,1695622218.0671883
1,17024,1695622218.0833485
1,17152,1695622218.0992138
1,17280,1695622218.1242137
1,17408,1695622218.147857
1,17536,1695622218.1758077
1,17664,1695622218.2042067
1,17792,1695622218.2214768
1,17920,1695622218.238053
1,18048,1695622218.2578537
1,18176,1695622218.2746096
1,18304,1695622218.2895224
1,18432,1695622218.303797
1,18560,1695622218.3231595
1,18688,1695622218.338844
1,18816,1695622218.3545065
1,18944,1695622218.3704216
1,19072,1695622218.3866646
1,19200,1695622218.402581
1,19328,1695622218.4177203
1,19456,1695622218.4336615
1,19584,1695622218.4502935
1,19712,1695622218.4658992
1,19840,1695622218.4811416
1,19968,1695622218.4985108
1,20096,1695622218.5141916
1,20224,1695622218.541034
1,20352,1695622218.5628314
1,20480,1695622218.5813735
1,20608,1695622218.6062286
1,20736,1695622218.6324716
1,20864,1695622218.6541646
1,20992,1695622218.6785114
1,21120,1695622218.69543
1,21248,1695622218.7196696
1,21376,1695622218.7400484
1,21504,1695622218.7596214
1,21632,1695622218.77924
1,21760,1695622218.8038046
1,21888,1695622218.8233848
1,22016,1695622218.8394365
1,22144,1695622218.862917
1,22272,1695622218.887887
1,22400,1695622218.90767
1,22528,1695622218.9260688
1,22656,1695622218.9446285
1,22784,1695622218.9616077
1,22912,1695622218.9783723
1,23040,1695622218.995282
1,23168,1695622219.0168407
1,23296,1695622219.0378067
1,23424,1695622219.058946
1,23552,1695622219.0800002
1,23680,1695622219.1028948
1,23808,1695622219.1287818
1,23936,1695622219.1500282
1,24064,1695622219.176443
1,24192,1695622219.2014637
1,24320,1695622219.2215745
1,24448,1695622219.2461214
1,24576,1695622219.2696762
1,24704,1695622219.2947268
1,24832,1695622219.3122342
1,24960,1695622219.328804
1,25088,1695622219.343516
1,25216,1695622219.359204
1,25344,1695622219.3758292
1,25472,1695622219.3912077
1,25600,1695622219.4072363
1,25728,1695622219.4268386
1,25856,1695622219.4513702
1,25984,1695622219.473101
1,26112,1695622219.497139
1,26240,1695622219.515317
1,26368,1695622219.530846
1,26496,1695622219.54711
1,26624,1695622219.5631657
1,26752,1695622219.5781152
1,26880,1695622219.594214
1,27008,1695622219.6104765
1,27136,1695622219.6259587
1,27264,1695622219.6422784
1,27392,1695622219.658134
1,27520,1695622219.674301
1,27648,1695622219.6898608
1,27776,1695622219.705126
1,27904,1695622219.7213304
1,28032,1695622219.7372735
1,28160,1695622219.753302
1,28288,1695622219.767993
1,28416,1695622219.783134
1,28544,1695622219.7976031
1,28672,1695622219.8143032
1,28800,1695622219.8286834
1,28928,1695622219.8463583
1,29056,1695622219.8619287
1,29184,1695622219.8777068
1,29312,1695622219.8937976
1,29440,1695622219.9108245
1,29568,1695622219.9253025
1,29696,1695622219.9421344
1,29824,1695622219.9566972
1,29952,1695622219.9718554
1,30080,1695622219.9891653
1,30208,1695622220.0034146
1,30336,1695622220.019089
1,30464,1695622220.0354588
1,30592,1695622220.0550487
1,30720,1695622220.072206
1,30848,1695622220.0871606
1,30976,1695622220.102983
1,31104,1695622220.1190982
1,31232,1695622220.1351097
1,31360,1695622220.1506655
1,31488,1695622220.166683
1,31616,1695622220.1828785
1,31744,1695622220.1987536
1,31872,1695622220.2140572
1,32000,1695622220.233343
1,32128,1695622220.2499332
1,32256,1695622220.2649596
1,32384,1695622220.282336
1,32512,1695622220.297879
1,32640,1695622220.3148503
1,32768,1695622220.3294203
1,32896,1695622220.34464
1,33024,1695622220.362166
1,33152,1695622220.377802
1,33280,1695622220.4003704
1,33408,1695622220.423054
1,33536,1695622220.4458263
1,33664,1695622220.474646
1,33792,1695622220.4915411
1,33920,1695622220.5193386
1,34048,1695622220.5414512
1,34176,1695622220.5627913
1,34304,1695622220.58422
1,34432,1695622220.6059587
1,34560,1695622220.6274574
1,34688,1695622220.649059
1,34816,1695622220.6736655
1,34944,1695622220.6939495
1,35072,1695622220.7143137
1,35200,1695622220.7379563
1,35328,1695622220.759413
1,35456,1695622220.7834146
1,35584,1695622220.8076413
1,35712,1695622220.8335748
1,35840,1695622220.853885
1,35968,1695622220.8743155
1,36096,1695622220.8979042
1,36224,1695622220.9177878
1,36352,1695622220.9372578
1,36480,1695622220.9532633
1,36608,1695622220.9740624
1,36736,1695622220.992095
1,36864,1695622221.010853
1,36992,1695622221.0310042
1,37120,1695622221.051368
1,37248,1695622221.0707092
1,37376,1695622221.0905323
1,37504,1695622221.1108086
1,37632,1695622221.1308184
1,37760,1695622221.1507864
1,37888,1695622221.168013
1,38016,1695622221.186576
1,38144,1695622221.211071
1,38272,1695622221.2346728
1,38400,1695622221.2514594
1,38528,1695622221.267899
1,38656,1695622221.289811
1,38784,1695622221.3106923
1,38912,1695622221.3307014
1,39040,1695622221.3490047
1,39168,1695622221.3666005
1,39296,1695622221.392544
1,39424,1695622221.4122593
1,39552,1695622221.4340892
1,39680,1695622221.457472
1,39808,1695622221.4802158
1,39936,1695622221.5022297
1,40064,1695622221.5174792
1,40192,1695622221.532967
1,40320,1695622221.5486615
1,40448,1695622221.5656652
1,40576,1695622221.5815115
1,40704,1695622221.5957367
1,40832,1695622221.611002
1,40960,1695622221.6267426
1,41088,1695622221.6415298
1,41216,1695622221.6576867
1,41344,1695622221.6737857
1,41472,1695622221.6887133
1,41600,1695622221.703581
1,41728,1695622221.719375
1,41856,1695622221.734149
1,41984,1695622221.7496018
1,42112,1695622221.7684345
1,42240,1695622221.788766
1,42368,1695622221.8105693
1,42496,1695622221.826542
1,42624,1695622221.8486845
1,42752,1695622221.86915
1,42880,1695622221.8871174
1,43008,1695622221.9086986
1,43136,1695622221.9309506
1,43264,1695622221.949435
1,43392,1695622221.9692676
1,43520,1695622221.9901965
1,43648,1695622222.0157719
1,43776,1695622222.0383682
1,43904,1695622222.0600898
1,44032,1695622222.0797935
1,44160,1695622222.101335
1,44288,1695622222.1211038
1,44416,1695622222.140124
1,44544,1695622222.1626885
1,44672,1695622222.1786156
1,44800,1695622222.19878
1,44928,1695622222.220525
1,45056,1695622222.2391682
1,45184,1695622222.258668
1,45312,1695622222.2827628
1,45440,1695622222.3023121
1,45568,1695622222.3263264
1,45696,1695622222.3490596
1,45824,1695622222.3688917
1,45952,1695622222.388522
1,46080,1695622222.4104614
1,46208,1695622222.431363
1,46336,1695622222.4562962
1,46464,1695622222.4763415
1,46592,1695622222.4945128
1,46720,1695622222.5133653
1,46848,1695622222.5333028
1,46976,1695622222.5559428
1,47104,1695622222.5725815
1,47232,1695622222.5923145
1,47360,1695622222.6127217
1,47488,1695622222.634564
1,47616,1695622222.6578968
1,47744,1695622222.6837666
1,47872,1695622222.7076168
1,48000,1695622222.7312617
1,48128,1695622222.7538793
1,48256,1695622222.7773101
1,48384,1695622222.8035307
1,48512,1695622222.8271196
1,48640,1695622222.851274
1,48768,1695622222.8754714
1,48896,1695622222.8962169
1,49024,1695622222.9229267
1,49152,1695622222.9473438
1,49280,1695622222.9623787
1,49408,1695622222.977673
1,49536,1695622222.9935784
1,49664,1695622223.0089755
1,49792,1695622223.0233092
1,49920,1695622223.038985
1,50000,1695622223.0610683
2,128,1695622223.433724
2,256,1695622223.4517097
2,384,1695622223.4700227
2,512,1695622223.4907591
2,640,1695622223.5116727
2,768,1695622223.5303552
2,896,1695622223.5512006
2,1024,1695622223.570403
2,1152,1695622223.5907784
2,1280,1695622223.610416
2,1408,1695622223.6312413
2,1536,1695622223.6507788
2,1664,1695622223.6701436
2,1792,1695622223.6904542
2,1920,1695622223.7111545
2,2048,1695622223.7305984
2,2176,1695622223.7508447
2,2304,1695622223.7704208
2,2432,1695622223.790838
2,2560,1695622223.8110797
2,2688,1695622223.8305063
2,2816,1695622223.8503814
2,2944,1695622223.8707469
2,3072,1695622223.8905494
2,3200,1695622223.9105694
2,3328,1695622223.9347382
2,3456,1695622223.9586265
2,3584,1695622223.9802637
2,3712,1695622224.0030265
2,3840,1695622224.0229132
2,3968,1695622224.0486999
2,4096,1695622224.0713835
2,4224,1695622224.0948584
2,4352,1695622224.1154459
2,4480,1695622224.1382573
2,4608,1695622224.162783
2,4736,1695622224.1854708
2,4864,1695622224.2064831
2,4992,1695622224.227232
2,5120,1695622224.2454302
2,5248,1695622224.2699072
2,5376,1695622224.293261
2,5504,1695622224.314605
2,5632,1695622224.3348734
2,5760,1695622224.3592474
2,5888,1695622224.3811285
2,6016,1695622224.402772
2,6144,1695622224.4222202
2,6272,1695622224.447986
2,6400,1695622224.470568
2,6528,1695622224.4902146
2,6656,1695622224.5091279
2,6784,1695622224.5295887
2,6912,1695622224.547377
2,7040,1695622224.5685349
2,7168,1695622224.5908425
2,7296,1695622224.6104863
2,7424,1695622224.6375577
2,7552,1695622224.660125
2,7680,1695622224.6822913
2,7808,1695622224.7024577
2,7936,1695622224.7289782
2,8064,1695622224.7467394
2,8192,1695622224.7677388
2,8320,1695622224.7889597
2,8448,1695622224.81098
2,8576,1695622224.830924
2,8704,1695622224.8549807
2,8832,1695622224.8769062
2,8960,1695622224.898649
2,9088,1695622224.9188466
2,9216,1695622224.9428928
2,9344,1695622224.9617517
2,9472,1695622224.9809692
2,9600,1695622224.9997854
2,9728,1695622225.0185292
2,9856,1695622225.0363045
2,9984,1695622225.0545027
2,10112,1695622225.074462
2,10240,1695622225.0944755
2,10368,1695622225.114957
2,10496,1695622225.1347816
2,10624,1695622225.1545222
2,10752,1695622225.1757495
2,10880,1695622225.195332
2,11008,1695622225.2144413
2,11136,1695622225.2345586
2,11264,1695622225.2549489
2,11392,1695622225.2747195
2,11520,1695622225.294557
2,11648,1695622225.316273
2,11776,1695622225.3366325
2,11904,1695622225.3582144
2,12032,1695622225.3738213
2,12160,1695622225.393846
2,12288,1695622225.415722
2,12416,1695622225.4387116
2,12544,1695622225.4593277
2,12672,1695622225.4829602
2,12800,1695622225.5041428
2,12928,1695622225.5268002
2,13056,1695622225.5471315
2,13184,1695622225.5695128
2,13312,1695622225.5905564
2,13440,1695622225.6061494
2,13568,1695622225.6259613
2,13696,1695622225.6466937
2,13824,1695622225.6666698
2,13952,1695622225.6903987
2,14080,1695622225.7131927
2,14208,1695622225.7409573
2,14336,1695622225.7638652
2,14464,1695622225.7862148
2,14592,1695622225.8017414
2,14720,1695622225.8258593
2,14848,1695622225.8419924
2,14976,1695622225.8603303
2,15104,1695622225.8802962
2,15232,1695622225.9029949
2,15360,1695622225.9232054
2,15488,1695622225.9451983
2,15616,1695622225.9705162
2,15744,1695622225.9915712
2,15872,1695622226.016522
2,16000,1695622226.0410094
2,16128,1695622226.0646856
2,16256,1695622226.0817037
2,16384,1695622226.1052587
2,16512,1695622226.1255698
2,16640,1695622226.1467078
2,16768,1695622226.1695802
2,16896,1695622226.1881073
2,17024,1695622226.2105887
2,17152,1695622226.230793
2,17280,1695622226.2503085
2,17408,1695622226.270564
2,17536,1695622226.2903588
2,17664,1695622226.3104882
2,17792,1695622226.331379
2,17920,1695622226.3506258
2,18048,1695622226.370097
2,18176,1695622226.390572
2,18304,1695622226.4105005
2,18432,1695622226.4304357
2,18560,1695622226.4505582
2,18688,1695622226.470628
2,18816,1695622226.4909847
2,18944,1695622226.5107977
2,19072,1695622226.5307288
2,19200,1695622226.550938
2,19328,1695622226.5708487
2,19456,1695622226.590609
2,19584,1695622226.6107793
2,19712,1695622226.6305428
2,19840,1695622226.6511714
2,19968,1695622226.6706977
2,20096,1695622226.690388
2,20224,1695622226.7106018
2,20352,1695622226.7305832
2,20480,1695622226.7505848
2,20608,1695622226.770712
2,20736,1695622226.7911339
2,20864,1695622226.8106997
2,20992,1695622226.8283882
2,21120,1695622226.846319
2,21248,1695622226.8665566
2,21376,1695622226.8873603
2,21504,1695622226.9069195
2,21632,1695622226.926508
2,21760,1695622226.9467735
2,21888,1695622226.9666343
2,22016,1695622226.9864576
2,22144,1695622227.0046644
2,22272,1695622227.029891
2,22400,1695622227.0500355
2,22528,1695622227.0693517
2,22656,1695622227.09802
2,22784,1695622227.125865
2,22912,1695622227.142074
2,23040,1695622227.1634054
2,23168,1695622227.1852572
2,23296,1695622227.2095766
2,23424,1695622227.2362225
2,23552,1695622227.2598233
2,23680,1695622227.28376
2,23808,1695622227.3078208
2,23936,1695622227.3317025
2,24064,1695622227.3557978
2,24192,1695622227.384056
2,24320,1695622227.4007106
2,24448,1695622227.42234
2,24576,1695622227.442434
2,24704,1695622227.4634268
2,24832,1695622227.4856665
2,24960,1695622227.5050092
2,25088,1695622227.5290937
2,25216,1695622227.5519068
2,25344,1695622227.5766687
2,25472,1695622227.6048465
2,25600,1695622227.6258965
2,25728,1695622227.6460145
2,25856,1695622227.6619492
2,25984,1695622227.681758
2,26112,1695622227.7029953
2,26240,1695622227.7229214
2,26368,1695622227.7440977
2,26496,1695622227.763547
2,26624,1695622227.7890265
2,26752,1695622227.8089738
2,26880,1695622227.829208
2,27008,1695622227.8537009
2,27136,1695622227.8765433
2,27264,1695622227.8975053
2,27392,1695622227.9215014
2,27520,1695622227.944605
2,27648,1695622227.9652083
2,27776,1695622227.9890356
2,27904,1695622228.0123246
2,28032,1695622228.03645
2,28160,1695622228.0587885
2,28288,1695622228.075666
2,28416,1695622228.095305
2,28544,1695622228.1153772
2,28672,1695622228.1344612
2,28800,1695622228.1544595
2,28928,1695622228.174917
2,29056,1695622228.195486
2,29184,1695622228.214641
2,29312,1695622228.232333
2,29440,1695622228.2509341
2,29568,1695622228.2709796
2,29696,1695622228.290383
2,29824,1695622228.3108656
2,29952,1695622228.3307393
2,30080,1695622228.351108
2,30208,1695622228.3707478
2,30336,1695622228.3910325
2,30464,1695622228.4109058
2,30592,1695622228.4305248
2,30720,1695622228.4514847
2,30848,1695622228.470641
2,30976,1695622228.488489
2,31104,1695622228.5090473
2,31232,1695622228.5280907
2,31360,1695622228.546643
2,31488,1695622228.5649018
2,31616,1695622228.5874178
2,31744,1695622228.6085842
2,31872,1695622228.6284406
2,32000,1695622228.648052
2,32128,1695622228.668073
2,32256,1695622228.6878858
2,32384,1695622228.7075024
2,32512,1695622228.7254508
2,32640,1695622228.7442555
2,32768,1695622228.7625592
2,32896,1695622228.7811813
2,33024,1695622228.8033903
2,33152,1695622228.8230476
2,33280,1695622228.8442135
2,33408,1695622228.8638833
2,33536,1695622228.8837304
2,33664,1695622228.904337
2,33792,1695622228.9240081
2,33920,1695622228.9439406
2,34048,1695622228.9639628
2,34176,1695622228.9842677
2,34304,1695622229.0041194
2,34432,1695622229.023978
2,34560,1695622229.043621
2,34688,1695622229.063724
2,34816,1695622229.083755
2,34944,1695622229.1034539
2,35072,1695622229.1212032
2,35200,1695622229.1403258
2,35328,1695622229.1630688
2,35456,1695622229.1841977
2,35584,1695622229.2041457
2,35712,1695622229.224301
2,35840,1695622229.2439206
2,35968,1695622229.2666657
2,36096,1695622229.2896745
2,36224,1695622229.3165932
2,36352,1695622229.3385339
2,36480,1695622229.3598971
2,36608,1695622229.3830616
2,36736,1695622229.403885
2,36864,1695622229.4314535
2,36992,1695622229.4543154
2,37120,1695622229.476849
2,37248,1695622229.4952834
2,37376,1695622229.5167904
2,37504,1695622229.5351727
2,37632,1695622229.5547283
2,37760,1695622229.5769067
2,37888,1695622229.6006455
2,38016,1695622229.6303747
2,38144,1695622229.655116
2,38272,1695622229.6764746
2,38400,1695622229.6972501
2,38528,1695622229.7147481
2,38656,1695622229.7438612
2,38784,1695622229.769698
2,38912,1695622229.789227
2,39040,1695622229.8123882
2,39168,1695622229.8329322
2,39296,1695622229.8517191
2,39424,1695622229.873834
2,39552,1695622229.899133
2,39680,1695622229.9218123
2,39808,1695622229.9443903
2,39936,1695622229.966991
2,40064,1695622229.9872122
2,40192,1695622230.013509
2,40320,1695622230.0370803
2,40448,1695622230.0635738
2,40576,1695622230.093643
2,40704,1695622230.112447
2,40832,1695622230.1332555
2,40960,1695622230.15066
2,41088,1695622230.1775486
2,41216,1695622230.1964056
2,41344,1695622230.216288
2,41472,1695622230.2369752
2,41600,1695622230.2587802
2,41728,1695622230.2796278
2,41856,1695622230.3009987
2,41984,1695622230.3195665
2,42112,1695622230.3411508
2,42240,1695622230.362941
2,42368,1695622230.3868027
2,42496,1695622230.4071245
2,42624,1695622230.423779
2,42752,1695622230.4449058
2,42880,1695622230.466648
2,43008,1695622230.4864545
2,43136,1695622230.507194
2,43264,1695622230.53236
2,43392,1695622230.5531244
2,43520,1695622230.5706692
2,43648,1695622230.5885208
2,43776,1695622230.6072183
2,43904,1695622230.6289415
2,44032,1695622230.6493518
2,44160,1695622230.6670547
2,44288,1695622230.6880004
2,44416,1695622230.7109659
2,44544,1695622230.730693
2,44672,1695622230.753854
2,44800,1695622230.780785
2,44928,1695622230.8055933
2,45056,1695622230.825644
2,45184,1695622230.8454347
2,45312,1695622230.8702362
2,45440,1695622230.8938856
2,45568,1695622230.9147322
2,45696,1695622230.9331646
2,45824,1695622230.954737
2,45952,1695622230.9757175
2,46080,1695622230.9988277
2,46208,1695622231.0183775
2,46336,1695622231.042132
2,46464,1695622231.065093
2,46592,1695622231.0911148
2,46720,1695622231.1104686
2,46848,1695622231.1336904
2,46976,1695622231.1578453
2,47104,1695622231.1828947
2,47232,1695622231.2018273
2,47360,1695622231.2295942
2,47488,1695622231.2488835
2,47616,1695622231.2739043
2,47744,1695622231.2951336
2,47872,1695622231.3191395
2,48000,1695622231.3467095
2,48128,1695622231.367073
2,48256,1695622231.3913674
2,48384,1695622231.4114833
2,48512,1695622231.431251
2,48640,1695622231.4527462
2,48768,1695622231.473946
2,48896,1695622231.4961839
2,49024,1695622231.5328631
2,49152,1695622231.5530326
2,49280,1695622231.572042
2,49408,1695622231.5924196
2,49536,1695622231.6124253
2,49664,1695622231.6322145
2,49792,1695622231.652234
2,49920,1695622231.672279
2,50000,1695622231.694756
3,128,1695622232.1105695
3,256,1695622232.1290967
3,384,1695622232.147445
3,512,1695622232.1672597
3,640,1695622232.189549
3,768,1695622232.2083468
3,896,1695622232.2270422
3,1024,1695622232.244033
3,1152,1695622232.2637768
3,1280,1695622232.283746
3,1408,1695622232.3035731
3,1536,1695622232.3235528
3,1664,1695622232.3433738
3,1792,1695622232.3673596
3,1920,1695622232.3882396
3,2048,1695622232.409962
3,2176,1695622232.4335277
3,2304,1695622232.4571095
3,2432,1695622232.4816105
3,2560,1695622232.500106
3,2688,1695622232.5205605
3,2816,1695622232.545547
3,2944,1695622232.5657246
3,3072,1695622232.5901697
3,3200,1695622232.6139717
3,3328,1695622232.6365151
3,3456,1695622232.6591237
3,3584,1695622232.6796505
3,3712,1695622232.7021759
3,3840,1695622232.7240028
3,3968,1695622232.747023
3,4096,1695622232.7689216
3,4224,1695622232.791215
3,4352,1695622232.8144608
3,4480,1695622232.8378115
3,4608,1695622232.8622267
3,4736,1695622232.879159
3,4864,1695622232.8992786
3,4992,1695622232.9190807
3,5120,1695622232.9408731
3,5248,1695622232.9631505
3,5376,1695622232.984236
3,5504,1695622233.0071163
3,5632,1695622233.0287905
3,5760,1695622233.0513785
3,5888,1695622233.0721507
3,6016,1695622233.0953786
3,6144,1695622233.116437
3,6272,1695622233.139501
3,6400,1695622233.160536
3,6528,1695622233.183232
3,6656,1695622233.203844
3,6784,1695622233.227238
3,6912,1695622233.2489996
3,7040,1695622233.2712831
3,7168,1695622233.2934487
3,7296,1695622233.3113706
3,7424,1695622233.3333056
3,7552,1695622233.3578475
3,7680,1695622233.3754048
3,7808,1695622233.3952324
3,7936,1695622233.419445
3,8064,1695622233.4409611
3,8192,1695622233.4631383
3,8320,1695622233.4850285
3,8448,1695622233.5091054
3,8576,1695622233.531044
3,8704,1695622233.5525749
3,8832,1695622233.5705912
3,8960,1695622233.5939445
3,9088,1695622233.61771
3,9216,1695622233.6419864
3,9344,1695622233.6648269
3,9472,1695622233.691788
3,9600,1695622233.713704
3,9728,1695622233.7348964
3,9856,1695622233.7560825
3,9984,1695622233.778975
3,10112,1695622233.800736
3,10240,1695622233.823329
3,10368,1695622233.8445215
3,10496,1695622233.8672056
3,10624,1695622233.8882182
3,10752,1695622233.9104815
3,10880,1695622233.931541
3,11008,1695622233.9600792
3,11136,1695622233.9819806
3,11264,1695622234.0048022
3,11392,1695622234.0272503
3,11520,1695622234.0493598
3,11648,1695622234.0740452
3,11776,1695622234.0966392
3,11904,1695622234.1195047
3,12032,1695622234.1418912
3,12160,1695622234.1663585
3,12288,1695622234.183844
3,12416,1695622234.20541
3,12544,1695622234.222439
3,12672,1695622234.2459862
3,12800,1695622234.2700677
3,12928,1695622234.2944796
3,13056,1695622234.31806
3,13184,1695622234.3408513
3,13312,1695622234.3630097
3,13440,1695622234.3842018
3,13568,1695622234.4074538
3,13696,1695622234.4284954
3,13824,1695622234.4514315
3,13952,1695622234.4722266
3,14080,1695622234.4952366
3,14208,1695622234.5163338
3,14336,1695622234.53871
3,14464,1695622234.5565367
3,14592,1695622234.5743718
3,14720,1695622234.5954688
3,14848,1695622234.6153286
3,14976,1695622234.635562
3,15104,1695622234.6548705
3,15232,1695622234.6756885
3,15360,1695622234.6953354
3,15488,1695622234.714487
3,15616,1695622234.7353933
3,15744,1695622234.754812
3,15872,1695622234.7761786
3,16000,1695622234.79519
3,16128,1695622234.8153908
3,16256,1695622234.8358994
3,16384,1695622234.8608153
3,16512,1695622234.8788683
3,16640,1695622234.9026823
3,16768,1695622234.9264336
3,16896,1695622234.9510806
3,17024,1695622234.9741611
3,17152,1695622234.9976919
3,17280,1695622235.022353
3,17408,1695622235.0462682
3,17536,1695622235.069549
3,17664,1695622235.0971632
3,17792,1695622235.1187098
3,17920,1695622235.1414587
3,18048,1695622235.164116
3,18176,1695622235.1866288
3,18304,1695622235.2077339
3,18432,1695622235.2310169
3,18560,1695622235.2514358
3,18688,1695622235.275027
3,18816,1695622235.3012376
3,18944,1695622235.325641
3,19072,1695622235.350248
3,19200,1695622235.3729715
3,19328,1695622235.3974452
3,19456,1695622235.4193473
3,19584,1695622235.438588
3,19712,1695622235.4632177
3,19840,1695622235.4825299
3,19968,1695622235.5030453
3,20096,1695622235.5269969
3,20224,1695622235.546867
3,20352,1695622235.5665498
3,20480,1695622235.5887804
3,20608,1695622235.6086736
3,20736,1695622235.6292582
3,20864,1695622235.651484
3,20992,1695622235.6717813
3,21120,1695622235.6959846
3,21248,1695622235.7166908
3,21376,1695622235.7385275
3,21504,1695622235.7617257
3,21632,1695622235.7869525
3,21760,1695622235.8097625
3,21888,1695622235.8327243
3,22016,1695622235.8573804
3,22144,1695622235.8801768
3,22272,1695622235.9027777
3,22400,1695622235.9213681
3,22528,1695622235.940623
3,22656,1695622235.962862
3,22784,1695622235.9827702
3,22912,1695622236.0015683
3,23040,1695622236.0197031
3,23168,1695622236.0418303
3,23296,1695622236.0683086
3,23424,1695622236.0868967
3,23552,1695622236.1072552
3,23680,1695622236.124553
3,23808,1695622236.1436508
3,23936,1695622236.162118
3,24064,1695622236.1800191
3,24192,1695622236.20176
3,24320,1695622236.2207386
3,24448,1695622236.238966
3,24576,1695622236.2563734
3,24704,1695622236.2748764
3,24832,1695622236.2952843
3,24960,1695622236.3127854
3,25088,1695622236.3364012
3,25216,1695622236.3556736
3,25344,1695622236.3744946
3,25472,1695622236.3964486
3,25600,1695622236.41425
3,25728,1695622236.436
3,25856,1695622236.4551992
3,25984,1695622236.479061
3,26112,1695622236.4988568
3,26240,1695622236.520244
3,26368,1695622236.539469
3,26496,1695622236.5586832
3,26624,1695622236.5790834
3,26752,1695622236.5967984
3,26880,1695622236.61673
3,27008,1695622236.635399
3,27136,1695622236.6542315
3,27264,1695622236.6702845
3,27392,1695622236.6887043
3,27520,1695622236.7075112
3,27648,1695622236.7284691
3,27776,1695622236.7461267
3,27904,1695622236.7663188
3,28032,1695622236.7873657
3,28160,1695622236.8085139
3,28288,1695622236.8354998
3,28416,1695622236.855092
3,28544,1695622236.8740337
3,28672,1695622236.8976307
3,28800,1695622236.9163756
3,28928,1695622236.9376268
3,29056,1695622236.9590728
3,29184,1695622236.9802814
3,29312,1695622236.9999778
3,29440,1695622237.0208433
3,29568,1695622237.0425184
3,29696,1695622237.0632145
3,29824,1695622237.083957
3,29952,1695622237.1064467
3,30080,1695622237.126573
3,30208,1695622237.148018
3,30336,1695622237.169632
3,30464,1695622237.1891222
3,30592,1695622237.2068937
3,30720,1695622237.227663
3,30848,1695622237.2496402
3,30976,1695622237.266606
3,31104,1695622237.2843654
3,31232,1695622237.3032386
3,31360,1695622237.3236122
3,31488,1695622237.345818
3,31616,1695622237.3667426
3,31744,1695622237.3881483
3,31872,1695622237.4076767
3,32000,1695622237.4267278
3,32128,1695622237.4446552
3,32256,1695622237.466703
3,32384,1695622237.4860935
3,32512,1695622237.5061588
3,32640,1695622237.5291195
3,32768,1695622237.5472064
3,32896,1695622237.5687752
3,33024,1695622237.5906
3,33152,1695622237.6105196
3,33280,1695622237.6321821
3,33408,1695622237.653378
3,33536,1695622237.6722896
3,33664,1695622237.692293
3,33792,1695622237.7222097
3,33920,1695622237.74383
3,34048,1695622237.7625368
3,34176,1695622237.7890487
3,34304,1695622237.8099928
3,34432,1695622237.8265877
3,34560,1695622237.8494911
3,34688,1695622237.8664627
3,34816,1695622237.8863888
3,34944,1695622237.9036734
3,35072,1695622237.930894
3,35200,1695622237.954199
3,35328,1695622237.9752073
3,35456,1695622237.9992573
3,35584,1695622238.0203376
3,35712,1695622238.0428889
3,35840,1695622238.0644221
3,35968,1695622238.0873091
3,36096,1695622238.1099494
3,36224,1695622238.130669
3,36352,1695622238.1545627
3,36480,1695622238.1760757
3,36608,1695622238.198835
3,36736,1695622238.219911
3,36864,1695622238.2471087
3,36992,1695622238.267622
3,37120,1695622238.2983518
3,37248,1695622238.3167796
3,37376,1695622238.340214
3,37504,1695622238.362136
3,37632,1695622238.3828812
3,37760,1695622238.4063225
3,37888,1695622238.426822
3,38016,1695622238.4522588
3,38144,1695622238.4734175
3,38272,1695622238.494551
3,38400,1695622238.5172014
3,38528,1695622238.539915
3,38656,1695622238.5683177
3,38784,1695622238.5897326
3,38912,1695622238.6179543
3,39040,1695622238.6355057
3,39168,1695622238.654531
3,39296,1695622238.6754193
3,39424,1695622238.6952097
3,39552,1695622238.7194395
3,39680,1695622238.740051
3,39808,1695622238.767879
3,39936,1695622238.7893262
3,40064,1695622238.8145294
3,40192,1695622238.8373053
3,40320,1695622238.8598027
3,40448,1695622238.8782773
3,40576,1695622238.9040627
3,40704,1695622238.9304912
3,40832,1695622238.951652
3,40960,1695622238.977248
3,41088,1695622238.9974723
3,41216,1695622239.0214972
3,41344,1695622239.0394273
3,41472,1695622239.0612051
3,41600,1695622239.0853927
3,41728,1695622239.1115425
3,41856,1695622239.1338272
3,41984,1695622239.1617148
3,42112,1695622239.1816306
3,42240,1695622239.205601
3,42368,1695622239.2294335
3,42496,1695622239.2553537
3,42624,1695622239.2806218
3,42752,1695622239.3015885
3,42880,1695622239.325869
3,43008,1695622239.3495016
3,43136,1695622239.3747213
3,43264,1695622239.3977113
3,43392,1695622239.4201584
3,43520,1695622239.447778
3,43648,1695622239.469874
3,43776,1695622239.496629
3,43904,1695622239.5178583
3,44032,1695622239.542359
3,44160,1695622239.5625813
3,44288,1695622239.5798073
3,44416,1695622239.5984545
3,44544,1695622239.6190333
3,44672,1695622239.640253
3,44800,1695622239.6603885
3,44928,1695622239.6795945
3,45056,1695622239.6999516
3,45184,1695622239.7198787
3,45312,1695622239.7396421
3,45440,1695622239.7595341
3,45568,1695622239.7797327
3,45696,1695622239.7995749
3,45824,1695622239.819212
3,45952,1695622239.8434293
3,46080,1695622239.864233
3,46208,1695622239.8858013
3,46336,1695622239.9100566
3,46464,1695622239.9335961
3,46592,1695622239.9607067
3,46720,1695622239.9815707
3,46848,1695622240.0058873
3,46976,1695622240.0295985
3,47104,1695622240.046992
3,47232,1695622240.0664666
3,47360,1695622240.0896554
3,47488,1695622240.1173732
3,47616,1695622240.1373775
3,47744,1695622240.1632607
3,47872,1695622240.1888738
3,48000,1695622240.2098207
3,48128,1695622240.2357023
3,48256,1695622240.2575123
3,48384,1695622240.2782977
3,48512,1695622240.3047206
3,48640,1695622240.325561
3,48768,1695622240.349556
3,48896,1695622240.3742435
3,49024,1695622240.3951817
3,49152,1695622240.4115934
3,49280,1695622240.4286635
3,49408,1695622240.4453797
3,49536,1695622240.4624164
3,49664,1695622240.478185
3,49792,1695622240.4944224
3,49920,1695622240.5111945
3,50000,1695622240.527922
4,128,1695622240.9576793
4,256,1695622240.9849339
4,384,1695622241.004476
4,512,1695622241.024958
4,640,1695622241.045266
4,768,1695622241.0635185
4,896,1695622241.082527
4,1024,1695622241.1027968
4,1152,1695622241.12373
4,1280,1695622241.1436741
4,1408,1695622241.1656196
4,1536,1695622241.1893215
4,1664,1695622241.212849
4,1792,1695622241.2343493
4,1920,1695622241.2581816
4,2048,1695622241.2808266
4,2176,1695622241.304823
4,2304,1695622241.3292332
4,2432,1695622241.3533826
4,2560,1695622241.3754413
4,2688,1695622241.3973835
4,2816,1695622241.419914
4,2944,1695622241.4451168
4,3072,1695622241.4743974
4,3200,1695622241.4919996
4,3328,1695622241.5155976
4,3456,1695622241.5351381
4,3584,1695622241.5604682
4,3712,1695622241.5814214
4,3840,1695622241.6019642
4,3968,1695622241.6270132
4,4096,1695622241.6479921
4,4224,1695622241.670977
4,4352,1695622241.6924944
4,4480,1695622241.7149842
4,4608,1695622241.7371671
4,4736,1695622241.7616937
4,4864,1695622241.7863383
4,4992,1695622241.806954
4,5120,1695622241.8319488
4,5248,1695622241.8530068
4,5376,1695622241.8735864
4,5504,1695622241.9016595
4,5632,1695622241.9235902
4,5760,1695622241.9476302
4,5888,1695622241.9694607
4,6016,1695622241.9939718
4,6144,1695622242.0135918
4,6272,1695622242.0418122
4,6400,1695622242.059379
4,6528,1695622242.083958
4,6656,1695622242.1061087
4,6784,1695622242.1297128
4,6912,1695622242.1566126
4,7040,1695622242.1800275
4,7168,1695622242.2009747
4,7296,1695622242.224009
4,7424,1695622242.2442548
4,7552,1695622242.2647655
4,7680,1695622242.2852812
4,7808,1695622242.3051264
4,7936,1695622242.3339386
4,8064,1695622242.360656
4,8192,1695622242.378773
4,8320,1695622242.3995616
4,8448,1695622242.4217916
4,8576,1695622242.44591
4,8704,1695622242.4666524
4,8832,1695622242.4914854
4,8960,1695622242.5126326
4,9088,1695622242.5332348
4,9216,1695622242.5520282
4,9344,1695622242.5678346
4,9472,1695622242.589234
4,9600,1695622242.608552
4,9728,1695622242.6276574
4,9856,1695622242.6479268
4,9984,1695622242.6676135
4,10112,1695622242.687584
4,10240,1695622242.7073112
4,10368,1695622242.7262654
4,10496,1695622242.7471204
4,10624,1695622242.7677073
4,10752,1695622242.7872605
4,10880,1695622242.8073452
4,11008,1695622242.8260164
4,11136,1695622242.8470879
4,11264,1695622242.8672335
4,11392,1695622242.8876667
4,11520,1695622242.907162
4,11648,1695622242.9279368
4,11776,1695622242.9476752
4,11904,1695622242.967477
4,12032,1695622242.9880981
4,12160,1695622243.0068219
4,12288,1695622243.0265048
4,12416,1695622243.0437183
4,12544,1695622243.0671957
4,12672,1695622243.0883977
4,12800,1695622243.1111047
4,12928,1695622243.1345322
4,13056,1695622243.1610096
4,13184,1695622243.1852303
4,13312,1695622243.2057557
4,13440,1695622243.2281783
4,13568,1695622243.2494698
4,13696,1695622243.2694657
4,13824,1695622243.287908
4,13952,1695622243.307183
4,14080,1695622243.3280606
4,14208,1695622243.3492954
4,14336,1695622243.368374
4,14464,1695622243.3882852
4,14592,1695622243.411492
4,14720,1695622243.4317183
4,14848,1695622243.4538102
4,14976,1695622243.478049
4,15104,1695622243.5000217
4,15232,1695622243.5203285
4,15360,1695622243.540939
4,15488,1695622243.561639
4,15616,1695622243.5810335
4,15744,1695622243.6039186
4,15872,1695622243.6271088
4,16000,1695622243.6495147
4,16128,1695622243.671533
4,16256,1695622243.696537
4,16384,1695622243.7192612
4,16512,1695622243.73961
4,16640,1695622243.761844
4,16768,1695622243.7843747
4,16896,1695622243.8069015
4,17024,1695622243.8265262
4,17152,1695622243.853858
4,17280,1695622243.883395
4,17408,1695622243.9095023
4,17536,1695622243.9335916
4,17664,1695622243.9550073
4,17792,1695622243.9752316
4,17920,1695622244.0097344
4,18048,1695622244.0275438
4,18176,1695622244.0542579
4,18304,1695622244.084036
4,18432,1695622244.1034915
4,18560,1695622244.1236758
4,18688,1695622244.147073
4,18816,1695622244.1660874
4,18944,1695622244.1855583
4,19072,1695622244.2111604
4,19200,1695622244.2346683
4,19328,1695622244.2556837
4,19456,1695622244.2792046
4,19584,1695622244.300092
4,19712,1695622244.323197
4,19840,1695622244.3431242
4,19968,1695622244.3637998
4,20096,1695622244.3846133
4,20224,1695622244.4071147
4,20352,1695622244.4286118
4,20480,1695622244.451429
4,20608,1695622244.4755268
4,20736,1695622244.495228
4,20864,1695622244.5226157
4,20992,1695622244.5425835
4,21120,1695622244.5624921
4,21248,1695622244.5836809
4,21376,1695622244.6037476
4,21504,1695622244.623313
4,21632,1695622244.6433024
4,21760,1695622244.663605
4,21888,1695622244.6835768
4,22016,1695622244.703331
4,22144,1695622244.7233682
4,22272,1695622244.743618
4,22400,1695622244.763526
4,22528,1695622244.7836444
4,22656,1695622244.8037806
4,22784,1695622244.8240454
4,22912,1695622244.8435423
4,23040,1695622244.8636227
4,23168,1695622244.8835456
4,23296,1695622244.903257
4,23424,1695622244.9234939
4,23552,1695622244.9436913
4,23680,1695622244.9635994
4,23808,1695622244.9834301
4,23936,1695622245.0049336
4,24064,1695622245.0234284
4,24192,1695622245.0416794
4,24320,1695622245.0626857
4,24448,1695622245.0840662
4,24576,1695622245.1038115
4,24704,1695622245.123542
4,24832,1695622245.1434813
4,24960,1695622245.1635454
4,25088,1695622245.1834602
4,25216,1695622245.2072098
4,25344,1695622245.2298744
4,25472,1695622245.254174
4,25600,1695622245.2768164
4,25728,1695622245.2992914
4,25856,1695622245.3203466
4,25984,1695622245.3440647
4,26112,1695622245.3652487
4,26240,1695622245.387208
4,26368,1695622245.40785
4,26496,1695622245.4297426
4,26624,1695622245.454578
4,26752,1695622245.47768
4,26880,1695622245.5015037
4,27008,1695622245.5206203
4,27136,1695622245.5405877
4,27264,1695622245.5631688
4,27392,1695622245.5854435
4,27520,1695622245.6104693
4,27648,1695622245.6326861
4,27776,1695622245.6570408
4,27904,1695622245.6776614
4,28032,1695622245.7020392
4,28160,1695622245.7256114
4,28288,1695622245.7479742
4,28416,1695622245.7754214
4,28544,1695622245.79791
4,28672,1695622245.819162
4,28800,1695622245.8401284
4,28928,1695622245.8634138
4,29056,1695622245.8843591
4,29184,1695622245.9069521
4,29312,1695622245.9292424
4,29440,1695622245.9479887
4,29568,1695622245.9652872
4,29696,1695622245.984686
4,29824,1695622246.003454
4,29952,1695622246.0222862
4,30080,1695622246.0442212
4,30208,1695622246.0640047
4,30336,1695622246.0833185
4,30464,1695622246.103453
4,30592,1695622246.1267374
4,30720,1695622246.1461437
4,30848,1695622246.171186
4,30976,1695622246.1895726
4,31104,1695622246.2084324
4,31232,1695622246.2295065
4,31360,1695622246.2533948
4,31488,1695622246.275178
4,31616,1695622246.2966113
4,31744,1695622246.3184412
4,31872,1695622246.3421583
4,32000,1695622246.3636818
4,32128,1695622246.3871634
4,32256,1695622246.4085276
4,32384,1695622246.430344
4,32512,1695622246.4512448
4,32640,1695622246.474901
4,32768,1695622246.49665
4,32896,1695622246.5227923
4,33024,1695622246.5484629
4,33152,1695622246.570151
4,33280,1695622246.591756
4,33408,1695622246.61451
4,33536,1695622246.635118
4,33664,1695622246.6632638
4,33792,1695622246.6857738
4,33920,1695622246.710215
4,34048,1695622246.7340858
4,34176,1695622246.7578797
4,34304,1695622246.780576
4,34432,1695622246.8029747
4,34560,1695622246.823647
4,34688,1695622246.8468113
4,34816,1695622246.8663104
4,34944,1695622246.8890476
4,35072,1695622246.9107618
4,35200,1695622246.9303873
4,35328,1695622246.9569182
4,35456,1695622246.9780657
4,35584,1695622247.0029113
4,35712,1695622247.0245905
4,35840,1695622247.0464542
4,35968,1695622247.0670683
4,36096,1695622247.087109
4,36224,1695622247.105745
4,36352,1695622247.122407
4,36480,1695622247.139378
4,36608,1695622247.15946
4,36736,1695622247.1761873
4,36864,1695622247.2049766
4,36992,1695622247.2266667
4,37120,1695622247.2450917
4,37248,1695622247.2651484
4,37376,1695622247.284561
4,37504,1695622247.3050804
4,37632,1695622247.3275285
4,37760,1695622247.3496547
4,37888,1695622247.3698633
4,38016,1695622247.392999
4,38144,1695622247.4129481
4,38272,1695622247.431727
4,38400,1695622247.4514234
4,38528,1695622247.4736373
4,38656,1695622247.493726
4,38784,1695622247.5150187
4,38912,1695622247.5353892
4,39040,1695622247.5568776
4,39168,1695622247.5760884
4,39296,1695622247.597034
4,39424,1695622247.6188889
4,39552,1695622247.6406476
4,39680,1695622247.662619
4,39808,1695622247.6873202
4,39936,1695622247.712933
4,40064,1695622247.7323935
4,40192,1695622247.752862
4,40320,1695622247.7750475
4,40448,1695622247.7954693
4,40576,1695622247.8193164
4,40704,1695622247.8377202
4,40832,1695622247.8648782
4,40960,1695622247.8861675
4,41088,1695622247.907566
4,41216,1695622247.9353962
4,41344,1695622247.9572177
4,41472,1695622247.9777431
4,41600,1695622248.0011828
4,41728,1695622248.023829
4,41856,1695622248.0462165
4,41984,1695622248.067551
4,42112,1695622248.0894182
4,42240,1695622248.106112
4,42368,1695622248.1284497
4,42496,1695622248.1508596
4,42624,1695622248.1689277
4,42752,1695622248.1922083
4,42880,1695622248.214907
4,43008,1695622248.235365
4,43136,1695622248.2616198
4,43264,1695622248.2804587
4,43392,1695622248.3047998
4,43520,1695622248.3254435
4,43648,1695622248.3485553
4,43776,1695622248.3717766
4,43904,1695622248.391896
4,44032,1695622248.4119473
4,44160,1695622248.433776
4,44288,1695622248.4565063
4,44416,1695622248.4794261
4,44544,1695622248.5011003
4,44672,1695622248.5232267
4,44800,1695622248.5423641
4,44928,1695622248.5689573
4,45056,1695622248.5886009
4,45184,1695622248.6062307
4,45312,1695622248.6299033
4,45440,1695622248.6534986
4,45568,1695622248.678175
4,45696,1695622248.7014933
4,45824,1695622248.7245347
4,45952,1695622248.7544656
4,46080,1695622248.7789435
4,46208,1695622248.8044486
4,46336,1695622248.8260713
4,46464,1695622248.8476944
4,46592,1695622248.8711812
4,46720,1695622248.892614
4,46848,1695622248.9151604
4,46976,1695622248.9358425
4,47104,1695622248.959284
4,47232,1695622248.980868
4,47360,1695622249.001348
4,47488,1695622249.019947
4,47616,1695622249.0405626
4,47744,1695622249.0631034
4,47872,1695622249.0819209
4,48000,1695622249.099259
4,48128,1695622249.1200411
4,48256,1695622249.140374
4,48384,1695622249.1598406
4,48512,1695622249.1810613
4,48640,1695622249.2029786
4,48768,1695622249.2242093
4,48896,1695622249.247441
4,49024,1695622249.2678094
4,49152,1695622249.2864587
4,49280,1695622249.3134625
4,49408,1695622249.332483
4,49536,1695622249.359788
4,49664,1695622249.380155
4,49792,1695622249.4003174
4,49920,1695622249.4200425
4,50000,1695622249.440751
5,128,1695622249.8597202
5,256,1695622249.877771
5,384,1695622249.8979502
5,512,1695622249.9230444
5,640,1695622249.951401
5,768,1695622249.9725082
5,896,1695622249.997303
5,1024,1695622250.0182624
5,1152,1695622250.0407202
5,1280,1695622250.0640936
5,1408,1695622250.0849826
5,1536,1695622250.1071713
5,1664,1695622250.1282375
5,1792,1695622250.1511858
5,1920,1695622250.1707404
5,2048,1695622250.1930718
5,2176,1695622250.21684
5,2304,1695622250.2382376
5,2432,1695622250.2603881
5,2560,1695622250.2832131
5,2688,1695622250.3020802
5,2816,1695622250.3274283
5,2944,1695622250.3503113
5,3072,1695622250.3729396
5,3200,1695622250.3935041
5,3328,1695622250.4114795
5,3456,1695622250.4322522
5,3584,1695622250.4508781
5,3712,1695622250.4719095
5,3840,1695622250.4922395
5,3968,1695622250.51256
5,4096,1695622250.5351741
5,4224,1695622250.5549061
5,4352,1695622250.5754805
5,4480,1695622250.5976634
5,4608,1695622250.6159863
5,4736,1695622250.6371174
5,4864,1695622250.6593883
5,4992,1695622250.6795483
5,5120,1695622250.7047958
5,5248,1695622250.7260573
5,5376,1695622250.7516997
5,5504,1695622250.7717056
5,5632,1695622250.7903595
5,5760,1695622250.8176441
5,5888,1695622250.8373277
5,6016,1695622250.862503
5,6144,1695622250.884992
5,6272,1695622250.9061916
5,6400,1695622250.9324512
5,6528,1695622250.954194
5,6656,1695622250.972564
5,6784,1695622250.994451
5,6912,1695622251.0131676
5,7040,1695622251.0316713
5,7168,1695622251.0520654
5,7296,1695622251.07209
5,7424,1695622251.0917556
5,7552,1695622251.1115408
5,7680,1695622251.1314573
5,7808,1695622251.1517422
5,7936,1695622251.1731653
5,8064,1695622251.1947849
5,8192,1695622251.2152615
5,8320,1695622251.2312162
5,8448,1695622251.2513106
5,8576,1695622251.2690508
5,8704,1695622251.2879345
5,8832,1695622251.3075242
5,8960,1695622251.3273265
5,9088,1695622251.3453908
5,9216,1695622251.365238
5,9344,1695622251.38375
5,9472,1695622251.4025857
5,9600,1695622251.4195921
5,9728,1695622251.4372501
5,9856,1695622251.4549403
5,9984,1695622251.4722338
5,10112,1695622251.489855
5,10240,1695622251.5140038
5,10368,1695622251.5339148
5,10496,1695622251.5565462
5,10624,1695622251.5844693
5,10752,1695622251.6047688
5,10880,1695622251.623615
5,11008,1695622251.6466408
5,11136,1695622251.6728532
5,11264,1695622251.6919167
5,11392,1695622251.7098172
5,11520,1695622251.7310448
5,11648,1695622251.7492802
5,11776,1695622251.7768474
5,11904,1695622251.8051052
5,12032,1695622251.824585
5,12160,1695622251.8426757
5,12288,1695622251.8652475
5,12416,1695622251.8894281
5,12544,1695622251.908165
5,12672,1695622251.9252748
5,12800,1695622251.9509842
5,12928,1695622251.9767468
5,13056,1695622251.9993892
5,13184,1695622252.0182254
5,13312,1695622252.037119
5,13440,1695622252.055113
5,13568,1695622252.076391
5,13696,1695622252.0991833
5,13824,1695622252.1171582
5,13952,1695622252.1366699
5,14080,1695622252.1527348
5,14208,1695622252.1775954
5,14336,1695622252.1964958
5,14464,1695622252.2160416
5,14592,1695622252.2413733
5,14720,1695622252.261476
5,14848,1695622252.280685
5,14976,1695622252.3049486
5,15104,1695622252.3238356
5,15232,1695622252.345346
5,15360,1695622252.3650692
5,15488,1695622252.3829093
5,15616,1695622252.4098265
5,15744,1695622252.4293602
5,15872,1695622252.450279
5,16000,1695622252.471294
5,16128,1695622252.4921482
5,16256,1695622252.5140088
5,16384,1695622252.5315952
5,16512,1695622252.5551682
5,16640,1695622252.5784009
5,16768,1695622252.599691
5,16896,1695622252.6204014
5,17024,1695622252.6433206
5,17152,1695622252.6624954
5,17280,1695622252.681546
5,17408,1695622252.7066877
5,17536,1695622252.72965
5,17664,1695622252.7531478
5,17792,1695622252.7708821
5,17920,1695622252.7896798
5,18048,1695622252.8111198
5,18176,1695622252.8324163
5,18304,1695622252.8554075
5,18432,1695622252.87424
5,18560,1695622252.9008834
5,18688,1695622252.9199538
5,18816,1695622252.9377463
5,18944,1695622252.9556348
5,19072,1695622252.9726505
5,19200,1695622252.9971175
5,19328,1695622253.027489
5,19456,1695622253.0496283
5,19584,1695622253.071091
5,19712,1695622253.0935235
5,19840,1695622253.114079
5,19968,1695622253.1321163
5,20096,1695622253.1553307
5,20224,1695622253.1760244
5,20352,1695622253.199255
5,20480,1695622253.2201195
5,20608,1695622253.2408175
5,20736,1695622253.2618575
5,20864,1695622253.2877686
5,20992,1695622253.3067164
5,21120,1695622253.324149
5,21248,1695622253.3421025
5,21376,1695622253.3690283
5,21504,1695622253.3889863
5,21632,1695622253.411141
5,21760,1695622253.4297032
5,21888,1695622253.4470096
5,22016,1695622253.468953
5,22144,1695622253.4910445
5,22272,1695622253.5097275
5,22400,1695622253.5276158
5,22528,1695622253.5498946
5,22656,1695622253.568923
5,22784,1695622253.587111
5,22912,1695622253.611419
5,23040,1695622253.630449
5,23168,1695622253.6485896
5,23296,1695622253.6660323
5,23424,1695622253.6864848
5,23552,1695622253.7056165
5,23680,1695622253.7248688
5,23808,1695622253.748327
5,23936,1695622253.7684677
5,24064,1695622253.79139
5,24192,1695622253.8132517
5,24320,1695622253.837002
5,24448,1695622253.8582225
5,24576,1695622253.8821971
5,24704,1695622253.9057355
5,24832,1695622253.928988
5,24960,1695622253.953615
5,25088,1695622253.97459
5,25216,1695622254.0011663
5,25344,1695622254.0206
5,25472,1695622254.04005
5,25600,1695622254.0601444
5,25728,1695622254.0823293
5,25856,1695622254.1010597
5,25984,1695622254.1241465
5,26112,1695622254.1522315
5,26240,1695622254.173357
5,26368,1695622254.1926672
5,26496,1695622254.2120142
5,26624,1695622254.2356195
5,26752,1695622254.2549236
5,26880,1695622254.274417
5,27008,1695622254.3013437
5,27136,1695622254.322718
5,27264,1695622254.3407624
5,27392,1695622254.3633192
5,27520,1695622254.3824348
5,27648,1695622254.4015067
5,27776,1695622254.421959
5,27904,1695622254.446504
5,28032,1695622254.4651253
5,28160,1695622254.4828882
5,28288,1695622254.5041683
5,28416,1695622254.5273054
5,28544,1695622254.5497088
5,28672,1695622254.5736537
5,28800,1695622254.594037
5,28928,1695622254.62032
5,29056,1695622254.6418629
5,29184,1695622254.6674986
5,29312,1695622254.6880577
5,29440,1695622254.7074237
5,29568,1695622254.7293596
5,29696,1695622254.7513194
5,29824,1695622254.771522
5,29952,1695622254.7951996
5,30080,1695622254.8164828
5,30208,1695622254.837705
5,30336,1695622254.8633578
5,30464,1695622254.8855953
5,30592,1695622254.9113786
5,30720,1695622254.931896
5,30848,1695622254.9511383
5,30976,1695622254.976334
5,31104,1695622254.9973505
5,31232,1695622255.0204344
5,31360,1695622255.044492
5,31488,1695622255.0658538
5,31616,1695622255.0903006
5,31744,1695622255.111688
5,31872,1695622255.1330204
5,32000,1695622255.1550348
5,32128,1695622255.1743624
5,32256,1695622255.1931887
5,32384,1695622255.2121058
5,32512,1695622255.2351499
5,32640,1695622255.2558935
5,32768,1695622255.2791922
5,32896,1695622255.2978046
5,33024,1695622255.3169537
5,33152,1695622255.3393009
5,33280,1695622255.3627927
5,33408,1695622255.3882737
5,33536,1695622255.410195
5,33664,1695622255.4325123
5,33792,1695622255.4535813
5,33920,1695622255.4752083
5,34048,1695622255.4969568
5,34176,1695622255.5188854
5,34304,1695622255.5409293
5,34432,1695622255.5597382
5,34560,1695622255.5800653
5,34688,1695622255.6028528
5,34816,1695622255.62581
5,34944,1695622255.6496272
5,35072,1695622255.6742415
5,35200,1695622255.6963098
5,35328,1695622255.716117
5,35456,1695622255.7371514
5,35584,1695622255.7593284
5,35712,1695622255.7782042
5,35840,1695622255.795776
5,35968,1695622255.8188326
5,36096,1695622255.843713
5,36224,1695622255.871657
5,36352,1695622255.890958
5,36480,1695622255.907899
5,36608,1695622255.935315
5,36736,1695622255.9566855
5,36864,1695622255.9749153
5,36992,1695622255.9970667
5,37120,1695622256.0210547
5,37248,1695622256.0456505
5,37376,1695622256.0680912
5,37504,1695622256.0882928
5,37632,1695622256.111868
5,37760,1695622256.135526
5,37888,1695622256.1548693
5,38016,1695622256.174639
5,38144,1695622256.2016506
5,38272,1695622256.2197275
5,38400,1695622256.2394197
5,38528,1695622256.2651896
5,38656,1695622256.286057
5,38784,1695622256.3109555
5,38912,1695622256.3305721
5,39040,1695622256.3478658
5,39168,1695622256.3709881
5,39296,1695622256.3908696
5,39424,1695622256.4112484
5,39552,1695622256.4375553
5,39680,1695622256.456064
5,39808,1695622256.4763126
5,39936,1695622256.4972608
5,40064,1695622256.5194638
5,40192,1695622256.5385005
5,40320,1695622256.5593305
5,40448,1695622256.581821
5,40576,1695622256.607214
5,40704,1695622256.62989
5,40832,1695622256.6557581
5,40960,1695622256.680983
5,41088,1695622256.7067218
5,41216,1695622256.7335248
5,41344,1695622256.753776
5,41472,1695622256.775017
5,41600,1695622256.7954173
5,41728,1695622256.8241887
5,41856,1695622256.845995
5,41984,1695622256.8684247
5,42112,1695622256.8901482
5,42240,1695622256.9118254
5,42368,1695622256.9336646
5,42496,1695622256.955782
5,42624,1695622256.9839466
5,42752,1695622257.0059295
5,42880,1695622257.0314405
5,43008,1695622257.0569096
5,43136,1695622257.077895
5,43264,1695622257.102655
5,43392,1695622257.1249924
5,43520,1695622257.1509645
5,43648,1695622257.1734152
5,43776,1695622257.1979196
5,43904,1695622257.2216842
5,44032,1695622257.2481294
5,44160,1695622257.2698853
5,44288,1695622257.2961853
5,44416,1695622257.318055
5,44544,1695622257.344501
5,44672,1695622257.365429
5,44800,1695622257.3841975
5,44928,1695622257.4056666
5,45056,1695622257.4271464
5,45184,1695622257.4483469
5,45312,1695622257.471019
5,45440,1695622257.4914904
5,45568,1695622257.5138714
5,45696,1695622257.5369377
5,45824,1695622257.559071
5,45952,1695622257.5800002
5,46080,1695622257.603117
5,46208,1695622257.6245987
5,46336,1695622257.647159
5,46464,1695622257.668544
5,46592,1695622257.6914494
5,46720,1695622257.711119
5,46848,1695622257.730663
5,46976,1695622257.7550225
5,47104,1695622257.7803013
5,47232,1695622257.8015327
5,47360,1695622257.8271997
5,47488,1695622257.8523326
5,47616,1695622257.8737955
5,47744,1695622257.8984637
5,47872,1695622257.9263332
5,48000,1695622257.9469926
5,48128,1695622257.9690962
5,48256,1695622257.9965858
5,48384,1695622258.0178466
5,48512,1695622258.0425549
5,48640,1695622258.0652018
5,48768,1695622258.0894604
5,48896,1695622258.1095374
5,49024,1695622258.1325235
5,49152,1695622258.1528492
5,49280,1695622258.1749666
5,49408,1695622258.1952875
5,49536,1695622258.2153316
5,49664,1695622258.2351482
5,49792,1695622258.2631438
5,49920,1695622258.286706
5,50000,1695622258.3093145
6,128,1695622258.7140315
6,256,1695622258.7336164
6,384,1695622258.755763
6,512,1695622258.7842863
6,640,1695622258.8023329
6,768,1695622258.8281338
6,896,1695622258.8463528
6,1024,1695622258.8640742
6,1152,1695622258.8913279
6,1280,1695622258.9170372
6,1408,1695622258.9379842
6,1536,1695622258.9623632
6,1664,1695622258.9857535
6,1792,1695622259.0118444
6,1920,1695622259.0338802
6,2048,1695622259.057951
6,2176,1695622259.0843995
6,2304,1695622259.1055064
6,2432,1695622259.131165
6,2560,1695622259.1540403
6,2688,1695622259.174517
6,2816,1695622259.201461
6,2944,1695622259.2221084
6,3072,1695622259.2442245
6,3200,1695622259.2683551
6,3328,1695622259.288224
6,3456,1695622259.3137405
6,3584,1695622259.3394198
6,3712,1695622259.3629673
6,3840,1695622259.3779368
6,3968,1695622259.402381
6,4096,1695622259.4275799
6,4224,1695622259.4511557
6,4352,1695622259.4715655
6,4480,1695622259.498312
6,4608,1695622259.5235884
6,4736,1695622259.5480797
6,4864,1695622259.575375
6,4992,1695622259.595828
6,5120,1695622259.6179934
6,5248,1695622259.6427407
6,5376,1695622259.6654172
6,5504,1695622259.682531
6,5632,1695622259.702439
6,5760,1695622259.7257056
6,5888,1695622259.7515585
6,6016,1695622259.7737668
6,6144,1695622259.8002386
6,6272,1695622259.8214653
6,6400,1695622259.8472912
6,6528,1695622259.8695629
6,6656,1695622259.887428
6,6784,1695622259.9086187
6,6912,1695622259.9313645
6,7040,1695622259.9516141
6,7168,1695622259.9736216
6,7296,1695622259.9995723
6,7424,1695622260.0193887
6,7552,1695622260.0392947
6,7680,1695622260.0619214
6,7808,1695622260.087906
6,7936,1695622260.1102467
6,8064,1695622260.131904
6,8192,1695622260.15538
6,8320,1695622260.1771939
6,8448,1695622260.201036
6,8576,1695622260.2258883
6,8704,1695622260.2456312
6,8832,1695622260.2701738
6,8960,1695622260.2935379
6,9088,1695622260.3184276
6,9216,1695622260.3414433
6,9344,1695622260.3635063
6,9472,1695622260.3897965
6,9600,1695622260.4090064
