epoch,trained_sample,time
1,0,1696061874.3495243
1,128,1696061875.579715
1,256,1696061875.59088
1,384,1696061875.611971
1,512,1696061875.6366658
1,640,1696061875.6574368
1,768,1696061875.675741
1,896,1696061875.6980362
1,1024,1696061875.7189267
1,1152,1696061875.7404053
1,1280,1696061875.7602818
1,1408,1696061875.7773805
1,1536,1696061875.8006968
1,1664,1696061875.8211007
1,1792,1696061875.8383794
1,1920,1696061875.8581407
1,2048,1696061875.8817594
1,2176,1696061875.9028354
1,2304,1696061875.920168
1,2432,1696061875.9399168
1,2560,1696061875.9635222
1,2688,1696061875.9833536
1,2816,1696061876.0005481
1,2944,1696061876.0203419
1,3072,1696061876.0437737
1,3200,1696061876.0646152
1,3328,1696061876.0811088
1,3456,1696061876.1007893
1,3584,1696061876.124489
1,3712,1696061876.144763
1,3840,1696061876.1614323
1,3968,1696061876.1811466
1,4096,1696061876.2036202
1,4224,1696061876.224769
1,4352,1696061876.2414434
1,4480,1696061876.2613988
1,4608,1696061876.3336217
1,4736,1696061876.3519003
1,4864,1696061876.371676
1,4992,1696061876.3916984
1,5120,1696061876.4181454
1,5248,1696061876.4390526
1,5376,1696061876.460029
1,5504,1696061876.4775064
1,5632,1696061876.498289
1,5760,1696061876.5182784
1,5888,1696061876.5382519
1,6016,1696061876.5584419
1,6144,1696061876.5784736
1,6272,1696061876.5982587
1,6400,1696061876.6179366
1,6528,1696061876.6428308
1,6656,1696061876.6610107
1,6784,1696061876.6796696
1,6912,1696061876.699264
1,7040,1696061876.7197227
1,7168,1696061876.741751
1,7296,1696061876.761333
1,7424,1696061876.7782822
1,7552,1696061876.79793
1,7680,1696061876.8179305
1,7808,1696061876.8380723
1,7936,1696061876.8587093
1,8064,1696061876.8813968
1,8192,1696061876.900879
1,8320,1696061876.922104
1,8448,1696061876.9423413
1,8576,1696061876.962387
1,8704,1696061876.9827135
1,8832,1696061877.0028515
1,8960,1696061877.0231407
1,9088,1696061877.0432863
1,9216,1696061877.0627043
1,9344,1696061877.083388
1,9472,1696061877.1076498
1,9600,1696061877.1271646
1,9728,1696061877.147503
1,9856,1696061877.167568
1,9984,1696061877.187319
1,10112,1696061877.2082393
1,10240,1696061877.2273343
1,10368,1696061877.2480292
1,10496,1696061877.2683036
1,10624,1696061877.2875226
1,10752,1696061877.3080661
1,10880,1696061877.3282702
1,11008,1696061877.348554
1,11136,1696061877.365365
1,11264,1696061877.3857608
1,11392,1696061877.4056637
1,11520,1696061877.4304926
1,11648,1696061877.45108
1,11776,1696061877.4711213
1,11904,1696061877.4908965
1,12032,1696061877.5110216
1,12160,1696061877.53147
1,12288,1696061877.551732
1,12416,1696061877.5717716
1,12544,1696061877.5918252
1,12672,1696061877.6119993
1,12800,1696061877.6319158
1,12928,1696061877.6514337
1,13056,1696061877.6719081
1,13184,1696061877.6917224
1,13312,1696061877.7117996
1,13440,1696061877.731956
1,13568,1696061877.7521079
1,13696,1696061877.7711647
1,13824,1696061877.7921164
1,13952,1696061877.811205
1,14080,1696061877.832232
1,14208,1696061877.8513184
1,14336,1696061877.872154
1,14464,1696061877.8916087
1,14592,1696061877.9121685
1,14720,1696061877.9317026
1,14848,1696061877.9521573
1,14976,1696061877.971362
1,15104,1696061877.9922357
1,15232,1696061878.0115643
1,15360,1696061878.0321388
1,15488,1696061878.051122
1,15616,1696061878.071892
1,15744,1696061878.092053
1,15872,1696061878.111123
1,16000,1696061878.13195
1,16128,1696061878.1517148
1,16256,1696061878.1719725
1,16384,1696061878.188575
1,16512,1696061878.2082534
1,16640,1696061878.2312927
1,16768,1696061878.2522924
1,16896,1696061878.2712846
1,17024,1696061878.2950094
1,17152,1696061878.3149674
1,17280,1696061878.3351142
1,17408,1696061878.3546379
1,17536,1696061878.3773406
1,17664,1696061878.39394
1,17792,1696061878.416192
1,17920,1696061878.4354434
1,18048,1696061878.4556055
1,18176,1696061878.476158
1,18304,1696061878.495641
1,18432,1696061878.515995
1,18560,1696061878.536334
1,18688,1696061878.554985
1,18816,1696061878.5756538
1,18944,1696061878.5962603
1,19072,1696061878.6165726
1,19200,1696061878.6365557
1,19328,1696061878.6560931
1,19456,1696061878.6760602
1,19584,1696061878.6992416
1,19712,1696061878.7174757
1,19840,1696061878.736869
1,19968,1696061878.7572374
1,20096,1696061878.7773798
1,20224,1696061878.7990632
1,20352,1696061878.819422
1,20480,1696061878.8396223
1,20608,1696061878.8597493
1,20736,1696061878.8798797
1,20864,1696061878.8997815
1,20992,1696061878.9201922
1,21120,1696061878.94013
1,21248,1696061878.9590526
1,21376,1696061878.9800673
1,21504,1696061879.0002317
1,21632,1696061879.0192957
1,21760,1696061879.039742
1,21888,1696061879.059884
1,22016,1696061879.0801055
1,22144,1696061879.0995135
1,22272,1696061879.1181078
1,22400,1696061879.137937
1,22528,1696061879.1600673
1,22656,1696061879.180012
1,22784,1696061879.1997128
1,22912,1696061879.2200215
1,23040,1696061879.2394168
1,23168,1696061879.2602687
1,23296,1696061879.2792888
1,23424,1696061879.3045049
1,23552,1696061879.3228645
1,23680,1696061879.3411918
1,23808,1696061879.361916
1,23936,1696061879.3840525
1,24064,1696061879.4048193
1,24192,1696061879.4192162
1,24320,1696061879.4442668
1,24448,1696061879.4631667
1,24576,1696061879.4841063
1,24704,1696061879.5035157
1,24832,1696061879.5239162
1,24960,1696061879.5433888
1,25088,1696061879.5642653
1,25216,1696061879.5831797
1,25344,1696061879.6039536
1,25472,1696061879.6259189
1,25600,1696061879.6472566
1,25728,1696061879.6673093
1,25856,1696061879.686912
1,25984,1696061879.7071888
1,26112,1696061879.7270546
1,26240,1696061879.746836
1,26368,1696061879.7672634
1,26496,1696061879.7877104
1,26624,1696061879.8075306
1,26752,1696061879.8281167
1,26880,1696061879.8477793
1,27008,1696061879.8675838
1,27136,1696061879.8876193
1,27264,1696061879.9078724
1,27392,1696061879.9275146
1,27520,1696061879.9477384
1,27648,1696061879.967837
1,27776,1696061879.9884338
1,27904,1696061880.0074253
1,28032,1696061880.0283678
1,28160,1696061880.0473013
1,28288,1696061880.0682073
1,28416,1696061880.0872638
1,28544,1696061880.1078956
1,28672,1696061880.1273935
1,28800,1696061880.1480823
1,28928,1696061880.1671195
1,29056,1696061880.188179
1,29184,1696061880.2075467
1,29312,1696061880.2280648
1,29440,1696061880.2470918
1,29568,1696061880.2678444
1,29696,1696061880.2880142
1,29824,1696061880.3083951
1,29952,1696061880.327586
1,30080,1696061880.3479173
1,30208,1696061880.367218
1,30336,1696061880.3881085
1,30464,1696061880.4080145
1,30592,1696061880.4301128
1,30720,1696061880.4507353
1,30848,1696061880.4703887
1,30976,1696061880.490728
1,31104,1696061880.5162911
1,31232,1696061880.53607
1,31360,1696061880.5582805
1,31488,1696061880.574698
1,31616,1696061880.597937
1,31744,1696061880.6171756
1,31872,1696061880.6431003
1,32000,1696061880.6653116
1,32128,1696061880.6839943
1,32256,1696061880.706532
1,32384,1696061880.7308931
1,32512,1696061880.75443
1,32640,1696061880.7745602
1,32768,1696061880.7932754
1,32896,1696061880.8157148
1,33024,1696061880.8371968
1,33152,1696061880.8555233
1,33280,1696061880.8781328
1,33408,1696061880.9000683
1,33536,1696061880.921786
1,33664,1696061880.9444606
1,33792,1696061880.9655693
1,33920,1696061880.9877675
1,34048,1696061881.0088632
1,34176,1696061881.0302284
1,34304,1696061881.052388
1,34432,1696061881.0723405
1,34560,1696061881.0930994
1,34688,1696061881.1160073
1,34816,1696061881.136923
1,34944,1696061881.1579595
1,35072,1696061881.1803193
1,35200,1696061881.2021985
1,35328,1696061881.2247078
1,35456,1696061881.2471397
1,35584,1696061881.269076
1,35712,1696061881.2907836
1,35840,1696061881.3130918
1,35968,1696061881.3345528
1,36096,1696061881.3569748
1,36224,1696061881.3785005
1,36352,1696061881.4013226
1,36480,1696061881.4238777
1,36608,1696061881.4448469
1,36736,1696061881.466395
1,36864,1696061881.4892323
1,36992,1696061881.5119894
1,37120,1696061881.5330577
1,37248,1696061881.5529025
1,37376,1696061881.5755174
1,37504,1696061881.5967698
1,37632,1696061881.6179018
1,37760,1696061881.6408908
1,37888,1696061881.6636505
1,38016,1696061881.684727
1,38144,1696061881.7063885
1,38272,1696061881.7290018
1,38400,1696061881.750135
1,38528,1696061881.7717729
1,38656,1696061881.7934644
1,38784,1696061881.8157315
1,38912,1696061881.8381107
1,39040,1696061881.859406
1,39168,1696061881.880484
1,39296,1696061881.9021325
1,39424,1696061881.9243042
1,39552,1696061881.9459777
1,39680,1696061881.9688387
1,39808,1696061881.9902894
1,39936,1696061882.0128982
1,40064,1696061882.0360763
1,40192,1696061882.0587065
1,40320,1696061882.0809546
1,40448,1696061882.102834
1,40576,1696061882.1254737
1,40704,1696061882.1475215
1,40832,1696061882.1694827
1,40960,1696061882.1908398
1,41088,1696061882.2136
1,41216,1696061882.2358296
1,41344,1696061882.2582731
1,41472,1696061882.2804296
1,41600,1696061882.3017595
1,41728,1696061882.3222458
1,41856,1696061882.343514
1,41984,1696061882.366259
1,42112,1696061882.3879406
1,42240,1696061882.410313
1,42368,1696061882.4321196
1,42496,1696061882.4529152
1,42624,1696061882.475004
1,42752,1696061882.4970427
1,42880,1696061882.5189748
1,43008,1696061882.5406337
1,43136,1696061882.5624835
1,43264,1696061882.5847058
1,43392,1696061882.6072707
1,43520,1696061882.6283715
1,43648,1696061882.6487286
1,43776,1696061882.6700687
1,43904,1696061882.692577
1,44032,1696061882.7142687
1,44160,1696061882.7358646
1,44288,1696061882.757506
1,44416,1696061882.7800968
1,44544,1696061882.8017051
1,44672,1696061882.8243978
1,44800,1696061882.8452823
1,44928,1696061882.86775
1,45056,1696061882.8894958
1,45184,1696061882.9104934
1,45312,1696061882.9325602
1,45440,1696061882.9548037
1,45568,1696061882.9770365
1,45696,1696061882.9991536
1,45824,1696061883.0212896
1,45952,1696061883.0426733
1,46080,1696061883.0642555
1,46208,1696061883.0859356
1,46336,1696061883.1083794
1,46464,1696061883.131226
1,46592,1696061883.1528192
1,46720,1696061883.1745243
1,46848,1696061883.1963184
1,46976,1696061883.218029
1,47104,1696061883.2407389
1,47232,1696061883.2631412
1,47360,1696061883.2865388
1,47488,1696061883.3084154
1,47616,1696061883.3320632
1,47744,1696061883.3552048
1,47872,1696061883.377361
1,48000,1696061883.398996
1,48128,1696061883.422053
1,48256,1696061883.443987
1,48384,1696061883.465892
1,48512,1696061883.4875858
1,48640,1696061883.5091038
1,48768,1696061883.5315905
1,48896,1696061883.5541084
1,49024,1696061883.5761843
1,49152,1696061883.5992138
1,49280,1696061883.620888
1,49408,1696061883.6422966
1,49536,1696061883.6647656
1,49664,1696061883.687578
1,49792,1696061883.7078536
1,49920,1696061883.7292523
1,50000,1696061883.7560833
2,128,1696061884.079902
2,256,1696061884.1029253
2,384,1696061884.1317065
2,512,1696061884.156268
2,640,1696061884.1856968
2,768,1696061884.2138
2,896,1696061884.2404544
2,1024,1696061884.2679007
2,1152,1696061884.2960103
2,1280,1696061884.3219543
2,1408,1696061884.3495235
2,1536,1696061884.3769903
2,1664,1696061884.4041545
2,1792,1696061884.430232
2,1920,1696061884.458767
2,2048,1696061884.4859755
2,2176,1696061884.5140157
2,2304,1696061884.5398507
2,2432,1696061884.5693393
2,2560,1696061884.5975854
2,2688,1696061884.6240623
2,2816,1696061884.6492004
2,2944,1696061884.6806011
2,3072,1696061884.7070694
2,3200,1696061884.7332954
2,3328,1696061884.7580361
2,3456,1696061884.788455
2,3584,1696061884.8129032
2,3712,1696061884.844874
2,3840,1696061884.869102
2,3968,1696061884.8951993
2,4096,1696061884.923573
2,4224,1696061884.9511585
2,4352,1696061884.97675
2,4480,1696061885.0068445
2,4608,1696061885.034785
2,4736,1696061885.062363
2,4864,1696061885.0865152
2,4992,1696061885.1172462
2,5120,1696061885.1444497
2,5248,1696061885.1693442
2,5376,1696061885.1963794
2,5504,1696061885.2242038
2,5632,1696061885.2523592
2,5760,1696061885.282947
2,5888,1696061885.3089004
2,6016,1696061885.339173
2,6144,1696061885.3670435
2,6272,1696061885.3893526
2,6400,1696061885.420759
2,6528,1696061885.4475555
2,6656,1696061885.4714782
2,6784,1696061885.5021322
2,6912,1696061885.5279047
2,7040,1696061885.5572433
2,7168,1696061885.579479
2,7296,1696061885.615417
2,7424,1696061885.6379397
2,7552,1696061885.665146
2,7680,1696061885.6925373
2,7808,1696061885.7220147
2,7936,1696061885.7474494
2,8064,1696061885.7743177
2,8192,1696061885.8016162
2,8320,1696061885.830317
2,8448,1696061885.858117
2,8576,1696061885.8847919
2,8704,1696061885.9129453
2,8832,1696061885.9400377
2,8960,1696061885.9685688
2,9088,1696061885.9929814
2,9216,1696061886.0208023
2,9344,1696061886.0507088
2,9472,1696061886.077798
2,9600,1696061886.1049712
2,9728,1696061886.1344516
2,9856,1696061886.1631873
2,9984,1696061886.18953
2,10112,1696061886.2151535
2,10240,1696061886.2404883
2,10368,1696061886.270925
2,10496,1696061886.2989001
2,10624,1696061886.3255277
2,10752,1696061886.352109
2,10880,1696061886.3823123
2,11008,1696061886.4085903
2,11136,1696061886.4359012
2,11264,1696061886.4634545
2,11392,1696061886.4938855
2,11520,1696061886.5200846
2,11648,1696061886.545419
2,11776,1696061886.5736527
2,11904,1696061886.604535
2,12032,1696061886.6295304
2,12160,1696061886.6544116
2,12288,1696061886.6862776
2,12416,1696061886.71471
2,12544,1696061886.7438674
2,12672,1696061886.763276
2,12800,1696061886.795925
2,12928,1696061886.8236854
2,13056,1696061886.8490357
2,13184,1696061886.8766246
2,13312,1696061886.90484
2,13440,1696061886.9341767
2,13568,1696061886.962103
2,13696,1696061886.9884536
2,13824,1696061887.0141773
2,13952,1696061887.0416782
2,14080,1696061887.069125
2,14208,1696061887.096609
2,14336,1696061887.1245966
2,14464,1696061887.1515203
2,14592,1696061887.1789255
2,14720,1696061887.205618
2,14848,1696061887.2348228
2,14976,1696061887.26005
2,15104,1696061887.2910044
2,15232,1696061887.3172557
2,15360,1696061887.3436058
2,15488,1696061887.376152
2,15616,1696061887.3964043
2,15744,1696061887.4282508
2,15872,1696061887.455723
2,16000,1696061887.4827182
2,16128,1696061887.5106494
2,16256,1696061887.5379126
2,16384,1696061887.56627
2,16512,1696061887.594082
2,16640,1696061887.6220875
2,16768,1696061887.650318
2,16896,1696061887.677985
2,17024,1696061887.7056289
2,17152,1696061887.7338257
2,17280,1696061887.7608178
2,17408,1696061887.7864754
2,17536,1696061887.8141751
2,17664,1696061887.8423345
2,17792,1696061887.870112
2,17920,1696061887.8967485
2,18048,1696061887.9243226
2,18176,1696061887.9535778
2,18304,1696061887.9793804
2,18432,1696061888.0092962
2,18560,1696061888.0381122
2,18688,1696061888.06334
2,18816,1696061888.0893068
2,18944,1696061888.1163263
2,19072,1696061888.142995
2,19200,1696061888.171157
2,19328,1696061888.198439
2,19456,1696061888.226608
2,19584,1696061888.2570634
2,19712,1696061888.2793326
2,19840,1696061888.310583
2,19968,1696061888.3362362
2,20096,1696061888.3656695
2,20224,1696061888.3913412
2,20352,1696061888.4198818
2,20480,1696061888.4484398
2,20608,1696061888.4758255
2,20736,1696061888.5037642
2,20864,1696061888.5317948
2,20992,1696061888.5600553
2,21120,1696061888.5886211
2,21248,1696061888.6148086
2,21376,1696061888.6424267
2,21504,1696061888.6701183
2,21632,1696061888.6974094
2,21760,1696061888.725385
2,21888,1696061888.7525327
2,22016,1696061888.782174
2,22144,1696061888.807854
2,22272,1696061888.8361983
2,22400,1696061888.866099
2,22528,1696061888.8917434
2,22656,1696061888.91973
2,22784,1696061888.9501536
2,22912,1696061888.9756515
2,23040,1696061889.0042548
2,23168,1696061889.030014
2,23296,1696061889.0569417
2,23424,1696061889.0850601
2,23552,1696061889.1119685
2,23680,1696061889.1416647
2,23808,1696061889.1669025
2,23936,1696061889.194866
2,24064,1696061889.2222772
2,24192,1696061889.2488348
2,24320,1696061889.2768376
2,24448,1696061889.3038049
2,24576,1696061889.3296916
2,24704,1696061889.3563347
2,24832,1696061889.3832698
2,24960,1696061889.4105194
2,25088,1696061889.438202
2,25216,1696061889.4654496
2,25344,1696061889.4929717
2,25472,1696061889.5194683
2,25600,1696061889.5455272
2,25728,1696061889.5721805
2,25856,1696061889.6001854
2,25984,1696061889.6276324
2,26112,1696061889.6548169
2,26240,1696061889.6834178
2,26368,1696061889.7145596
2,26496,1696061889.742837
2,26624,1696061889.765227
2,26752,1696061889.7951481
2,26880,1696061889.8165665
2,27008,1696061889.8467252
2,27136,1696061889.8745015
2,27264,1696061889.9005651
2,27392,1696061889.928184
2,27520,1696061889.9549704
2,27648,1696061889.9840162
2,27776,1696061890.0096815
2,27904,1696061890.0361912
2,28032,1696061890.063911
2,28160,1696061890.0908258
2,28288,1696061890.1185827
2,28416,1696061890.1457021
2,28544,1696061890.1727939
2,28672,1696061890.199363
2,28800,1696061890.226929
2,28928,1696061890.2538052
2,29056,1696061890.2803473
2,29184,1696061890.3086798
2,29312,1696061890.3361607
2,29440,1696061890.3643005
2,29568,1696061890.390163
2,29696,1696061890.4170513
2,29824,1696061890.4451554
2,29952,1696061890.4727414
2,30080,1696061890.4987073
2,30208,1696061890.5259635
2,30336,1696061890.5529687
2,30464,1696061890.5794797
2,30592,1696061890.608495
2,30720,1696061890.639195
2,30848,1696061890.659792
2,30976,1696061890.6905792
2,31104,1696061890.717163
2,31232,1696061890.7429352
2,31360,1696061890.7709117
2,31488,1696061890.7996063
2,31616,1696061890.826686
2,31744,1696061890.8546062
2,31872,1696061890.8819878
2,32000,1696061890.9096525
2,32128,1696061890.9371552
2,32256,1696061890.9646013
2,32384,1696061890.990753
2,32512,1696061891.019435
2,32640,1696061891.0452797
2,32768,1696061891.0732887
2,32896,1696061891.1003938
2,33024,1696061891.1279762
2,33152,1696061891.1551456
2,33280,1696061891.1830187
2,33408,1696061891.2103982
2,33536,1696061891.2378027
2,33664,1696061891.2641697
2,33792,1696061891.2922702
2,33920,1696061891.31809
2,34048,1696061891.345202
2,34176,1696061891.3711808
2,34304,1696061891.3989604
2,34432,1696061891.4267685
2,34560,1696061891.453709
2,34688,1696061891.4802837
2,34816,1696061891.5085075
2,34944,1696061891.5349278
2,35072,1696061891.5665936
2,35200,1696061891.5869346
2,35328,1696061891.6225271
2,35456,1696061891.6431963
2,35584,1696061891.6739886
2,35712,1696061891.7014742
2,35840,1696061891.727212
2,35968,1696061891.7546284
2,36096,1696061891.782635
2,36224,1696061891.8101025
2,36352,1696061891.8374174
2,36480,1696061891.8651516
2,36608,1696061891.8926234
2,36736,1696061891.9203131
2,36864,1696061891.9468038
2,36992,1696061891.9745293
2,37120,1696061892.0032618
2,37248,1696061892.029488
2,37376,1696061892.057831
2,37504,1696061892.0848987
2,37632,1696061892.1124997
2,37760,1696061892.1409054
2,37888,1696061892.1682248
2,38016,1696061892.1968265
2,38144,1696061892.2243075
2,38272,1696061892.251885
2,38400,1696061892.2790945
2,38528,1696061892.3058918
2,38656,1696061892.3334618
2,38784,1696061892.3602242
2,38912,1696061892.3873856
2,39040,1696061892.4149427
2,39168,1696061892.4421935
2,39296,1696061892.4691744
2,39424,1696061892.4966269
2,39552,1696061892.5240207
2,39680,1696061892.5520904
2,39808,1696061892.5771062
2,39936,1696061892.6044002
2,40064,1696061892.6314743
2,40192,1696061892.6586847
2,40320,1696061892.6858823
2,40448,1696061892.71336
2,40576,1696061892.7406566
2,40704,1696061892.7669888
2,40832,1696061892.793915
2,40960,1696061892.8191636
2,41088,1696061892.846913
2,41216,1696061892.874628
2,41344,1696061892.9020667
2,41472,1696061892.929711
2,41600,1696061892.9566116
2,41728,1696061892.9845896
2,41856,1696061893.0115287
2,41984,1696061893.0403247
2,42112,1696061893.0669801
2,42240,1696061893.0935519
2,42368,1696061893.1206934
2,42496,1696061893.1512196
2,42624,1696061893.1782641
2,42752,1696061893.2058604
2,42880,1696061893.232732
2,43008,1696061893.2608476
2,43136,1696061893.2875097
2,43264,1696061893.3148656
2,43392,1696061893.3436959
2,43520,1696061893.370053
2,43648,1696061893.3981204
2,43776,1696061893.4257174
2,43904,1696061893.453399
2,44032,1696061893.4798775
2,44160,1696061893.5064664
2,44288,1696061893.5344048
2,44416,1696061893.5613165
2,44544,1696061893.5883183
2,44672,1696061893.6163588
2,44800,1696061893.6431134
2,44928,1696061893.6708515
2,45056,1696061893.6976748
2,45184,1696061893.7250667
2,45312,1696061893.7496712
2,45440,1696061893.7765017
2,45568,1696061893.8054945
2,45696,1696061893.8327954
2,45824,1696061893.8607564
2,45952,1696061893.886805
2,46080,1696061893.915182
2,46208,1696061893.9415982
2,46336,1696061893.9689596
2,46464,1696061893.9957666
2,46592,1696061894.023655
2,46720,1696061894.0510201
2,46848,1696061894.078344
2,46976,1696061894.1057818
2,47104,1696061894.133237
2,47232,1696061894.1615782
2,47360,1696061894.1889713
2,47488,1696061894.2184203
2,47616,1696061894.2474413
2,47744,1696061894.2744014
2,47872,1696061894.3013713
2,48000,1696061894.3278704
2,48128,1696061894.355735
2,48256,1696061894.3830523
2,48384,1696061894.410948
2,48512,1696061894.4388525
2,48640,1696061894.4668634
2,48768,1696061894.4934332
2,48896,1696061894.5215006
2,49024,1696061894.5474105
2,49152,1696061894.5738337
2,49280,1696061894.601428
2,49408,1696061894.627833
2,49536,1696061894.655661
2,49664,1696061894.6823387
2,49792,1696061894.7106225
2,49920,1696061894.7376337
2,50000,1696061894.7658772
3,128,1696061895.0931356
3,256,1696061895.1129985
3,384,1696061895.1428227
3,512,1696061895.161949
3,640,1696061895.1930757
3,768,1696061895.2205422
3,896,1696061895.2465878
3,1024,1696061895.2738209
3,1152,1696061895.3013632
3,1280,1696061895.329415
3,1408,1696061895.3558056
3,1536,1696061895.3839955
3,1664,1696061895.411343
3,1792,1696061895.4392707
3,1920,1696061895.4664707
3,2048,1696061895.493409
3,2176,1696061895.5211828
3,2304,1696061895.5483665
3,2432,1696061895.5767436
3,2560,1696061895.6042535
3,2688,1696061895.6322725
3,2816,1696061895.6587386
3,2944,1696061895.6861906
3,3072,1696061895.712546
3,3200,1696061895.739807
3,3328,1696061895.7667701
3,3456,1696061895.7944093
3,3584,1696061895.8221974
3,3712,1696061895.8494823
3,3840,1696061895.876546
3,3968,1696061895.90349
3,4096,1696061895.9319468
3,4224,1696061895.9615877
3,4352,1696061895.982018
3,4480,1696061896.0119984
3,4608,1696061896.0403855
3,4736,1696061896.0679913
3,4864,1696061896.095827
3,4992,1696061896.1232595
3,5120,1696061896.1497118
3,5248,1696061896.1779804
3,5376,1696061896.2050555
3,5504,1696061896.2330964
3,5632,1696061896.2598395
3,5760,1696061896.287909
3,5888,1696061896.3159344
3,6016,1696061896.343478
3,6144,1696061896.3714712
3,6272,1696061896.3992763
3,6400,1696061896.4267552
3,6528,1696061896.4546115
3,6656,1696061896.481494
3,6784,1696061896.509028
3,6912,1696061896.536139
3,7040,1696061896.562735
3,7168,1696061896.589442
3,7296,1696061896.6220741
3,7424,1696061896.6424377
3,7552,1696061896.6733468
3,7680,1696061896.7002227
3,7808,1696061896.7270157
3,7936,1696061896.7549067
3,8064,1696061896.7820613
3,8192,1696061896.8100455
3,8320,1696061896.838755
3,8448,1696061896.867098
3,8576,1696061896.8915594
3,8704,1696061896.9195008
3,8832,1696061896.9489172
3,8960,1696061896.9758415
3,9088,1696061897.0026684
3,9216,1696061897.0344043
3,9344,1696061897.0553446
3,9472,1696061897.0831192
3,9600,1696061897.1123276
3,9728,1696061897.140822
3,9856,1696061897.1683414
3,9984,1696061897.19564
3,10112,1696061897.2220943
3,10240,1696061897.2517977
3,10368,1696061897.2798393
3,10496,1696061897.3056645
3,10624,1696061897.3343554
3,10752,1696061897.3602018
3,10880,1696061897.3889215
3,11008,1696061897.4172618
3,11136,1696061897.4446895
3,11264,1696061897.470684
3,11392,1696061897.49858
3,11520,1696061897.5245984
3,11648,1696061897.5518923
3,11776,1696061897.5795174
3,11904,1696061897.6072373
3,12032,1696061897.6348002
3,12160,1696061897.6615522
3,12288,1696061897.688655
3,12416,1696061897.7161748
3,12544,1696061897.7427762
3,12672,1696061897.7705843
3,12800,1696061897.7975044
3,12928,1696061897.8250086
3,13056,1696061897.8517003
3,13184,1696061897.8791587
3,13312,1696061897.906693
3,13440,1696061897.9341397
3,13568,1696061897.9614067
3,13696,1696061897.989304
3,13824,1696061898.0163276
3,13952,1696061898.043946
3,14080,1696061898.0705245
3,14208,1696061898.099474
3,14336,1696061898.1252797
3,14464,1696061898.152181
3,14592,1696061898.181379
3,14720,1696061898.2086694
3,14848,1696061898.23716
3,14976,1696061898.2641377
3,15104,1696061898.292512
3,15232,1696061898.3207822
3,15360,1696061898.3512545
3,15488,1696061898.374215
3,15616,1696061898.404965
3,15744,1696061898.4307406
3,15872,1696061898.4561412
3,16000,1696061898.4848993
3,16128,1696061898.5130768
3,16256,1696061898.5406523
3,16384,1696061898.5668778
3,16512,1696061898.5952945
3,16640,1696061898.6222231
3,16768,1696061898.649895
3,16896,1696061898.6769016
3,17024,1696061898.7038753
3,17152,1696061898.7313643
3,17280,1696061898.759299
3,17408,1696061898.7872815
3,17536,1696061898.8137295
3,17664,1696061898.8409326
3,17792,1696061898.8686996
3,17920,1696061898.8969214
3,18048,1696061898.924598
3,18176,1696061898.948564
3,18304,1696061898.975084
3,18432,1696061899.0045562
3,18560,1696061899.0296164
3,18688,1696061899.0571747
3,18816,1696061899.0844302
3,18944,1696061899.1125822
3,19072,1696061899.139017
3,19200,1696061899.1666727
3,19328,1696061899.193641
3,19456,1696061899.2217112
3,19584,1696061899.2490544
3,19712,1696061899.2770178
3,19840,1696061899.3040082
3,19968,1696061899.3317072
3,20096,1696061899.3597727
3,20224,1696061899.386502
3,20352,1696061899.4140375
3,20480,1696061899.440938
3,20608,1696061899.4683528
3,20736,1696061899.4951043
3,20864,1696061899.5224757
3,20992,1696061899.5491495
3,21120,1696061899.5764425
3,21248,1696061899.6038182
3,21376,1696061899.6311257
3,21504,1696061899.6581147
3,21632,1696061899.6852965
3,21760,1696061899.7124054
3,21888,1696061899.7404451
3,22016,1696061899.7675056
3,22144,1696061899.7955322
3,22272,1696061899.822066
3,22400,1696061899.8492882
3,22528,1696061899.87579
3,22656,1696061899.9037511
3,22784,1696061899.9306667
3,22912,1696061899.9573436
3,23040,1696061899.9847236
3,23168,1696061900.011724
3,23296,1696061900.0393271
3,23424,1696061900.0664554
3,23552,1696061900.0938954
3,23680,1696061900.1213925
3,23808,1696061900.1481566
3,23936,1696061900.1749372
3,24064,1696061900.2018607
3,24192,1696061900.2290504
3,24320,1696061900.2566473
3,24448,1696061900.287793
3,24576,1696061900.3137748
3,24704,1696061900.3409584
3,24832,1696061900.3689198
3,24960,1696061900.3962247
3,25088,1696061900.4241004
3,25216,1696061900.451081
3,25344,1696061900.4770586
3,25472,1696061900.5052483
3,25600,1696061900.5322168
3,25728,1696061900.5600257
3,25856,1696061900.5858798
3,25984,1696061900.6129572
3,26112,1696061900.6395402
3,26240,1696061900.6678345
3,26368,1696061900.6949108
3,26496,1696061900.7224052
3,26624,1696061900.750217
3,26752,1696061900.7782102
3,26880,1696061900.80557
3,27008,1696061900.8333092
3,27136,1696061900.8587136
3,27264,1696061900.8849647
3,27392,1696061900.9128945
3,27520,1696061900.9400604
3,27648,1696061900.966874
3,27776,1696061900.993653
3,27904,1696061901.0201333
3,28032,1696061901.0477138
3,28160,1696061901.0758004
3,28288,1696061901.102772
3,28416,1696061901.1309907
3,28544,1696061901.158481
3,28672,1696061901.187145
3,28800,1696061901.2149792
3,28928,1696061901.2393847
3,29056,1696061901.267878
3,29184,1696061901.2954907
3,29312,1696061901.3219428
3,29440,1696061901.3489816
3,29568,1696061901.376055
3,29696,1696061901.4036505
3,29824,1696061901.43046
3,29952,1696061901.4578555
3,30080,1696061901.4850957
3,30208,1696061901.5122857
3,30336,1696061901.5379903
3,30464,1696061901.5637622
3,30592,1696061901.5929344
3,30720,1696061901.6215725
3,30848,1696061901.6453335
3,30976,1696061901.671412
3,31104,1696061901.7002764
3,31232,1696061901.7276177
3,31360,1696061901.7551775
3,31488,1696061901.7820828
3,31616,1696061901.8108666
3,31744,1696061901.8389025
3,31872,1696061901.8645144
3,32000,1696061901.890884
3,32128,1696061901.9185882
3,32256,1696061901.9457283
3,32384,1696061901.9728603
3,32512,1696061902.0009265
3,32640,1696061902.0268774
3,32768,1696061902.0544598
3,32896,1696061902.0828433
3,33024,1696061902.110191
3,33152,1696061902.1380932
3,33280,1696061902.1652865
3,33408,1696061902.1925063
3,33536,1696061902.220203
3,33664,1696061902.2477913
3,33792,1696061902.2750149
3,33920,1696061902.3022864
3,34048,1696061902.328227
3,34176,1696061902.3571358
3,34304,1696061902.383376
3,34432,1696061902.4099035
3,34560,1696061902.4359636
3,34688,1696061902.464087
3,34816,1696061902.4918542
3,34944,1696061902.5177157
3,35072,1696061902.5438519
3,35200,1696061902.5732892
3,35328,1696061902.600714
3,35456,1696061902.629353
3,35584,1696061902.6567237
3,35712,1696061902.682884
3,35840,1696061902.7109208
3,35968,1696061902.7377794
3,36096,1696061902.7704158
3,36224,1696061902.78988
3,36352,1696061902.82079
3,36480,1696061902.8489888
3,36608,1696061902.8763916
3,36736,1696061902.9035504
3,36864,1696061902.927379
3,36992,1696061902.9577413
3,37120,1696061902.9823039
3,37248,1696061903.0133123
3,37376,1696061903.0373654
3,37504,1696061903.06891
3,37632,1696061903.0925136
3,37760,1696061903.1192715
3,37888,1696061903.1469321
3,38016,1696061903.1762612
3,38144,1696061903.2006903
3,38272,1696061903.232165
3,38400,1696061903.2548249
3,38528,1696061903.2853613
3,38656,1696061903.3106146
3,38784,1696061903.3401258
3,38912,1696061903.3644485
3,39040,1696061903.3965788
3,39168,1696061903.4190443
3,39296,1696061903.4495924
3,39424,1696061903.474057
3,39552,1696061903.5039573
3,39680,1696061903.5283337
3,39808,1696061903.5626745
3,39936,1696061903.5831432
3,40064,1696061903.612653
3,40192,1696061903.6374393
3,40320,1696061903.6668339
3,40448,1696061903.6922035
3,40576,1696061903.7238405
3,40704,1696061903.746322
3,40832,1696061903.776713
3,40960,1696061903.8002548
3,41088,1696061903.8306088
3,41216,1696061903.8557734
3,41344,1696061903.8856435
3,41472,1696061903.909732
3,41600,1696061903.9401288
3,41728,1696061903.9629872
3,41856,1696061903.993688
3,41984,1696061904.01749
3,42112,1696061904.0480466
3,42240,1696061904.0722797
3,42368,1696061904.104059
3,42496,1696061904.126888
3,42624,1696061904.1572728
3,42752,1696061904.1828635
3,42880,1696061904.2128875
3,43008,1696061904.237126
3,43136,1696061904.2675047
3,43264,1696061904.291634
3,43392,1696061904.321605
3,43520,1696061904.3459985
3,43648,1696061904.3775015
3,43776,1696061904.4011714
3,43904,1696061904.4327967
3,44032,1696061904.456169
3,44160,1696061904.4883575
3,44288,1696061904.5110707
3,44416,1696061904.541084
3,44544,1696061904.5663393
3,44672,1696061904.5971487
3,44800,1696061904.6211808
3,44928,1696061904.6527376
3,45056,1696061904.6764052
3,45184,1696061904.7076244
3,45312,1696061904.7314034
3,45440,1696061904.763517
3,45568,1696061904.786935
3,45696,1696061904.8173516
3,45824,1696061904.8416166
3,45952,1696061904.872132
3,46080,1696061904.8967562
3,46208,1696061904.927412
3,46336,1696061904.951783
3,46464,1696061904.982464
3,46592,1696061905.0063446
3,46720,1696061905.0358627
3,46848,1696061905.0602539
3,46976,1696061905.0907533
3,47104,1696061905.1142817
3,47232,1696061905.1453338
3,47360,1696061905.1696544
3,47488,1696061905.2004735
3,47616,1696061905.2256727
3,47744,1696061905.2561703
3,47872,1696061905.2794333
3,48000,1696061905.3091657
3,48128,1696061905.333282
3,48256,1696061905.3642294
3,48384,1696061905.3883507
3,48512,1696061905.4188933
3,48640,1696061905.448607
3,48768,1696061905.4744985
3,48896,1696061905.4984097
3,49024,1696061905.5291305
3,49152,1696061905.5561326
3,49280,1696061905.583848
3,49408,1696061905.6104755
3,49536,1696061905.6379113
3,49664,1696061905.6655693
3,49792,1696061905.6928189
3,49920,1696061905.721187
3,50000,1696061905.7485857
4,128,1696061906.0972407
4,256,1696061906.1190522
4,384,1696061906.1468387
4,512,1696061906.1745694
4,640,1696061906.2022994
4,768,1696061906.2302647
4,896,1696061906.25846
4,1024,1696061906.286033
4,1152,1696061906.3125339
4,1280,1696061906.3407013
4,1408,1696061906.3675308
4,1536,1696061906.3953931
4,1664,1696061906.4220238
4,1792,1696061906.4501302
4,1920,1696061906.4767015
4,2048,1696061906.5040014
4,2176,1696061906.531504
4,2304,1696061906.559161
4,2432,1696061906.5880368
4,2560,1696061906.6141253
4,2688,1696061906.6422977
4,2816,1696061906.6691995
4,2944,1696061906.6956115
4,3072,1696061906.7237768
4,3200,1696061906.7519279
4,3328,1696061906.7793238
4,3456,1696061906.8052475
4,3584,1696061906.8325691
4,3712,1696061906.8603296
4,3840,1696061906.8883893
4,3968,1696061906.9163518
4,4096,1696061906.9442065
4,4224,1696061906.9713573
4,4352,1696061906.998382
4,4480,1696061907.0248687
4,4608,1696061907.0522761
4,4736,1696061907.0810244
4,4864,1696061907.1085234
4,4992,1696061907.1365001
4,5120,1696061907.1637619
4,5248,1696061907.1907127
4,5376,1696061907.2170835
4,5504,1696061907.2443993
4,5632,1696061907.274312
4,5760,1696061907.3015246
4,5888,1696061907.3278859
4,6016,1696061907.3533287
4,6144,1696061907.3826509
4,6272,1696061907.409342
4,6400,1696061907.4357738
4,6528,1696061907.4630847
4,6656,1696061907.4908261
4,6784,1696061907.5179715
4,6912,1696061907.5464606
4,7040,1696061907.5739107
4,7168,1696061907.6027346
4,7296,1696061907.6295872
4,7424,1696061907.6567419
4,7552,1696061907.6827643
4,7680,1696061907.710856
4,7808,1696061907.7415419
4,7936,1696061907.7613766
4,8064,1696061907.7914524
4,8192,1696061907.8213453
4,8320,1696061907.8431494
4,8448,1696061907.8782158
4,8576,1696061907.8973775
4,8704,1696061907.9282162
4,8832,1696061907.9591434
4,8960,1696061907.9791055
4,9088,1696061908.0097704
4,9216,1696061908.0368207
4,9344,1696061908.0638945
4,9472,1696061908.0906634
4,9600,1696061908.118833
4,9728,1696061908.1455145
4,9856,1696061908.1730528
4,9984,1696061908.2005334
4,10112,1696061908.2279465
4,10240,1696061908.255853
4,10368,1696061908.2838526
4,10496,1696061908.3110418
4,10624,1696061908.3399534
4,10752,1696061908.3614774
4,10880,1696061908.3918247
4,11008,1696061908.4196014
4,11136,1696061908.4456246
4,11264,1696061908.4730442
4,11392,1696061908.5007205
4,11520,1696061908.5271676
4,11648,1696061908.5579524
4,11776,1696061908.5782642
4,11904,1696061908.6087804
4,12032,1696061908.6370962
4,12160,1696061908.664022
4,12288,1696061908.6911025
4,12416,1696061908.7173986
4,12544,1696061908.7458725
4,12672,1696061908.7724164
4,12800,1696061908.801126
4,12928,1696061908.8283691
4,13056,1696061908.8568609
4,13184,1696061908.8819022
4,13312,1696061908.9125783
4,13440,1696061908.9424016
4,13568,1696061908.9623
4,13696,1696061908.991109
4,13824,1696061909.0184572
4,13952,1696061909.0454056
4,14080,1696061909.073184
4,14208,1696061909.1003218
4,14336,1696061909.1291683
4,14464,1696061909.1572297
4,14592,1696061909.1823628
4,14720,1696061909.2102833
4,14848,1696061909.2346268
4,14976,1696061909.2622206
4,15104,1696061909.290224
4,15232,1696061909.3176687
4,15360,1696061909.3433127
4,15488,1696061909.3719125
4,15616,1696061909.3973305
4,15744,1696061909.4243486
4,15872,1696061909.453907
4,16000,1696061909.4823477
4,16128,1696061909.5094318
4,16256,1696061909.5373538
4,16384,1696061909.56501
4,16512,1696061909.5927207
4,16640,1696061909.620086
4,16768,1696061909.6470265
4,16896,1696061909.675665
4,17024,1696061909.7010071
4,17152,1696061909.7289891
4,17280,1696061909.7559
4,17408,1696061909.783911
4,17536,1696061909.8123229
4,17664,1696061909.8401077
4,17792,1696061909.868075
4,17920,1696061909.8939164
4,18048,1696061909.9212532
4,18176,1696061909.949188
4,18304,1696061909.9769015
4,18432,1696061910.002127
4,18560,1696061910.0303612
4,18688,1696061910.0579743
4,18816,1696061910.0864396
4,18944,1696061910.1133482
4,19072,1696061910.1407037
4,19200,1696061910.1684566
4,19328,1696061910.1952405
4,19456,1696061910.221107
4,19584,1696061910.248539
4,19712,1696061910.275733
4,19840,1696061910.3032413
4,19968,1696061910.331181
4,20096,1696061910.351452
4,20224,1696061910.3708618
4,20352,1696061910.3908627
4,20480,1696061910.410943
4,20608,1696061910.4319077
4,20736,1696061910.4520657
4,20864,1696061910.4723377
4,20992,1696061910.4926288
4,21120,1696061910.512701
4,21248,1696061910.5328267
4,21376,1696061910.5523033
4,21504,1696061910.5731056
4,21632,1696061910.5942059
4,21760,1696061910.6145933
4,21888,1696061910.6348681
4,22016,1696061910.6552935
4,22144,1696061910.6748989
4,22272,1696061910.6948767
4,22400,1696061910.715146
4,22528,1696061910.7351837
4,22656,1696061910.756187
4,22784,1696061910.7765822
4,22912,1696061910.796509
4,23040,1696061910.8168201
4,23168,1696061910.8367355
4,23296,1696061910.8568668
4,23424,1696061910.876422
4,23552,1696061910.8989804
4,23680,1696061910.918948
4,23808,1696061910.939013
4,23936,1696061910.959512
4,24064,1696061910.9787745
4,24192,1696061910.9989674
4,24320,1696061911.0190701
4,24448,1696061911.0391998
4,24576,1696061911.0604157
4,24704,1696061911.0802937
4,24832,1696061911.1005192
4,24960,1696061911.1206915
4,25088,1696061911.140863
4,25216,1696061911.16111
4,25344,1696061911.1810231
4,25472,1696061911.200647
4,25600,1696061911.2224593
4,25728,1696061911.2426894
4,25856,1696061911.2631047
4,25984,1696061911.2836633
4,26112,1696061911.302854
4,26240,1696061911.3230445
4,26368,1696061911.3431408
4,26496,1696061911.3643475
4,26624,1696061911.3843546
4,26752,1696061911.4044409
4,26880,1696061911.4246092
4,27008,1696061911.4447417
4,27136,1696061911.4645338
4,27264,1696061911.4845772
4,27392,1696061911.5043662
4,27520,1696061911.5264876
4,27648,1696061911.5474424
4,27776,1696061911.5671885
4,27904,1696061911.587817
4,28032,1696061911.6079435
4,28160,1696061911.6273003
4,28288,1696061911.6473289
4,28416,1696061911.6682796
4,28544,1696061911.6886368
4,28672,1696061911.7086039
4,28800,1696061911.7289076
4,28928,1696061911.7488937
4,29056,1696061911.768962
4,29184,1696061911.7886348
4,29312,1696061911.8092957
4,29440,1696061911.8305583
4,29568,1696061911.8508291
4,29696,1696061911.8712783
4,29824,1696061911.8907235
4,29952,1696061911.9108539
4,30080,1696061911.9309769
4,30208,1696061911.951205
4,30336,1696061911.9713883
4,30464,1696061911.9921887
4,30592,1696061912.012433
4,30720,1696061912.0320067
4,30848,1696061912.05265
4,30976,1696061912.0726867
4,31104,1696061912.0925937
4,31232,1696061912.1158328
4,31360,1696061912.1327908
4,31488,1696061912.1530473
4,31616,1696061912.1727896
4,31744,1696061912.1943722
4,31872,1696061912.21496
4,32000,1696061912.2351115
4,32128,1696061912.255431
4,32256,1696061912.2748673
4,32384,1696061912.2949138
4,32512,1696061912.316212
4,32640,1696061912.3363166
4,32768,1696061912.35636
4,32896,1696061912.3766599
4,33024,1696061912.3968532
4,33152,1696061912.416783
4,33280,1696061912.4369066
4,33408,1696061912.4570274
4,33536,1696061912.476519
4,33664,1696061912.5007668
4,33792,1696061912.5187457
4,33920,1696061912.5391822
4,34048,1696061912.5588412
4,34176,1696061912.5796301
4,34304,1696061912.5999053
4,34432,1696061912.6200593
4,34560,1696061912.6403222
4,34688,1696061912.6604567
4,34816,1696061912.6806865
4,34944,1696061912.7007883
4,35072,1696061912.7208545
4,35200,1696061912.740965
4,35328,1696061912.760634
4,35456,1696061912.7820442
4,35584,1696061912.8021991
4,35712,1696061912.8226817
4,35840,1696061912.8431385
4,35968,1696061912.8627865
4,36096,1696061912.882976
4,36224,1696061912.9031594
4,36352,1696061912.9239497
4,36480,1696061912.9446712
4,36608,1696061912.964364
4,36736,1696061912.9845593
4,36864,1696061913.0048258
4,36992,1696061913.02479
4,37120,1696061913.0448847
4,37248,1696061913.064438
4,37376,1696061913.08695
4,37504,1696061913.106251
4,37632,1696061913.1267562
4,37760,1696061913.1471386
4,37888,1696061913.1667798
4,38016,1696061913.186838
4,38144,1696061913.2083755
4,38272,1696061913.2285442
4,38400,1696061913.2488031
4,38528,1696061913.2689185
4,38656,1696061913.2887187
4,38784,1696061913.308545
4,38912,1696061913.3292916
4,39040,1696061913.3500059
4,39168,1696061913.370817
4,39296,1696061913.3911273
4,39424,1696061913.4116666
4,39552,1696061913.431019
4,39680,1696061913.4509923
4,39808,1696061913.4721951
4,39936,1696061913.4923291
4,40064,1696061913.5126264
4,40192,1696061913.5327892
4,40320,1696061913.5528197
4,40448,1696061913.572611
4,40576,1696061913.5924196
4,40704,1696061913.6169136
4,40832,1696061913.6355824
4,40960,1696061913.655114
4,41088,1696061913.6751735
4,41216,1696061913.6952076
4,41344,1696061913.71626
4,41472,1696061913.7362409
4,41600,1696061913.7566955
4,41728,1696061913.776605
4,41856,1696061913.7969003
4,41984,1696061913.8167927
4,42112,1696061913.8366413
4,42240,1696061913.8564727
4,42368,1696061913.8790815
4,42496,1696061913.8982067
4,42624,1696061913.9188197
4,42752,1696061913.9385498
4,42880,1696061913.959381
4,43008,1696061913.978996
4,43136,1696061913.9990046
4,43264,1696061914.019322
4,43392,1696061914.0400214
4,43520,1696061914.0603755
4,43648,1696061914.080516
4,43776,1696061914.1008122
4,43904,1696061914.1205287
4,44032,1696061914.1403348
4,44160,1696061914.1611211
4,44288,1696061914.182034
4,44416,1696061914.202393
4,44544,1696061914.2224011
4,44672,1696061914.2433267
4,44800,1696061914.2628214
4,44928,1696061914.2828107
4,45056,1696061914.303028
4,45184,1696061914.3232176
4,45312,1696061914.347405
4,45440,1696061914.367657
4,45568,1696061914.3878732
4,45696,1696061914.408247
4,45824,1696061914.4277172
4,45952,1696061914.4483845
4,46080,1696061914.4673545
4,46208,1696061914.4880311
4,46336,1696061914.511108
4,46464,1696061914.5308065
4,46592,1696061914.550795
4,46720,1696061914.5711555
4,46848,1696061914.59175
4,46976,1696061914.6112926
4,47104,1696061914.6321268
4,47232,1696061914.6515648
4,47360,1696061914.6724164
4,47488,1696061914.691391
4,47616,1696061914.7122743
4,47744,1696061914.7319875
4,47872,1696061914.7571962
4,48000,1696061914.78002
4,48128,1696061914.801071
4,48256,1696061914.8200154
4,48384,1696061914.8408263
4,48512,1696061914.8635883
4,48640,1696061914.885018
4,48768,1696061914.9036942
4,48896,1696061914.9247353
4,49024,1696061914.9444506
4,49152,1696061914.96421
4,49280,1696061914.984194
4,49408,1696061915.0041792
4,49536,1696061915.024183
4,49664,1696061915.0441997
4,49792,1696061915.0641944
4,49920,1696061915.0842042
4,50000,1696061915.104394
5,128,1696061915.4478161
5,256,1696061915.4638925
5,384,1696061915.485127
5,512,1696061915.5031364
5,640,1696061915.525329
5,768,1696061915.5438693
5,896,1696061915.56439
5,1024,1696061915.5837715
5,1152,1696061915.6041474
5,1280,1696061915.624369
5,1408,1696061915.6445491
5,1536,1696061915.6648014
5,1664,1696061915.6847785
5,1792,1696061915.705038
5,1920,1696061915.724978
5,2048,1696061915.7429118
5,2176,1696061915.763128
5,2304,1696061915.7831843
5,2432,1696061915.8053207
5,2560,1696061915.8249953
5,2688,1696061915.8461392
5,2816,1696061915.8661575
5,2944,1696061915.8864625
5,3072,1696061915.9080446
5,3200,1696061915.9267511
5,3328,1696061915.9479892
5,3456,1696061915.9717834
5,3584,1696061915.991558
5,3712,1696061916.0116138
5,3840,1696061916.031831
5,3968,1696061916.0520535
5,4096,1696061916.0731578
5,4224,1696061916.0948906
5,4352,1696061916.1150622
5,4480,1696061916.1354845
5,4608,1696061916.15589
5,4736,1696061916.175634
5,4864,1696061916.1962197
5,4992,1696061916.2102828
5,5120,1696061916.2365725
5,5248,1696061916.255911
5,5376,1696061916.2764142
5,5504,1696061916.294061
5,5632,1696061916.3146932
5,5760,1696061916.335621
5,5888,1696061916.3551621
5,6016,1696061916.3751554
5,6144,1696061916.3953052
5,6272,1696061916.415529
5,6400,1696061916.4363606
5,6528,1696061916.4567435
5,6656,1696061916.4767463
5,6784,1696061916.4967492
5,6912,1696061916.5154934
5,7040,1696061916.5367095
5,7168,1696061916.5568578
5,7296,1696061916.5766482
5,7424,1696061916.5966437
5,7552,1696061916.616531
5,7680,1696061916.6361773
5,7808,1696061916.6587691
5,7936,1696061916.676261
5,8064,1696061916.6969204
5,8192,1696061916.7168503
5,8320,1696061916.7361236
5,8448,1696061916.7562811
5,8576,1696061916.7784457
5,8704,1696061916.796206
5,8832,1696061916.8170567
5,8960,1696061916.8358805
5,9088,1696061916.858933
5,9216,1696061916.8776383
5,9344,1696061916.897093
5,9472,1696061916.9180799
5,9600,1696061916.940147
5,9728,1696061916.9604402
5,9856,1696061916.9802198
5,9984,1696061917.0000541
5,10112,1696061917.020046
5,10240,1696061917.0404346
5,10368,1696061917.0554488
5,10496,1696061917.0798247
5,10624,1696061917.0998516
5,10752,1696061917.1189706
5,10880,1696061917.1405685
5,11008,1696061917.1634653
5,11136,1696061917.1833634
5,11264,1696061917.2033582
5,11392,1696061917.22345
5,11520,1696061917.2439585
5,11648,1696061917.2657301
5,11776,1696061917.2855198
5,11904,1696061917.302436
5,12032,1696061917.3227048
5,12160,1696061917.3430717
5,12288,1696061917.362882
5,12416,1696061917.3829496
5,12544,1696061917.4031024
5,12672,1696061917.4232478
5,12800,1696061917.442705
5,12928,1696061917.4664252
5,13056,1696061917.4861422
5,13184,1696061917.506572
5,13312,1696061917.5284848
5,13440,1696061917.5479429
5,13568,1696061917.567769
5,13696,1696061917.5880976
5,13824,1696061917.609234
5,13952,1696061917.6309648
5,14080,1696061917.650804
5,14208,1696061917.6697242
5,14336,1696061917.689488
5,14464,1696061917.7112255
5,14592,1696061917.731799
5,14720,1696061917.7517436
5,14848,1696061917.7723055
5,14976,1696061917.7911985
5,15104,1696061917.812232
5,15232,1696061917.835217
5,15360,1696061917.8553734
5,15488,1696061917.8750074
5,15616,1696061917.8946226
5,15744,1696061917.9141867
5,15872,1696061917.9377122
5,16000,1696061917.959051
5,16128,1696061917.9786062
5,16256,1696061917.998646
5,16384,1696061918.0188804
5,16512,1696061918.03937
5,16640,1696061918.0590897
5,16768,1696061918.0794768
5,16896,1696061918.1001537
5,17024,1696061918.1194513
5,17152,1696061918.1398103
5,17280,1696061918.1593797
5,17408,1696061918.1801841
5,17536,1696061918.1998665
5,17664,1696061918.2223947
5,17792,1696061918.2428353
5,17920,1696061918.2635581
5,18048,1696061918.2832184
5,18176,1696061918.3033378
5,18304,1696061918.3235874
5,18432,1696061918.3442564
5,18560,1696061918.3635817
5,18688,1696061918.3841348
5,18816,1696061918.4038925
5,18944,1696061918.4258587
5,19072,1696061918.4472551
5,19200,1696061918.4667516
5,19328,1696061918.4867592
5,19456,1696061918.5057843
5,19584,1696061918.5255203
5,19712,1696061918.5475736
5,19840,1696061918.5659626
5,19968,1696061918.5858853
5,20096,1696061918.6081548
5,20224,1696061918.6274345
5,20352,1696061918.6483216
5,20480,1696061918.6713827
5,20608,1696061918.6909244
5,20736,1696061918.7100315
5,20864,1696061918.7286062
5,20992,1696061918.749406
5,21120,1696061918.7670202
5,21248,1696061918.7875504
5,21376,1696061918.8075457
5,21504,1696061918.828528
5,21632,1696061918.848439
5,21760,1696061918.8687742
5,21888,1696061918.8885493
5,22016,1696061918.9083192
5,22144,1696061918.929113
5,22272,1696061918.9501672
5,22400,1696061918.9705803
5,22528,1696061918.9909806
5,22656,1696061919.0112882
5,22784,1696061919.0303497
5,22912,1696061919.0501614
5,23040,1696061919.0705504
5,23168,1696061919.09097
5,23296,1696061919.1110473
5,23424,1696061919.131141
5,23552,1696061919.1514194
5,23680,1696061919.1723924
5,23808,1696061919.1924088
5,23936,1696061919.212679
5,24064,1696061919.2328823
5,24192,1696061919.2528956
5,24320,1696061919.2724433
5,24448,1696061919.2932544
5,24576,1696061919.3142896
5,24704,1696061919.3345447
5,24832,1696061919.3550243
5,24960,1696061919.3747067
5,25088,1696061919.395636
5,25216,1696061919.4150207
5,25344,1696061919.435223
5,25472,1696061919.4553916
5,25600,1696061919.4755301
5,25728,1696061919.4963634
5,25856,1696061919.516586
5,25984,1696061919.5367098
5,26112,1696061919.555446
5,26240,1696061919.5794606
5,26368,1696061919.6004949
5,26496,1696061919.6177156
5,26624,1696061919.637848
5,26752,1696061919.6589406
5,26880,1696061919.678955
5,27008,1696061919.6996124
5,27136,1696061919.719703
5,27264,1696061919.7391784
5,27392,1696061919.7593307
5,27520,1696061919.7794518
5,27648,1696061919.80037
5,27776,1696061919.8195713
5,27904,1696061919.841343
5,28032,1696061919.8620653
5,28160,1696061919.8821397
5,28288,1696061919.9024577
5,28416,1696061919.9228077
5,28544,1696061919.943188
5,28672,1696061919.9637246
5,28800,1696061919.9830735
5,28928,1696061920.0041203
5,29056,1696061920.0243087
5,29184,1696061920.0444121
5,29312,1696061920.0637684
5,29440,1696061920.0845237
5,29568,1696061920.1047604
5,29696,1696061920.1250415
5,29824,1696061920.144904
5,29952,1696061920.164767
5,30080,1696061920.184632
5,30208,1696061920.2053635
5,30336,1696061920.2267487
5,30464,1696061920.24627
5,30592,1696061920.27049
5,30720,1696061920.290745
5,30848,1696061920.310833
5,30976,1696061920.3313468
5,31104,1696061920.3514156
5,31232,1696061920.371875
