epoch,trained_sample,time
1,0,1696058379.6826177
1,16,1696058380.8710976
1,32,1696058380.883627
1,48,1696058380.8967097
1,64,1696058380.9090445
1,80,1696058380.9208128
1,96,1696058380.9324663
1,112,1696058380.9452448
1,128,1696058380.9568899
1,144,1696058380.969989
1,160,1696058380.9823184
1,176,1696058380.9941907
1,192,1696058381.0067973
1,208,1696058381.0191145
1,224,1696058381.0318086
1,240,1696058381.0442684
1,256,1696058381.0562408
1,272,1696058381.0678086
1,288,1696058381.0804234
1,304,1696058381.0924873
1,320,1696058381.1035028
1,336,1696058381.117038
1,352,1696058381.1292355
1,368,1696058381.1420438
1,384,1696058381.153681
1,400,1696058381.1662166
1,416,1696058381.17955
1,432,1696058381.1915834
1,448,1696058381.2046673
1,464,1696058381.217103
1,480,1696058381.22821
1,496,1696058381.2412364
1,512,1696058381.2549775
1,528,1696058381.267073
1,544,1696058381.2803376
1,560,1696058381.2962532
1,576,1696058381.3803964
1,592,1696058381.398996
1,608,1696058381.418276
1,624,1696058381.4382715
1,640,1696058381.4579778
1,656,1696058381.4781501
1,672,1696058381.4977753
1,688,1696058381.518403
1,704,1696058381.537293
1,720,1696058381.5552306
1,736,1696058381.5706403
1,752,1696058381.5830333
1,768,1696058381.5958905
1,784,1696058381.6072865
1,800,1696058381.6202893
1,816,1696058381.633097
1,832,1696058381.6448662
1,848,1696058381.6600244
1,864,1696058381.673647
1,880,1696058381.686774
1,896,1696058381.6988237
1,912,1696058381.7110133
1,928,1696058381.72402
1,944,1696058381.7355845
1,960,1696058381.7470953
1,976,1696058381.760091
1,992,1696058381.7725973
1,1008,1696058381.7848074
1,1024,1696058381.8254313
1,1040,1696058381.8394883
1,1056,1696058381.8520799
1,1072,1696058381.8694804
1,1088,1696058381.924827
1,1104,1696058381.936589
1,1120,1696058381.9495513
1,1136,1696058382.0046186
1,1152,1696058382.0175533
1,1168,1696058382.0310986
1,1184,1696058382.0446014
1,1200,1696058382.0569084
1,1216,1696058382.068358
1,1232,1696058382.0807972
1,1248,1696058382.0939085
1,1264,1696058382.1057591
1,1280,1696058382.1178105
1,1296,1696058382.1311686
1,1312,1696058382.1431088
1,1328,1696058382.1559005
1,1344,1696058382.1683762
1,1360,1696058382.180196
1,1376,1696058382.1917667
1,1392,1696058382.2048583
1,1408,1696058382.217369
1,1424,1696058382.229023
1,1440,1696058382.242029
1,1456,1696058382.2542727
1,1472,1696058382.2663305
1,1488,1696058382.2793803
1,1504,1696058382.2904418
1,1520,1696058382.3029466
1,1536,1696058382.3158236
1,1552,1696058382.3275852
1,1568,1696058382.339986
1,1584,1696058382.351768
1,1600,1696058382.3672578
1,1616,1696058382.3829446
1,1632,1696058382.39658
1,1648,1696058382.4101489
1,1664,1696058382.4242606
1,1680,1696058382.4384532
1,1696,1696058382.4526346
1,1712,1696058382.4676971
1,1728,1696058382.4795103
1,1744,1696058382.4924808
1,1760,1696058382.5046933
1,1776,1696058382.51631
1,1792,1696058382.529469
1,1808,1696058382.541116
1,1824,1696058382.5568004
1,1840,1696058382.5689626
1,1856,1696058382.5829463
1,1872,1696058382.5952992
1,1888,1696058382.6077619
1,1904,1696058382.6198409
1,1920,1696058382.6329963
1,1936,1696058382.6454542
1,1952,1696058382.657154
1,1968,1696058382.6702619
1,1984,1696058382.682378
1,2000,1696058382.6942697
1,2016,1696058382.7069707
1,2032,1696058382.7190473
1,2048,1696058382.7313998
1,2064,1696058382.7438688
1,2080,1696058382.755856
1,2096,1696058382.7690363
1,2112,1696058382.7827513
1,2128,1696058382.7948136
1,2144,1696058382.8073988
1,2160,1696058382.8196273
1,2176,1696058382.832661
1,2192,1696058382.845087
1,2208,1696058382.8566399
1,2224,1696058382.8697193
1,2240,1696058382.8818886
1,2256,1696058382.8935392
1,2272,1696058382.9055882
1,2288,1696058382.9179513
1,2304,1696058382.9308858
1,2320,1696058382.9449692
1,2336,1696058382.9578383
1,2352,1696058382.97156
1,2368,1696058382.9834824
1,2384,1696058382.996403
1,2400,1696058383.0085495
1,2416,1696058383.0223582
1,2432,1696058383.0355024
1,2448,1696058383.0478275
1,2464,1696058383.0609472
1,2480,1696058383.0731602
1,2496,1696058383.084969
1,2512,1696058383.0983388
1,2528,1696058383.1104057
1,2544,1696058383.1225219
1,2560,1696058383.1357
1,2576,1696058383.147333
1,2592,1696058383.1600506
1,2608,1696058383.172698
1,2624,1696058383.1841228
1,2640,1696058383.1968317
1,2656,1696058383.2088313
1,2672,1696058383.2206275
1,2688,1696058383.233713
1,2704,1696058383.246211
1,2720,1696058383.2583146
1,2736,1696058383.2715695
1,2752,1696058383.2835176
1,2768,1696058383.2966075
1,2784,1696058383.3085322
1,2800,1696058383.319885
1,2816,1696058383.3328648
1,2832,1696058383.3471842
1,2848,1696058383.3596072
1,2864,1696058383.3721406
1,2880,1696058383.3835225
1,2896,1696058383.3969598
1,2912,1696058383.4091673
1,2928,1696058383.4215646
1,2944,1696058383.4354024
1,2960,1696058383.4464693
1,2976,1696058383.4589126
1,2992,1696058383.472281
1,3008,1696058383.4841208
1,3024,1696058383.4973345
1,3040,1696058383.5089617
1,3056,1696058383.5222032
1,3072,1696058383.534444
1,3088,1696058383.5460687
1,3104,1696058383.559623
1,3120,1696058383.5707824
1,3136,1696058383.5841315
1,3152,1696058383.597235
1,3168,1696058383.6082234
1,3184,1696058383.6215377
1,3200,1696058383.6334033
1,3216,1696058383.6464853
1,3232,1696058383.6584222
1,3248,1696058383.6702795
1,3264,1696058383.6833162
1,3280,1696058383.6955616
1,3296,1696058383.7085748
1,3312,1696058383.721038
1,3328,1696058383.7325048
1,3344,1696058383.7449527
1,3360,1696058383.7577887
1,3376,1696058383.7706902
1,3392,1696058383.7836335
1,3408,1696058383.7966907
1,3424,1696058383.8090174
1,3440,1696058383.8204875
1,3456,1696058383.8331656
1,3472,1696058383.8454916
1,3488,1696058383.8566353
1,3504,1696058383.8703833
1,3520,1696058383.8849456
1,3536,1696058383.8964694
1,3552,1696058383.9089878
1,3568,1696058383.9224813
1,3584,1696058383.934537
1,3600,1696058383.9465597
1,3616,1696058383.9593296
1,3632,1696058383.9715977
1,3648,1696058383.9847934
1,3664,1696058383.9972048
1,3680,1696058384.0086648
1,3696,1696058384.0203602
1,3712,1696058384.0326037
1,3728,1696058384.0455964
1,3744,1696058384.0568364
1,3760,1696058384.0682464
1,3776,1696058384.0833578
1,3792,1696058384.09557
1,3808,1696058384.1074626
1,3824,1696058384.1227543
1,3840,1696058384.1366022
1,3856,1696058384.149694
1,3872,1696058384.163665
1,3888,1696058384.1748528
1,3904,1696058384.1859367
1,3920,1696058384.199074
1,3936,1696058384.2128289
1,3952,1696058384.2289705
1,3968,1696058384.2446492
1,3984,1696058384.2573044
1,4000,1696058384.2687657
1,4016,1696058384.283922
1,4032,1696058384.2958088
1,4048,1696058384.3091576
1,4064,1696058384.3249054
1,4080,1696058384.34255
1,4096,1696058384.3625093
1,4112,1696058384.3822017
1,4128,1696058384.4019492
1,4144,1696058384.422025
1,4160,1696058384.4418006
1,4176,1696058384.4555721
1,4192,1696058384.4683204
1,4208,1696058384.4820895
1,4224,1696058384.4936578
1,4240,1696058384.5059297
1,4256,1696058384.5189826
1,4272,1696058384.530307
1,4288,1696058384.5431676
1,4304,1696058384.5564063
1,4320,1696058384.5678415
1,4336,1696058384.579343
1,4352,1696058384.5923164
1,4368,1696058384.604902
1,4384,1696058384.6159465
1,4400,1696058384.633338
1,4416,1696058384.646433
1,4432,1696058384.6584454
1,4448,1696058384.6697223
1,4464,1696058384.6829329
1,4480,1696058384.6950965
1,4496,1696058384.7083716
1,4512,1696058384.7214158
1,4528,1696058384.7358086
1,4544,1696058384.7490091
1,4560,1696058384.7614539
1,4576,1696058384.773118
1,4592,1696058384.7861073
1,4608,1696058384.7981226
1,4624,1696058384.811377
1,4640,1696058384.8232067
1,4656,1696058384.835673
1,4672,1696058384.8474858
1,4688,1696058384.861867
1,4704,1696058384.8749225
1,4720,1696058384.8880196
1,4736,1696058384.899494
1,4752,1696058384.9124894
1,4768,1696058384.9249835
1,4784,1696058384.9364226
1,4800,1696058384.9531052
1,4816,1696058384.9664
1,4832,1696058384.9783382
1,4848,1696058384.9899082
1,4864,1696058385.0034704
1,4880,1696058385.015153
1,4896,1696058385.0266063
1,4912,1696058385.0394182
1,4928,1696058385.0523334
1,4944,1696058385.0642858
1,4960,1696058385.0772495
1,4976,1696058385.0883524
1,4992,1696058385.0995347
1,5008,1696058385.1147554
1,5024,1696058385.1259265
1,5040,1696058385.1389701
1,5056,1696058385.1527417
1,5072,1696058385.1641705
1,5088,1696058385.1774774
1,5104,1696058385.1915622
1,5120,1696058385.2029698
1,5136,1696058385.215401
1,5152,1696058385.2282648
1,5168,1696058385.2396135
1,5184,1696058385.2549756
1,5200,1696058385.2676399
1,5216,1696058385.2797353
1,5232,1696058385.2920475
1,5248,1696058385.3039503
1,5264,1696058385.3192635
1,5280,1696058385.3371644
1,5296,1696058385.3552318
1,5312,1696058385.3760004
1,5328,1696058385.3889165
1,5344,1696058385.402734
1,5360,1696058385.4186091
1,5376,1696058385.4332376
1,5392,1696058385.450662
1,5408,1696058385.465052
1,5424,1696058385.4815536
1,5440,1696058385.4970517
1,5456,1696058385.5099738
1,5472,1696058385.5230284
1,5488,1696058385.5378752
1,5504,1696058385.5503497
1,5520,1696058385.5630867
1,5536,1696058385.5758896
1,5552,1696058385.5903723
1,5568,1696058385.6036093
1,5584,1696058385.6159778
1,5600,1696058385.6293333
1,5616,1696058385.642575
1,5632,1696058385.6554122
1,5648,1696058385.6690552
1,5664,1696058385.682451
1,5680,1696058385.6952922
1,5696,1696058385.7090173
1,5712,1696058385.723334
1,5728,1696058385.737139
1,5744,1696058385.7500029
1,5760,1696058385.7627077
1,5776,1696058385.777941
1,5792,1696058385.7897131
1,5808,1696058385.8028266
1,5824,1696058385.8151705
1,5840,1696058385.8271184
1,5856,1696058385.8397706
1,5872,1696058385.8581376
1,5888,1696058385.8771832
1,5904,1696058385.8913302
1,5920,1696058385.9042342
1,5936,1696058385.9232147
1,5952,1696058385.9423535
1,5968,1696058385.9560146
1,5984,1696058385.9727614
1,6000,1696058385.9920516
1,6016,1696058386.009408
1,6032,1696058386.0210009
1,6048,1696058386.0342531
1,6064,1696058386.0545611
1,6080,1696058386.0727348
1,6096,1696058386.0849364
1,6112,1696058386.098832
1,6128,1696058386.1191998
1,6144,1696058386.1358445
1,6160,1696058386.148231
1,6176,1696058386.1593652
1,6192,1696058386.1792812
1,6208,1696058386.2000883
1,6224,1696058386.2170815
1,6240,1696058386.2311416
1,6256,1696058386.2458725
1,6272,1696058386.2607794
1,6288,1696058386.2777662
1,6304,1696058386.2936614
1,6320,1696058386.312567
1,6336,1696058386.3291972
1,6352,1696058386.3424437
1,6368,1696058386.3546212
1,6384,1696058386.3688385
1,6400,1696058386.3828914
1,6416,1696058386.395399
1,6432,1696058386.4083967
1,6448,1696058386.4287698
1,6464,1696058386.448694
1,6480,1696058386.4622376
1,6496,1696058386.479646
1,6512,1696058386.4977632
1,6528,1696058386.5180762
1,6544,1696058386.5319374
1,6560,1696058386.5435693
1,6576,1696058386.5626352
1,6592,1696058386.5833962
1,6608,1696058386.5968096
1,6624,1696058386.6087804
1,6640,1696058386.6211443
1,6656,1696058386.6364477
1,6672,1696058386.6481922
1,6688,1696058386.659946
1,6704,1696058386.6791527
1,6720,1696058386.698688
1,6736,1696058386.712008
1,6752,1696058386.724247
1,6768,1696058386.7390528
1,6784,1696058386.7519436
1,6800,1696058386.7639246
1,6816,1696058386.7756128
1,6832,1696058386.7926617
1,6848,1696058386.809483
1,6864,1696058386.8211045
1,6880,1696058386.8342779
1,6896,1696058386.8505592
1,6912,1696058386.8653934
1,6928,1696058386.8765569
1,6944,1696058386.8943393
1,6960,1696058386.9075208
1,6976,1696058386.921636
1,6992,1696058386.9328215
1,7008,1696058386.9449742
1,7024,1696058386.9645166
1,7040,1696058386.9824815
1,7056,1696058386.9963448
1,7072,1696058387.0082169
1,7088,1696058387.0242057
1,7104,1696058387.0378528
1,7120,1696058387.051695
1,7136,1696058387.0663095
1,7152,1696058387.0782766
1,7168,1696058387.0921335
1,7184,1696058387.1043935
1,7200,1696058387.116147
1,7216,1696058387.1294107
1,7232,1696058387.141485
1,7248,1696058387.1546726
1,7264,1696058387.16695
1,7280,1696058387.179049
1,7296,1696058387.192208
1,7312,1696058387.204534
1,7328,1696058387.216066
1,7344,1696058387.2293508
1,7360,1696058387.2414243
1,7376,1696058387.254716
1,7392,1696058387.2665427
1,7408,1696058387.2786708
1,7424,1696058387.2925134
1,7440,1696058387.3043172
1,7456,1696058387.316014
1,7472,1696058387.3298032
1,7488,1696058387.3423667
1,7504,1696058387.354903
1,7520,1696058387.3684726
1,7536,1696058387.380713
1,7552,1696058387.3944426
1,7568,1696058387.4092805
1,7584,1696058387.4215028
1,7600,1696058387.4361682
1,7616,1696058387.4479833
1,7632,1696058387.4613442
1,7648,1696058387.4750874
1,7664,1696058387.4876518
1,7680,1696058387.5047414
1,7696,1696058387.5219793
1,7712,1696058387.5400624
1,7728,1696058387.5587664
1,7744,1696058387.576935
1,7760,1696058387.5924597
1,7776,1696058387.605819
1,7792,1696058387.6181135
1,7808,1696058387.6313653
1,7824,1696058387.6435719
1,7840,1696058387.6570184
1,7856,1696058387.669478
1,7872,1696058387.6813817
1,7888,1696058387.6966841
1,7904,1696058387.7092524
1,7920,1696058387.7227015
1,7936,1696058387.7349932
1,7952,1696058387.747496
1,7968,1696058387.7602546
1,7984,1696058387.7725453
1,8000,1696058387.784557
1,8016,1696058387.7973018
1,8032,1696058387.8115852
1,8048,1696058387.82387
1,8064,1696058387.8363116
1,8080,1696058387.8498878
1,8096,1696058387.8621752
1,8112,1696058387.8762128
1,8128,1696058387.8882363
1,8144,1696058387.9019282
1,8160,1696058387.914337
1,8176,1696058387.9281254
1,8192,1696058387.9451375
1,8208,1696058387.9581473
1,8224,1696058387.9714062
1,8240,1696058387.9848511
1,8256,1696058387.99659
1,8272,1696058388.0099387
1,8288,1696058388.022096
1,8304,1696058388.0358424
1,8320,1696058388.047369
1,8336,1696058388.061465
1,8352,1696058388.0741796
1,8368,1696058388.0866733
1,8384,1696058388.1007435
1,8400,1696058388.112784
1,8416,1696058388.1248417
1,8432,1696058388.1394708
1,8448,1696058388.1521635
1,8464,1696058388.1644719
1,8480,1696058388.1781409
1,8496,1696058388.1905851
1,8512,1696058388.2043073
1,8528,1696058388.2163754
1,8544,1696058388.2301643
1,8560,1696058388.2435164
1,8576,1696058388.256601
1,8592,1696058388.2687984
1,8608,1696058388.2807264
1,8624,1696058388.295198
1,8640,1696058388.308218
1,8656,1696058388.323956
1,8672,1696058388.336953
1,8688,1696058388.350633
1,8704,1696058388.3630693
1,8720,1696058388.3755822
1,8736,1696058388.3888776
1,8752,1696058388.401137
1,8768,1696058388.4151409
1,8784,1696058388.4277163
1,8800,1696058388.4421017
1,8816,1696058388.4545028
1,8832,1696058388.4663107
1,8848,1696058388.4791977
1,8864,1696058388.4931586
1,8880,1696058388.5050313
1,8896,1696058388.519604
1,8912,1696058388.5314252
1,8928,1696058388.5440729
1,8944,1696058388.5578349
1,8960,1696058388.5717788
1,8976,1696058388.5862093
1,8992,1696058388.59799
1,9008,1696058388.6111937
1,9024,1696058388.6239321
1,9040,1696058388.6379807
1,9056,1696058388.6508925
1,9072,1696058388.6639173
1,9088,1696058388.6762178
1,9104,1696058388.690152
1,9120,1696058388.7031465
1,9136,1696058388.7150373
1,9152,1696058388.7275512
1,9168,1696058388.7417524
1,9184,1696058388.7547066
1,9200,1696058388.768086
1,9216,1696058388.7800035
1,9232,1696058388.793795
1,9248,1696058388.805801
1,9264,1696058388.819033
1,9280,1696058388.8314822
1,9296,1696058388.845825
1,9312,1696058388.858715
1,9328,1696058388.8711164
1,9344,1696058388.8838828
1,9360,1696058388.897166
1,9376,1696058388.9111245
1,9392,1696058388.9225976
1,9408,1696058388.9347005
1,9424,1696058388.948856
1,9440,1696058388.9611177
1,9456,1696058388.9738498
1,9472,1696058388.9859078
1,9488,1696058389.0002103
1,9504,1696058389.012142
1,9520,1696058389.0242558
1,9536,1696058389.0369594
1,9552,1696058389.0529935
1,9568,1696058389.065402
1,9584,1696058389.0769603
1,9600,1696058389.0887613
1,9616,1696058389.1030304
1,9632,1696058389.116984
1,9648,1696058389.130677
1,9664,1696058389.1444492
1,9680,1696058389.1619463
1,9696,1696058389.1760845
1,9712,1696058389.1874926
1,9728,1696058389.200467
1,9744,1696058389.2142515
1,9760,1696058389.2260127
1,9776,1696058389.238742
1,9792,1696058389.250451
1,9808,1696058389.266495
1,9824,1696058389.2799509
1,9840,1696058389.2923691
1,9856,1696058389.3046494
1,9872,1696058389.3183258
1,9888,1696058389.3323624
1,9904,1696058389.3442905
1,9920,1696058389.3562887
1,9936,1696058389.372593
1,9952,1696058389.384008
1,9968,1696058389.396675
1,9984,1696058389.4098158
1,10000,1696058389.425604
1,10016,1696058389.4379957
1,10032,1696058389.450659
1,10048,1696058389.4624944
1,10064,1696058389.4772787
1,10080,1696058389.4905062
1,10096,1696058389.5059683
1,10112,1696058389.519226
1,10128,1696058389.5343463
1,10144,1696058389.5487561
1,10160,1696058389.5600212
1,10176,1696058389.5725417
1,10192,1696058389.5861979
1,10208,1696058389.5998955
1,10224,1696058389.6116812
1,10240,1696058389.6244013
1,10256,1696058389.6381612
1,10272,1696058389.6498919
1,10288,1696058389.6623015
1,10304,1696058389.6742964
1,10320,1696058389.6889338
1,10336,1696058389.7103953
1,10352,1696058389.7287173
1,10368,1696058389.7479756
1,10384,1696058389.7678664
1,10400,1696058389.7816143
1,10416,1696058389.7939706
1,10432,1696058389.8069034
1,10448,1696058389.8203402
1,10464,1696058389.832262
1,10480,1696058389.8447783
1,10496,1696058389.8562477
1,10512,1696058389.8709345
1,10528,1696058389.8891442
1,10544,1696058389.901661
1,10560,1696058389.9141
1,10576,1696058389.9290416
1,10592,1696058389.9423788
1,10608,1696058389.9555745
1,10624,1696058389.96829
1,10640,1696058389.9830353
1,10656,1696058389.997674
1,10672,1696058390.0110116
1,10688,1696058390.028776
1,10704,1696058390.046436
1,10720,1696058390.0643623
1,10736,1696058390.0825455
1,10752,1696058390.1026497
1,10768,1696058390.123061
1,10784,1696058390.1429272
1,10800,1696058390.1632695
1,10816,1696058390.1827173
1,10832,1696058390.2025526
1,10848,1696058390.2242322
1,10864,1696058390.2435021
1,10880,1696058390.263087
1,10896,1696058390.2828362
1,10912,1696058390.3024585
1,10928,1696058390.3229842
1,10944,1696058390.3428435
1,10960,1696058390.3628867
1,10976,1696058390.3826854
1,10992,1696058390.4024765
1,11008,1696058390.4230087
1,11024,1696058390.442783
1,11040,1696058390.463284
1,11056,1696058390.4832318
1,11072,1696058390.5028188
1,11088,1696058390.5232775
1,11104,1696058390.5435295
1,11120,1696058390.5637343
1,11136,1696058390.5819077
1,11152,1696058390.5984154
1,11168,1696058390.6127195
1,11184,1696058390.6247194
1,11200,1696058390.637011
1,11216,1696058390.6511755
1,11232,1696058390.6638572
1,11248,1696058390.675754
1,11264,1696058390.689945
1,11280,1696058390.7027314
1,11296,1696058390.715774
1,11312,1696058390.7295198
1,11328,1696058390.7421138
1,11344,1696058390.7552257
1,11360,1696058390.7706888
1,11376,1696058390.7854671
1,11392,1696058390.7984436
1,11408,1696058390.812011
1,11424,1696058390.825613
1,11440,1696058390.8396833
1,11456,1696058390.8534005
1,11472,1696058390.8657463
1,11488,1696058390.8805292
1,11504,1696058390.8938892
1,11520,1696058390.907574
1,11536,1696058390.9212587
1,11552,1696058390.9363422
1,11568,1696058390.9485536
1,11584,1696058390.9608614
1,11600,1696058390.97584
1,11616,1696058390.9889863
1,11632,1696058391.0040631
1,11648,1696058391.017555
1,11664,1696058391.030897
1,11680,1696058391.0444157
1,11696,1696058391.056834
1,11712,1696058391.0689638
1,11728,1696058391.0831068
1,11744,1696058391.1050124
1,11760,1696058391.1244013
1,11776,1696058391.1371105
1,11792,1696058391.1560457
1,11808,1696058391.1755793
1,11824,1696058391.1966445
1,11840,1696058391.2163455
1,11856,1696058391.2327123
1,11872,1696058391.246445
1,11888,1696058391.2614753
1,11904,1696058391.2774842
1,11920,1696058391.2911952
1,11936,1696058391.3046465
1,11952,1696058391.3186467
1,11968,1696058391.3316774
1,11984,1696058391.3461325
1,12000,1696058391.3595026
1,12016,1696058391.3732877
1,12032,1696058391.3852186
1,12048,1696058391.399213
1,12064,1696058391.4120033
1,12080,1696058391.425562
1,12096,1696058391.4380631
1,12112,1696058391.4520595
1,12128,1696058391.4651036
1,12144,1696058391.4794977
1,12160,1696058391.4929817
1,12176,1696058391.5050094
1,12192,1696058391.519691
1,12208,1696058391.5332766
1,12224,1696058391.5469997
1,12240,1696058391.561513
1,12256,1696058391.5767531
1,12272,1696058391.591189
1,12288,1696058391.6042721
1,12304,1696058391.618386
1,12320,1696058391.6313818
1,12336,1696058391.6456163
1,12352,1696058391.6642237
1,12368,1696058391.6803885
1,12384,1696058391.6972861
1,12400,1696058391.7108932
1,12416,1696058391.7244925
1,12432,1696058391.7382083
1,12448,1696058391.7503512
1,12464,1696058391.7643979
1,12480,1696058391.7767534
1,12496,1696058391.790052
1,12512,1696058391.803939
1,12528,1696058391.815834
1,12544,1696058391.8277938
1,12560,1696058391.8408144
1,12576,1696058391.8529847
1,12592,1696058391.8649657
1,12608,1696058391.8794596
1,12624,1696058391.8927324
1,12640,1696058391.9045393
1,12656,1696058391.9187903
1,12672,1696058391.931172
1,12688,1696058391.9442284
1,12704,1696058391.9579184
1,12720,1696058391.970051
1,12736,1696058391.984012
1,12752,1696058391.9975889
1,12768,1696058392.0095272
1,12784,1696058392.0227003
1,12800,1696058392.0359309
1,12816,1696058392.049256
1,12832,1696058392.0620732
1,12848,1696058392.075313
1,12864,1696058392.0878386
1,12880,1696058392.101936
1,12896,1696058392.1138725
1,12912,1696058392.1277242
1,12928,1696058392.1402638
1,12944,1696058392.1527061
1,12960,1696058392.1645808
1,12976,1696058392.179543
1,12992,1696058392.19142
1,13008,1696058392.204439
1,13024,1696058392.2169163
1,13040,1696058392.2291908
1,13056,1696058392.2436824
1,13072,1696058392.2563815
1,13088,1696058392.2687018
1,13104,1696058392.281296
1,13120,1696058392.294826
1,13136,1696058392.307257
1,13152,1696058392.320674
1,13168,1696058392.3353753
1,13184,1696058392.3478956
1,13200,1696058392.3602588
1,13216,1696058392.374462
1,13232,1696058392.3859906
1,13248,1696058392.3999357
1,13264,1696058392.413839
1,13280,1696058392.425945
1,13296,1696058392.439879
1,13312,1696058392.4527557
1,13328,1696058392.4645152
1,13344,1696058392.4779105
1,13360,1696058392.4897099
1,13376,1696058392.5029502
1,13392,1696058392.5151243
1,13408,1696058392.5282428
1,13424,1696058392.5414379
1,13440,1696058392.5535798
1,13456,1696058392.5673652
1,13472,1696058392.5794742
1,13488,1696058392.592707
1,13504,1696058392.6062398
1,13520,1696058392.6192372
1,13536,1696058392.6321526
1,13552,1696058392.6460068
1,13568,1696058392.6592743
1,13584,1696058392.6723883
1,13600,1696058392.68631
1,13616,1696058392.6988096
1,13632,1696058392.7125638
1,13648,1696058392.7244446
1,13664,1696058392.7385395
1,13680,1696058392.7516913
1,13696,1696058392.7630465
1,13712,1696058392.7804856
1,13728,1696058392.791849
1,13744,1696058392.8067055
1,13760,1696058392.8189383
1,13776,1696058392.833517
1,13792,1696058392.847647
1,13808,1696058392.8615963
1,13824,1696058392.8735154
1,13840,1696058392.887501
1,13856,1696058392.8998652
1,13872,1696058392.9114769
1,13888,1696058392.9244654
1,13904,1696058392.937774
1,13920,1696058392.9496584
1,13936,1696058392.9627185
1,13952,1696058392.9748302
1,13968,1696058392.9879024
1,13984,1696058393.0007768
1,14000,1696058393.0125058
1,14016,1696058393.024295
1,14032,1696058393.039585
1,14048,1696058393.0521016
1,14064,1696058393.064983
1,14080,1696058393.0765436
1,14096,1696058393.0884187
1,14112,1696058393.1047342
1,14128,1696058393.1173453
1,14144,1696058393.1290967
1,14160,1696058393.1431162
1,14176,1696058393.1551824
1,14192,1696058393.1687508
1,14208,1696058393.1813571
1,14224,1696058393.195204
1,14240,1696058393.208673
1,14256,1696058393.2205698
1,14272,1696058393.2327816
1,14288,1696058393.2463732
1,14304,1696058393.2588308
1,14320,1696058393.2719388
1,14336,1696058393.2845578
1,14352,1696058393.2965498
1,14368,1696058393.308564
1,14384,1696058393.3250182
1,14400,1696058393.337105
1,14416,1696058393.3503213
1,14432,1696058393.3638403
1,14448,1696058393.3761625
1,14464,1696058393.3904681
1,14480,1696058393.402677
1,14496,1696058393.4155529
1,14512,1696058393.4283025
1,14528,1696058393.4406104
1,14544,1696058393.45287
1,14560,1696058393.4706154
1,14576,1696058393.4821
1,14592,1696058393.4959798
1,14608,1696058393.509778
1,14624,1696058393.522181
1,14640,1696058393.5384533
1,14656,1696058393.5580099
1,14672,1696058393.574945
1,14688,1696058393.5942392
1,14704,1696058393.6140091
1,14720,1696058393.6347783
1,14736,1696058393.6551375
1,14752,1696058393.6748154
1,14768,1696058393.6937237
1,14784,1696058393.7136807
1,14800,1696058393.733618
1,14816,1696058393.754436
1,14832,1696058393.773934
1,14848,1696058393.7941518
1,14864,1696058393.8145373
1,14880,1696058393.8347952
1,14896,1696058393.857537
1,14912,1696058393.8739238
1,14928,1696058393.8893764
1,14944,1696058393.9092696
1,14960,1696058393.924249
1,14976,1696058393.9360385
1,14992,1696058393.9502747
1,15008,1696058393.9626124
1,15024,1696058393.9748197
1,15040,1696058393.9883602
1,15056,1696058394.0014539
1,15072,1696058394.0137691
1,15088,1696058394.02751
1,15104,1696058394.040679
1,15120,1696058394.0525591
1,15136,1696058394.0665276
1,15152,1696058394.0846012
1,15168,1696058394.0985663
1,15184,1696058394.1102073
1,15200,1696058394.123155
1,15216,1696058394.1372874
1,15232,1696058394.148955
1,15248,1696058394.162733
1,15264,1696058394.1763606
1,15280,1696058394.1879196
1,15296,1696058394.202152
1,15312,1696058394.2142184
1,15328,1696058394.2271426
1,15344,1696058394.2397285
1,15360,1696058394.2527642
1,15376,1696058394.2649548
1,15392,1696058394.2785025
1,15408,1696058394.2913826
1,15424,1696058394.3044848
1,15440,1696058394.31738
1,15456,1696058394.330519
1,15472,1696058394.3425114
1,15488,1696058394.3554764
1,15504,1696058394.3686404
1,15520,1696058394.3806055
1,15536,1696058394.3945074
1,15552,1696058394.406732
1,15568,1696058394.4195092
1,15584,1696058394.4321065
1,15600,1696058394.4436073
1,15616,1696058394.4566588
1,15632,1696058394.47004
1,15648,1696058394.482429
1,15664,1696058394.496474
1,15680,1696058394.5084374
1,15696,1696058394.5207
1,15712,1696058394.5353844
1,15728,1696058394.5484676
1,15744,1696058394.5601811
1,15760,1696058394.574178
1,15776,1696058394.586204
1,15792,1696058394.6000123
1,15808,1696058394.613023
1,15824,1696058394.624825
1,15840,1696058394.6408062
1,15856,1696058394.655389
1,15872,1696058394.6685715
1,15888,1696058394.681648
1,15904,1696058394.6960907
1,15920,1696058394.7085416
1,15936,1696058394.7229233
1,15952,1696058394.7351944
1,15968,1696058394.7486234
1,15984,1696058394.7607007
1,16000,1696058394.775884
1,16016,1696058394.789511
1,16032,1696058394.8017104
1,16048,1696058394.8158717
1,16064,1696058394.8288922
1,16080,1696058394.8406398
1,16096,1696058394.852579
1,16112,1696058394.8658888
1,16128,1696058394.8778458
1,16144,1696058394.8914971
1,16160,1696058394.9047208
1,16176,1696058394.9164736
1,16192,1696058394.930331
1,16208,1696058394.9433136
1,16224,1696058394.9565954
1,16240,1696058394.969561
1,16256,1696058394.9830718
1,16272,1696058394.9959228
1,16288,1696058395.0126984
1,16304,1696058395.0247788
1,16320,1696058395.0382254
1,16336,1696058395.0518222
1,16352,1696058395.0650935
1,16368,1696058395.077891
1,16384,1696058395.0909379
1,16400,1696058395.1032603
1,16416,1696058395.1162279
1,16432,1696058395.1294773
1,16448,1696058395.1409872
1,16464,1696058395.1545312
1,16480,1696058395.1670763
1,16496,1696058395.179539
1,16512,1696058395.1921747
1,16528,1696058395.2048724
1,16544,1696058395.2171187
1,16560,1696058395.2336915
1,16576,1696058395.2484627
1,16592,1696058395.2623162
1,16608,1696058395.2748804
1,16624,1696058395.289614
1,16640,1696058395.303731
1,16656,1696058395.317188
1,16672,1696058395.3318298
1,16688,1696058395.3449352
1,16704,1696058395.3575678
1,16720,1696058395.3701127
1,16736,1696058395.3814397
1,16752,1696058395.3923936
1,16768,1696058395.403217
1,16784,1696058395.415529
1,16800,1696058395.4269352
1,16816,1696058395.438111
1,16832,1696058395.4505136
1,16848,1696058395.4629784
1,16864,1696058395.4751413
1,16880,1696058395.4884953
1,16896,1696058395.4998763
1,16912,1696058395.5114455
1,16928,1696058395.5223014
1,16944,1696058395.53362
1,16960,1696058395.545485
1,16976,1696058395.5566146
1,16992,1696058395.5723479
1,17008,1696058395.5829008
1,17024,1696058395.595651
1,17040,1696058395.6074164
1,17056,1696058395.6195664
1,17072,1696058395.6329036
1,17088,1696058395.6474319
1,17104,1696058395.6622756
1,17120,1696058395.6744165
1,17136,1696058395.6873155
1,17152,1696058395.6997635
1,17168,1696058395.7130463
1,17184,1696058395.7260091
1,17200,1696058395.7385607
1,17216,1696058395.7520456
1,17232,1696058395.7637353
1,17248,1696058395.7775853
1,17264,1696058395.7895057
1,17280,1696058395.8027883
1,17296,1696058395.8158474
1,17312,1696058395.8291075
1,17328,1696058395.840826
1,17344,1696058395.8541148
1,17360,1696058395.8671253
1,17376,1696058395.8802722
1,17392,1696058395.892531
1,17408,1696058395.90492
1,17424,1696058395.9182615
1,17440,1696058395.9306302
1,17456,1696058395.943508
1,17472,1696058395.9572492
1,17488,1696058395.9690297
1,17504,1696058395.9809117
1,17520,1696058395.994052
1,17536,1696058396.0075967
1,17552,1696058396.0209506
1,17568,1696058396.0345206
1,17584,1696058396.0482028
1,17600,1696058396.061506
1,17616,1696058396.0743954
1,17632,1696058396.087562
1,17648,1696058396.099134
1,17664,1696058396.1126742
1,17680,1696058396.1251903
1,17696,1696058396.137574
1,17712,1696058396.1510668
1,17728,1696058396.1630888
1,17744,1696058396.1763625
1,17760,1696058396.1893003
1,17776,1696058396.201868
1,17792,1696058396.215286
1,17808,1696058396.227814
1,17824,1696058396.2401278
1,17840,1696058396.2543094
1,17856,1696058396.2666106
1,17872,1696058396.2800286
1,17888,1696058396.2925239
1,17904,1696058396.304582
1,17920,1696058396.3171723
1,17936,1696058396.3305163
1,17952,1696058396.3421586
1,17968,1696058396.3546968
1,17984,1696058396.3688757
1,18000,1696058396.3808007
1,18016,1696058396.39417
1,18032,1696058396.4070377
1,18048,1696058396.420001
1,18064,1696058396.4417922
1,18080,1696058396.4620836
1,18096,1696058396.482552
1,18112,1696058396.502296
1,18128,1696058396.5222774
1,18144,1696058396.542517
1,18160,1696058396.5624452
1,18176,1696058396.582516
1,18192,1696058396.6000488
1,18208,1696058396.6185546
1,18224,1696058396.6380339
1,18240,1696058396.6578457
1,18256,1696058396.6783104
1,18272,1696058396.6983523
1,18288,1696058396.7179492
1,18304,1696058396.7381704
1,18320,1696058396.7585387
1,18336,1696058396.7786071
1,18352,1696058396.7980437
1,18368,1696058396.8180518
1,18384,1696058396.837768
1,18400,1696058396.8577857
1,18416,1696058396.8715847
1,18432,1696058396.8846369
1,18448,1696058396.898038
1,18464,1696058396.9106421
1,18480,1696058396.9237006
1,18496,1696058396.938336
1,18512,1696058396.953348
1,18528,1696058396.968188
1,18544,1696058396.98021
1,18560,1696058396.992491
1,18576,1696058397.0071173
1,18592,1696058397.0198145
1,18608,1696058397.0334084
1,18624,1696058397.0460963
1,18640,1696058397.0640583
1,18656,1696058397.0793612
1,18672,1696058397.0919204
1,18688,1696058397.105407
1,18704,1696058397.117028
1,18720,1696058397.13027
1,18736,1696058397.1423213
1,18752,1696058397.1546977
1,18768,1696058397.1673772
1,18784,1696058397.1803944
1,18800,1696058397.1937509
1,18816,1696058397.2054825
1,18832,1696058397.2185154
1,18848,1696058397.2307703
1,18864,1696058397.243058
1,18880,1696058397.2558777
1,18896,1696058397.2680674
1,18912,1696058397.2796292
1,18928,1696058397.2926352
1,18944,1696058397.3052506
1,18960,1696058397.3161728
1,18976,1696058397.328183
1,18992,1696058397.3447418
1,19008,1696058397.3604746
1,19024,1696058397.3725562
1,19040,1696058397.3884697
1,19056,1696058397.401479
1,19072,1696058397.417365
1,19088,1696058397.4318264
1,19104,1696058397.44432
1,19120,1696058397.456491
1,19136,1696058397.470225
1,19152,1696058397.4822433
1,19168,1696058397.494959
1,19184,1696058397.5078223
1,19200,1696058397.5229738
1,19216,1696058397.5349886
1,19232,1696058397.5480895
1,19248,1696058397.5608268
1,19264,1696058397.5725126
1,19280,1696058397.5853326
1,19296,1696058397.5974658
1,19312,1696058397.6107488
1,19328,1696058397.6230345
1,19344,1696058397.635412
1,19360,1696058397.6491585
1,19376,1696058397.6611145
1,19392,1696058397.6743271
1,19408,1696058397.687524
1,19424,1696058397.7009568
1,19440,1696058397.7143445
1,19456,1696058397.7283473
1,19472,1696058397.740615
1,19488,1696058397.7521503
1,19504,1696058397.7647378
1,19520,1696058397.7777972
1,19536,1696058397.7903192
1,19552,1696058397.8037784
1,19568,1696058397.8161721
1,19584,1696058397.8287141
1,19600,1696058397.8408878
1,19616,1696058397.852745
1,19632,1696058397.8657212
1,19648,1696058397.8802073
1,19664,1696058397.8917403
1,19680,1696058397.9043875
1,19696,1696058397.9176743
1,19712,1696058397.9298499
1,19728,1696058397.9435315
1,19744,1696058397.9560225
1,19760,1696058397.9681897
1,19776,1696058397.9806905
1,19792,1696058397.9937449
1,19808,1696058398.0080335
1,19824,1696058398.0201309
1,19840,1696058398.034363
1,19856,1696058398.0480227
1,19872,1696058398.0607245
1,19888,1696058398.0729034
1,19904,1696058398.0845716
1,19920,1696058398.0972483
1,19936,1696058398.1106737
1,19952,1696058398.1225884
1,19968,1696058398.1347613
1,19984,1696058398.1473076
1,20000,1696058398.1607506
1,20016,1696058398.1729224
1,20032,1696058398.186153
1,20048,1696058398.1982903
1,20064,1696058398.2104573
1,20080,1696058398.224541
1,20096,1696058398.2375066
1,20112,1696058398.2494247
1,20128,1696058398.263789
1,20144,1696058398.2790513
1,20160,1696058398.291718
1,20176,1696058398.304077
1,20192,1696058398.3181086
1,20208,1696058398.3320365
1,20224,1696058398.344431
1,20240,1696058398.355945
1,20256,1696058398.3675928
1,20272,1696058398.3805575
1,20288,1696058398.393423
1,20304,1696058398.4058945
1,20320,1696058398.4194374
1,20336,1696058398.4316173
1,20352,1696058398.4435976
1,20368,1696058398.4564137
1,20384,1696058398.471745
1,20400,1696058398.4859793
1,20416,1696058398.4978092
1,20432,1696058398.510599
1,20448,1696058398.5228255
1,20464,1696058398.5350616
1,20480,1696058398.547606
1,20496,1696058398.5603802
1,20512,1696058398.572668
1,20528,1696058398.5843897
1,20544,1696058398.6018202
1,20560,1696058398.6158993
1,20576,1696058398.6339898
1,20592,1696058398.6454003
1,20608,1696058398.6579876
1,20624,1696058398.6722069
1,20640,1696058398.6894882
1,20656,1696058398.7034416
1,20672,1696058398.7154849
1,20688,1696058398.7291806
1,20704,1696058398.7416897
1,20720,1696058398.7535157
1,20736,1696058398.7672021
1,20752,1696058398.7793274
1,20768,1696058398.7930164
1,20784,1696058398.805565
1,20800,1696058398.817468
1,20816,1696058398.8311706
1,20832,1696058398.8434768
1,20848,1696058398.8571737
1,20864,1696058398.869667
1,20880,1696058398.881894
1,20896,1696058398.8957908
1,20912,1696058398.9075665
1,20928,1696058398.9193103
1,20944,1696058398.9355528
1,20960,1696058398.9480293
1,20976,1696058398.9604423
1,20992,1696058398.9726
1,21008,1696058398.9857986
1,21024,1696058398.9991405
1,21040,1696058399.0125124
1,21056,1696058399.0241435
1,21072,1696058399.0376627
1,21088,1696058399.0493844
1,21104,1696058399.0617807
1,21120,1696058399.076304
1,21136,1696058399.0883374
1,21152,1696058399.1022267
1,21168,1696058399.1166518
1,21184,1696058399.12895
1,21200,1696058399.1428328
1,21216,1696058399.1557508
1,21232,1696058399.171101
1,21248,1696058399.1831331
1,21264,1696058399.196318
1,21280,1696058399.209447
1,21296,1696058399.225226
1,21312,1696058399.239364
1,21328,1696058399.2514389
1,21344,1696058399.2659934
1,21360,1696058399.2783296
1,21376,1696058399.292301
1,21392,1696058399.3034701
1,21408,1696058399.3160071
1,21424,1696058399.3304615
1,21440,1696058399.3445175
1,21456,1696058399.3561113
1,21472,1696058399.3677666
1,21488,1696058399.3805263
1,21504,1696058399.3945088
1,21520,1696058399.4074507
1,21536,1696058399.4196155
1,21552,1696058399.4313731
1,21568,1696058399.4448152
1,21584,1696058399.458471
1,21600,1696058399.4694617
1,21616,1696058399.486981
1,21632,1696058399.5062146
1,21648,1696058399.5261679
1,21664,1696058399.5462248
1,21680,1696058399.5660768
1,21696,1696058399.586454
1,21712,1696058399.6054606
1,21728,1696058399.6262333
1,21744,1696058399.6464007
1,21760,1696058399.6660058
1,21776,1696058399.6858215
1,21792,1696058399.706334
1,21808,1696058399.7262588
1,21824,1696058399.7462285
1,21840,1696058399.7660189
1,21856,1696058399.7858145
1,21872,1696058399.8066473
1,21888,1696058399.8263636
1,21904,1696058399.8436732
1,21920,1696058399.858489
1,21936,1696058399.870564
1,21952,1696058399.8842163
1,21968,1696058399.89933
1,21984,1696058399.910721
1,22000,1696058399.9242926
1,22016,1696058399.9380975
1,22032,1696058399.9514537
1,22048,1696058399.9652808
1,22064,1696058399.9766495
1,22080,1696058399.9913986
1,22096,1696058400.004235
1,22112,1696058400.0195498
1,22128,1696058400.032161
1,22144,1696058400.047742
1,22160,1696058400.0630922
1,22176,1696058400.076237
1,22192,1696058400.0892231
1,22208,1696058400.1045568
1,22224,1696058400.1200516
1,22240,1696058400.133736
1,22256,1696058400.1457827
1,22272,1696058400.1598196
1,22288,1696058400.172302
1,22304,1696058400.1841738
1,22320,1696058400.195951
1,22336,1696058400.210155
1,22352,1696058400.2222755
1,22368,1696058400.2362015
1,22384,1696058400.2486103
1,22400,1696058400.2629118
1,22416,1696058400.2755814
1,22432,1696058400.2901812
1,22448,1696058400.305901
1,22464,1696058400.318709
1,22480,1696058400.3319433
1,22496,1696058400.3440385
1,22512,1696058400.356368
1,22528,1696058400.3679595
1,22544,1696058400.3812044
1,22560,1696058400.3955042
1,22576,1696058400.4075942
1,22592,1696058400.4207222
1,22608,1696058400.433166
1,22624,1696058400.4448962
1,22640,1696058400.4588583
1,22656,1696058400.472928
1,22672,1696058400.4845867
1,22688,1696058400.4970708
1,22704,1696058400.510855
1,22720,1696058400.5231454
1,22736,1696058400.5360808
1,22752,1696058400.5490534
1,22768,1696058400.5611992
1,22784,1696058400.576695
1,22800,1696058400.5886357
1,22816,1696058400.600707
1,22832,1696058400.6164012
1,22848,1696058400.6318946
1,22864,1696058400.6438525
1,22880,1696058400.6557317
1,22896,1696058400.667162
1,22912,1696058400.680235
1,22928,1696058400.6913493
1,22944,1696058400.7032845
1,22960,1696058400.716453
1,22976,1696058400.7273066
1,22992,1696058400.7393801
1,23008,1696058400.7531476
1,23024,1696058400.7686138
1,23040,1696058400.7866058
1,23056,1696058400.8046954
1,23072,1696058400.8183677
1,23088,1696058400.8296916
1,23104,1696058400.8426745
1,23120,1696058400.8561177
1,23136,1696058400.868791
1,23152,1696058400.8825605
1,23168,1696058400.8957043
1,23184,1696058400.906848
1,23200,1696058400.9249275
1,23216,1696058400.9446898
1,23232,1696058400.9630976
1,23248,1696058400.9824924
1,23264,1696058401.0023258
1,23280,1696058401.022866
1,23296,1696058401.0427532
1,23312,1696058401.0626864
1,23328,1696058401.0822513
1,23344,1696058401.1023862
1,23360,1696058401.1218925
1,23376,1696058401.1418774
1,23392,1696058401.161283
1,23408,1696058401.18088
1,23424,1696058401.2011907
1,23440,1696058401.2152226
1,23456,1696058401.2286968
1,23472,1696058401.2423086
1,23488,1696058401.2538419
1,23504,1696058401.2662666
1,23520,1696058401.2797468
1,23536,1696058401.291316
1,23552,1696058401.304136
1,23568,1696058401.319584
1,23584,1696058401.3327289
1,23600,1696058401.3445365
1,23616,1696058401.3590324
1,23632,1696058401.372988
1,23648,1696058401.386408
1,23664,1696058401.4061542
1,23680,1696058401.4213364
1,23696,1696058401.4323604
1,23712,1696058401.448314
1,23728,1696058401.4603732
1,23744,1696058401.4780626
1,23760,1696058401.4949677
1,23776,1696058401.5145872
1,23792,1696058401.5346403
1,23808,1696058401.5535603
1,23824,1696058401.5704305
1,23840,1696058401.5857155
1,23856,1696058401.5984535
1,23872,1696058401.6118355
1,23888,1696058401.6235182
1,23904,1696058401.6365335
1,23920,1696058401.6488469
1,23936,1696058401.6625743
1,23952,1696058401.6747198
1,23968,1696058401.6880476
1,23984,1696058401.7017593
1,24000,1696058401.7149556
1,24016,1696058401.728185
1,24032,1696058401.7405326
1,24048,1696058401.7528553
1,24064,1696058401.7665482
1,24080,1696058401.7787118
1,24096,1696058401.7914572
1,24112,1696058401.8043935
1,24128,1696058401.8194184
1,24144,1696058401.8321939
1,24160,1696058401.8471904
1,24176,1696058401.8598652
1,24192,1696058401.8734415
1,24208,1696058401.8855126
1,24224,1696058401.8995242
1,24240,1696058401.9112983
1,24256,1696058401.9244652
1,24272,1696058401.9364598
1,24288,1696058401.9482641
1,24304,1696058401.961872
1,24320,1696058401.9759758
1,24336,1696058401.9881492
1,24352,1696058401.9996579
1,24368,1696058402.0120337
1,24384,1696058402.024817
1,24400,1696058402.0381796
1,24416,1696058402.0493972
1,24432,1696058402.0632713
1,24448,1696058402.0760837
1,24464,1696058402.0877786
1,24480,1696058402.1009939
1,24496,1696058402.1132622
1,24512,1696058402.126481
1,24528,1696058402.1385825
1,24544,1696058402.150699
1,24560,1696058402.163365
1,24576,1696058402.1758041
1,24592,1696058402.1894689
1,24608,1696058402.2017655
1,24624,1696058402.2139788
1,24640,1696058402.2281911
1,24656,1696058402.2409308
1,24672,1696058402.2530754
1,24688,1696058402.2669926
1,24704,1696058402.279048
1,24720,1696058402.292508
1,24736,1696058402.3050547
1,24752,1696058402.3167636
1,24768,1696058402.328425
1,24784,1696058402.342012
1,24800,1696058402.3547757
1,24816,1696058402.3672225
1,24832,1696058402.3810658
1,24848,1696058402.3927686
1,24864,1696058402.4044914
1,24880,1696058402.4197304
1,24896,1696058402.4334505
1,24912,1696058402.445039
1,24928,1696058402.45837
1,24944,1696058402.4714324
1,24960,1696058402.4844778
1,24976,1696058402.497283
1,24992,1696058402.5106032
1,25008,1696058402.5241148
1,25024,1696058402.5378792
1,25040,1696058402.5490766
1,25056,1696058402.5630689
1,25072,1696058402.5762265
1,25088,1696058402.5895221
1,25104,1696058402.60139
1,25120,1696058402.6155107
1,25136,1696058402.6286638
1,25152,1696058402.6413832
1,25168,1696058402.6567087
1,25184,1696058402.6705987
1,25200,1696058402.6833804
1,25216,1696058402.6973288
1,25232,1696058402.7104042
1,25248,1696058402.7268493
1,25264,1696058402.7399554
1,25280,1696058402.7535152
1,25296,1696058402.7664201
1,25312,1696058402.7802246
1,25328,1696058402.7929547
1,25344,1696058402.8047917
1,25360,1696058402.8190477
1,25376,1696058402.8313856
1,25392,1696058402.8440194
1,25408,1696058402.862403
1,25424,1696058402.8823645
1,25440,1696058402.9025877
1,25456,1696058402.922751
1,25472,1696058402.942375
1,25488,1696058402.9621017
1,25504,1696058402.9817824
1,25520,1696058403.0020106
1,25536,1696058403.0218987
1,25552,1696058403.0424082
1,25568,1696058403.0620139
1,25584,1696058403.0824895
1,25600,1696058403.1024384
1,25616,1696058403.1225255
1,25632,1696058403.1421773
1,25648,1696058403.162715
1,25664,1696058403.1819613
1,25680,1696058403.2055233
1,25696,1696058403.2229965
1,25712,1696058403.2424858
1,25728,1696058403.2625337
1,25744,1696058403.2823527
1,25760,1696058403.3021114
1,25776,1696058403.322465
1,25792,1696058403.3422873
1,25808,1696058403.3568542
1,25824,1696058403.3683784
1,25840,1696058403.381196
1,25856,1696058403.3957202
1,25872,1696058403.408898
1,25888,1696058403.4208345
1,25904,1696058403.4345567
1,25920,1696058403.4487922
1,25936,1696058403.4606147
1,25952,1696058403.474428
1,25968,1696058403.4874785
1,25984,1696058403.5005517
1,26000,1696058403.5133982
1,26016,1696058403.5266907
1,26032,1696058403.5388792
1,26048,1696058403.551827
1,26064,1696058403.565326
1,26080,1696058403.5772293
1,26096,1696058403.5905669
1,26112,1696058403.6036499
1,26128,1696058403.6169283
1,26144,1696058403.630293
1,26160,1696058403.6428401
1,26176,1696058403.6564925
1,26192,1696058403.669582
1,26208,1696058403.684509
1,26224,1696058403.6965227
1,26240,1696058403.7105095
1,26256,1696058403.7256563
1,26272,1696058403.7376094
1,26288,1696058403.7510397
1,26304,1696058403.7630575
1,26320,1696058403.7760723
1,26336,1696058403.789285
1,26352,1696058403.8008084
1,26368,1696058403.8146122
1,26384,1696058403.8267837
1,26400,1696058403.8402557
1,26416,1696058403.8533854
1,26432,1696058403.8650997
1,26448,1696058403.8789957
1,26464,1696058403.891127
1,26480,1696058403.9042249
1,26496,1696058403.9176433
1,26512,1696058403.9300795
1,26528,1696058403.9433525
1,26544,1696058403.955931
1,26560,1696058403.9702442
1,26576,1696058403.9824884
1,26592,1696058403.9946206
1,26608,1696058404.0072627
1,26624,1696058404.019416
1,26640,1696058404.0325625
1,26656,1696058404.047165
1,26672,1696058404.0610476
1,26688,1696058404.073884
1,26704,1696058404.0880084
1,26720,1696058404.1000607
1,26736,1696058404.1134603
1,26752,1696058404.1254838
1,26768,1696058404.14011
1,26784,1696058404.152461
1,26800,1696058404.1644669
1,26816,1696058404.178917
1,26832,1696058404.191775
1,26848,1696058404.2049828
1,26864,1696058404.2172067
1,26880,1696058404.2296414
1,26896,1696058404.248614
1,26912,1696058404.2678874
1,26928,1696058404.2861478
1,26944,1696058404.2992961
1,26960,1696058404.3160708
1,26976,1696058404.3271568
1,26992,1696058404.3445141
1,27008,1696058404.3588698
1,27024,1696058404.3713179
1,27040,1696058404.3828733
1,27056,1696058404.3955975
1,27072,1696058404.40879
1,27088,1696058404.4217153
1,27104,1696058404.4338114
1,27120,1696058404.4479945
1,27136,1696058404.4610655
1,27152,1696058404.4729137
1,27168,1696058404.4887917
1,27184,1696058404.5022173
1,27200,1696058404.5145292
1,27216,1696058404.5285442
1,27232,1696058404.540354
1,27248,1696058404.5526016
1,27264,1696058404.566712
1,27280,1696058404.5791597
1,27296,1696058404.5926988
1,27312,1696058404.6045983
1,27328,1696058404.6177762
1,27344,1696058404.6315782
1,27360,1696058404.6437466
1,27376,1696058404.6553931
1,27392,1696058404.6686385
1,27408,1696058404.6821215
1,27424,1696058404.694474
1,27440,1696058404.7081382
1,27456,1696058404.7211385
1,27472,1696058404.7359867
1,27488,1696058404.7476137
1,27504,1696058404.7608757
1,27520,1696058404.7753031
1,27536,1696058404.7892637
1,27552,1696058404.801679
1,27568,1696058404.8138108
1,27584,1696058404.8273418
1,27600,1696058404.8396554
1,27616,1696058404.8526142
1,27632,1696058404.8649476
1,27648,1696058404.8781414
1,27664,1696058404.8906517
1,27680,1696058404.9031124
1,27696,1696058404.9162002
1,27712,1696058404.9280348
1,27728,1696058404.9412613
1,27744,1696058404.953263
1,27760,1696058404.9665592
1,27776,1696058404.9787335
1,27792,1696058404.9914837
1,27808,1696058405.0050697
1,27824,1696058405.0175135
1,27840,1696058405.0315642
1,27856,1696058405.044038
1,27872,1696058405.0562754
1,27888,1696058405.067995
1,27904,1696058405.0805354
1,27920,1696058405.0957968
1,27936,1696058405.1096814
1,27952,1696058405.1229668
1,27968,1696058405.135629
1,27984,1696058405.1488483
1,28000,1696058405.1619356
1,28016,1696058405.1741264
1,28032,1696058405.1878703
1,28048,1696058405.1996028
1,28064,1696058405.212599
1,28080,1696058405.224678
1,28096,1696058405.2380645
1,28112,1696058405.2506616
1,28128,1696058405.2633276
1,28144,1696058405.2764077
1,28160,1696058405.288037
1,28176,1696058405.3014996
1,28192,1696058405.3141503
1,28208,1696058405.327307
1,28224,1696058405.3398743
1,28240,1696058405.353204
1,28256,1696058405.365501
1,28272,1696058405.37864
1,28288,1696058405.3910234
1,28304,1696058405.403637
1,28320,1696058405.4169624
1,28336,1696058405.428566
1,28352,1696058405.4404397
1,28368,1696058405.4531262
1,28384,1696058405.466521
1,28400,1696058405.4785912
1,28416,1696058405.4918149
1,28432,1696058405.5049329
1,28448,1696058405.516628
1,28464,1696058405.5290093
1,28480,1696058405.5424018
1,28496,1696058405.5547354
1,28512,1696058405.5680428
1,28528,1696058405.5817442
1,28544,1696058405.5936496
1,28560,1696058405.607787
1,28576,1696058405.6203167
1,28592,1696058405.6326375
1,28608,1696058405.644533
1,28624,1696058405.6559486
1,28640,1696058405.6731389
1,28656,1696058405.685607
1,28672,1696058405.6973717
1,28688,1696058405.7114072
1,28704,1696058405.724211
1,28720,1696058405.7375064
1,28736,1696058405.750123
1,28752,1696058405.76315
1,28768,1696058405.7765212
1,28784,1696058405.790308
1,28800,1696058405.8020835
1,28816,1696058405.8157976
1,28832,1696058405.829028
1,28848,1696058405.8411713
1,28864,1696058405.853935
1,28880,1696058405.866733
1,28896,1696058405.8800383
1,28912,1696058405.8938649
1,28928,1696058405.9065385
1,28944,1696058405.922056
1,28960,1696058405.9353764
1,28976,1696058405.9483662
1,28992,1696058405.9611838
1,29008,1696058405.974855
1,29024,1696058405.9877949
1,29040,1696058406.0004382
1,29056,1696058406.0119443
1,29072,1696058406.025611
1,29088,1696058406.040386
1,29104,1696058406.0524514
1,29120,1696058406.0668378
1,29136,1696058406.0793562
1,29152,1696058406.093135
1,29168,1696058406.106605
1,29184,1696058406.1194706
1,29200,1696058406.132894
1,29216,1696058406.1454706
1,29232,1696058406.1568549
1,29248,1696058406.1692028
1,29264,1696058406.1831942
1,29280,1696058406.1952243
1,29296,1696058406.207884
1,29312,1696058406.2203975
1,29328,1696058406.2336347
1,29344,1696058406.2485301
1,29360,1696058406.2606428
1,29376,1696058406.274095
1,29392,1696058406.2863083
1,29408,1696058406.2985146
1,29424,1696058406.3123412
1,29440,1696058406.3240194
1,29456,1696058406.3369126
1,29472,1696058406.350437
1,29488,1696058406.3640125
1,29504,1696058406.3760436
1,29520,1696058406.392027
1,29536,1696058406.404158
1,29552,1696058406.4157598
1,29568,1696058406.4283304
1,29584,1696058406.4397042
1,29600,1696058406.452317
1,29616,1696058406.4664552
1,29632,1696058406.478493
1,29648,1696058406.492018
1,29664,1696058406.5049262
1,29680,1696058406.5166435
1,29696,1696058406.5302923
1,29712,1696058406.5425706
1,29728,1696058406.5555465
1,29744,1696058406.5688357
1,29760,1696058406.5805702
1,29776,1696058406.5940537
1,29792,1696058406.6063786
1,29808,1696058406.6187055
1,29824,1696058406.631935
1,29840,1696058406.646109
1,29856,1696058406.6583316
1,29872,1696058406.672291
1,29888,1696058406.6837804
1,29904,1696058406.6966684
1,29920,1696058406.7123616
1,29936,1696058406.726964
1,29952,1696058406.7399905
1,29968,1696058406.7533925
1,29984,1696058406.7680564
1,30000,1696058406.7805967
1,30016,1696058406.792753
1,30032,1696058406.8055682
1,30048,1696058406.8189156
1,30064,1696058406.8322713
1,30080,1696058406.8448312
1,30096,1696058406.8564227
1,30112,1696058406.8692477
1,30128,1696058406.8829262
1,30144,1696058406.8948982
1,30160,1696058406.9082963
1,30176,1696058406.9210222
1,30192,1696058406.9325588
1,30208,1696058406.9459317
1,30224,1696058406.9580908
1,30240,1696058406.970374
1,30256,1696058406.9840734
1,30272,1696058406.9969013
1,30288,1696058407.009096
1,30304,1696058407.023156
1,30320,1696058407.0382385
1,30336,1696058407.0544388
1,30352,1696058407.0676808
1,30368,1696058407.0816638
1,30384,1696058407.0933616
1,30400,1696058407.1068354
1,30416,1696058407.119878
1,30432,1696058407.131718
1,30448,1696058407.1447067
1,30464,1696058407.156325
1,30480,1696058407.1681008
1,30496,1696058407.1833227
1,30512,1696058407.198372
1,30528,1696058407.2128901
1,30544,1696058407.2250836
1,30560,1696058407.2393482
1,30576,1696058407.2513814
1,30592,1696058407.2653995
1,30608,1696058407.2763474
1,30624,1696058407.2888803
1,30640,1696058407.3008556
1,30656,1696058407.3156967
1,30672,1696058407.3266623
1,30688,1696058407.339669
1,30704,1696058407.3507776
1,30720,1696058407.364663
1,30736,1696058407.3760188
1,30752,1696058407.3873837
1,30768,1696058407.398647
1,30784,1696058407.4120214
1,30800,1696058407.4242506
1,30816,1696058407.435388
1,30832,1696058407.4467127
1,30848,1696058407.4603763
1,30864,1696058407.4713302
1,30880,1696058407.4826887
1,30896,1696058407.4938653
1,30912,1696058407.507664
1,30928,1696058407.5193703
1,30944,1696058407.530771
1,30960,1696058407.5420313
1,30976,1696058407.5550332
1,30992,1696058407.56571
1,31008,1696058407.5784614
1,31024,1696058407.5903509
1,31040,1696058407.6045017
1,31056,1696058407.6169631
1,31072,1696058407.628292
1,31088,1696058407.6396194
1,31104,1696058407.6536067
1,31120,1696058407.6646755
1,31136,1696058407.6758206
1,31152,1696058407.686969
1,31168,1696058407.7006779
1,31184,1696058407.7115333
1,31200,1696058407.7231715
1,31216,1696058407.7343986
1,31232,1696058407.7484174
1,31248,1696058407.7593653
1,31264,1696058407.7706873
1,31280,1696058407.7821636
1,31296,1696058407.795892
1,31312,1696058407.809708
1,31328,1696058407.82072
1,31344,1696058407.8330617
1,31360,1696058407.8470829
1,31376,1696058407.8588364
1,31392,1696058407.8712366
1,31408,1696058407.8827481
1,31424,1696058407.8963726
1,31440,1696058407.90827
1,31456,1696058407.9204426
1,31472,1696058407.932056
1,31488,1696058407.9497018
1,31504,1696058407.9603622
1,31520,1696058407.972558
1,31536,1696058407.9836667
1,31552,1696058407.9973283
1,31568,1696058408.0085902
1,31584,1696058408.0197713
1,31600,1696058408.0309355
1,31616,1696058408.0439963
1,31632,1696058408.0563333
1,31648,1696058408.0675018
1,31664,1696058408.0785758
1,31680,1696058408.0950263
1,31696,1696058408.1071599
1,31712,1696058408.118482
1,31728,1696058408.129521
1,31744,1696058408.142474
1,31760,1696058408.1543634
1,31776,1696058408.1659372
1,31792,1696058408.1775186
1,31808,1696058408.1919572
1,31824,1696058408.2029774
1,31840,1696058408.2147214
1,31856,1696058408.2273378
1,31872,1696058408.2388535
1,31888,1696058408.2500045
1,31904,1696058408.2612162
1,31920,1696058408.2735083
1,31936,1696058408.284587
1,31952,1696058408.2958605
1,31968,1696058408.3080053
1,31984,1696058408.3190742
1,32000,1696058408.3305426
1,32016,1696058408.3427997
1,32032,1696058408.35434
1,32048,1696058408.3656182
1,32064,1696058408.376496
1,32080,1696058408.3872535
1,32096,1696058408.399812
1,32112,1696058408.4110188
1,32128,1696058408.4217267
1,32144,1696058408.433965
1,32160,1696058408.4450486
1,32176,1696058408.4569774
1,32192,1696058408.4678676
1,32208,1696058408.4797122
1,32224,1696058408.4910567
1,32240,1696058408.5022197
1,32256,1696058408.5133495
1,32272,1696058408.5247831
1,32288,1696058408.5360558
1,32304,1696058408.5489848
1,32320,1696058408.5597603
1,32336,1696058408.571268
1,32352,1696058408.5823936
1,32368,1696058408.5937736
1,32384,1696058408.605007
1,32400,1696058408.6160126
1,32416,1696058408.6309154
1,32432,1696058408.6416755
1,32448,1696058408.654061
1,32464,1696058408.665777
1,32480,1696058408.6782818
1,32496,1696058408.6895833
1,32512,1696058408.7004945
1,32528,1696058408.7121143
1,32544,1696058408.7239473
1,32560,1696058408.73706
1,32576,1696058408.7499328
1,32592,1696058408.7624598
1,32608,1696058408.779871
1,32624,1696058408.7942054
1,32640,1696058408.8081934
1,32656,1696058408.8221097
1,32672,1696058408.8339324
1,32688,1696058408.8466685
1,32704,1696058408.858706
1,32720,1696058408.8713655
1,32736,1696058408.8840077
1,32752,1696058408.8961241
1,32768,1696058408.90807
1,32784,1696058408.921175
1,32800,1696058408.9332972
1,32816,1696058408.9463422
1,32832,1696058408.9586604
1,32848,1696058408.9710455
1,32864,1696058408.9848287
1,32880,1696058408.9968023
1,32896,1696058409.0098581
1,32912,1696058409.0224135
1,32928,1696058409.0345824
1,32944,1696058409.047547
1,32960,1696058409.061124
1,32976,1696058409.0729005
1,32992,1696058409.0861802
1,33008,1696058409.0983322
1,33024,1696058409.1105595
1,33040,1696058409.1233613
1,33056,1696058409.136582
1,33072,1696058409.1499417
1,33088,1696058409.1618726
1,33104,1696058409.1748147
1,33120,1696058409.1869698
1,33136,1696058409.1993876
1,33152,1696058409.2139068
1,33168,1696058409.225716
1,33184,1696058409.2402034
1,33200,1696058409.2525928
1,33216,1696058409.2644982
1,33232,1696058409.2763817
1,33248,1696058409.29173
1,33264,1696058409.3048906
1,33280,1696058409.31849
1,33296,1696058409.331899
1,33312,1696058409.3452353
1,33328,1696058409.3573248
1,33344,1696058409.3708222
1,33360,1696058409.3830492
1,33376,1696058409.3963432
1,33392,1696058409.4094844
1,33408,1696058409.4212584
1,33424,1696058409.4352045
1,33440,1696058409.4472609
1,33456,1696058409.4605107
1,33472,1696058409.4728944
1,33488,1696058409.4854062
1,33504,1696058409.5003104
1,33520,1696058409.5126162
1,33536,1696058409.5243683
1,33552,1696058409.5364997
1,33568,1696058409.549701
1,33584,1696058409.561601
1,33600,1696058409.5745425
1,33616,1696058409.5879529
1,33632,1696058409.6016762
1,33648,1696058409.6154644
1,33664,1696058409.6277325
1,33680,1696058409.639956
1,33696,1696058409.6532283
1,33712,1696058409.6654053
1,33728,1696058409.6779366
1,33744,1696058409.6902282
1,33760,1696058409.7024074
1,33776,1696058409.7153137
1,33792,1696058409.7275066
1,33808,1696058409.7400212
1,33824,1696058409.7541053
1,33840,1696058409.7663288
1,33856,1696058409.7808018
1,33872,1696058409.7928026
1,33888,1696058409.8048007
1,33904,1696058409.8200521
1,33920,1696058409.834059
1,33936,1696058409.8473973
1,33952,1696058409.8594038
1,33968,1696058409.8726144
1,33984,1696058409.885389
1,34000,1696058409.8976676
1,34016,1696058409.9112628
1,34032,1696058409.9230883
1,34048,1696058409.936242
1,34064,1696058409.9486387
1,34080,1696058409.9611883
1,34096,1696058409.974422
1,34112,1696058409.9863112
1,34128,1696058409.999006
1,34144,1696058410.0129707
1,34160,1696058410.0253294
1,34176,1696058410.0388434
1,34192,1696058410.0510328
1,34208,1696058410.062658
1,34224,1696058410.0754972
1,34240,1696058410.0890248
1,34256,1696058410.1006608
1,34272,1696058410.1153042
1,34288,1696058410.1274934
1,34304,1696058410.1398866
1,34320,1696058410.1569438
1,34336,1696058410.1708653
1,34352,1696058410.182508
1,34368,1696058410.19632
1,34384,1696058410.2097943
1,34400,1696058410.222075
1,34416,1696058410.2359338
1,34432,1696058410.248187
1,34448,1696058410.2601979
1,34464,1696058410.2743342
1,34480,1696058410.2861848
1,34496,1696058410.2990844
1,34512,1696058410.3123026
1,34528,1696058410.3239152
1,34544,1696058410.3367054
1,34560,1696058410.3488214
1,34576,1696058410.3606882
1,34592,1696058410.3752887
1,34608,1696058410.3873482
1,34624,1696058410.3988905
1,34640,1696058410.4121966
1,34656,1696058410.425446
1,34672,1696058410.437074
1,34688,1696058410.4508586
1,34704,1696058410.4641523
1,34720,1696058410.475769
1,34736,1696058410.4894392
1,34752,1696058410.5024428
1,34768,1696058410.5155478
1,34784,1696058410.5287783
1,34800,1696058410.5403996
1,34816,1696058410.5540478
1,34832,1696058410.567006
1,34848,1696058410.5801337
1,34864,1696058410.5936768
1,34880,1696058410.6054811
1,34896,1696058410.6195743
1,34912,1696058410.632674
1,34928,1696058410.6443515
1,34944,1696058410.6577866
1,34960,1696058410.6729045
1,34976,1696058410.68443
1,34992,1696058410.696592
1,35008,1696058410.7095938
1,35024,1696058410.7217238
1,35040,1696058410.7349946
1,35056,1696058410.747135
1,35072,1696058410.7598476
1,35088,1696058410.7733457
1,35104,1696058410.7858546
1,35120,1696058410.7993417
1,35136,1696058410.812313
1,35152,1696058410.826197
1,35168,1696058410.8387957
1,35184,1696058410.8529465
1,35200,1696058410.864691
1,35216,1696058410.876527
1,35232,1696058410.8897464
1,35248,1696058410.9015877
1,35264,1696058410.9146805
1,35280,1696058410.9280872
1,35296,1696058410.9425054
1,35312,1696058410.9549084
1,35328,1696058410.9676545
1,35344,1696058410.980285
1,35360,1696058410.9921796
1,35376,1696058411.0038602
1,35392,1696058411.0165617
1,35408,1696058411.0310996
1,35424,1696058411.043837
1,35440,1696058411.0589788
1,35456,1696058411.0713274
1,35472,1696058411.083938
1,35488,1696058411.0966692
1,35504,1696058411.1085804
1,35520,1696058411.1204698
1,35536,1696058411.1327658
1,35552,1696058411.1462924
1,35568,1696058411.1584337
1,35584,1696058411.1710956
1,35600,1696058411.183831
1,35616,1696058411.1965554
1,35632,1696058411.20843
1,35648,1696058411.223142
1,35664,1696058411.237627
1,35680,1696058411.249766
1,35696,1696058411.26312
1,35712,1696058411.2754352
1,35728,1696058411.2884536
1,35744,1696058411.3012295
1,35760,1696058411.3127337
1,35776,1696058411.3244412
1,35792,1696058411.3380296
1,35808,1696058411.3500254
1,35824,1696058411.363434
1,35840,1696058411.3751624
1,35856,1696058411.3876002
1,35872,1696058411.4009888
1,35888,1696058411.4128919
1,35904,1696058411.427003
1,35920,1696058411.439015
1,35936,1696058411.4523606
1,35952,1696058411.464767
1,35968,1696058411.4770439
1,35984,1696058411.490138
1,36000,1696058411.5023224
1,36016,1696058411.5151627
1,36032,1696058411.5280812
1,36048,1696058411.540528
1,36064,1696058411.552697
1,36080,1696058411.5648606
1,36096,1696058411.5785193
1,36112,1696058411.5902736
1,36128,1696058411.6035602
1,36144,1696058411.6167922
1,36160,1696058411.628326
1,36176,1696058411.6403067
1,36192,1696058411.6544065
1,36208,1696058411.6665285
1,36224,1696058411.6801958
1,36240,1696058411.6927006
1,36256,1696058411.704403
1,36272,1696058411.7182713
1,36288,1696058411.730386
1,36304,1696058411.7429936
1,36320,1696058411.7562778
1,36336,1696058411.7686512
1,36352,1696058411.7808545
1,36368,1696058411.7949927
1,36384,1696058411.8070426
1,36400,1696058411.8199697
1,36416,1696058411.8324437
1,36432,1696058411.8449354
1,36448,1696058411.859188
1,36464,1696058411.8710413
1,36480,1696058411.884118
1,36496,1696058411.8965518
1,36512,1696058411.9088213
1,36528,1696058411.9224894
1,36544,1696058411.9344976
1,36560,1696058411.9471583
1,36576,1696058411.9599771
1,36592,1696058411.9724457
1,36608,1696058411.9847465
1,36624,1696058411.9991183
1,36640,1696058412.0115354
1,36656,1696058412.0249062
1,36672,1696058412.0367908
1,36688,1696058412.0489109
1,36704,1696058412.0631995
1,36720,1696058412.0750754
1,36736,1696058412.0880113
1,36752,1696058412.1008418
1,36768,1696058412.11277
1,36784,1696058412.128052
1,36800,1696058412.1404798
1,36816,1696058412.1519585
1,36832,1696058412.1636035
1,36848,1696058412.1766868
1,36864,1696058412.1907337
1,36880,1696058412.202832
1,36896,1696058412.2157784
1,36912,1696058412.2282624
1,36928,1696058412.239818
1,36944,1696058412.2522538
1,36960,1696058412.2661479
1,36976,1696058412.277959
1,36992,1696058412.2916112
1,37008,1696058412.3042018
1,37024,1696058412.316349
1,37040,1696058412.3302288
1,37056,1696058412.3424988
1,37072,1696058412.3563883
1,37088,1696058412.3684926
1,37104,1696058412.3802986
1,37120,1696058412.396323
1,37136,1696058412.4076183
1,37152,1696058412.421549
1,37168,1696058412.4338734
1,37184,1696058412.445556
1,37200,1696058412.4592478
1,37216,1696058412.4714973
1,37232,1696058412.4848006
1,37248,1696058412.496913
1,37264,1696058412.510521
1,37280,1696058412.5225735
1,37296,1696058412.5352206
1,37312,1696058412.5482976
1,37328,1696058412.560443
1,37344,1696058412.5726848
1,37360,1696058412.5859933
1,37376,1696058412.598422
1,37392,1696058412.6121457
1,37408,1696058412.6243174
1,37424,1696058412.6365988
1,37440,1696058412.651722
1,37456,1696058412.6644244
1,37472,1696058412.676771
1,37488,1696058412.688328
1,37504,1696058412.7018259
1,37520,1696058412.713616
1,37536,1696058412.727735
1,37552,1696058412.7401056
1,37568,1696058412.7525306
1,37584,1696058412.7649314
1,37600,1696058412.7778232
1,37616,1696058412.7913616
1,37632,1696058412.80329
1,37648,1696058412.8165953
1,37664,1696058412.8296907
1,37680,1696058412.8420424
1,37696,1696058412.8556101
1,37712,1696058412.869189
1,37728,1696058412.8809454
1,37744,1696058412.8949754
1,37760,1696058412.9071717
1,37776,1696058412.9189453
1,37792,1696058412.9327111
1,37808,1696058412.9451904
1,37824,1696058412.9570274
1,37840,1696058412.971111
1,37856,1696058412.9831595
1,37872,1696058412.9961936
1,37888,1696058413.0089788
1,37904,1696058413.0209398
1,37920,1696058413.0405424
1,37936,1696058413.0542722
1,37952,1696058413.0667663
1,37968,1696058413.0807056
1,37984,1696058413.0934298
1,38000,1696058413.1068544
1,38016,1696058413.1198304
1,38032,1696058413.1329634
1,38048,1696058413.1464293
1,38064,1696058413.1599126
1,38080,1696058413.1731863
1,38096,1696058413.1848931
1,38112,1696058413.2034912
1,38128,1696058413.217354
1,38144,1696058413.2322044
1,38160,1696058413.2455168
1,38176,1696058413.2577386
1,38192,1696058413.2708435
1,38208,1696058413.283873
1,38224,1696058413.2972386
1,38240,1696058413.3093183
1,38256,1696058413.3225894
1,38272,1696058413.3347435
1,38288,1696058413.3468783
1,38304,1696058413.3606327
1,38320,1696058413.373171
1,38336,1696058413.3861158
1,38352,1696058413.4005122
1,38368,1696058413.4132903
1,38384,1696058413.4248505
1,38400,1696058413.4387767
1,38416,1696058413.4516716
1,38432,1696058413.4641416
1,38448,1696058413.4762247
1,38464,1696058413.490492
1,38480,1696058413.5043902
1,38496,1696058413.515983
1,38512,1696058413.5286098
1,38528,1696058413.5430958
1,38544,1696058413.5545976
1,38560,1696058413.5688896
1,38576,1696058413.581015
1,38592,1696058413.5944934
1,38608,1696058413.6066263
1,38624,1696058413.6189861
1,38640,1696058413.6315
1,38656,1696058413.644562
1,38672,1696058413.657636
1,38688,1696058413.6725976
1,38704,1696058413.685137
1,38720,1696058413.6971512
1,38736,1696058413.71044
1,38752,1696058413.7224927
1,38768,1696058413.7346005
1,38784,1696058413.7483497
1,38800,1696058413.7603343
1,38816,1696058413.7753084
1,38832,1696058413.788552
1,38848,1696058413.8027105
1,38864,1696058413.815362
1,38880,1696058413.8290098
1,38896,1696058413.841323
1,38912,1696058413.8545384
1,38928,1696058413.867172
1,38944,1696058413.8808196
1,38960,1696058413.8925915
1,38976,1696058413.9046183
1,38992,1696058413.9227574
1,39008,1696058413.9377751
1,39024,1696058413.9496937
1,39040,1696058413.9630697
1,39056,1696058413.9753036
1,39072,1696058413.9871247
1,39088,1696058414.0002644
1,39104,1696058414.012752
1,39120,1696058414.0269094
1,39136,1696058414.038952
1,39152,1696058414.0515563
1,39168,1696058414.0648832
1,39184,1696058414.0769992
1,39200,1696058414.0912457
1,39216,1696058414.1030114
1,39232,1696058414.116316
1,39248,1696058414.1294932
1,39264,1696058414.1414917
1,39280,1696058414.1550884
1,39296,1696058414.1671157
1,39312,1696058414.1797981
1,39328,1696058414.1931434
1,39344,1696058414.204775
1,39360,1696058414.2190554
1,39376,1696058414.2310164
1,39392,1696058414.243676
1,39408,1696058414.256331
1,39424,1696058414.267926
1,39440,1696058414.281686
1,39456,1696058414.2940378
1,39472,1696058414.3068593
1,39488,1696058414.3197036
1,39504,1696058414.3322225
1,39520,1696058414.3439465
1,39536,1696058414.3564937
1,39552,1696058414.372927
1,39568,1696058414.3855097
1,39584,1696058414.3989727
1,39600,1696058414.4113288
1,39616,1696058414.4245894
1,39632,1696058414.4372616
1,39648,1696058414.449132
1,39664,1696058414.4629514
1,39680,1696058414.4757855
1,39696,1696058414.4887059
1,39712,1696058414.5077105
1,39728,1696058414.5269494
1,39744,1696058414.54644
1,39760,1696058414.5666566
1,39776,1696058414.5859654
1,39792,1696058414.6060138
1,39808,1696058414.6260402
1,39824,1696058414.6458435
1,39840,1696058414.6663902
1,39856,1696058414.6861398
1,39872,1696058414.7062082
1,39888,1696058414.726175
1,39904,1696058414.7464273
1,39920,1696058414.7662284
1,39936,1696058414.7866786
1,39952,1696058414.8059871
1,39968,1696058414.8260503
1,39984,1696058414.8461885
1,40000,1696058414.865986
1,40016,1696058414.8866978
1,40032,1696058414.9062085
1,40048,1696058414.9263306
1,40064,1696058414.9461312
1,40080,1696058414.9661255
1,40096,1696058414.9864118
1,40112,1696058415.0067232
1,40128,1696058415.026324
1,40144,1696058415.0462208
1,40160,1696058415.0667355
1,40176,1696058415.0867064
1,40192,1696058415.106411
1,40208,1696058415.1265914
1,40224,1696058415.1482146
1,40240,1696058415.1655378
1,40256,1696058415.180268
1,40272,1696058415.194969
1,40288,1696058415.2102835
1,40304,1696058415.2239301
1,40320,1696058415.2358575
1,40336,1696058415.248086
1,40352,1696058415.2623541
1,40368,1696058415.2745888
1,40384,1696058415.287136
1,40400,1696058415.2998636
1,40416,1696058415.3132637
1,40432,1696058415.325034
1,40448,1696058415.3383074
1,40464,1696058415.350577
1,40480,1696058415.363226
1,40496,1696058415.3757606
1,40512,1696058415.388846
1,40528,1696058415.4006429
1,40544,1696058415.4149897
1,40560,1696058415.427025
1,40576,1696058415.440035
1,40592,1696058415.4530294
1,40608,1696058415.4650035
1,40624,1696058415.4780896
1,40640,1696058415.4905865
1,40656,1696058415.504146
1,40672,1696058415.5170653
1,40688,1696058415.5286987
1,40704,1696058415.5419474
1,40720,1696058415.5545976
1,40736,1696058415.5684729
1,40752,1696058415.5803337
1,40768,1696058415.591983
1,40784,1696058415.6052065
1,40800,1696058415.6170533
1,40816,1696058415.6302962
1,40832,1696058415.6433911
1,40848,1696058415.6563745
1,40864,1696058415.6688044
1,40880,1696058415.6804512
1,40896,1696058415.6937647
1,40912,1696058415.7055879
1,40928,1696058415.7185795
1,40944,1696058415.7307503
1,40960,1696058415.7429743
1,40976,1696058415.7557197
1,40992,1696058415.7682803
1,41008,1696058415.7797713
1,41024,1696058415.79308
1,41040,1696058415.8055806
1,41056,1696058415.8171878
1,41072,1696058415.830415
1,41088,1696058415.8426135
1,41104,1696058415.8547432
1,41120,1696058415.867522
1,41136,1696058415.8796618
1,41152,1696058415.891095
1,41168,1696058415.9040303
1,41184,1696058415.9167702
1,41200,1696058415.928349
1,41216,1696058415.9401672
1,41232,1696058415.953183
1,41248,1696058415.9651134
1,41264,1696058415.978608
1,41280,1696058415.9906867
1,41296,1696058416.0027852
1,41312,1696058416.0155702
1,41328,1696058416.0277264
1,41344,1696058416.0412338
1,41360,1696058416.053744
1,41376,1696058416.0657566
1,41392,1696058416.0787055
1,41408,1696058416.0908618
1,41424,1696058416.1031911
1,41440,1696058416.1159132
1,41456,1696058416.127904
1,41472,1696058416.1394975
1,41488,1696058416.1529028
1,41504,1696058416.1657043
1,41520,1696058416.1775606
1,41536,1696058416.1906319
1,41552,1696058416.2027223
1,41568,1696058416.2155375
1,41584,1696058416.2279985
1,41600,1696058416.2399633
1,41616,1696058416.2519119
1,41632,1696058416.265152
1,41648,1696058416.279152
1,41664,1696058416.2915692
1,41680,1696058416.3040771
1,41696,1696058416.3162763
1,41712,1696058416.3277647
1,41728,1696058416.3404214
1,41744,1696058416.3541236
1,41760,1696058416.3679876
1,41776,1696058416.379871
1,41792,1696058416.3928094
1,41808,1696058416.4071712
1,41824,1696058416.419921
1,41840,1696058416.432262
1,41856,1696058416.444329
1,41872,1696058416.4575534
1,41888,1696058416.4693215
1,41904,1696058416.4824243
1,41920,1696058416.494653
1,41936,1696058416.5068142
1,41952,1696058416.5198746
1,41968,1696058416.5318863
1,41984,1696058416.545036
1,42000,1696058416.556743
1,42016,1696058416.569806
1,42032,1696058416.5821354
1,42048,1696058416.5940175
1,42064,1696058416.607217
1,42080,1696058416.619229
1,42096,1696058416.6318855
1,42112,1696058416.6443987
1,42128,1696058416.6564043
1,42144,1696058416.6699238
1,42160,1696058416.6819563
1,42176,1696058416.6937203
1,42192,1696058416.706881
1,42208,1696058416.71896
1,42224,1696058416.7308366
1,42240,1696058416.7442636
1,42256,1696058416.7564046
1,42272,1696058416.7683458
1,42288,1696058416.7801037
1,42304,1696058416.7934241
1,42320,1696058416.805336
1,42336,1696058416.8185403
1,42352,1696058416.8307166
1,42368,1696058416.8430784
1,42384,1696058416.8557277
1,42400,1696058416.8678792
1,42416,1696058416.881288
1,42432,1696058416.893641
1,42448,1696058416.9054427
1,42464,1696058416.9186258
1,42480,1696058416.9306579
1,42496,1696058416.9428551
1,42512,1696058416.9557474
1,42528,1696058416.967232
1,42544,1696058416.9799356
1,42560,1696058416.9924042
1,42576,1696058417.0043988
1,42592,1696058417.0160284
1,42608,1696058417.0288508
1,42624,1696058417.0409822
1,42640,1696058417.0525897
1,42656,1696058417.0661206
1,42672,1696058417.0782576
1,42688,1696058417.0903232
1,42704,1696058417.103725
1,42720,1696058417.1154826
1,42736,1696058417.1284184
1,42752,1696058417.1408858
1,42768,1696058417.1526299
1,42784,1696058417.1660745
1,42800,1696058417.1784725
1,42816,1696058417.1903405
1,42832,1696058417.2031648
1,42848,1696058417.2153215
1,42864,1696058417.2278957
1,42880,1696058417.2404213
1,42896,1696058417.252419
1,42912,1696058417.266025
1,42928,1696058417.2780902
1,42944,1696058417.2899094
1,42960,1696058417.3028388
1,42976,1696058417.3150096
1,42992,1696058417.3275921
1,43008,1696058417.340395
1,43024,1696058417.3518913
1,43040,1696058417.365052
1,43056,1696058417.3768291
1,43072,1696058417.3901825
1,43088,1696058417.4064956
1,43104,1696058417.4254687
1,43120,1696058417.4456425
1,43136,1696058417.4602735
1,43152,1696058417.473419
1,43168,1696058417.4852495
1,43184,1696058417.498295
1,43200,1696058417.5103898
1,43216,1696058417.5225294
1,43232,1696058417.5357504
1,43248,1696058417.547384
1,43264,1696058417.5603821
1,43280,1696058417.5729911
1,43296,1696058417.584543
1,43312,1696058417.596289
1,43328,1696058417.6095593
1,43344,1696058417.6212919
1,43360,1696058417.6348815
1,43376,1696058417.6471498
1,43392,1696058417.6596973
1,43408,1696058417.6721375
1,43424,1696058417.6841915
1,43440,1696058417.697263
1,43456,1696058417.709003
1,43472,1696058417.7221751
1,43488,1696058417.7344284
1,43504,1696058417.7464054
1,43520,1696058417.759243
1,43536,1696058417.7713683
1,43552,1696058417.7842658
1,43568,1696058417.7968335
1,43584,1696058417.8084028
1,43600,1696058417.8211808
1,43616,1696058417.834863
1,43632,1696058417.8465908
1,43648,1696058417.8598506
1,43664,1696058417.872008
1,43680,1696058417.8852832
1,43696,1696058417.8976202
1,43712,1696058417.9092999
1,43728,1696058417.9224317
1,43744,1696058417.934527
1,43760,1696058417.9465528
1,43776,1696058417.9593997
1,43792,1696058417.9715033
1,43808,1696058417.9846437
1,43824,1696058417.9971156
1,43840,1696058418.0086756
1,43856,1696058418.0219827
1,43872,1696058418.0342767
1,43888,1696058418.0461507
1,43904,1696058418.0589826
1,43920,1696058418.0711224
1,43936,1696058418.0837312
1,43952,1696058418.0961177
1,43968,1696058418.108133
1,43984,1696058418.1210842
1,44000,1696058418.1342208
1,44016,1696058418.147482
1,44032,1696058418.1588128
1,44048,1696058418.171865
1,44064,1696058418.1847932
1,44080,1696058418.1966653
1,44096,1696058418.208342
1,44112,1696058418.2213228
1,44128,1696058418.233109
1,44144,1696058418.2460208
1,44160,1696058418.258309
1,44176,1696058418.2702422
1,44192,1696058418.2831838
1,44208,1696058418.295223
1,44224,1696058418.3073628
1,44240,1696058418.3203435
1,44256,1696058418.3324525
1,44272,1696058418.3439486
1,44288,1696058418.3574429
1,44304,1696058418.369869
1,44320,1696058418.3816512
1,44336,1696058418.3945098
1,44352,1696058418.4067492
1,44368,1696058418.419079
1,44384,1696058418.4319203
1,44400,1696058418.4438007
1,44416,1696058418.455408
1,44432,1696058418.4683902
1,44448,1696058418.4810696
1,44464,1696058418.4929051
1,44480,1696058418.5049722
1,44496,1696058418.5186095
1,44512,1696058418.5308695
1,44528,1696058418.5432937
1,44544,1696058418.5552754
1,44560,1696058418.5679972
1,44576,1696058418.579512
1,44592,1696058418.5924208
1,44608,1696058418.6049058
1,44624,1696058418.6168904
1,44640,1696058418.6342788
1,44656,1696058418.6456916
1,44672,1696058418.6580384
1,44688,1696058418.6715186
1,44704,1696058418.6838267
1,44720,1696058418.6953008
1,44736,1696058418.7081068
1,44752,1696058418.7207239
1,44768,1696058418.7323647
1,44784,1696058418.7439568
1,44800,1696058418.7571504
1,44816,1696058418.7695282
1,44832,1696058418.7815025
1,44848,1696058418.7943628
1,44864,1696058418.8064744
1,44880,1696058418.8184195
1,44896,1696058418.8311944
1,44912,1696058418.8431864
1,44928,1696058418.85597
1,44944,1696058418.8683665
1,44960,1696058418.8804176
1,44976,1696058418.8938074
1,44992,1696058418.9061244
1,45008,1696058418.917964
1,45024,1696058418.9313462
1,45040,1696058418.943197
1,45056,1696058418.9558935
1,45072,1696058418.9686413
1,45088,1696058418.9801843
1,45104,1696058418.9931502
1,45120,1696058419.0049846
1,45136,1696058419.0180442
1,45152,1696058419.0304296
1,45168,1696058419.042358
1,45184,1696058419.0551562
1,45200,1696058419.0672042
1,45216,1696058419.0797684
1,45232,1696058419.0921113
1,45248,1696058419.1040263
1,45264,1696058419.1169565
1,45280,1696058419.1288328
1,45296,1696058419.1405327
1,45312,1696058419.1537092
1,45328,1696058419.1654348
1,45344,1696058419.1787052
1,45360,1696058419.1909657
1,45376,1696058419.2039611
1,45392,1696058419.216802
1,45408,1696058419.228756
1,45424,1696058419.2420125
1,45440,1696058419.254098
1,45456,1696058419.2659073
1,45472,1696058419.2789037
1,45488,1696058419.291017
1,45504,1696058419.3034074
1,45520,1696058419.320654
1,45536,1696058419.3327897
1,45552,1696058419.348116
1,45568,1696058419.3605103
1,45584,1696058419.3721905
1,45600,1696058419.383934
1,45616,1696058419.3970006
1,45632,1696058419.4094985
1,45648,1696058419.4210951
1,45664,1696058419.4341915
1,45680,1696058419.4462953
1,45696,1696058419.4582632
1,45712,1696058419.4710405
1,45728,1696058419.483216
1,45744,1696058419.4958546
1,45760,1696058419.5092885
1,45776,1696058419.520928
1,45792,1696058419.534099
1,45808,1696058419.546241
1,45824,1696058419.5580566
1,45840,1696058419.5708573
1,45856,1696058419.5830722
1,45872,1696058419.595724
1,45888,1696058419.6088061
1,45904,1696058419.6203725
1,45920,1696058419.6320345
1,45936,1696058419.644759
1,45952,1696058419.6589491
1,45968,1696058419.671299
1,45984,1696058419.6838796
1,46000,1696058419.695983
1,46016,1696058419.7131093
1,46032,1696058419.7280521
1,46048,1696058419.7405872
1,46064,1696058419.7567897
1,46080,1696058419.7694778
1,46096,1696058419.7832615
1,46112,1696058419.7982147
1,46128,1696058419.8126137
1,46144,1696058419.8269656
1,46160,1696058419.8391213
1,46176,1696058419.8514154
1,46192,1696058419.8666325
1,46208,1696058419.8804007
1,46224,1696058419.8933187
1,46240,1696058419.9062257
1,46256,1696058419.9187624
1,46272,1696058419.931691
1,46288,1696058419.9433818
1,46304,1696058419.958298
1,46320,1696058419.9701385
1,46336,1696058419.983009
1,46352,1696058419.9973826
1,46368,1696058420.0111043
1,46384,1696058420.0225966
1,46400,1696058420.0344899
1,46416,1696058420.048413
1,46432,1696058420.060772
1,46448,1696058420.0723865
1,46464,1696058420.087872
1,46480,1696058420.0993438
1,46496,1696058420.1143184
1,46512,1696058420.1264625
1,46528,1696058420.139616
1,46544,1696058420.1527412
1,46560,1696058420.1646152
1,46576,1696058420.1780202
1,46592,1696058420.1902337
1,46608,1696058420.2022023
1,46624,1696058420.2150917
1,46640,1696058420.2270823
1,46656,1696058420.2396574
1,46672,1696058420.252165
1,46688,1696058420.2642353
1,46704,1696058420.2773256
1,46720,1696058420.2890391
1,46736,1696058420.3021872
1,46752,1696058420.314397
1,46768,1696058420.3264241
1,46784,1696058420.3392766
1,46800,1696058420.3513553
1,46816,1696058420.364326
1,46832,1696058420.3768723
1,46848,1696058420.3885813
1,46864,1696058420.4011478
1,46880,1696058420.4145823
1,46896,1696058420.4260204
1,46912,1696058420.4378724
1,46928,1696058420.4519346
1,46944,1696058420.46299
1,46960,1696058420.4774375
1,46976,1696058420.489709
1,46992,1696058420.5017705
1,47008,1696058420.5164149
1,47024,1696058420.5280395
1,47040,1696058420.5396812
1,47056,1696058420.551974
1,47072,1696058420.5649137
1,47088,1696058420.5766013
1,47104,1696058420.5900166
1,47120,1696058420.602176
1,47136,1696058420.6138115
1,47152,1696058420.6262734
1,47168,1696058420.639681
1,47184,1696058420.6513405
1,47200,1696058420.6643465
1,47216,1696058420.6768327
1,47232,1696058420.6883154
1,47248,1696058420.7016296
1,47264,1696058420.7156196
1,47280,1696058420.7271035
1,47296,1696058420.7401083
1,47312,1696058420.7517836
1,47328,1696058420.7660565
1,47344,1696058420.779871
1,47360,1696058420.790941
1,47376,1696058420.805056
1,47392,1696058420.8186402
1,47408,1696058420.83116
1,47424,1696058420.8443325
1,47440,1696058420.8559005
1,47456,1696058420.8675365
1,47472,1696058420.8805804
1,47488,1696058420.8925972
1,47504,1696058420.9041848
1,47520,1696058420.9178665
1,47536,1696058420.9302526
1,47552,1696058420.942349
1,47568,1696058420.955588
1,47584,1696058420.9673374
1,47600,1696058420.9801743
1,47616,1696058420.9926515
1,47632,1696058421.0046434
1,47648,1696058421.0180879
1,47664,1696058421.030394
1,47680,1696058421.0475917
1,47696,1696058421.0665243
1,47712,1696058421.0864034
1,47728,1696058421.106743
1,47744,1696058421.1264422
1,47760,1696058421.1459992
1,47776,1696058421.1660948
1,47792,1696058421.1822534
1,47808,1696058421.1994328
1,47824,1696058421.2143273
1,47840,1696058421.2347038
1,47856,1696058421.253838
1,47872,1696058421.2708962
1,47888,1696058421.2856133
1,47904,1696058421.297516
1,47920,1696058421.3110976
1,47936,1696058421.3233528
1,47952,1696058421.3359985
1,47968,1696058421.3480632
1,47984,1696058421.3596554
1,48000,1696058421.3726678
1,48016,1696058421.384771
1,48032,1696058421.396514
1,48048,1696058421.4094088
1,48064,1696058421.4219568
1,48080,1696058421.4337904
1,48096,1696058421.4468746
1,48112,1696058421.45903
1,48128,1696058421.471887
1,48144,1696058421.4844189
1,48160,1696058421.4965732
1,48176,1696058421.5097518
1,48192,1696058421.5214765
1,48208,1696058421.5340443
1,48224,1696058421.546746
1,48240,1696058421.5589564
1,48256,1696058421.571653
1,48272,1696058421.5837536
1,48288,1696058421.595328
1,48304,1696058421.6083746
1,48320,1696058421.6208274
1,48336,1696058421.6327775
1,48352,1696058421.6461394
1,48368,1696058421.6583943
1,48384,1696058421.670468
1,48400,1696058421.6834683
1,48416,1696058421.6958623
1,48432,1696058421.7090783
1,48448,1696058421.721045
1,48464,1696058421.73434
1,48480,1696058421.7466018
1,48496,1696058421.7587175
1,48512,1696058421.773854
1,48528,1696058421.7898324
1,48544,1696058421.803217
1,48560,1696058421.8153312
1,48576,1696058421.8269808
1,48592,1696058421.8398507
1,48608,1696058421.8524313
1,48624,1696058421.8644388
1,48640,1696058421.8760762
1,48656,1696058421.88902
1,48672,1696058421.9011126
1,48688,1696058421.913919
1,48704,1696058421.926226
1,48720,1696058421.9380767
1,48736,1696058421.9509337
1,48752,1696058421.9631317
1,48768,1696058421.975863
1,48784,1696058421.9885988
1,48800,1696058422.00012
1,48816,1696058422.0131538
1,48832,1696058422.0249279
1,48848,1696058422.0380075
1,48864,1696058422.0502517
1,48880,1696058422.0621061
1,48896,1696058422.0750136
1,48912,1696058422.087224
1,48928,1696058422.099774
1,48944,1696058422.1122277
1,48960,1696058422.1242301
1,48976,1696058422.1373527
1,48992,1696058422.1490738
1,49008,1696058422.1621234
1,49024,1696058422.174367
1,49040,1696058422.1863065
1,49056,1696058422.199161
1,49072,1696058422.2112825
1,49088,1696058422.2243195
1,49104,1696058422.236904
1,49120,1696058422.2485485
1,49136,1696058422.261847
1,49152,1696058422.2737155
1,49168,1696058422.2865944
1,49184,1696058422.298792
1,49200,1696058422.3112152
1,49216,1696058422.324379
1,49232,1696058422.3360877
1,49248,1696058422.3489177
1,49264,1696058422.3626912
1,49280,1696058422.3748267
1,49296,1696058422.3874857
1,49312,1696058422.3997781
1,49328,1696058422.4127793
1,49344,1696058422.427052
1,49360,1696058422.4391394
1,49376,1696058422.4518752
1,49392,1696058422.4640546
1,49408,1696058422.479113
1,49424,1696058422.4917457
1,49440,1696058422.5045218
1,49456,1696058422.5161226
1,49472,1696058422.5277925
1,49488,1696058422.5408337
1,49504,1696058422.5533051
1,49520,1696058422.5676203
1,49536,1696058422.5812948
1,49552,1696058422.5928679
1,49568,1696058422.6049192
1,49584,1696058422.6174703
1,49600,1696058422.6296434
1,49616,1696058422.6429904
1,49632,1696058422.6551592
1,49648,1696058422.6680403
1,49664,1696058422.6809134
1,49680,1696058422.6919248
1,49696,1696058422.7055936
1,49712,1696058422.7180865
1,49728,1696058422.730202
1,49744,1696058422.7434165
1,49760,1696058422.7553957
1,49776,1696058422.7683668
1,49792,1696058422.7808104
1,49808,1696058422.7926087
1,49824,1696058422.8075426
1,49840,1696058422.819823
1,49856,1696058422.83281
1,49872,1696058422.844799
1,49888,1696058422.8649035
1,49904,1696058422.8749044
1,49920,1696058422.8848867
1,49936,1696058422.8948665
1,49952,1696058422.9049697
1,49968,1696058422.9149327
1,49984,1696058422.9249375
1,50000,1696058422.9349322
2,16,1696058423.1893163
2,32,1696058423.200272
2,48,1696058423.2112
2,64,1696058423.223074
2,80,1696058423.2339182
2,96,1696058423.2449653
2,112,1696058423.2561758
2,128,1696058423.2684693
2,144,1696058423.2791984
2,160,1696058423.2901516
2,176,1696058423.302273
2,192,1696058423.3150513
2,208,1696058423.3257942
2,224,1696058423.3368177
2,240,1696058423.349342
2,256,1696058423.360937
2,272,1696058423.371674
2,288,1696058423.3828232
2,304,1696058423.3953066
2,320,1696058423.4067845
2,336,1696058423.417683
2,352,1696058423.4295123
2,368,1696058423.441517
2,384,1696058423.4525464
2,400,1696058423.463779
2,416,1696058423.475113
2,432,1696058423.487851
2,448,1696058423.5003166
2,464,1696058423.5117614
2,480,1696058423.5222816
2,496,1696058423.534094
2,512,1696058423.545737
2,528,1696058423.5568643
2,544,1696058423.5693161
2,560,1696058423.580907
2,576,1696058423.5916069
2,592,1696058423.6027308
2,608,1696058423.6154308
2,624,1696058423.627962
2,640,1696058423.6391234
2,656,1696058423.6498206
2,672,1696058423.660875
2,688,1696058423.6733463
2,704,1696058423.684891
2,720,1696058423.6955972
2,736,1696058423.706712
2,752,1696058423.7195032
2,768,1696058423.7307174
2,784,1696058423.7430084
2,800,1696058423.755984
2,816,1696058423.7673802
2,832,1696058423.777975
2,848,1696058423.788728
2,864,1696058423.8001451
2,880,1696058423.8128335
2,896,1696058423.8237195
2,912,1696058423.8347661
2,928,1696058423.8472738
2,944,1696058423.85872
2,960,1696058423.8709886
2,976,1696058423.8839781
2,992,1696058423.8954124
2,1008,1696058423.907087
2,1024,1696058423.9177656
2,1040,1696058423.9285574
2,1056,1696058423.9399638
2,1072,1696058423.9513774
2,1088,1696058423.963922
2,1104,1696058423.9769223
2,1120,1696058423.9881372
2,1136,1696058424.0025342
2,1152,1696058424.0181503
2,1168,1696058424.0316784
2,1184,1696058424.0452743
2,1200,1696058424.0570748
2,1216,1696058424.0702097
2,1232,1696058424.0823348
2,1248,1696058424.0942273
2,1264,1696058424.1070266
2,1280,1696058424.119088
2,1296,1696058424.131628
2,1312,1696058424.1441455
2,1328,1696058424.1561224
2,1344,1696058424.171211
2,1360,1696058424.1833847
2,1376,1696058424.1961994
2,1392,1696058424.2083797
2,1408,1696058424.219963
2,1424,1696058424.2327774
2,1440,1696058424.2448304
2,1456,1696058424.2565072
2,1472,1696058424.2699366
2,1488,1696058424.2817395
2,1504,1696058424.2936509
2,1520,1696058424.3065367
2,1536,1696058424.3186734
2,1552,1696058424.331403
2,1568,1696058424.343635
2,1584,1696058424.3567178
2,1600,1696058424.3707964
2,1616,1696058424.382817
2,1632,1696058424.3955863
2,1648,1696058424.4078069
2,1664,1696058424.4206414
2,1680,1696058424.434334
2,1696,1696058424.4479952
2,1712,1696058424.459782
2,1728,1696058424.4726393
2,1744,1696058424.4846306
2,1760,1696058424.4963071
2,1776,1696058424.5085957
2,1792,1696058424.5216134
2,1808,1696058424.53334
2,1824,1696058424.5464773
2,1840,1696058424.5585437
2,1856,1696058424.5705726
2,1872,1696058424.583288
2,1888,1696058424.5955083
2,1904,1696058424.6083922
2,1920,1696058424.6210015
2,1936,1696058424.6324918
2,1952,1696058424.6441562
2,1968,1696058424.6591423
2,1984,1696058424.6715207
2,2000,1696058424.683994
2,2016,1696058424.6961544
2,2032,1696058424.7077076
2,2048,1696058424.7207663
2,2064,1696058424.7331657
2,2080,1696058424.7446415
2,2096,1696058424.7562718
2,2112,1696058424.7711923
2,2128,1696058424.7864068
2,2144,1696058424.7982557
2,2160,1696058424.811052
2,2176,1696058424.8231058
2,2192,1696058424.8355775
2,2208,1696058424.8481367
2,2224,1696058424.860202
2,2240,1696058424.8717732
2,2256,1696058424.8846095
2,2272,1696058424.8968937
2,2288,1696058424.9116805
2,2304,1696058424.9240134
2,2320,1696058424.937039
2,2336,1696058424.948649
2,2352,1696058424.9617836
2,2368,1696058424.9742274
2,2384,1696058424.9861262
2,2400,1696058424.9992502
2,2416,1696058425.011381
2,2432,1696058425.0242717
2,2448,1696058425.0373394
2,2464,1696058425.0489242
2,2480,1696058425.0619915
2,2496,1696058425.0738132
2,2512,1696058425.0866923
2,2528,1696058425.0987432
2,2544,1696058425.1102366
2,2560,1696058425.1231115
2,2576,1696058425.1361399
2,2592,1696058425.1488981
2,2608,1696058425.1680238
2,2624,1696058425.181384
2,2640,1696058425.1933208
2,2656,1696058425.205548
2,2672,1696058425.2178652
2,2688,1696058425.2304459
2,2704,1696058425.2434628
2,2720,1696058425.2548208
2,2736,1696058425.268983
2,2752,1696058425.2826798
2,2768,1696058425.295269
2,2784,1696058425.3076632
2,2800,1696058425.3209026
2,2816,1696058425.3324296
2,2832,1696058425.3459935
2,2848,1696058425.3576403
2,2864,1696058425.369275
2,2880,1696058425.3838053
2,2896,1696058425.3962946
2,2912,1696058425.4082434
2,2928,1696058425.4201057
2,2944,1696058425.431682
2,2960,1696058425.4446309
2,2976,1696058425.4559956
2,2992,1696058425.4683676
2,3008,1696058425.480417
2,3024,1696058425.4927964
2,3040,1696058425.5051982
2,3056,1696058425.5175169
2,3072,1696058425.5300405
2,3088,1696058425.542486
2,3104,1696058425.5554326
2,3120,1696058425.568371
2,3136,1696058425.5807598
2,3152,1696058425.5926938
2,3168,1696058425.6061108
2,3184,1696058425.6182961
2,3200,1696058425.6303046
2,3216,1696058425.6431997
2,3232,1696058425.6545396
2,3248,1696058425.667431
2,3264,1696058425.6814604
2,3280,1696058425.6930182
2,3296,1696058425.705424
2,3312,1696058425.7179074
