epoch,trained_sample,time
1,0,1696072539.560734
1,128,1696072540.840473
1,256,1696072540.8606794
1,384,1696072540.8870387
1,512,1696072540.9067042
1,640,1696072540.9271095
1,768,1696072540.9423168
1,896,1696072540.9653294
1,1024,1696072540.9870682
1,1152,1696072541.0072525
1,1280,1696072541.0294836
1,1408,1696072541.0528734
1,1536,1696072541.0771685
1,1664,1696072541.1014702
1,1792,1696072541.1198444
1,1920,1696072541.1386125
1,2048,1696072541.154784
1,2176,1696072541.1743855
1,2304,1696072541.1919694
1,2432,1696072541.2108538
1,2560,1696072541.2307353
1,2688,1696072541.2511604
1,2816,1696072541.2707784
1,2944,1696072541.2887678
1,3072,1696072541.3052745
1,3200,1696072541.3295133
1,3328,1696072541.3498409
1,3456,1696072541.3681629
1,3584,1696072541.3868902
1,3712,1696072541.4070776
1,3840,1696072541.426858
1,3968,1696072541.4468932
1,4096,1696072541.4670753
1,4224,1696072541.4870408
1,4352,1696072541.5069923
1,4480,1696072541.5270815
1,4608,1696072541.5473895
1,4736,1696072541.5669327
1,4864,1696072541.586831
1,4992,1696072541.6045165
1,5120,1696072541.624643
1,5248,1696072541.6437836
1,5376,1696072541.6628175
1,5504,1696072541.6824667
1,5632,1696072541.7029831
1,5760,1696072541.7230985
1,5888,1696072541.7430744
1,6016,1696072541.7631252
1,6144,1696072541.7827234
1,6272,1696072541.8025541
1,6400,1696072541.8225932
1,6528,1696072541.8424816
1,6656,1696072541.8633223
1,6784,1696072541.882929
1,6912,1696072541.9000666
1,7040,1696072541.9252644
1,7168,1696072541.9452791
1,7296,1696072541.9662964
1,7424,1696072541.992025
1,7552,1696072542.0135577
1,7680,1696072542.038152
1,7808,1696072542.0609448
1,7936,1696072542.081563
1,8064,1696072542.0997233
1,8192,1696072542.120001
1,8320,1696072542.142975
1,8448,1696072542.163364
1,8576,1696072542.188144
1,8704,1696072542.2092896
1,8832,1696072542.235154
1,8960,1696072542.2574403
1,9088,1696072542.273924
1,9216,1696072542.2939384
1,9344,1696072542.3148813
1,9472,1696072542.3351502
1,9600,1696072542.3576052
1,9728,1696072542.3826551
1,9856,1696072542.4056106
1,9984,1696072542.4215777
1,10112,1696072542.4470425
1,10240,1696072542.4723508
1,10368,1696072542.4935493
1,10496,1696072542.5166337
1,10624,1696072542.5418663
1,10752,1696072542.561433
1,10880,1696072542.5871298
1,11008,1696072542.6084437
1,11136,1696072542.6359994
1,11264,1696072542.6578243
1,11392,1696072542.6818876
1,11520,1696072542.7048454
1,11648,1696072542.7257578
1,11776,1696072542.7513654
1,11904,1696072542.7762418
1,12032,1696072542.8003793
1,12160,1696072542.8245223
1,12288,1696072542.845116
1,12416,1696072542.868475
1,12544,1696072542.890938
1,12672,1696072542.91134
1,12800,1696072542.9333065
1,12928,1696072542.95739
1,13056,1696072542.9810843
1,13184,1696072543.0059934
1,13312,1696072543.0265718
1,13440,1696072543.0463042
1,13568,1696072543.0669155
1,13696,1696072543.0871189
1,13824,1696072543.1071105
1,13952,1696072543.1269617
1,14080,1696072543.1488137
1,14208,1696072543.170996
1,14336,1696072543.19127
1,14464,1696072543.2080653
1,14592,1696072543.226555
1,14720,1696072543.24694
1,14848,1696072543.2667003
1,14976,1696072543.2847328
1,15104,1696072543.3025017
1,15232,1696072543.3228226
1,15360,1696072543.3425384
1,15488,1696072543.3674903
1,15616,1696072543.3880303
1,15744,1696072543.4094074
1,15872,1696072543.4347036
1,16000,1696072543.457396
1,16128,1696072543.480066
1,16256,1696072543.502817
1,16384,1696072543.523783
1,16512,1696072543.5455515
1,16640,1696072543.569354
1,16768,1696072543.5928
1,16896,1696072543.6142957
1,17024,1696072543.6342678
1,17152,1696072543.6526449
1,17280,1696072543.6731563
1,17408,1696072543.6920142
1,17536,1696072543.7109215
1,17664,1696072543.7305894
1,17792,1696072543.7509465
1,17920,1696072543.7707016
1,18048,1696072543.790543
1,18176,1696072543.8106892
1,18304,1696072543.8314226
1,18432,1696072543.8550334
1,18560,1696072543.876364
1,18688,1696072543.89922
1,18816,1696072543.92177
1,18944,1696072543.9446442
1,19072,1696072543.9671857
1,19200,1696072543.9885926
1,19328,1696072544.0090902
1,19456,1696072544.0254962
1,19584,1696072544.0477464
1,19712,1696072544.0690842
1,19840,1696072544.089093
1,19968,1696072544.1041484
1,20096,1696072544.1233292
1,20224,1696072544.1446335
1,20352,1696072544.165014
1,20480,1696072544.1803265
1,20608,1696072544.1999614
1,20736,1696072544.2211072
1,20864,1696072544.2411454
1,20992,1696072544.257288
1,21120,1696072544.2765238
1,21248,1696072544.2965865
1,21376,1696072544.3165534
1,21504,1696072544.3329806
1,21632,1696072544.3599231
1,21760,1696072544.3813078
1,21888,1696072544.3982415
1,22016,1696072544.413963
1,22144,1696072544.4368048
1,22272,1696072544.457809
1,22400,1696072544.4793398
1,22528,1696072544.4944503
1,22656,1696072544.51579
1,22784,1696072544.5370624
1,22912,1696072544.557156
1,23040,1696072544.5733728
1,23168,1696072544.6008835
1,23296,1696072544.6215425
1,23424,1696072544.6380265
1,23552,1696072544.662094
1,23680,1696072544.684254
1,23808,1696072544.7115204
1,23936,1696072544.7327387
1,24064,1696072544.758883
1,24192,1696072544.7814238
1,24320,1696072544.8040226
1,24448,1696072544.8271317
1,24576,1696072544.8478065
1,24704,1696072544.869292
1,24832,1696072544.8941019
1,24960,1696072544.9173772
1,25088,1696072544.9399638
1,25216,1696072544.9673755
1,25344,1696072544.9895413
1,25472,1696072545.0143273
1,25600,1696072545.0377057
1,25728,1696072545.062916
1,25856,1696072545.0853648
1,25984,1696072545.1083722
1,26112,1696072545.1311743
1,26240,1696072545.151584
1,26368,1696072545.1788838
1,26496,1696072545.2043333
1,26624,1696072545.225818
1,26752,1696072545.246394
1,26880,1696072545.2713497
1,27008,1696072545.296272
1,27136,1696072545.3201299
1,27264,1696072545.3413742
1,27392,1696072545.3653948
1,27520,1696072545.382375
1,27648,1696072545.4051433
1,27776,1696072545.4220471
1,27904,1696072545.4454546
1,28032,1696072545.4690356
1,28160,1696072545.4901571
1,28288,1696072545.513287
1,28416,1696072545.5370216
1,28544,1696072545.557716
1,28672,1696072545.5843248
1,28800,1696072545.604494
1,28928,1696072545.6269279
1,29056,1696072545.6504931
1,29184,1696072545.6723273
1,29312,1696072545.6950479
1,29440,1696072545.716186
1,29568,1696072545.7390327
1,29696,1696072545.7592835
1,29824,1696072545.7874188
1,29952,1696072545.8094132
1,30080,1696072545.8264148
1,30208,1696072545.8515828
1,30336,1696072545.8767447
1,30464,1696072545.8978043
1,30592,1696072545.9223223
1,30720,1696072545.9448946
1,30848,1696072545.9707725
1,30976,1696072545.9962857
1,31104,1696072546.0140038
1,31232,1696072546.0349867
1,31360,1696072546.0559134
1,31488,1696072546.0750647
1,31616,1696072546.0949929
1,31744,1696072546.1150067
1,31872,1696072546.1350405
1,32000,1696072546.1551118
1,32128,1696072546.175051
1,32256,1696072546.1950023
1,32384,1696072546.2150638
1,32512,1696072546.2353754
1,32640,1696072546.255218
1,32768,1696072546.27507
1,32896,1696072546.294812
1,33024,1696072546.3156004
1,33152,1696072546.3362367
1,33280,1696072546.3554783
1,33408,1696072546.3792095
1,33536,1696072546.4002576
1,33664,1696072546.4221299
1,33792,1696072546.4430327
1,33920,1696072546.4656649
1,34048,1696072546.4908988
1,34176,1696072546.5135105
1,34304,1696072546.5385087
1,34432,1696072546.564813
1,34560,1696072546.5860415
1,34688,1696072546.607612
1,34816,1696072546.6356523
1,34944,1696072546.6567886
1,35072,1696072546.6783974
1,35200,1696072546.698827
1,35328,1696072546.7256792
1,35456,1696072546.7453244
1,35584,1696072546.7687774
1,35712,1696072546.792748
1,35840,1696072546.8138573
1,35968,1696072546.8326876
1,36096,1696072546.8503819
1,36224,1696072546.8709204
1,36352,1696072546.8908627
1,36480,1696072546.911139
1,36608,1696072546.9329295
1,36736,1696072546.9510605
1,36864,1696072546.9712439
1,36992,1696072546.9911425
1,37120,1696072547.0108676
1,37248,1696072547.031037
1,37376,1696072547.051194
1,37504,1696072547.0707424
1,37632,1696072547.0909045
1,37760,1696072547.1112185
1,37888,1696072547.1292722
1,38016,1696072547.1475313
1,38144,1696072547.1667926
1,38272,1696072547.1871161
1,38400,1696072547.2077131
1,38528,1696072547.227151
1,38656,1696072547.2470016
1,38784,1696072547.2668118
1,38912,1696072547.2871144
1,39040,1696072547.3113751
1,39168,1696072547.331719
1,39296,1696072547.3551795
1,39424,1696072547.3763716
1,39552,1696072547.3992064
1,39680,1696072547.4196336
1,39808,1696072547.443247
1,39936,1696072547.4644105
1,40064,1696072547.489741
1,40192,1696072547.5111415
1,40320,1696072547.5300639
1,40448,1696072547.555906
1,40576,1696072547.5781946
1,40704,1696072547.593964
1,40832,1696072547.6142545
1,40960,1696072547.6341636
1,41088,1696072547.6593482
1,41216,1696072547.6773126
1,41344,1696072547.697811
1,41472,1696072547.7161362
1,41600,1696072547.7362626
1,41728,1696072547.7581136
1,41856,1696072547.779317
1,41984,1696072547.8077035
1,42112,1696072547.8285758
1,42240,1696072547.8539114
1,42368,1696072547.8705401
1,42496,1696072547.8931718
1,42624,1696072547.9176586
1,42752,1696072547.9414034
1,42880,1696072547.9632442
1,43008,1696072547.9873822
1,43136,1696072548.0081456
1,43264,1696072548.0287826
1,43392,1696072548.0527272
1,43520,1696072548.078311
1,43648,1696072548.1029994
1,43776,1696072548.126869
1,43904,1696072548.1483076
1,44032,1696072548.1694686
1,44160,1696072548.1910486
1,44288,1696072548.2137108
1,44416,1696072548.2400033
1,44544,1696072548.2575767
1,44672,1696072548.281875
1,44800,1696072548.2994065
1,44928,1696072548.3207638
1,45056,1696072548.3430257
1,45184,1696072548.3636832
1,45312,1696072548.3870025
1,45440,1696072548.4080508
1,45568,1696072548.4312997
1,45696,1696072548.4515538
1,45824,1696072548.4752505
1,45952,1696072548.4962237
1,46080,1696072548.5192125
1,46208,1696072548.5400825
1,46336,1696072548.563275
1,46464,1696072548.5840647
1,46592,1696072548.6074278
1,46720,1696072548.6280868
1,46848,1696072548.6510525
1,46976,1696072548.6716626
1,47104,1696072548.6951687
1,47232,1696072548.716576
1,47360,1696072548.7389874
1,47488,1696072548.7554524
1,47616,1696072548.7769523
1,47744,1696072548.7986174
1,47872,1696072548.8191702
1,48000,1696072548.843209
1,48128,1696072548.8644278
1,48256,1696072548.887006
1,48384,1696072548.9078643
1,48512,1696072548.9309454
1,48640,1696072548.9527166
1,48768,1696072548.9751115
1,48896,1696072548.9956615
1,49024,1696072549.0182054
1,49152,1696072549.0381837
1,49280,1696072549.0587249
1,49408,1696072549.079337
1,49536,1696072549.0987515
1,49664,1696072549.1188622
1,49792,1696072549.1392512
1,49920,1696072549.1588142
1,50000,1696072549.1828134
2,128,1696072549.496004
2,256,1696072549.51661
2,384,1696072549.5357397
2,512,1696072549.5549312
2,640,1696072549.5753238
2,768,1696072549.5960627
2,896,1696072549.614766
2,1024,1696072549.6351123
2,1152,1696072549.6554945
2,1280,1696072549.6749518
2,1408,1696072549.6947894
2,1536,1696072549.7153342
2,1664,1696072549.7352114
2,1792,1696072549.7548614
2,1920,1696072549.7747235
2,2048,1696072549.7947385
2,2176,1696072549.8146641
2,2304,1696072549.8349745
2,2432,1696072549.8554056
2,2560,1696072549.8751311
2,2688,1696072549.8950143
2,2816,1696072549.915073
2,2944,1696072549.9349277
2,3072,1696072549.9548926
2,3200,1696072549.9750304
2,3328,1696072549.995196
2,3456,1696072550.0151203
2,3584,1696072550.0350747
2,3712,1696072550.0543835
2,3840,1696072550.078656
2,3968,1696072550.1026385
2,4096,1696072550.1268978
2,4224,1696072550.146364
2,4352,1696072550.1729105
2,4480,1696072550.1939616
2,4608,1696072550.2128186
2,4736,1696072550.2313516
2,4864,1696072550.254412
2,4992,1696072550.2789764
2,5120,1696072550.3019087
2,5248,1696072550.3179598
2,5376,1696072550.3412335
2,5504,1696072550.3650262
2,5632,1696072550.387129
2,5760,1696072550.4075472
2,5888,1696072550.4312675
2,6016,1696072550.4524026
2,6144,1696072550.4754455
2,6272,1696072550.4960809
2,6400,1696072550.5194335
2,6528,1696072550.5399764
2,6656,1696072550.5628362
2,6784,1696072550.5849085
2,6912,1696072550.6024902
2,7040,1696072550.6254995
2,7168,1696072550.6424778
2,7296,1696072550.6657913
2,7424,1696072550.6894393
2,7552,1696072550.7109265
2,7680,1696072550.7319546
2,7808,1696072550.755126
2,7936,1696072550.7757974
2,8064,1696072550.7991807
2,8192,1696072550.8206701
2,8320,1696072550.842952
2,8448,1696072550.8628545
2,8576,1696072550.8896658
2,8704,1696072550.9081511
2,8832,1696072550.9348547
2,8960,1696072550.9604156
2,9088,1696072550.982116
2,9216,1696072551.0034711
2,9344,1696072551.0269294
2,9472,1696072551.0485659
2,9600,1696072551.071136
2,9728,1696072551.0919213
2,9856,1696072551.114807
2,9984,1696072551.1401095
2,10112,1696072551.1609979
2,10240,1696072551.1781273
2,10368,1696072551.20088
2,10496,1696072551.2218227
2,10624,1696072551.2427428
2,10752,1696072551.263508
2,10880,1696072551.2809887
2,11008,1696072551.298177
2,11136,1696072551.3211937
2,11264,1696072551.3431547
2,11392,1696072551.363936
2,11520,1696072551.391776
2,11648,1696072551.413197
2,11776,1696072551.43829
2,11904,1696072551.4617863
2,12032,1696072551.484328
2,12160,1696072551.5069222
2,12288,1696072551.5275075
2,12416,1696072551.5512416
2,12544,1696072551.5724475
2,12672,1696072551.5954323
2,12800,1696072551.615859
2,12928,1696072551.6389847
2,13056,1696072551.660074
2,13184,1696072551.682951
2,13312,1696072551.7040546
2,13440,1696072551.7271225
2,13568,1696072551.7480168
2,13696,1696072551.771124
2,13824,1696072551.7924263
2,13952,1696072551.8149557
2,14080,1696072551.8352647
2,14208,1696072551.8632042
2,14336,1696072551.885975
2,14464,1696072551.9083917
2,14592,1696072551.9311476
2,14720,1696072551.952789
2,14848,1696072551.9750907
2,14976,1696072551.9958508
2,15104,1696072552.023425
2,15232,1696072552.0431862
2,15360,1696072552.0655289
2,15488,1696072552.0895972
2,15616,1696072552.1134303
2,15744,1696072552.1349957
2,15872,1696072552.1556363
2,16000,1696072552.183585
2,16128,1696072552.2055836
2,16256,1696072552.2273295
2,16384,1696072552.2470496
2,16512,1696072552.271099
2,16640,1696072552.29467
2,16768,1696072552.316541
2,16896,1696072552.339045
2,17024,1696072552.3625212
2,17152,1696072552.3845088
2,17280,1696072552.4068732
2,17408,1696072552.4231522
2,17536,1696072552.4445047
2,17664,1696072552.4669747
2,17792,1696072552.487396
2,17920,1696072552.5159743
2,18048,1696072552.5380514
2,18176,1696072552.560525
2,18304,1696072552.582985
2,18432,1696072552.6036541
2,18560,1696072552.6269374
2,18688,1696072552.6483583
2,18816,1696072552.6711817
2,18944,1696072552.6917024
2,19072,1696072552.7150924
2,19200,1696072552.7361126
2,19328,1696072552.7590933
2,19456,1696072552.7800596
2,19584,1696072552.8032537
2,19712,1696072552.8246996
2,19840,1696072552.847095
2,19968,1696072552.8674476
2,20096,1696072552.8912122
2,20224,1696072552.9141443
2,20352,1696072552.9349942
2,20480,1696072552.9594693
2,20608,1696072552.9804692
2,20736,1696072553.0029862
2,20864,1696072553.024411
2,20992,1696072553.0469723
2,21120,1696072553.0672934
2,21248,1696072553.0866692
2,21376,1696072553.1124864
2,21504,1696072553.1339104
2,21632,1696072553.1545937
2,21760,1696072553.175973
2,21888,1696072553.1990573
2,22016,1696072553.2211752
2,22144,1696072553.2451484
2,22272,1696072553.2672296
2,22400,1696072553.287245
2,22528,1696072553.3136196
2,22656,1696072553.3364758
2,22784,1696072553.3578804
2,22912,1696072553.3786006
2,23040,1696072553.3997228
2,23168,1696072553.4277494
2,23296,1696072553.4523401
2,23424,1696072553.4701757
2,23552,1696072553.4936705
2,23680,1696072553.5178216
2,23808,1696072553.5431526
2,23936,1696072553.5662613
2,24064,1696072553.583284
2,24192,1696072553.603347
2,24320,1696072553.62719
2,24448,1696072553.6488023
2,24576,1696072553.6710873
2,24704,1696072553.6917377
2,24832,1696072553.7149646
2,24960,1696072553.7361977
2,25088,1696072553.7577279
2,25216,1696072553.7797542
2,25344,1696072553.8071775
2,25472,1696072553.8295212
2,25600,1696072553.8544471
2,25728,1696072553.8775148
2,25856,1696072553.9023495
2,25984,1696072553.9257963
2,26112,1696072553.9517963
2,26240,1696072553.973569
2,26368,1696072553.9986212
2,26496,1696072554.0216105
2,26624,1696072554.038169
2,26752,1696072554.0616148
2,26880,1696072554.085294
2,27008,1696072554.1070228
2,27136,1696072554.1279194
2,27264,1696072554.150775
2,27392,1696072554.172196
2,27520,1696072554.1941645
2,27648,1696072554.210027
2,27776,1696072554.2334166
2,27904,1696072554.2571087
2,28032,1696072554.2790422
2,28160,1696072554.2997003
2,28288,1696072554.3261085
2,28416,1696072554.345997
2,28544,1696072554.3674939
2,28672,1696072554.3879228
2,28800,1696072554.4071243
2,28928,1696072554.4267242
2,29056,1696072554.4466598
2,29184,1696072554.4674518
2,29312,1696072554.4870825
2,29440,1696072554.506715
2,29568,1696072554.5268354
2,29696,1696072554.5471227
2,29824,1696072554.5671077
2,29952,1696072554.5869164
2,30080,1696072554.6067982
2,30208,1696072554.6275191
2,30336,1696072554.646946
2,30464,1696072554.6669285
2,30592,1696072554.6873841
2,30720,1696072554.7073574
2,30848,1696072554.7270458
2,30976,1696072554.746763
2,31104,1696072554.7668812
2,31232,1696072554.787223
2,31360,1696072554.8069608
2,31488,1696072554.8268452
2,31616,1696072554.8446755
2,31744,1696072554.863092
2,31872,1696072554.8828242
2,32000,1696072554.9033153
2,32128,1696072554.9231987
2,32256,1696072554.9428573
2,32384,1696072554.9629743
2,32512,1696072554.9832325
2,32640,1696072555.0031137
2,32768,1696072555.0231283
2,32896,1696072555.0430882
2,33024,1696072555.0669384
2,33152,1696072555.0879555
2,33280,1696072555.1124516
2,33408,1696072555.133781
2,33536,1696072555.1563263
2,33664,1696072555.180337
2,33792,1696072555.2008522
2,33920,1696072555.2233584
2,34048,1696072555.2437367
2,34176,1696072555.2673264
2,34304,1696072555.2885284
2,34432,1696072555.3110502
2,34560,1696072555.331754
2,34688,1696072555.35487
2,34816,1696072555.3765268
2,34944,1696072555.399081
2,35072,1696072555.4195566
2,35200,1696072555.443125
2,35328,1696072555.464016
2,35456,1696072555.487206
2,35584,1696072555.5082836
2,35712,1696072555.5311043
2,35840,1696072555.5520234
2,35968,1696072555.5750837
2,36096,1696072555.595336
2,36224,1696072555.6229768
2,36352,1696072555.6460593
2,36480,1696072555.6693828
2,36608,1696072555.6934354
2,36736,1696072555.7100306
2,36864,1696072555.7302582
2,36992,1696072555.7527084
2,37120,1696072555.7748976
2,37248,1696072555.7911296
2,37376,1696072555.813083
2,37504,1696072555.830285
2,37632,1696072555.8538775
2,37760,1696072555.8775923
2,37888,1696072555.8988793
2,38016,1696072555.9192839
2,38144,1696072555.938419
2,38272,1696072555.9638083
2,38400,1696072555.9860523
2,38528,1696072556.0081184
2,38656,1696072556.0310452
2,38784,1696072556.0523329
2,38912,1696072556.0750098
2,39040,1696072556.0954847
2,39168,1696072556.119365
2,39296,1696072556.1402621
2,39424,1696072556.1631646
2,39552,1696072556.1836085
2,39680,1696072556.2071772
2,39808,1696072556.2269278
2,39936,1696072556.2496257
2,40064,1696072556.269005
2,40192,1696072556.2865796
2,40320,1696072556.303043
2,40448,1696072556.3219998
2,40576,1696072556.3420253
2,40704,1696072556.3619845
2,40832,1696072556.3818004
2,40960,1696072556.3995686
2,41088,1696072556.4181788
2,41216,1696072556.4377904
2,41344,1696072556.455391
2,41472,1696072556.4737875
2,41600,1696072556.4930599
2,41728,1696072556.5108461
2,41856,1696072556.5296626
2,41984,1696072556.549437
2,42112,1696072556.5671659
2,42240,1696072556.5856535
2,42368,1696072556.6057959
2,42496,1696072556.6232944
2,42624,1696072556.6417875
2,42752,1696072556.662261
2,42880,1696072556.6816952
2,43008,1696072556.6996853
2,43136,1696072556.7220085
2,43264,1696072556.7397392
2,43392,1696072556.7568605
2,43520,1696072556.775779
2,43648,1696072556.7946367
2,43776,1696072556.8148577
2,43904,1696072556.833591
2,44032,1696072556.853458
2,44160,1696072556.8712702
2,44288,1696072556.8896673
2,44416,1696072556.9096138
2,44544,1696072556.9272377
2,44672,1696072556.9441664
2,44800,1696072556.9609835
2,44928,1696072556.9789166
2,45056,1696072556.9959636
2,45184,1696072557.0139697
2,45312,1696072557.031649
2,45440,1696072557.048802
2,45568,1696072557.0679867
2,45696,1696072557.0865173
2,45824,1696072557.1037621
2,45952,1696072557.1207662
2,46080,1696072557.1416664
2,46208,1696072557.160304
2,46336,1696072557.1792514
2,46464,1696072557.1988697
2,46592,1696072557.218864
2,46720,1696072557.2389002
2,46848,1696072557.2589538
2,46976,1696072557.2792819
2,47104,1696072557.2991705
2,47232,1696072557.3188434
2,47360,1696072557.3389497
2,47488,1696072557.3588748
2,47616,1696072557.3789883
2,47744,1696072557.3987482
2,47872,1696072557.4190094
2,48000,1696072557.4391394
2,48128,1696072557.458827
2,48256,1696072557.4802418
2,48384,1696072557.4999247
2,48512,1696072557.5191643
2,48640,1696072557.5387678
2,48768,1696072557.559099
2,48896,1696072557.579293
2,49024,1696072557.6005988
2,49152,1696072557.616479
2,49280,1696072557.6312807
2,49408,1696072557.6471243
2,49536,1696072557.6632345
2,49664,1696072557.6798067
2,49792,1696072557.694921
2,49920,1696072557.7112648
2,50000,1696072557.726693
3,128,1696072558.0726113
3,256,1696072558.0874817
3,384,1696072558.102389
3,512,1696072558.1193728
3,640,1696072558.1379266
3,768,1696072558.1606724
3,896,1696072558.1797059
3,1024,1696072558.1986535
3,1152,1696072558.219801
3,1280,1696072558.2469506
3,1408,1696072558.272632
3,1536,1696072558.2966084
3,1664,1696072558.3157156
3,1792,1696072558.3365822
3,1920,1696072558.3616636
3,2048,1696072558.3870409
3,2176,1696072558.4105124
3,2304,1696072558.4292367
3,2432,1696072558.453222
3,2560,1696072558.479018
3,2688,1696072558.502754
3,2816,1696072558.5231156
3,2944,1696072558.5475404
3,3072,1696072558.5743675
3,3200,1696072558.5973318
3,3328,1696072558.6156201
3,3456,1696072558.6422515
3,3584,1696072558.6654174
3,3712,1696072558.6835423
3,3840,1696072558.7096865
3,3968,1696072558.7350602
3,4096,1696072558.7531157
3,4224,1696072558.7720456
3,4352,1696072558.798518
3,4480,1696072558.8244948
3,4608,1696072558.8485203
3,4736,1696072558.867751
3,4864,1696072558.894441
3,4992,1696072558.9190753
3,5120,1696072558.9395397
3,5248,1696072558.9593623
3,5376,1696072558.9879813
3,5504,1696072559.0095453
3,5632,1696072559.0265505
3,5760,1696072559.0521529
3,5888,1696072559.073496
3,6016,1696072559.0980814
3,6144,1696072559.1210911
3,6272,1696072559.145301
3,6400,1696072559.1671767
3,6528,1696072559.1892686
3,6656,1696072559.205345
3,6784,1696072559.229131
3,6912,1696072559.245738
3,7040,1696072559.2640705
3,7168,1696072559.2853312
3,7296,1696072559.3055882
3,7424,1696072559.323614
3,7552,1696072559.3429787
3,7680,1696072559.3631823
3,7808,1696072559.383017
3,7936,1696072559.402876
3,8064,1696072559.422472
3,8192,1696072559.4473472
3,8320,1696072559.468263
3,8448,1696072559.4897819
3,8576,1696072559.5132751
3,8704,1696072559.5298612
3,8832,1696072559.5535212
3,8960,1696072559.5770764
3,9088,1696072559.6011994
3,9216,1696072559.624517
3,9344,1696072559.647144
3,9472,1696072559.667632
3,9600,1696072559.6927614
3,9728,1696072559.7104697
3,9856,1696072559.7335494
3,9984,1696072559.757348
3,10112,1696072559.7815697
3,10240,1696072559.8011663
3,10368,1696072559.8268034
3,10496,1696072559.8494525
3,10624,1696072559.8651805
3,10752,1696072559.8900962
3,10880,1696072559.9134786
3,11008,1696072559.938649
3,11136,1696072559.9613152
3,11264,1696072559.9867847
3,11392,1696072560.0096633
3,11520,1696072560.0313823
3,11648,1696072560.057761
3,11776,1696072560.0774465
3,11904,1696072560.1020164
3,12032,1696072560.1252933
3,12160,1696072560.148976
3,12288,1696072560.1664305
3,12416,1696072560.184828
3,12544,1696072560.2043283
3,12672,1696072560.2230682
3,12800,1696072560.2424858
3,12928,1696072560.2634046
3,13056,1696072560.283252
3,13184,1696072560.3028028
3,13312,1696072560.3226845
3,13440,1696072560.3432512
3,13568,1696072560.3630533
3,13696,1696072560.3828785
3,13824,1696072560.4034986
3,13952,1696072560.4233367
3,14080,1696072560.4432461
3,14208,1696072560.4629617
3,14336,1696072560.4832945
3,14464,1696072560.502979
3,14592,1696072560.522879
3,14720,1696072560.5429983
3,14848,1696072560.5628185
3,14976,1696072560.5829499
3,15104,1696072560.6029325
3,15232,1696072560.622969
3,15360,1696072560.6433477
3,15488,1696072560.663194
3,15616,1696072560.6831315
3,15744,1696072560.7029762
3,15872,1696072560.723224
3,16000,1696072560.743238
3,16128,1696072560.7628064
3,16256,1696072560.78261
3,16384,1696072560.8025048
3,16512,1696072560.8233435
3,16640,1696072560.8431852
3,16768,1696072560.8629348
3,16896,1696072560.8831234
3,17024,1696072560.9032574
3,17152,1696072560.9228973
3,17280,1696072560.9425733
3,17408,1696072560.9628155
3,17536,1696072560.9833074
3,17664,1696072561.0028913
3,17792,1696072561.022872
3,17920,1696072561.043176
3,18048,1696072561.0631688
3,18176,1696072561.0827935
3,18304,1696072561.1027179
3,18432,1696072561.1235025
3,18560,1696072561.1434515
3,18688,1696072561.162956
3,18816,1696072561.1826441
3,18944,1696072561.2030604
3,19072,1696072561.2231667
3,19200,1696072561.2426643
3,19328,1696072561.26066
3,19456,1696072561.2797546
3,19584,1696072561.301383
3,19712,1696072561.3228157
3,19840,1696072561.3430758
3,19968,1696072561.364929
3,20096,1696072561.3901772
3,20224,1696072561.413491
3,20352,1696072561.4371192
3,20480,1696072561.4607737
3,20608,1696072561.481599
3,20736,1696072561.50535
3,20864,1696072561.5219164
3,20992,1696072561.5441434
3,21120,1696072561.5632865
3,21248,1696072561.5853386
3,21376,1696072561.6021087
3,21504,1696072561.6254287
3,21632,1696072561.6512775
3,21760,1696072561.6738627
3,21888,1696072561.6948628
3,22016,1696072561.7152147
3,22144,1696072561.7430594
3,22272,1696072561.765465
3,22400,1696072561.7900622
3,22528,1696072561.8069289
3,22656,1696072561.8290658
3,22784,1696072561.8525963
3,22912,1696072561.8737679
3,23040,1696072561.8996696
3,23168,1696072561.9244988
3,23296,1696072561.9455068
3,23424,1696072561.9703815
3,23552,1696072561.990248
3,23680,1696072562.0078828
3,23808,1696072562.028785
3,23936,1696072562.0512197
3,24064,1696072562.0716088
3,24192,1696072562.093477
3,24320,1696072562.119482
3,24448,1696072562.1417382
3,24576,1696072562.1633024
3,24704,1696072562.1896107
3,24832,1696072562.2081695
3,24960,1696072562.2344885
3,25088,1696072562.2575245
3,25216,1696072562.2797143
3,25344,1696072562.3000185
3,25472,1696072562.3184044
3,25600,1696072562.341678
3,25728,1696072562.3684356
3,25856,1696072562.3903534
3,25984,1696072562.4110196
3,26112,1696072562.435244
3,26240,1696072562.4565384
3,26368,1696072562.4789202
3,26496,1696072562.4994638
3,26624,1696072562.5230944
3,26752,1696072562.544124
3,26880,1696072562.5669956
3,27008,1696072562.5868893
3,27136,1696072562.6049426
3,27264,1696072562.6260493
3,27392,1696072562.6443412
3,27520,1696072562.6628938
3,27648,1696072562.6826222
3,27776,1696072562.7030938
3,27904,1696072562.7232032
3,28032,1696072562.7428293
3,28160,1696072562.763066
3,28288,1696072562.7830334
3,28416,1696072562.8039289
3,28544,1696072562.823683
3,28672,1696072562.8432994
3,28800,1696072562.863045
3,28928,1696072562.8830714
3,29056,1696072562.9027917
3,29184,1696072562.923307
3,29312,1696072562.943156
3,29440,1696072562.9628105
3,29568,1696072562.9825335
3,29696,1696072563.0027428
3,29824,1696072563.023406
3,29952,1696072563.0431452
3,30080,1696072563.0625565
3,30208,1696072563.082643
3,30336,1696072563.1030514
3,30464,1696072563.1229358
3,30592,1696072563.1427367
3,30720,1696072563.163665
3,30848,1696072563.1838346
3,30976,1696072563.2032006
3,31104,1696072563.2229283
3,31232,1696072563.2430136
3,31360,1696072563.2631564
3,31488,1696072563.2828774
3,31616,1696072563.3029113
3,31744,1696072563.3233209
3,31872,1696072563.3431535
3,32000,1696072563.3627198
3,32128,1696072563.382877
3,32256,1696072563.4031477
3,32384,1696072563.4228768
3,32512,1696072563.4429598
3,32640,1696072563.4629076
3,32768,1696072563.4831252
3,32896,1696072563.5031443
3,33024,1696072563.5230863
3,33152,1696072563.5426955
3,33280,1696072563.56263
3,33408,1696072563.5832303
3,33536,1696072563.6029592
3,33664,1696072563.6225612
3,33792,1696072563.6428807
3,33920,1696072563.6634617
3,34048,1696072563.683212
3,34176,1696072563.7026892
3,34304,1696072563.722446
3,34432,1696072563.7430558
3,34560,1696072563.7628365
3,34688,1696072563.7826273
3,34816,1696072563.8030674
3,34944,1696072563.8232381
3,35072,1696072563.8432295
3,35200,1696072563.8628197
3,35328,1696072563.882958
3,35456,1696072563.903272
3,35584,1696072563.9229035
3,35712,1696072563.9472282
3,35840,1696072563.9679084
3,35968,1696072563.9911282
3,36096,1696072564.0122907
3,36224,1696072564.035062
3,36352,1696072564.0560632
3,36480,1696072564.0792217
3,36608,1696072564.099675
3,36736,1696072564.1232333
3,36864,1696072564.1446953
3,36992,1696072564.1670048
3,37120,1696072564.1877341
3,37248,1696072564.2108917
3,37376,1696072564.2269437
3,37504,1696072564.2489057
3,37632,1696072564.2733195
3,37760,1696072564.2948356
3,37888,1696072564.3107429
3,38016,1696072564.3329651
3,38144,1696072564.3568254
3,38272,1696072564.3790345
3,38400,1696072564.3992395
3,38528,1696072564.4232266
3,38656,1696072564.44463
3,38784,1696072564.4671683
3,38912,1696072564.487277
3,39040,1696072564.5125344
3,39168,1696072564.5341034
3,39296,1696072564.5545087
3,39424,1696072564.5703762
3,39552,1696072564.5908926
3,39680,1696072564.6151514
3,39808,1696072564.6387274
3,39936,1696072564.6607594
3,40064,1696072564.6829205
3,40192,1696072564.7035062
3,40320,1696072564.7271256
3,40448,1696072564.7487683
3,40576,1696072564.7710278
3,40704,1696072564.791415
3,40832,1696072564.8152797
3,40960,1696072564.8363476
3,41088,1696072564.858921
3,41216,1696072564.8805673
3,41344,1696072564.9029787
3,41472,1696072564.9239554
3,41600,1696072564.946985
3,41728,1696072564.9683604
3,41856,1696072564.9910564
3,41984,1696072565.011504
3,42112,1696072565.0353942
3,42240,1696072565.0557728
3,42368,1696072565.0791411
3,42496,1696072565.1000123
3,42624,1696072565.1218486
3,42752,1696072565.1426022
3,42880,1696072565.1695087
3,43008,1696072565.192741
3,43136,1696072565.2139115
3,43264,1696072565.2299368
3,43392,1696072565.2532368
3,43520,1696072565.270053
3,43648,1696072565.2933292
3,43776,1696072565.3171105
3,43904,1696072565.3392704
3,44032,1696072565.360126
3,44160,1696072565.382877
3,44288,1696072565.406422
3,44416,1696072565.4307942
3,44544,1696072565.4537444
3,44672,1696072565.4774585
3,44800,1696072565.5010004
3,44928,1696072565.5231981
3,45056,1696072565.5433314
3,45184,1696072565.5718622
3,45312,1696072565.5967882
3,45440,1696072565.6199176
3,45568,1696072565.6431303
3,45696,1696072565.6637726
3,45824,1696072565.6873326
3,45952,1696072565.7083228
3,46080,1696072565.731078
3,46208,1696072565.7519853
3,46336,1696072565.7751904
3,46464,1696072565.796017
3,46592,1696072565.8191106
3,46720,1696072565.8397346
3,46848,1696072565.8631613
3,46976,1696072565.8845143
3,47104,1696072565.9068654
3,47232,1696072565.928134
3,47360,1696072565.9501603
3,47488,1696072565.9711897
3,47616,1696072565.994995
3,47744,1696072566.0160136
3,47872,1696072566.0390964
3,48000,1696072566.0597584
3,48128,1696072566.0875423
3,48256,1696072566.1105917
3,48384,1696072566.1265905
3,48512,1696072566.1478662
3,48640,1696072566.170805
3,48768,1696072566.1917582
3,48896,1696072566.2170613
3,49024,1696072566.2363005
3,49152,1696072566.2554612
3,49280,1696072566.2724073
3,49408,1696072566.2891738
3,49536,1696072566.305628
3,49664,1696072566.3233
3,49792,1696072566.3391318
3,49920,1696072566.3550928
3,50000,1696072566.3712919
4,128,1696072566.7631736
4,256,1696072566.7889743
4,384,1696072566.8073647
4,512,1696072566.8293757
4,640,1696072566.8575172
4,768,1696072566.8774943
4,896,1696072566.894233
4,1024,1696072566.917679
4,1152,1696072566.9407184
4,1280,1696072566.9575882
4,1408,1696072566.9822938
4,1536,1696072567.004499
4,1664,1696072567.0286295
4,1792,1696072567.051891
4,1920,1696072567.0737007
4,2048,1696072567.0975747
4,2176,1696072567.1149232
4,2304,1696072567.1373644
4,2432,1696072567.1618187
4,2560,1696072567.1863885
4,2688,1696072567.2096431
4,2816,1696072567.2343976
4,2944,1696072567.2574844
4,3072,1696072567.2829585
4,3200,1696072567.3060987
4,3328,1696072567.3288944
4,3456,1696072567.3534195
4,3584,1696072567.3790896
4,3712,1696072567.4013302
4,3840,1696072567.4182231
4,3968,1696072567.4441202
4,4096,1696072567.4637291
4,4224,1696072567.4821334
4,4352,1696072567.5026238
4,4480,1696072567.523201
4,4608,1696072567.5429375
4,4736,1696072567.5627093
4,4864,1696072567.5822275
4,4992,1696072567.6069422
4,5120,1696072567.62953
4,5248,1696072567.654904
4,5376,1696072567.6767054
4,5504,1696072567.7028139
4,5632,1696072567.72822
4,5760,1696072567.749964
4,5888,1696072567.7715878
4,6016,1696072567.7954228
4,6144,1696072567.816294
4,6272,1696072567.8391964
4,6400,1696072567.8597388
4,6528,1696072567.8891149
4,6656,1696072567.9125104
4,6784,1696072567.930106
4,6912,1696072567.9507058
4,7040,1696072567.9780886
4,7168,1696072567.9934123
4,7296,1696072568.0188296
4,7424,1696072568.0420384
4,7552,1696072568.0583808
4,7680,1696072568.0818279
4,7808,1696072568.105691
4,7936,1696072568.12888
4,8064,1696072568.1491642
4,8192,1696072568.1685095
4,8320,1696072568.1871574
4,8448,1696072568.2067943
4,8576,1696072568.2275338
4,8704,1696072568.2489762
4,8832,1696072568.2677941
4,8960,1696072568.2870817
4,9088,1696072568.3073037
4,9216,1696072568.3292055
4,9344,1696072568.3568296
4,9472,1696072568.3781602
4,9600,1696072568.3963192
4,9728,1696072568.4158714
4,9856,1696072568.4344838
4,9984,1696072568.4552166
4,10112,1696072568.4753416
4,10240,1696072568.4948266
4,10368,1696072568.5147867
4,10496,1696072568.5351381
4,10624,1696072568.5552616
4,10752,1696072568.574966
4,10880,1696072568.5946426
4,11008,1696072568.6150277
4,11136,1696072568.6353693
4,11264,1696072568.654806
4,11392,1696072568.674832
4,11520,1696072568.6954737
4,11648,1696072568.7156215
4,11776,1696072568.7349372
4,11904,1696072568.754833
4,12032,1696072568.7748122
4,12160,1696072568.7953894
4,12288,1696072568.8149831
4,12416,1696072568.835044
4,12544,1696072568.855313
4,12672,1696072568.87528
4,12800,1696072568.8951318
4,12928,1696072568.9148448
4,13056,1696072568.9349356
4,13184,1696072568.9555871
4,13312,1696072568.979152
4,13440,1696072569.0000057
4,13568,1696072569.0215986
4,13696,1696072569.04582
4,13824,1696072569.0627038
4,13952,1696072569.0838852
4,14080,1696072569.1063552
4,14208,1696072569.1287785
4,14336,1696072569.1482143
4,14464,1696072569.1671944
4,14592,1696072569.1909316
4,14720,1696072569.2141187
4,14848,1696072569.2313442
4,14976,1696072569.24835
4,15104,1696072569.271127
4,15232,1696072569.2915244
4,15360,1696072569.310981
4,15488,1696072569.330924
4,15616,1696072569.3513844
4,15744,1696072569.3715208
4,15872,1696072569.3909135
4,16000,1696072569.4108214
4,16128,1696072569.4308367
4,16256,1696072569.451038
4,16384,1696072569.4708714
4,16512,1696072569.4909632
4,16640,1696072569.5110302
4,16768,1696072569.5312445
4,16896,1696072569.5511007
4,17024,1696072569.5709019
4,17152,1696072569.5948074
4,17280,1696072569.6161575
4,17408,1696072569.643104
4,17536,1696072569.6659474
4,17664,1696072569.6881096
4,17792,1696072569.7163672
4,17920,1696072569.7379088
4,18048,1696072569.759992
4,18176,1696072569.7831461
4,18304,1696072569.8039536
4,18432,1696072569.8269627
4,18560,1696072569.8505049
4,18688,1696072569.8736646
4,18816,1696072569.898019
4,18944,1696072569.9195738
4,19072,1696072569.9456844
4,19200,1696072569.9642754
4,19328,1696072569.9854817
4,19456,1696072570.009498
4,19584,1696072570.0307474
4,19712,1696072570.0512028
4,19840,1696072570.0802984
4,19968,1696072570.1017914
4,20096,1696072570.122737
4,20224,1696072570.143732
4,20352,1696072570.1673458
4,20480,1696072570.1880214
4,20608,1696072570.2103941
4,20736,1696072570.2304542
4,20864,1696072570.2570674
4,20992,1696072570.2757792
4,21120,1696072570.2968082
4,21248,1696072570.318276
4,21376,1696072570.334386
4,21504,1696072570.3552306
4,21632,1696072570.3794837
4,21760,1696072570.4005015
4,21888,1696072570.4229574
4,22016,1696072570.4439762
4,22144,1696072570.4669666
4,22272,1696072570.4870114
4,22400,1696072570.515814
4,22528,1696072570.5381973
4,22656,1696072570.5597556
4,22784,1696072570.5815153
4,22912,1696072570.600228
4,23040,1696072570.6196647
4,23168,1696072570.6391416
4,23296,1696072570.65875
4,23424,1696072570.6791925
4,23552,1696072570.6991
4,23680,1696072570.7188225
4,23808,1696072570.7390432
4,23936,1696072570.7591584
4,24064,1696072570.7789345
4,24192,1696072570.7989929
4,24320,1696072570.819315
4,24448,1696072570.8392103
4,24576,1696072570.8591025
4,24704,1696072570.8787453
4,24832,1696072570.8991358
4,24960,1696072570.9194477
4,25088,1696072570.9390795
4,25216,1696072570.9589636
4,25344,1696072570.9793575
4,25472,1696072570.9992216
4,25600,1696072571.019024
4,25728,1696072571.0367608
4,25856,1696072571.0548403
4,25984,1696072571.0748706
4,26112,1696072571.0949974
4,26240,1696072571.1127338
4,26368,1696072571.1312902
4,26496,1696072571.152836
4,26624,1696072571.1718776
4,26752,1696072571.1910315
4,26880,1696072571.2108932
4,27008,1696072571.2313495
4,27136,1696072571.2523909
4,27264,1696072571.2715347
4,27392,1696072571.2911122
4,27520,1696072571.3111174
4,27648,1696072571.3310795
4,27776,1696072571.3514848
4,27904,1696072571.3712404
4,28032,1696072571.3913143
4,28160,1696072571.4112859
4,28288,1696072571.4310882
4,28416,1696072571.4506862
4,28544,1696072571.4712114
4,28672,1696072571.4907663
4,28800,1696072571.5110488
4,28928,1696072571.5309339
4,29056,1696072571.551237
4,29184,1696072571.5718317
4,29312,1696072571.5916471
4,29440,1696072571.61097
4,29568,1696072571.6312814
4,29696,1696072571.651262
4,29824,1696072571.6707785
4,29952,1696072571.6906557
4,30080,1696072571.7115088
4,30208,1696072571.7312102
4,30336,1696072571.7508447
4,30464,1696072571.7707884
4,30592,1696072571.7913957
4,30720,1696072571.8111188
4,30848,1696072571.8310382
4,30976,1696072571.8507466
4,31104,1696072571.871029
4,31232,1696072571.8909037
4,31360,1696072571.9111695
4,31488,1696072571.931224
4,31616,1696072571.9555166
4,31744,1696072571.9759145
4,31872,1696072571.998045
4,32000,1696072572.0193717
4,32128,1696072572.043218
4,32256,1696072572.0656304
4,32384,1696072572.0824547
4,32512,1696072572.1050303
4,32640,1696072572.122611
4,32768,1696072572.1459725
4,32896,1696072572.1685808
4,33024,1696072572.1907797
4,33152,1696072572.2126002
4,33280,1696072572.234532
4,33408,1696072572.2547536
4,33536,1696072572.2743535
4,33664,1696072572.295152
4,33792,1696072572.313337
4,33920,1696072572.3342226
4,34048,1696072572.355162
4,34176,1696072572.3752124
4,34304,1696072572.3947551
4,34432,1696072572.414984
4,34560,1696072572.4354897
4,34688,1696072572.455467
4,34816,1696072572.4750936
4,34944,1696072572.4948058
4,35072,1696072572.5155208
4,35200,1696072572.5363812
4,35328,1696072572.5558221
4,35456,1696072572.5751364
4,35584,1696072572.5949547
4,35712,1696072572.6151543
4,35840,1696072572.6349688
4,35968,1696072572.6549377
4,36096,1696072572.6754642
4,36224,1696072572.6953604
4,36352,1696072572.7150612
4,36480,1696072572.734997
4,36608,1696072572.7552903
4,36736,1696072572.7755418
4,36864,1696072572.7952101
4,36992,1696072572.8147423
4,37120,1696072572.8347301
4,37248,1696072572.8551242
4,37376,1696072572.8749056
4,37504,1696072572.8946915
4,37632,1696072572.9151375
4,37760,1696072572.9351664
4,37888,1696072572.954871
4,38016,1696072572.975131
4,38144,1696072572.995186
4,38272,1696072573.0153382
4,38400,1696072573.0350144
4,38528,1696072573.0547748
4,38656,1696072573.0748594
4,38784,1696072573.0953496
4,38912,1696072573.1150398
4,39040,1696072573.1351962
4,39168,1696072573.1593726
4,39296,1696072573.1799722
4,39424,1696072573.2029088
4,39552,1696072573.2234526
4,39680,1696072573.2469168
4,39808,1696072573.2680397
4,39936,1696072573.2911217
4,40064,1696072573.3126788
4,40192,1696072573.3349621
4,40320,1696072573.3561442
4,40448,1696072573.3790727
4,40576,1696072573.4003723
4,40704,1696072573.423378
4,40832,1696072573.4439862
4,40960,1696072573.4673612
4,41088,1696072573.4880905
4,41216,1696072573.5111756
4,41344,1696072573.5306985
4,41472,1696072573.5532746
4,41600,1696072573.5770848
4,41728,1696072573.6012728
4,41856,1696072573.622997
4,41984,1696072573.6457372
4,42112,1696072573.6693087
4,42240,1696072573.6909552
4,42368,1696072573.714737
4,42496,1696072573.7389889
4,42624,1696072573.7620444
4,42752,1696072573.7848787
4,42880,1696072573.8071094
4,43008,1696072573.8270483
4,43136,1696072573.8459888
4,43264,1696072573.8737364
4,43392,1696072573.8978689
4,43520,1696072573.9221826
4,43648,1696072573.9459846
4,43776,1696072573.9606977
4,43904,1696072573.9866629
4,44032,1696072574.009849
4,44160,1696072574.0334694
4,44288,1696072574.058648
4,44416,1696072574.081292
4,44544,1696072574.10289
4,44672,1696072574.1233199
4,44800,1696072574.1476529
4,44928,1696072574.1683538
4,45056,1696072574.190967
4,45184,1696072574.211579
4,45312,1696072574.2351522
4,45440,1696072574.2565527
4,45568,1696072574.27901
4,45696,1696072574.3001761
4,45824,1696072574.3230104
4,45952,1696072574.3441553
4,46080,1696072574.367315
4,46208,1696072574.388685
4,46336,1696072574.4107525
4,46464,1696072574.4319525
4,46592,1696072574.4549966
4,46720,1696072574.4758165
4,46848,1696072574.5033636
4,46976,1696072574.525407
4,47104,1696072574.5470512
4,47232,1696072574.5676205
4,47360,1696072574.591121
4,47488,1696072574.6126077
4,47616,1696072574.634729
4,47744,1696072574.6558688
4,47872,1696072574.675137
4,48000,1696072574.6952767
4,48128,1696072574.715266
4,48256,1696072574.7347867
4,48384,1696072574.7544615
4,48512,1696072574.775422
4,48640,1696072574.7953749
4,48768,1696072574.8149734
4,48896,1696072574.83498
4,49024,1696072574.8566532
4,49152,1696072574.8753076
4,49280,1696072574.8946822
4,49408,1696072574.9157887
4,49536,1696072574.9357998
4,49664,1696072574.9548988
4,49792,1696072574.9749088
4,49920,1696072574.995411
4,50000,1696072575.0149217
5,128,1696072575.373462
5,256,1696072575.3954287
5,384,1696072575.4183042
5,512,1696072575.4384282
5,640,1696072575.4551728
5,768,1696072575.4707482
5,896,1696072575.487029
5,1024,1696072575.5034206
5,1152,1696072575.520028
5,1280,1696072575.535612
5,1408,1696072575.552015
5,1536,1696072575.5689838
5,1664,1696072575.5861018
5,1792,1696072575.6022356
5,1920,1696072575.6178126
5,2048,1696072575.6387463
5,2176,1696072575.6600878
5,2304,1696072575.6798394
5,2432,1696072575.698931
5,2560,1696072575.720952
5,2688,1696072575.739652
5,2816,1696072575.7561955
5,2944,1696072575.775655
5,3072,1696072575.7953842
5,3200,1696072575.8147874
5,3328,1696072575.8350062
5,3456,1696072575.8551896
5,3584,1696072575.875179
5,3712,1696072575.8953068
5,3840,1696072575.915088
5,3968,1696072575.9351282
5,4096,1696072575.9538045
5,4224,1696072575.979046
5,4352,1696072576.0006814
5,4480,1696072576.021726
5,4608,1696072576.0454938
5,4736,1696072576.0689895
5,4864,1696072576.0936904
5,4992,1696072576.1131883
5,5120,1696072576.1380334
5,5248,1696072576.1610713
5,5376,1696072576.185465
5,5504,1696072576.2021856
5,5632,1696072576.225261
5,5760,1696072576.2428877
5,5888,1696072576.2635052
5,6016,1696072576.2865467
5,6144,1696072576.3047736
5,6272,1696072576.3240092
5,6400,1696072576.3431172
5,6528,1696072576.3631394
5,6656,1696072576.3827522
5,6784,1696072576.4024897
5,6912,1696072576.4274347
5,7040,1696072576.4481466
5,7168,1696072576.4749455
5,7296,1696072576.4971776
5,7424,1696072576.5209107
5,7552,1696072576.5431
5,7680,1696072576.5639262
5,7808,1696072576.591348
5,7936,1696072576.612737
5,8064,1696072576.6337054
5,8192,1696072576.6593757
5,8320,1696072576.684656
5,8448,1696072576.7051013
5,8576,1696072576.7304893
5,8704,1696072576.747736
5,8832,1696072576.7681205
5,8960,1696072576.7911053
5,9088,1696072576.8112144
5,9216,1696072576.8335958
5,9344,1696072576.8503206
5,9472,1696072576.8760242
5,9600,1696072576.8969324
5,9728,1696072576.9227693
5,9856,1696072576.9440844
5,9984,1696072576.9670722
5,10112,1696072576.987884
5,10240,1696072577.0111914
5,10368,1696072577.0325286
5,10496,1696072577.0551276
5,10624,1696072577.0747867
5,10752,1696072577.101576
5,10880,1696072577.1212459
5,11008,1696072577.1452997
5,11136,1696072577.161838
5,11264,1696072577.1837423
5,11392,1696072577.2021556
5,11520,1696072577.2195292
5,11648,1696072577.2388592
5,11776,1696072577.2592742
5,11904,1696072577.2791257
5,12032,1696072577.2991374
5,12160,1696072577.3190694
5,12288,1696072577.338973
5,12416,1696072577.3589425
5,12544,1696072577.378908
5,12672,1696072577.3992033
5,12800,1696072577.4189281
5,12928,1696072577.4385335
5,13056,1696072577.4633179
5,13184,1696072577.4842205
5,13312,1696072577.5093138
5,13440,1696072577.5294912
5,13568,1696072577.5537004
5,13696,1696072577.579659
5,13824,1696072577.6030896
5,13952,1696072577.6236553
5,14080,1696072577.6446805
5,14208,1696072577.670836
5,14336,1696072577.6932049
5,14464,1696072577.7177682
5,14592,1696072577.7375107
5,14720,1696072577.7592485
5,14848,1696072577.7856684
5,14976,1696072577.8052323
5,15104,1696072577.8300407
5,15232,1696072577.8470628
5,15360,1696072577.8682964
5,15488,1696072577.8910837
5,15616,1696072577.9115243
5,15744,1696072577.9333172
5,15872,1696072577.9584358
5,16000,1696072577.9750485
5,16128,1696072577.9964726
5,16256,1696072578.019035
5,16384,1696072578.0392349
5,16512,1696072578.0613859
5,16640,1696072578.0866306
5,16768,1696072578.1097226
5,16896,1696072578.1321611
5,17024,1696072578.1577756
5,17152,1696072578.1795185
5,17280,1696072578.2057626
5,17408,1696072578.2289262
5,17536,1696072578.24629
5,17664,1696072578.2695389
5,17792,1696072578.2933033
5,17920,1696072578.308778
5,18048,1696072578.3294082
5,18176,1696072578.3547876
5,18304,1696072578.377585
5,18432,1696072578.40251
5,18560,1696072578.424715
5,18688,1696072578.4503515
5,18816,1696072578.4735048
5,18944,1696072578.4901307
5,19072,1696072578.515435
5,19200,1696072578.5405667
5,19328,1696072578.5618012
5,19456,1696072578.5827632
5,19584,1696072578.6033626
5,19712,1696072578.627083
5,19840,1696072578.6472566
5,19968,1696072578.671304
5,20096,1696072578.6928165
5,20224,1696072578.715049
5,20352,1696072578.735626
5,20480,1696072578.7556782
5,20608,1696072578.7744174
5,20736,1696072578.7947156
5,20864,1696072578.8149526
5,20992,1696072578.8352268
5,21120,1696072578.8550024
5,21248,1696072578.87508
5,21376,1696072578.8951156
5,21504,1696072578.9151611
5,21632,1696072578.9351685
5,21760,1696072578.955037
5,21888,1696072578.9750962
5,22016,1696072578.9955354
5,22144,1696072579.0150552
5,22272,1696072579.0322413
5,22400,1696072579.04994
5,22528,1696072579.0673974
5,22656,1696072579.0869362
5,22784,1696072579.107378
5,22912,1696072579.1269438
5,23040,1696072579.1465497
5,23168,1696072579.17158
5,23296,1696072579.1920238
5,23424,1696072579.2172012
5,23552,1696072579.237736
5,23680,1696072579.261715
5,23808,1696072579.2875648
5,23936,1696072579.309888
5,24064,1696072579.332099
5,24192,1696072579.359107
5,24320,1696072579.3795776
5,24448,1696072579.4056911
5,24576,1696072579.4280255
5,24704,1696072579.4520001
5,24832,1696072579.475263
5,24960,1696072579.4956663
5,25088,1696072579.51901
5,25216,1696072579.5400326
5,25344,1696072579.563084
5,25472,1696072579.5840375
5,25600,1696072579.60713
5,25728,1696072579.6279318
5,25856,1696072579.6496286
5,25984,1696072579.6747472
5,26112,1696072579.6962137
5,26240,1696072579.7232158
5,26368,1696072579.7454872
5,26496,1696072579.761979
5,26624,1696072579.782047
5,26752,1696072579.797911
5,26880,1696072579.8218732
5,27008,1696072579.8452592
5,27136,1696072579.8673708
5,27264,1696072579.8896942
5,27392,1696072579.9142182
5,27520,1696072579.9376204
5,27648,1696072579.9587462
5,27776,1696072579.9741936
5,27904,1696072579.9945421
5,28032,1696072580.0112789
5,28160,1696072580.0352855
5,28288,1696072580.054992
5,28416,1696072580.0748737
5,28544,1696072580.0951579
5,28672,1696072580.1151574
5,28800,1696072580.135026
5,28928,1696072580.1575792
5,29056,1696072580.1814828
5,29184,1696072580.20492
5,29312,1696072580.2293618
5,29440,1696072580.2521138
5,29568,1696072580.2767758
5,29696,1696072580.3015838
5,29824,1696072580.3274474
5,29952,1696072580.3495636
5,30080,1696072580.366244
5,30208,1696072580.3914704
5,30336,1696072580.413392
5,30464,1696072580.4383714
5,30592,1696072580.4622388
5,30720,1696072580.4841816
5,30848,1696072580.505597
5,30976,1696072580.5300362
5,31104,1696072580.553467
5,31232,1696072580.578173
5,31360,1696072580.6010256
5,31488,1696072580.6254704
5,31616,1696072580.6456509
5,31744,1696072580.6694586
5,31872,1696072580.6935217
5,32000,1696072580.7151518
5,32128,1696072580.7380826
5,32256,1696072580.7542348
5,32384,1696072580.777454
5,32512,1696072580.7937503
5,32640,1696072580.8143284
5,32768,1696072580.835663
5,32896,1696072580.8630712
5,33024,1696072580.885111
5,33152,1696072580.9102852
5,33280,1696072580.930152
5,33408,1696072580.948455
5,33536,1696072580.9662352
5,33664,1696072580.9901838
5,33792,1696072581.0123944
5,33920,1696072581.039855
5,34048,1696072581.0614185
5,34176,1696072581.0866787
5,34304,1696072581.1097996
5,34432,1696072581.1307538
5,34560,1696072581.1497433
5,34688,1696072581.1750026
5,34816,1696072581.1967432
5,34944,1696072581.224842
5,35072,1696072581.2460272
5,35200,1696072581.2641284
5,35328,1696072581.2839088
5,35456,1696072581.3038902
5,35584,1696072581.3269868
5,35712,1696072581.3425865
5,35840,1696072581.360769
5,35968,1696072581.3802443
5,36096,1696072581.4029865
5,36224,1696072581.4232795
5,36352,1696072581.44705
5,36480,1696072581.4690654
5,36608,1696072581.4895594
5,36736,1696072581.5107088
5,36864,1696072581.5375261
5,36992,1696072581.5556757
5,37120,1696072581.5808828
5,37248,1696072581.6048396
5,37376,1696072581.62627
5,37504,1696072581.6469362
5,37632,1696072581.6695442
5,37760,1696072581.6930323
5,37888,1696072581.716699
5,38016,1696072581.737604
5,38144,1696072581.7559848
5,38272,1696072581.7751076
5,38400,1696072581.801343
5,38528,1696072581.8215187
5,38656,1696072581.8467999
5,38784,1696072581.8694892
5,38912,1696072581.894762
5,39040,1696072581.9142928
5,39168,1696072581.9308426
5,39296,1696072581.9486406
5,39424,1696072581.9682312
5,39552,1696072581.9910223
5,39680,1696072582.0116735
5,39808,1696072582.0334916
5,39936,1696072582.0500453
5,40064,1696072582.069886
5,40192,1696072582.0918517
5,40320,1696072582.1134758
5,40448,1696072582.137736
5,40576,1696072582.1576617
5,40704,1696072582.1749136
5,40832,1696072582.1970086
5,40960,1696072582.2207751
5,41088,1696072582.241741
5,41216,1696072582.266216
5,41344,1696072582.2892363
5,41472,1696072582.3099334
5,41600,1696072582.3354802
5,41728,1696072582.357649
5,41856,1696072582.380718
5,41984,1696072582.4051912
5,42112,1696072582.4291668
5,42240,1696072582.4488285
5,42368,1696072582.4699636
5,42496,1696072582.493342
5,42624,1696072582.5166936
5,42752,1696072582.5429635
5,42880,1696072582.561344
5,43008,1696072582.5783381
5,43136,1696072582.6016104
5,43264,1696072582.6249745
5,43392,1696072582.651186
5,43520,1696072582.6722925
5,43648,1696072582.6934357
5,43776,1696072582.7179914
5,43904,1696072582.7410555
5,44032,1696072582.765349
5,44160,1696072582.7899878
5,44288,1696072582.8129692
5,44416,1696072582.835003
5,44544,1696072582.8551095
5,44672,1696072582.8718743
5,44800,1696072582.8924365
5,44928,1696072582.915157
5,45056,1696072582.9353554
5,45184,1696072582.9572024
5,45312,1696072582.9804032
5,45440,1696072583.0029886
5,45568,1696072583.023542
5,45696,1696072583.0514665
5,45824,1696072583.073828
5,45952,1696072583.0947032
5,46080,1696072583.115766
5,46208,1696072583.139123
5,46336,1696072583.1607742
5,46464,1696072583.18283
5,46592,1696072583.203362
5,46720,1696072583.2274463
5,46848,1696072583.248602
5,46976,1696072583.271034
5,47104,1696072583.2868762
5,47232,1696072583.3086197
5,47360,1696072583.330719
5,47488,1696072583.3509424
5,47616,1696072583.3775885
5,47744,1696072583.3959513
5,47872,1696072583.42131
5,48000,1696072583.441786
5,48128,1696072583.4587607
5,48256,1696072583.4813888
5,48384,1696072583.505403
5,48512,1696072583.5297458
5,48640,1696072583.5562675
5,48768,1696072583.5801997
5,48896,1696072583.6016142
5,49024,1696072583.6224604
5,49152,1696072583.6455212
5,49280,1696072583.6670308
5,49408,1696072583.6871896
5,49536,1696072583.709321
5,49664,1696072583.7316868
5,49792,1696072583.758708
5,49920,1696072583.7812479
5,50000,1696072583.807895
6,128,1696072584.143509
6,256,1696072584.1599553
6,384,1696072584.1801379
6,512,1696072584.203097
6,640,1696072584.223915
6,768,1696072584.2500648
6,896,1696072584.2684035
6,1024,1696072584.2869775
6,1152,1696072584.3069863
6,1280,1696072584.3269038
6,1408,1696072584.3471751
6,1536,1696072584.3669326
6,1664,1696072584.3866532
6,1792,1696072584.4074376
6,1920,1696072584.4268982
6,2048,1696072584.4468856
6,2176,1696072584.4671335
6,2304,1696072584.491109
6,2432,1696072584.5124896
6,2560,1696072584.5347228
6,2688,1696072584.5544066
6,2816,1696072584.5749109
6,2944,1696072584.5916977
6,3072,1696072584.6130714
6,3200,1696072584.635178
6,3328,1696072584.6556644
6,3456,1696072584.677654
6,3584,1696072584.7001743
6,3712,1696072584.7180517
6,3840,1696072584.742849
6,3968,1696072584.765498
6,4096,1696072584.787372
6,4224,1696072584.8138883
6,4352,1696072584.836139
6,4480,1696072584.8516378
6,4608,1696072584.8669217
6,4736,1696072584.8829978
6,4864,1696072584.8988886
6,4992,1696072584.9143744
6,5120,1696072584.9295247
6,5248,1696072584.9454484
6,5376,1696072584.9605203
6,5504,1696072584.9754117
6,5632,1696072584.9906738
6,5760,1696072585.0058424
6,5888,1696072585.021087
6,6016,1696072585.0370345
6,6144,1696072585.0533566
6,6272,1696072585.0674644
6,6400,1696072585.0826974
6,6528,1696072585.099621
6,6656,1696072585.114716
6,6784,1696072585.1306837
6,6912,1696072585.1459491
6,7040,1696072585.1611142
6,7168,1696072585.176857
6,7296,1696072585.1964605
6,7424,1696072585.2153394
6,7552,1696072585.2354243
6,7680,1696072585.2631235
6,7808,1696072585.2850645
6,7936,1696072585.3064375
6,8064,1696072585.3322008
6,8192,1696072585.3552437
6,8320,1696072585.3763037
6,8448,1696072585.3990078
6,8576,1696072585.419177
6,8704,1696072585.4429686
6,8832,1696072585.4648838
6,8960,1696072585.4871855
6,9088,1696072585.5073867
6,9216,1696072585.5294921
6,9344,1696072585.552952
6,9472,1696072585.577319
6,9600,1696072585.598921
6,9728,1696072585.6148705
6,9856,1696072585.6329088
6,9984,1696072585.6520402
6,10112,1696072585.6687396
6,10240,1696072585.686965
6,10368,1696072585.7042894
6,10496,1696072585.7229161
6,10624,1696072585.7405126
6,10752,1696072585.759334
6,10880,1696072585.7790232
6,11008,1696072585.7990782
6,11136,1696072585.8191578
