epoch,trained_sample,time
1,0,1695607692.3817608
1,16,1695607693.578575
1,32,1695607693.589619
1,48,1695607693.6016684
1,64,1695607693.6134121
1,80,1695607693.6271212
1,96,1695607693.638888
1,112,1695607693.6510868
1,128,1695607693.6634007
1,144,1695607693.6754112
1,160,1695607693.688268
1,176,1695607693.7007065
1,192,1695607693.7122483
1,208,1695607693.7252707
1,224,1695607693.7368534
1,240,1695607693.7500284
1,256,1695607693.7620428
1,272,1695607693.7736871
1,288,1695607693.7864473
1,304,1695607693.7986202
1,320,1695607693.81081
1,336,1695607693.8239343
1,352,1695607693.8354876
1,368,1695607693.8485436
1,384,1695607693.8612983
1,400,1695607693.8730884
1,416,1695607693.8865292
1,432,1695607693.8979595
1,448,1695607693.9112227
1,464,1695607693.9230673
1,480,1695607693.935596
1,496,1695607693.9481843
1,512,1695607693.961321
1,528,1695607693.9752135
1,544,1695607693.9864304
1,560,1695607693.9974275
1,576,1695607694.0784132
1,592,1695607694.09226
1,608,1695607694.1044827
1,624,1695607694.1161451
1,640,1695607694.1275973
1,656,1695607694.1403065
1,672,1695607694.1522634
1,688,1695607694.1636183
1,704,1695607694.1768029
1,720,1695607694.1892421
1,736,1695607694.2006662
1,752,1695607694.2123628
1,768,1695607694.2253616
1,784,1695607694.2369766
1,800,1695607694.249944
1,816,1695607694.2617261
1,832,1695607694.2735007
1,848,1695607694.2864494
1,864,1695607694.2984316
1,880,1695607694.3104126
1,896,1695607694.323427
1,912,1695607694.3348875
1,928,1695607694.3469157
1,944,1695607694.3596313
1,960,1695607694.3717113
1,976,1695607694.384704
1,992,1695607694.3971791
1,1008,1695607694.4086506
1,1024,1695607694.4502869
1,1040,1695607694.4627876
1,1056,1695607694.4757848
1,1072,1695607694.4884188
1,1088,1695607694.5528047
1,1104,1695607694.5652895
1,1120,1695607694.5767055
1,1136,1695607694.630042
1,1152,1695607694.642051
1,1168,1695607694.655411
1,1184,1695607694.6684525
1,1200,1695607694.6814363
1,1216,1695607694.693056
1,1232,1695607694.7067604
1,1248,1695607694.7186055
1,1264,1695607694.730461
1,1280,1695607694.7432733
1,1296,1695607694.7550848
1,1312,1695607694.7674975
1,1328,1695607694.7798889
1,1344,1695607694.792228
1,1360,1695607694.803593
1,1376,1695607694.8166072
1,1392,1695607694.8290448
1,1408,1695607694.8404338
1,1424,1695607694.8519642
1,1440,1695607694.8653128
1,1456,1695607694.877572
1,1472,1695607694.889049
1,1488,1695607694.9016702
1,1504,1695607694.9131114
1,1520,1695607694.9248414
1,1536,1695607694.937983
1,1552,1695607694.9500148
1,1568,1695607694.9617121
1,1584,1695607694.9745045
1,1600,1695607694.9865882
1,1616,1695607694.9985986
1,1632,1695607695.0116603
1,1648,1695607695.023292
1,1664,1695607695.0361097
1,1680,1695607695.0484674
1,1696,1695607695.0598345
1,1712,1695607695.071349
1,1728,1695607695.0842934
1,1744,1695607695.0966325
1,1760,1695607695.1079886
1,1776,1695607695.119486
1,1792,1695607695.1318235
1,1808,1695607695.1459727
1,1824,1695607695.156899
1,1840,1695607695.1697352
1,1856,1695607695.1832182
1,1872,1695607695.1956117
1,1888,1695607695.2079637
1,1904,1695607695.2199297
1,1920,1695607695.232932
1,1936,1695607695.2456589
1,1952,1695607695.2623444
1,1968,1695607695.275078
1,1984,1695607695.288315
1,2000,1695607695.2996616
1,2016,1695607695.3125362
1,2032,1695607695.3249063
1,2048,1695607695.336896
1,2064,1695607695.3494616
1,2080,1695607695.3616183
1,2096,1695607695.3730989
1,2112,1695607695.3856337
1,2128,1695607695.3975663
1,2144,1695607695.409916
1,2160,1695607695.4227827
1,2176,1695607695.4353385
1,2192,1695607695.4476893
1,2208,1695607695.4600887
1,2224,1695607695.4720905
1,2240,1695607695.4835522
1,2256,1695607695.496217
1,2272,1695607695.508527
1,2288,1695607695.521513
1,2304,1695607695.5346742
1,2320,1695607695.5471737
1,2336,1695607695.5598283
1,2352,1695607695.572299
1,2368,1695607695.5841856
1,2384,1695607695.5971532
1,2400,1695607695.6087534
1,2416,1695607695.6203096
1,2432,1695607695.633713
1,2448,1695607695.645885
1,2464,1695607695.657416
1,2480,1695607695.6701968
1,2496,1695607695.6823597
1,2512,1695607695.6941845
1,2528,1695607695.7067986
1,2544,1695607695.7187765
1,2560,1695607695.7309234
1,2576,1695607695.7432911
1,2592,1695607695.7552235
1,2608,1695607695.7678735
1,2624,1695607695.7801728
1,2640,1695607695.7918713
1,2656,1695607695.8047519
1,2672,1695607695.8165178
1,2688,1695607695.8292036
1,2704,1695607695.8426425
1,2720,1695607695.8546565
1,2736,1695607695.8674064
1,2752,1695607695.8796015
1,2768,1695607695.8924508
1,2784,1695607695.9046316
1,2800,1695607695.9165456
1,2816,1695607695.9297297
1,2832,1695607695.941682
1,2848,1695607695.9531555
1,2864,1695607695.9662566
1,2880,1695607695.9784179
1,2896,1695607695.9902525
1,2912,1695607696.002918
1,2928,1695607696.0149634
1,2944,1695607696.027254
1,2960,1695607696.0401149
1,2976,1695607696.0514965
1,2992,1695607696.0644882
1,3008,1695607696.0766075
1,3024,1695607696.0904636
1,3040,1695607696.1037064
1,3056,1695607696.1155624
1,3072,1695607696.1284795
1,3088,1695607696.140758
1,3104,1695607696.1521866
1,3120,1695607696.1644232
1,3136,1695607696.1778357
1,3152,1695607696.189784
1,3168,1695607696.201357
1,3184,1695607696.214328
1,3200,1695607696.2262502
1,3216,1695607696.2380617
1,3232,1695607696.250699
1,3248,1695607696.262801
1,3264,1695607696.274483
1,3280,1695607696.287468
1,3296,1695607696.2992156
1,3312,1695607696.3120203
1,3328,1695607696.3243692
1,3344,1695607696.3361208
1,3360,1695607696.347518
1,3376,1695607696.3602831
1,3392,1695607696.3722446
1,3408,1695607696.38513
1,3424,1695607696.3966458
1,3440,1695607696.409524
1,3456,1695607696.4236033
1,3472,1695607696.4349847
1,3488,1695607696.4472063
1,3504,1695607696.4596217
1,3520,1695607696.4716053
1,3536,1695607696.484391
1,3552,1695607696.4969244
1,3568,1695607696.5083556
1,3584,1695607696.5198932
1,3600,1695607696.532715
1,3616,1695607696.545034
1,3632,1695607696.5564742
1,3648,1695607696.5695658
1,3664,1695607696.581511
1,3680,1695607696.5929556
1,3696,1695607696.6060035
1,3712,1695607696.6180444
1,3728,1695607696.6296
1,3744,1695607696.6424034
1,3760,1695607696.654654
1,3776,1695607696.666779
1,3792,1695607696.6791575
1,3808,1695607696.691131
1,3824,1695607696.7034526
1,3840,1695607696.7159219
1,3856,1695607696.7277665
1,3872,1695607696.7407384
1,3888,1695607696.7530348
1,3904,1695607696.7643824
1,3920,1695607696.7759023
1,3936,1695607696.7883308
1,3952,1695607696.8022306
1,3968,1695607696.8160949
1,3984,1695607696.827618
1,4000,1695607696.8406112
1,4016,1695607696.8529646
1,4032,1695607696.8644457
1,4048,1695607696.8778446
1,4064,1695607696.8901455
1,4080,1695607696.9017646
1,4096,1695607696.9145982
1,4112,1695607696.9265623
1,4128,1695607696.938518
1,4144,1695607696.9510772
1,4160,1695607696.9632094
1,4176,1695607696.975499
1,4192,1695607696.9878883
1,4208,1695607696.9999177
1,4224,1695607697.013091
1,4240,1695607697.0283756
1,4256,1695607697.041658
1,4272,1695607697.0531893
1,4288,1695607697.0663104
1,4304,1695607697.0781963
1,4320,1695607697.0900779
1,4336,1695607697.1032684
1,4352,1695607697.1151047
1,4368,1695607697.1274526
1,4384,1695607697.1398315
1,4400,1695607697.1517687
1,4416,1695607697.16485
1,4432,1695607697.1769311
1,4448,1695607697.188288
1,4464,1695607697.1998084
1,4480,1695607697.2124724
1,4496,1695607697.2270055
1,4512,1695607697.239264
1,4528,1695607697.2521532
1,4544,1695607697.263568
1,4560,1695607697.27644
1,4576,1695607697.2881615
1,4592,1695607697.2996979
1,4608,1695607697.314327
1,4624,1695607697.3287992
1,4640,1695607697.3402286
1,4656,1695607697.3533647
1,4672,1695607697.3650968
1,4688,1695607697.3778079
1,4704,1695607697.3899117
1,4720,1695607697.4014456
1,4736,1695607697.4142685
1,4752,1695607697.4261396
1,4768,1695607697.4379437
1,4784,1695607697.4511175
1,4800,1695607697.4630206
1,4816,1695607697.4751196
1,4832,1695607697.4875867
1,4848,1695607697.4997973
1,4864,1695607697.5128543
1,4880,1695607697.5252244
1,4896,1695607697.5366569
1,4912,1695607697.548289
1,4928,1695607697.561616
1,4944,1695607697.5738184
1,4960,1695607697.585521
1,4976,1695607697.5986407
1,4992,1695607697.6107335
1,5008,1695607697.6221514
1,5024,1695607697.6348011
1,5040,1695607697.6480558
1,5056,1695607697.6601007
1,5072,1695607697.6715348
1,5088,1695607697.6845362
1,5104,1695607697.6969812
1,5120,1695607697.7083068
1,5136,1695607697.7198172
1,5152,1695607697.732685
1,5168,1695607697.7450213
1,5184,1695607697.7564733
1,5200,1695607697.7680366
1,5216,1695607697.7808042
1,5232,1695607697.7946453
1,5248,1695607697.8064172
1,5264,1695607697.8189874
1,5280,1695607697.8310819
1,5296,1695607697.8434837
1,5312,1695607697.855917
1,5328,1695607697.8679066
1,5344,1695607697.881138
1,5360,1695607697.893471
1,5376,1695607697.9050045
1,5392,1695607697.9179683
1,5408,1695607697.9300423
1,5424,1695607697.9417617
1,5440,1695607697.9549487
1,5456,1695607697.966814
1,5472,1695607697.9790251
1,5488,1695607697.9915023
1,5504,1695607698.0034623
1,5520,1695607698.0163157
1,5536,1695607698.0287955
1,5552,1695607698.0402665
1,5568,1695607698.0517735
1,5584,1695607698.064719
1,5600,1695607698.07704
1,5616,1695607698.0884662
1,5632,1695607698.1016195
1,5648,1695607698.113777
1,5664,1695607698.1253128
1,5680,1695607698.1381059
1,5696,1695607698.1501997
1,5712,1695607698.161916
1,5728,1695607698.1745327
1,5744,1695607698.186504
1,5760,1695607698.1984954
1,5776,1695607698.211215
1,5792,1695607698.2224796
1,5808,1695607698.2351384
1,5824,1695607698.2483034
1,5840,1695607698.2597394
1,5856,1695607698.2712116
1,5872,1695607698.284092
1,5888,1695607698.297051
1,5904,1695607698.3085034
1,5920,1695607698.3200383
1,5936,1695607698.3329926
1,5952,1695607698.344783
1,5968,1695607698.356429
1,5984,1695607698.368685
1,6000,1695607698.381925
1,6016,1695607698.3939598
1,6032,1695607698.4055853
1,6048,1695607698.4183333
1,6064,1695607698.4305372
1,6080,1695607698.4507978
1,6096,1695607698.4629319
1,6112,1695607698.4795864
1,6128,1695607698.4980414
1,6144,1695607698.5198264
1,6160,1695607698.534403
1,6176,1695607698.5539458
1,6192,1695607698.5714214
1,6208,1695607698.5897155
1,6224,1695607698.610031
1,6240,1695607698.6299899
1,6256,1695607698.6496887
1,6272,1695607698.6702168
1,6288,1695607698.6897385
1,6304,1695607698.7081544
1,6320,1695607698.7235868
1,6336,1695607698.7363522
1,6352,1695607698.7509935
1,6368,1695607698.7630796
1,6384,1695607698.7755477
1,6400,1695607698.7880058
1,6416,1695607698.799623
1,6432,1695607698.811282
1,6448,1695607698.8242524
1,6464,1695607698.8360658
1,6480,1695607698.8472362
1,6496,1695607698.863468
1,6512,1695607698.8764274
1,6528,1695607698.8878503
1,6544,1695607698.9009087
1,6560,1695607698.912917
1,6576,1695607698.9245753
1,6592,1695607698.9369419
1,6608,1695607698.9502833
1,6624,1695607698.9623957
1,6640,1695607698.974233
1,6656,1695607698.98703
1,6672,1695607698.9992008
1,6688,1695607699.0105593
1,6704,1695607699.023373
1,6720,1695607699.0366223
1,6736,1695607699.0482771
1,6752,1695607699.059889
1,6768,1695607699.0728118
1,6784,1695607699.084764
1,6800,1695607699.096458
1,6816,1695607699.1119585
1,6832,1695607699.1255674
1,6848,1695607699.1378422
1,6864,1695607699.1514106
1,6880,1695607699.1634386
1,6896,1695607699.1764412
1,6912,1695607699.1888568
1,6928,1695607699.2008383
1,6944,1695607699.2141209
1,6960,1695607699.2262383
1,6976,1695607699.2380638
1,6992,1695607699.2509334
1,7008,1695607699.2631464
1,7024,1695607699.2755983
1,7040,1695607699.2880304
1,7056,1695607699.2999861
1,7072,1695607699.3134425
1,7088,1695607699.3259497
1,7104,1695607699.3378336
1,7120,1695607699.3510077
1,7136,1695607699.3629532
1,7152,1695607699.375317
1,7168,1695607699.387825
1,7184,1695607699.3999798
1,7200,1695607699.411334
1,7216,1695607699.4242785
1,7232,1695607699.4368615
1,7248,1695607699.4483807
1,7264,1695607699.4599764
1,7280,1695607699.4729636
1,7296,1695607699.4850013
1,7312,1695607699.498333
1,7328,1695607699.510435
1,7344,1695607699.5223536
1,7360,1695607699.5351388
1,7376,1695607699.5472896
1,7392,1695607699.5603042
1,7408,1695607699.572721
1,7424,1695607699.5845833
1,7440,1695607699.5978434
1,7456,1695607699.610067
1,7472,1695607699.6219106
1,7488,1695607699.6346965
1,7504,1695607699.6468043
1,7520,1695607699.6591017
1,7536,1695607699.6719337
1,7552,1695607699.6842985
1,7568,1695607699.6975691
1,7584,1695607699.711527
1,7600,1695607699.723357
1,7616,1695607699.7364657
1,7632,1695607699.7488072
1,7648,1695607699.7608988
1,7664,1695607699.7742646
1,7680,1695607699.7864199
1,7696,1695607699.7984662
1,7712,1695607699.811297
1,7728,1695607699.823387
1,7744,1695607699.8362703
1,7760,1695607699.848698
1,7776,1695607699.8603556
1,7792,1695607699.8735762
1,7808,1695607699.8868968
1,7824,1695607699.8989103
1,7840,1695607699.911105
1,7856,1695607699.9237297
1,7872,1695607699.9358232
1,7888,1695607699.9490776
1,7904,1695607699.9614885
1,7920,1695607699.9731162
1,7936,1695607699.9862626
1,7952,1695607699.9977074
1,7968,1695607700.0090792
1,7984,1695607700.0228605
1,8000,1695607700.0368195
1,8016,1695607700.048301
1,8032,1695607700.0611315
1,8048,1695607700.072823
1,8064,1695607700.084521
1,8080,1695607700.09797
1,8096,1695607700.1097598
1,8112,1695607700.1226797
1,8128,1695607700.1347191
1,8144,1695607700.1470635
1,8160,1695607700.1604888
1,8176,1695607700.1729815
1,8192,1695607700.1864953
1,8208,1695607700.198716
1,8224,1695607700.2108955
1,8240,1695607700.2244778
1,8256,1695607700.2366116
1,8272,1695607700.2497616
1,8288,1695607700.2632246
1,8304,1695607700.276056
1,8320,1695607700.2892559
1,8336,1695607700.300797
1,8352,1695607700.31477
1,8368,1695607700.3275104
1,8384,1695607700.3404434
1,8400,1695607700.356511
1,8416,1695607700.371764
1,8432,1695607700.3853137
1,8448,1695607700.3970728
1,8464,1695607700.4104772
1,8480,1695607700.422688
1,8496,1695607700.4360712
1,8512,1695607700.449008
1,8528,1695607700.460926
1,8544,1695607700.474655
1,8560,1695607700.486836
1,8576,1695607700.500084
1,8592,1695607700.513014
1,8608,1695607700.525257
1,8624,1695607700.539027
1,8640,1695607700.5509589
1,8656,1695607700.5686169
1,8672,1695607700.580793
1,8688,1695607700.592146
1,8704,1695607700.6039467
1,8720,1695607700.6196225
1,8736,1695607700.6335602
1,8752,1695607700.6466055
1,8768,1695607700.6588583
1,8784,1695607700.6711967
1,8800,1695607700.6844895
1,8816,1695607700.696443
1,8832,1695607700.7076058
1,8848,1695607700.7247567
1,8864,1695607700.7380881
1,8880,1695607700.750358
1,8896,1695607700.76403
1,8912,1695607700.7757485
1,8928,1695607700.7897005
1,8944,1695607700.801978
1,8960,1695607700.8141117
1,8976,1695607700.827376
1,8992,1695607700.8408458
1,9008,1695607700.8544636
1,9024,1695607700.867178
1,9040,1695607700.8808417
1,9056,1695607700.893124
1,9072,1695607700.906535
1,9088,1695607700.9196055
1,9104,1695607700.9332302
1,9120,1695607700.9449275
1,9136,1695607700.9591477
1,9152,1695607700.9711397
1,9168,1695607700.989043
1,9184,1695607701.0003448
1,9200,1695607701.0126922
1,9216,1695607701.024647
1,9232,1695607701.0360107
1,9248,1695607701.0533369
1,9264,1695607701.0655892
1,9280,1695607701.0782018
1,9296,1695607701.0916212
1,9312,1695607701.103924
1,9328,1695607701.1169028
1,9344,1695607701.128546
1,9360,1695607701.1403768
1,9376,1695607701.154602
1,9392,1695607701.167028
1,9408,1695607701.1807845
1,9424,1695607701.1929824
1,9440,1695607701.208358
1,9456,1695607701.221473
1,9472,1695607701.2330396
1,9488,1695607701.2459552
1,9504,1695607701.2580197
1,9520,1695607701.2709386
1,9536,1695607701.2840161
1,9552,1695607701.2971666
1,9568,1695607701.3091726
1,9584,1695607701.3211203
1,9600,1695607701.3347278
1,9616,1695607701.3467305
1,9632,1695607701.358968
1,9648,1695607701.3716025
1,9664,1695607701.3836963
1,9680,1695607701.3950837
1,9696,1695607701.4079618
1,9712,1695607701.4211133
1,9728,1695607701.4346097
1,9744,1695607701.4465005
1,9760,1695607701.4588938
1,9776,1695607701.4725711
1,9792,1695607701.4842396
1,9808,1695607701.496113
1,9824,1695607701.5100336
1,9840,1695607701.5219088
1,9856,1695607701.534801
1,9872,1695607701.5477524
1,9888,1695607701.5608
1,9904,1695607701.572891
1,9920,1695607701.5861712
1,9936,1695607701.598418
1,9952,1695607701.6102543
1,9968,1695607701.6233706
1,9984,1695607701.6359465
1,10000,1695607701.6490452
1,10016,1695607701.6622438
1,10032,1695607701.6744747
1,10048,1695607701.6875265
1,10064,1695607701.6989014
1,10080,1695607701.7119627
1,10096,1695607701.7248268
1,10112,1695607701.73815
1,10128,1695607701.7504253
1,10144,1695607701.762389
1,10160,1695607701.7750797
1,10176,1695607701.7873755
1,10192,1695607701.8004937
1,10208,1695607701.8129776
1,10224,1695607701.825688
1,10240,1695607701.839138
1,10256,1695607701.8512015
1,10272,1695607701.863474
1,10288,1695607701.8763373
1,10304,1695607701.889071
1,10320,1695607701.9004757
1,10336,1695607701.913444
1,10352,1695607701.9251869
1,10368,1695607701.9383001
1,10384,1695607701.949869
1,10400,1695607701.9616792
1,10416,1695607701.973872
1,10432,1695607701.987881
1,10448,1695607701.9994001
1,10464,1695607702.0110362
1,10480,1695607702.0248606
1,10496,1695607702.0386093
1,10512,1695607702.050379
1,10528,1695607702.0622308
1,10544,1695607702.0751147
1,10560,1695607702.0873108
1,10576,1695607702.099474
1,10592,1695607702.1124432
1,10608,1695607702.1243474
1,10624,1695607702.138347
1,10640,1695607702.1509376
1,10656,1695607702.1654544
1,10672,1695607702.1782918
1,10688,1695607702.1919196
1,10704,1695607702.204442
1,10720,1695607702.2190187
1,10736,1695607702.2306726
1,10752,1695607702.2444718
1,10768,1695607702.2567396
1,10784,1695607702.2683163
1,10800,1695607702.2807438
1,10816,1695607702.294275
1,10832,1695607702.3058007
1,10848,1695607702.3188982
1,10864,1695607702.3325093
1,10880,1695607702.3444576
1,10896,1695607702.3559868
1,10912,1695607702.36833
1,10928,1695607702.3820653
1,10944,1695607702.3961823
1,10960,1695607702.4069273
1,10976,1695607702.4193301
1,10992,1695607702.4359066
1,11008,1695607702.4519446
1,11024,1695607702.4661808
1,11040,1695607702.4860146
1,11056,1695607702.4989645
1,11072,1695607702.5114722
1,11088,1695607702.5248194
1,11104,1695607702.5463762
1,11120,1695607702.5664346
1,11136,1695607702.5865214
1,11152,1695607702.606556
1,11168,1695607702.626103
1,11184,1695607702.646125
1,11200,1695607702.6654902
1,11216,1695607702.6860194
1,11232,1695607702.7066064
1,11248,1695607702.7263315
1,11264,1695607702.7461452
1,11280,1695607702.7661781
1,11296,1695607702.7862356
1,11312,1695607702.8063374
1,11328,1695607702.8262281
1,11344,1695607702.8461607
1,11360,1695607702.8608038
1,11376,1695607702.8742242
1,11392,1695607702.8863955
1,11408,1695607702.8986719
1,11424,1695607702.9123633
1,11440,1695607702.9255152
1,11456,1695607702.9377863
1,11472,1695607702.9518266
1,11488,1695607702.965216
1,11504,1695607702.9773593
1,11520,1695607702.9904685
1,11536,1695607703.003757
1,11552,1695607703.0174093
1,11568,1695607703.0295694
1,11584,1695607703.0427902
1,11600,1695607703.054278
1,11616,1695607703.0689745
1,11632,1695607703.0819545
1,11648,1695607703.0942378
1,11664,1695607703.1074855
1,11680,1695607703.125923
1,11696,1695607703.1472006
1,11712,1695607703.1660771
1,11728,1695607703.1861715
1,11744,1695607703.2062137
1,11760,1695607703.2257562
1,11776,1695607703.2457218
1,11792,1695607703.266044
1,11808,1695607703.2861862
1,11824,1695607703.3065605
1,11840,1695607703.3257642
1,11856,1695607703.3462305
1,11872,1695607703.366191
1,11888,1695607703.3859253
1,11904,1695607703.406281
1,11920,1695607703.4197602
1,11936,1695607703.434596
1,11952,1695607703.448292
1,11968,1695607703.4600737
1,11984,1695607703.4720197
1,12000,1695607703.485639
1,12016,1695607703.497616
1,12032,1695607703.5107853
1,12048,1695607703.5230453
1,12064,1695607703.5357535
1,12080,1695607703.5541902
1,12096,1695607703.5741117
1,12112,1695607703.5936053
1,12128,1695607703.613842
1,12144,1695607703.6338997
1,12160,1695607703.6547894
1,12176,1695607703.6742313
1,12192,1695607703.6938424
1,12208,1695607703.7141256
1,12224,1695607703.733644
1,12240,1695607703.7585042
1,12256,1695607703.7761738
1,12272,1695607703.7907352
1,12288,1695607703.803258
1,12304,1695607703.8164861
1,12320,1695607703.8294847
1,12336,1695607703.841218
1,12352,1695607703.8551786
1,12368,1695607703.8672166
1,12384,1695607703.879892
1,12400,1695607703.8934054
1,12416,1695607703.9055011
1,12432,1695607703.9194129
1,12448,1695607703.9318397
1,12464,1695607703.9435596
1,12480,1695607703.9551897
1,12496,1695607703.969953
1,12512,1695607703.9837103
1,12528,1695607703.9966238
1,12544,1695607704.009938
1,12560,1695607704.0225246
1,12576,1695607704.0364604
1,12592,1695607704.0484612
1,12608,1695607704.0622072
1,12624,1695607704.076493
1,12640,1695607704.0890737
1,12656,1695607704.1009185
1,12672,1695607704.1136973
1,12688,1695607704.1279616
1,12704,1695607704.140477
1,12720,1695607704.1519337
1,12736,1695607704.1684813
1,12752,1695607704.1840773
1,12768,1695607704.197282
1,12784,1695607704.2094302
1,12800,1695607704.2223158
1,12816,1695607704.2344496
1,12832,1695607704.2477634
1,12848,1695607704.26073
1,12864,1695607704.272401
1,12880,1695607704.2851875
1,12896,1695607704.2992802
1,12912,1695607704.3112087
1,12928,1695607704.3243148
1,12944,1695607704.3367999
1,12960,1695607704.3509007
1,12976,1695607704.3634772
1,12992,1695607704.3757057
1,13008,1695607704.3894763
1,13024,1695607704.401428
1,13040,1695607704.4150372
1,13056,1695607704.4273455
1,13072,1695607704.438907
1,13088,1695607704.4519322
1,13104,1695607704.4656188
1,13120,1695607704.480251
1,13136,1695607704.4939067
1,13152,1695607704.5093544
1,13168,1695607704.5219781
1,13184,1695607704.535805
1,13200,1695607704.5477304
1,13216,1695607704.560733
1,13232,1695607704.573253
1,13248,1695607704.5848167
1,13264,1695607704.5999362
1,13280,1695607704.6131337
1,13296,1695607704.6249619
1,13312,1695607704.6406229
1,13328,1695607704.652433
1,13344,1695607704.6640866
1,13360,1695607704.677687
1,13376,1695607704.6905391
1,13392,1695607704.7036457
1,13408,1695607704.7172954
1,13424,1695607704.7289417
1,13440,1695607704.7424362
1,13456,1695607704.75389
1,13472,1695607704.7664146
1,13488,1695607704.780622
1,13504,1695607704.7924414
1,13520,1695607704.8040264
1,13536,1695607704.8173566
1,13552,1695607704.829261
1,13568,1695607704.8425577
1,13584,1695607704.85469
1,13600,1695607704.8671603
1,13616,1695607704.8800006
1,13632,1695607704.8922837
1,13648,1695607704.9040763
1,13664,1695607704.915736
1,13680,1695607704.9295154
1,13696,1695607704.9420683
1,13712,1695607704.9546993
1,13728,1695607704.9735892
1,13744,1695607704.994319
1,13760,1695607705.0143654
1,13776,1695607705.033648
1,13792,1695607705.053632
1,13808,1695607705.0743873
1,13824,1695607705.0941348
1,13840,1695607705.1141546
1,13856,1695607705.1337652
1,13872,1695607705.1541157
1,13888,1695607705.1742814
1,13904,1695607705.1936383
1,13920,1695607705.207419
1,13936,1695607705.2208333
1,13952,1695607705.2346063
1,13968,1695607705.2461762
1,13984,1695607705.2592719
1,14000,1695607705.2722476
1,14016,1695607705.2836099
1,14032,1695607705.3007693
1,14048,1695607705.314376
1,14064,1695607705.3272915
1,14080,1695607705.34034
1,14096,1695607705.3516204
1,14112,1695607705.3656745
1,14128,1695607705.3779905
1,14144,1695607705.391037
1,14160,1695607705.404009
1,14176,1695607705.417393
1,14192,1695607705.4291046
1,14208,1695607705.4432633
1,14224,1695607705.4552171
1,14240,1695607705.4680905
1,14256,1695607705.4815693
1,14272,1695607705.4933665
1,14288,1695607705.5072374
1,14304,1695607705.5193207
1,14320,1695607705.531701
1,14336,1695607705.544699
1,14352,1695607705.560234
1,14368,1695607705.5748208
1,14384,1695607705.5877216
1,14400,1695607705.6013567
1,14416,1695607705.6143303
1,14432,1695607705.6275504
1,14448,1695607705.6391256
1,14464,1695607705.6527512
1,14480,1695607705.6648726
1,14496,1695607705.6785078
1,14512,1695607705.6905184
1,14528,1695607705.7027845
1,14544,1695607705.71771
1,14560,1695607705.7340431
1,14576,1695607705.7467911
1,14592,1695607705.758979
1,14608,1695607705.771074
1,14624,1695607705.7845325
1,14640,1695607705.7958302
1,14656,1695607705.8076704
1,14672,1695607705.8243668
1,14688,1695607705.8377461
1,14704,1695607705.851511
1,14720,1695607705.864955
1,14736,1695607705.8799386
1,14752,1695607705.8915787
1,14768,1695607705.9048557
1,14784,1695607705.917932
1,14800,1695607705.9302804
1,14816,1695607705.9442844
1,14832,1695607705.956431
1,14848,1695607705.967947
1,14864,1695607705.9796531
1,14880,1695607705.9925773
1,14896,1695607706.0058641
1,14912,1695607706.0189445
1,14928,1695607706.0324395
1,14944,1695607706.0455601
1,14960,1695607706.058406
1,14976,1695607706.071116
1,14992,1695607706.0852275
1,15008,1695607706.097193
1,15024,1695607706.1109793
1,15040,1695607706.1230612
1,15056,1695607706.1367316
1,15072,1695607706.1493697
1,15088,1695607706.1614504
1,15104,1695607706.174508
1,15120,1695607706.1874385
1,15136,1695607706.2006388
1,15152,1695607706.2138357
1,15168,1695607706.226173
1,15184,1695607706.2394297
1,15200,1695607706.2513938
1,15216,1695607706.2651114
1,15232,1695607706.2783632
1,15248,1695607706.2902782
1,15264,1695607706.3029776
1,15280,1695607706.315306
1,15296,1695607706.328231
1,15312,1695607706.341683
1,15328,1695607706.3534849
1,15344,1695607706.3677137
1,15360,1695607706.3801465
1,15376,1695607706.3916183
1,15392,1695607706.4050004
1,15408,1695607706.4190056
1,15424,1695607706.4312186
1,15440,1695607706.444206
1,15456,1695607706.4584932
1,15472,1695607706.4705434
1,15488,1695607706.483247
1,15504,1695607706.4963975
1,15520,1695607706.5079706
1,15536,1695607706.5211527
1,15552,1695607706.533043
1,15568,1695607706.5510974
1,15584,1695607706.5668306
1,15600,1695607706.5797331
1,15616,1695607706.5927641
1,15632,1695607706.6060233
1,15648,1695607706.6192658
1,15664,1695607706.632878
1,15680,1695607706.6462562
1,15696,1695607706.6584363
1,15712,1695607706.6704473
1,15728,1695607706.683313
1,15744,1695607706.6965382
1,15760,1695607706.7101815
1,15776,1695607706.7223554
1,15792,1695607706.7343948
1,15808,1695607706.7470198
1,15824,1695607706.7596998
1,15840,1695607706.7729166
1,15856,1695607706.7860408
1,15872,1695607706.7983172
1,15888,1695607706.8116994
1,15904,1695607706.8232822
1,15920,1695607706.8363647
1,15936,1695607706.8496225
1,15952,1695607706.8619983
1,15968,1695607706.8750534
1,15984,1695607706.8870218
1,16000,1695607706.8991292
1,16016,1695607706.9143689
1,16032,1695607706.9265938
1,16048,1695607706.9412463
1,16064,1695607706.9532263
1,16080,1695607706.9666772
1,16096,1695607706.9802394
1,16112,1695607706.993777
1,16128,1695607707.005543
1,16144,1695607707.0181065
1,16160,1695607707.0320175
1,16176,1695607707.0468545
1,16192,1695607707.059679
1,16208,1695607707.0720534
1,16224,1695607707.0841687
1,16240,1695607707.096254
1,16256,1695607707.1082351
1,16272,1695607707.1201727
1,16288,1695607707.131503
1,16304,1695607707.1441822
1,16320,1695607707.15916
1,16336,1695607707.1714137
1,16352,1695607707.1844485
1,16368,1695607707.196171
1,16384,1695607707.2094195
1,16400,1695607707.221856
1,16416,1695607707.2333665
1,16432,1695607707.2463953
1,16448,1695607707.2583938
1,16464,1695607707.270775
1,16480,1695607707.2837186
1,16496,1695607707.2960184
1,16512,1695607707.3083806
1,16528,1695607707.320014
1,16544,1695607707.3315768
1,16560,1695607707.344843
1,16576,1695607707.3583534
1,16592,1695607707.370205
1,16608,1695607707.382897
1,16624,1695607707.3958879
1,16640,1695607707.409124
1,16656,1695607707.421026
1,16672,1695607707.4327288
1,16688,1695607707.4464307
1,16704,1695607707.4584658
1,16720,1695607707.4711924
1,16736,1695607707.4841564
1,16752,1695607707.497187
1,16768,1695607707.508952
1,16784,1695607707.5219193
1,16800,1695607707.5345597
1,16816,1695607707.5463765
1,16832,1695607707.5593338
1,16848,1695607707.570752
1,16864,1695607707.583435
1,16880,1695607707.5958703
1,16896,1695607707.6082776
1,16912,1695607707.6200469
1,16928,1695607707.6350532
1,16944,1695607707.6498187
1,16960,1695607707.6610816
1,16976,1695607707.6728954
1,16992,1695607707.687677
1,17008,1695607707.700171
1,17024,1695607707.7124996
1,17040,1695607707.7242608
1,17056,1695607707.7360265
1,17072,1695607707.7494235
1,17088,1695607707.7623017
1,17104,1695607707.7759273
1,17120,1695607707.7879183
1,17136,1695607707.800392
1,17152,1695607707.8157415
1,17168,1695607707.8276086
1,17184,1695607707.8409722
1,17200,1695607707.8545914
1,17216,1695607707.867161
1,17232,1695607707.8809774
1,17248,1695607707.8925693
1,17264,1695607707.9066136
1,17280,1695607707.9198804
1,17296,1695607707.9331157
1,17312,1695607707.9450147
1,17328,1695607707.9580286
1,17344,1695607707.9715562
1,17360,1695607707.9845765
1,17376,1695607708.0003016
1,17392,1695607708.0156798
1,17408,1695607708.0296197
1,17424,1695607708.0412512
1,17440,1695607708.0532365
1,17456,1695607708.0665987
1,17472,1695607708.0787492
1,17488,1695607708.0909724
1,17504,1695607708.103643
1,17520,1695607708.1160443
1,17536,1695607708.1277914
1,17552,1695607708.1409125
1,17568,1695607708.1524925
1,17584,1695607708.1648068
1,17600,1695607708.178386
1,17616,1695607708.190501
1,17632,1695607708.2032182
1,17648,1695607708.217662
1,17664,1695607708.229634
1,17680,1695607708.2427504
1,17696,1695607708.2547507
1,17712,1695607708.2670312
1,17728,1695607708.2805045
1,17744,1695607708.2931664
1,17760,1695607708.3063345
1,17776,1695607708.3185248
1,17792,1695607708.3309817
1,17808,1695607708.3431122
1,17824,1695607708.3556912
1,17840,1695607708.3711193
1,17856,1695607708.3833392
1,17872,1695607708.3961556
1,17888,1695607708.408608
1,17904,1695607708.4201992
1,17920,1695607708.433775
1,17936,1695607708.4455798
1,17952,1695607708.4591486
1,17968,1695607708.471058
1,17984,1695607708.4827797
1,18000,1695607708.496042
1,18016,1695607708.5091612
1,18032,1695607708.5212297
1,18048,1695607708.5347362
1,18064,1695607708.546212
1,18080,1695607708.5605385
1,18096,1695607708.5743086
1,18112,1695607708.5860558
1,18128,1695607708.598531
1,18144,1695607708.6106007
1,18160,1695607708.6238804
1,18176,1695607708.63708
1,18192,1695607708.6489592
1,18208,1695607708.6622899
1,18224,1695607708.6749678
1,18240,1695607708.68779
1,18256,1695607708.7002788
1,18272,1695607708.7140424
1,18288,1695607708.726079
1,18304,1695607708.7391384
1,18320,1695607708.753019
1,18336,1695607708.7660036
1,18352,1695607708.7774208
1,18368,1695607708.7900312
1,18384,1695607708.8027806
1,18400,1695607708.8144758
1,18416,1695607708.8274322
1,18432,1695607708.8396766
1,18448,1695607708.8548858
1,18464,1695607708.8676572
1,18480,1695607708.8833416
1,18496,1695607708.8937175
1,18512,1695607708.9065151
1,18528,1695607708.9186969
1,18544,1695607708.9296281
1,18560,1695607708.940296
1,18576,1695607708.9539995
1,18592,1695607708.969702
1,18608,1695607708.9839835
1,18624,1695607708.9955852
1,18640,1695607709.0085554
1,18656,1695607709.0203815
1,18672,1695607709.03207
1,18688,1695607709.0432878
1,18704,1695607709.058053
1,18720,1695607709.0690627
1,18736,1695607709.0794437
1,18752,1695607709.0903454
1,18768,1695607709.102455
1,18784,1695607709.1143906
1,18800,1695607709.126266
1,18816,1695607709.1397836
1,18832,1695607709.1522818
1,18848,1695607709.166761
1,18864,1695607709.1796572
1,18880,1695607709.1954703
1,18896,1695607709.210712
1,18912,1695607709.2244213
1,18928,1695607709.2358816
1,18944,1695607709.2482636
1,18960,1695607709.2626162
1,18976,1695607709.2746496
1,18992,1695607709.286737
1,19008,1695607709.3004117
1,19024,1695607709.3114576
1,19040,1695607709.328691
1,19056,1695607709.3424025
1,19072,1695607709.355076
1,19088,1695607709.3743818
1,19104,1695607709.3945298
1,19120,1695607709.413281
1,19136,1695607709.4333127
1,19152,1695607709.4542625
1,19168,1695607709.4746103
1,19184,1695607709.4937248
1,19200,1695607709.5130095
1,19216,1695607709.5306969
1,19232,1695607709.5443432
1,19248,1695607709.5564191
1,19264,1695607709.5707862
1,19280,1695607709.583597
1,19296,1695607709.5962133
1,19312,1695607709.6077433
1,19328,1695607709.6210432
1,19344,1695607709.634965
1,19360,1695607709.6478605
1,19376,1695607709.6610613
1,19392,1695607709.6741579
1,19408,1695607709.6872587
1,19424,1695607709.7006433
1,19440,1695607709.7123656
1,19456,1695607709.7261114
1,19472,1695607709.7406082
1,19488,1695607709.7549584
1,19504,1695607709.76829
1,19520,1695607709.7823246
1,19536,1695607709.7955606
1,19552,1695607709.807891
1,19568,1695607709.8193924
1,19584,1695607709.8317802
1,19600,1695607709.8441937
1,19616,1695607709.858411
1,19632,1695607709.8726707
1,19648,1695607709.8854394
1,19664,1695607709.8985775
1,19680,1695607709.9109893
1,19696,1695607709.9228508
1,19712,1695607709.935616
1,19728,1695607709.9472253
1,19744,1695607709.9617758
1,19760,1695607709.975067
1,19776,1695607709.9893048
1,19792,1695607710.0014815
1,19808,1695607710.0135553
1,19824,1695607710.027447
1,19840,1695607710.0439208
1,19856,1695607710.0561624
1,19872,1695607710.0721943
1,19888,1695607710.0847838
1,19904,1695607710.0991738
1,19920,1695607710.1130033
1,19936,1695607710.1249704
1,19952,1695607710.1373646
1,19968,1695607710.151848
1,19984,1695607710.1651611
1,20000,1695607710.177073
1,20016,1695607710.189994
1,20032,1695607710.2043025
1,20048,1695607710.21578
1,20064,1695607710.2295854
1,20080,1695607710.24246
1,20096,1695607710.2564213
1,20112,1695607710.2699878
1,20128,1695607710.2831993
1,20144,1695607710.296611
1,20160,1695607710.3093712
1,20176,1695607710.3233407
1,20192,1695607710.3355057
1,20208,1695607710.3478246
1,20224,1695607710.3668592
1,20240,1695607710.386667
1,20256,1695607710.4065669
1,20272,1695607710.4261503
1,20288,1695607710.445812
1,20304,1695607710.4648342
1,20320,1695607710.4801106
1,20336,1695607710.4917936
1,20352,1695607710.5052247
1,20368,1695607710.5184994
1,20384,1695607710.5300405
1,20400,1695607710.5422904
1,20416,1695607710.561305
1,20432,1695607710.5793018
1,20448,1695607710.5992382
1,20464,1695607710.6144667
1,20480,1695607710.6276984
1,20496,1695607710.6396327
1,20512,1695607710.6513617
1,20528,1695607710.666892
1,20544,1695607710.6799886
1,20560,1695607710.6931484
1,20576,1695607710.7065516
1,20592,1695607710.7195532
1,20608,1695607710.7332056
1,20624,1695607710.745281
1,20640,1695607710.7594008
1,20656,1695607710.7731607
1,20672,1695607710.7867227
1,20688,1695607710.8009188
1,20704,1695607710.814889
1,20720,1695607710.8291953
1,20736,1695607710.8429828
1,20752,1695607710.855555
1,20768,1695607710.8714747
1,20784,1695607710.8939643
1,20800,1695607710.914023
1,20816,1695607710.9342055
1,20832,1695607710.95408
1,20848,1695607710.973798
1,20864,1695607710.9943209
1,20880,1695607711.013798
1,20896,1695607711.0339
1,20912,1695607711.0540473
1,20928,1695607711.073855
1,20944,1695607711.094298
1,20960,1695607711.1140635
1,20976,1695607711.1341715
1,20992,1695607711.1535196
1,21008,1695607711.1737359
1,21024,1695607711.1937644
1,21040,1695607711.2139692
1,21056,1695607711.2336295
1,21072,1695607711.25372
1,21088,1695607711.2739482
1,21104,1695607711.2940967
1,21120,1695607711.3141747
1,21136,1695607711.334265
1,21152,1695607711.3544743
1,21168,1695607711.3739076
1,21184,1695607711.3943467
1,21200,1695607711.4142196
1,21216,1695607711.433755
1,21232,1695607711.4478166
1,21248,1695607711.461072
1,21264,1695607711.4765143
1,21280,1695607711.4932702
1,21296,1695607711.5059721
1,21312,1695607711.5191288
1,21328,1695607711.534092
1,21344,1695607711.5478554
1,21360,1695607711.561009
1,21376,1695607711.5743043
1,21392,1695607711.5870628
1,21408,1695607711.599963
1,21424,1695607711.6107857
1,21440,1695607711.6252775
1,21456,1695607711.6366158
1,21472,1695607711.6548116
1,21488,1695607711.6726909
1,21504,1695607711.690726
1,21520,1695607711.708034
1,21536,1695607711.7199876
1,21552,1695607711.7328455
1,21568,1695607711.745977
1,21584,1695607711.7593265
1,21600,1695607711.7726812
1,21616,1695607711.7841175
1,21632,1695607711.7952406
1,21648,1695607711.8082569
1,21664,1695607711.823402
1,21680,1695607711.8385804
1,21696,1695607711.850541
1,21712,1695607711.866984
1,21728,1695607711.8784692
1,21744,1695607711.8957663
1,21760,1695607711.9133768
1,21776,1695607711.9338691
1,21792,1695607711.9529037
1,21808,1695607711.9732957
1,21824,1695607711.9934201
1,21840,1695607712.0077987
1,21856,1695607712.021176
1,21872,1695607712.0343835
1,21888,1695607712.0471451
1,21904,1695607712.070258
1,21920,1695607712.0867682
1,21936,1695607712.099054
1,21952,1695607712.1156778
1,21968,1695607712.126834
1,21984,1695607712.140926
1,22000,1695607712.1537578
1,22016,1695607712.1659975
1,22032,1695607712.1797476
1,22048,1695607712.192917
1,22064,1695607712.2051208
1,22080,1695607712.2167628
1,22096,1695607712.229141
1,22112,1695607712.2428968
1,22128,1695607712.2541304
1,22144,1695607712.2681086
1,22160,1695607712.27957
1,22176,1695607712.2921965
1,22192,1695607712.3062563
1,22208,1695607712.3184886
1,22224,1695607712.330639
1,22240,1695607712.343997
1,22256,1695607712.3575559
1,22272,1695607712.3701847
1,22288,1695607712.3822732
1,22304,1695607712.3951318
1,22320,1695607712.4064724
1,22336,1695607712.4194634
1,22352,1695607712.4316251
1,22368,1695607712.4455583
1,22384,1695607712.4595637
1,22400,1695607712.4721637
1,22416,1695607712.4835203
1,22432,1695607712.4966497
1,22448,1695607712.5088935
1,22464,1695607712.5203066
1,22480,1695607712.533821
1,22496,1695607712.5459502
1,22512,1695607712.5579052
1,22528,1695607712.5709643
1,22544,1695607712.5827758
1,22560,1695607712.5951781
1,22576,1695607712.6087894
1,22592,1695607712.6211383
1,22608,1695607712.6342294
1,22624,1695607712.646337
1,22640,1695607712.6586034
1,22656,1695607712.6713972
1,22672,1695607712.6824753
1,22688,1695607712.6970313
1,22704,1695607712.7110722
1,22720,1695607712.724177
1,22736,1695607712.7362227
1,22752,1695607712.7506773
1,22768,1695607712.7629507
1,22784,1695607712.7761054
1,22800,1695607712.7873254
1,22816,1695607712.8044283
1,22832,1695607712.8164253
1,22848,1695607712.8294556
1,22864,1695607712.8411174
1,22880,1695607712.8542778
1,22896,1695607712.866267
1,22912,1695607712.8788936
1,22928,1695607712.8909602
1,22944,1695607712.910086
1,22960,1695607712.9266949
1,22976,1695607712.946446
1,22992,1695607712.9634602
1,23008,1695607712.981691
1,23024,1695607713.0013485
1,23040,1695607713.0218902
1,23056,1695607713.0421703
1,23072,1695607713.0626545
1,23088,1695607713.0798788
1,23104,1695607713.0984008
1,23120,1695607713.1181765
1,23136,1695607713.1377356
1,23152,1695607713.1514444
1,23168,1695607713.1666842
1,23184,1695607713.1793063
1,23200,1695607713.1955123
1,23216,1695607713.2090192
1,23232,1695607713.2221503
1,23248,1695607713.2336822
1,23264,1695607713.2460892
1,23280,1695607713.2596014
1,23296,1695607713.2708182
1,23312,1695607713.2830892
1,23328,1695607713.2967286
1,23344,1695607713.3094969
1,23360,1695607713.3236372
1,23376,1695607713.3356867
1,23392,1695607713.3496716
1,23408,1695607713.3613822
1,23424,1695607713.3752615
1,23440,1695607713.3883057
1,23456,1695607713.4008296
1,23472,1695607713.4126453
1,23488,1695607713.4244335
1,23504,1695607713.4409258
1,23520,1695607713.4518669
1,23536,1695607713.4685836
1,23552,1695607713.479682
1,23568,1695607713.492943
1,23584,1695607713.5071416
1,23600,1695607713.5297942
1,23616,1695607713.5499485
1,23632,1695607713.5700474
1,23648,1695607713.5902395
1,23664,1695607713.6102417
1,23680,1695607713.6302507
1,23696,1695607713.6506844
1,23712,1695607713.6699438
1,23728,1695607713.6900995
1,23744,1695607713.710034
1,23760,1695607713.729993
1,23776,1695607713.750047
1,23792,1695607713.7699158
1,23808,1695607713.790112
1,23824,1695607713.80988
1,23840,1695607713.8299375
1,23856,1695607713.8498363
1,23872,1695607713.8697927
1,23888,1695607713.8837833
1,23904,1695607713.9008267
1,23920,1695607713.915661
1,23936,1695607713.9287066
1,23952,1695607713.9414518
1,23968,1695607713.9546564
1,23984,1695607713.9678748
1,24000,1695607713.9810894
1,24016,1695607713.9938705
1,24032,1695607714.0068083
1,24048,1695607714.025513
1,24064,1695607714.0436366
1,24080,1695607714.0623682
1,24096,1695607714.082302
1,24112,1695607714.102225
1,24128,1695607714.1220827
1,24144,1695607714.1427653
1,24160,1695607714.162124
1,24176,1695607714.1819646
1,24192,1695607714.2020204
1,24208,1695607714.2221541
1,24224,1695607714.2420852
1,24240,1695607714.2618198
1,24256,1695607714.2815945
1,24272,1695607714.3023355
1,24288,1695607714.3218591
1,24304,1695607714.342399
1,24320,1695607714.361522
1,24336,1695607714.3747952
1,24352,1695607714.3901916
1,24368,1695607714.4039865
1,24384,1695607714.4173796
1,24400,1695607714.4291656
1,24416,1695607714.4423318
1,24432,1695607714.455352
1,24448,1695607714.4685268
1,24464,1695607714.481925
1,24480,1695607714.4945064
1,24496,1695607714.508321
1,24512,1695607714.5200694
1,24528,1695607714.5317762
1,24544,1695607714.5456548
1,24560,1695607714.5574017
1,24576,1695607714.571449
1,24592,1695607714.5835245
1,24608,1695607714.5971396
1,24624,1695607714.6106508
1,24640,1695607714.623453
1,24656,1695607714.6369467
1,24672,1695607714.6485302
1,24688,1695607714.6621747
1,24704,1695607714.6741242
1,24720,1695607714.6869235
1,24736,1695607714.6991189
1,24752,1695607714.7122643
1,24768,1695607714.724689
1,24784,1695607714.7364264
1,24800,1695607714.7500124
1,24816,1695607714.7638109
1,24832,1695607714.775395
1,24848,1695607714.7885635
1,24864,1695607714.8041465
1,24880,1695607714.8195274
1,24896,1695607714.8330445
1,24912,1695607714.8455062
1,24928,1695607714.8590028
1,24944,1695607714.8712702
1,24960,1695607714.884189
1,24976,1695607714.8977516
1,24992,1695607714.9094634
1,25008,1695607714.9224994
1,25024,1695607714.9347308
1,25040,1695607714.9477186
1,25056,1695607714.9608266
1,25072,1695607714.9729435
1,25088,1695607714.9863646
1,25104,1695607714.9976797
1,25120,1695607715.0103126
1,25136,1695607715.023968
1,25152,1695607715.036485
1,25168,1695607715.0486016
1,25184,1695607715.0619755
1,25200,1695607715.0746367
1,25216,1695607715.0874925
1,25232,1695607715.1013918
1,25248,1695607715.1134431
1,25264,1695607715.127424
1,25280,1695607715.1393535
1,25296,1695607715.152606
1,25312,1695607715.1649845
1,25328,1695607715.176866
1,25344,1695607715.1902347
1,25360,1695607715.2022161
1,25376,1695607715.2150347
1,25392,1695607715.2274225
1,25408,1695607715.2408988
1,25424,1695607715.2529066
1,25440,1695607715.2668881
1,25456,1695607715.2788374
1,25472,1695607715.2921853
1,25488,1695607715.304814
1,25504,1695607715.3169694
1,25520,1695607715.3310213
1,25536,1695607715.342994
1,25552,1695607715.356207
1,25568,1695607715.3688605
1,25584,1695607715.3810432
1,25600,1695607715.395773
1,25616,1695607715.4084308
1,25632,1695607715.4205692
1,25648,1695607715.4323168
1,25664,1695607715.4446392
1,25680,1695607715.4574006
1,25696,1695607715.470321
1,25712,1695607715.4834335
1,25728,1695607715.4956167
1,25744,1695607715.5074441
1,25760,1695607715.52099
1,25776,1695607715.5331624
1,25792,1695607715.5458493
1,25808,1695607715.5592403
1,25824,1695607715.5710573
1,25840,1695607715.5844462
1,25856,1695607715.5969348
1,25872,1695607715.6089425
1,25888,1695607715.622416
1,25904,1695607715.63442
1,25920,1695607715.646714
1,25936,1695607715.660485
1,25952,1695607715.672791
1,25968,1695607715.684854
1,25984,1695607715.6984084
1,26000,1695607715.7104378
1,26016,1695607715.722723
1,26032,1695607715.7353425
1,26048,1695607715.7484615
1,26064,1695607715.7605855
1,26080,1695607715.7744625
1,26096,1695607715.7869725
1,26112,1695607715.8004444
1,26128,1695607715.8127968
1,26144,1695607715.8242798
1,26160,1695607715.8359964
1,26176,1695607715.8494487
1,26192,1695607715.8621123
1,26208,1695607715.877287
1,26224,1695607715.8896909
1,26240,1695607715.901867
1,26256,1695607715.9163065
1,26272,1695607715.9281535
1,26288,1695607715.9397168
1,26304,1695607715.952745
1,26320,1695607715.965818
1,26336,1695607715.9779348
1,26352,1695607715.991287
1,26368,1695607716.0041964
1,26384,1695607716.0164628
1,26400,1695607716.0301387
1,26416,1695607716.043854
1,26432,1695607716.055609
1,26448,1695607716.0691032
1,26464,1695607716.081436
1,26480,1695607716.0929031
1,26496,1695607716.1046963
1,26512,1695607716.117704
1,26528,1695607716.1294122
1,26544,1695607716.1421967
1,26560,1695607716.15448
1,26576,1695607716.1692336
1,26592,1695607716.1889868
1,26608,1695607716.2044349
1,26624,1695607716.2173977
1,26640,1695607716.2356818
1,26656,1695607716.2541964
1,26672,1695607716.2731812
1,26688,1695607716.2930353
1,26704,1695607716.3115656
1,26720,1695607716.3301346
1,26736,1695607716.3469825
1,26752,1695607716.3593633
1,26768,1695607716.3735626
1,26784,1695607716.3862898
1,26800,1695607716.3983886
1,26816,1695607716.4127905
1,26832,1695607716.426087
1,26848,1695607716.4431736
1,26864,1695607716.4621725
1,26880,1695607716.481489
1,26896,1695607716.4985187
1,26912,1695607716.5127647
1,26928,1695607716.52414
1,26944,1695607716.5350592
1,26960,1695607716.5488906
1,26976,1695607716.560681
1,26992,1695607716.5729375
1,27008,1695607716.5873983
1,27024,1695607716.5989835
1,27040,1695607716.614138
1,27056,1695607716.6267443
1,27072,1695607716.6410098
1,27088,1695607716.655703
1,27104,1695607716.6745198
1,27120,1695607716.6944754
1,27136,1695607716.7139702
1,27152,1695607716.7273138
1,27168,1695607716.7427554
1,27184,1695607716.7562728
1,27200,1695607716.7680469
1,27216,1695607716.7818477
1,27232,1695607716.7940176
1,27248,1695607716.8078485
1,27264,1695607716.8199427
1,27280,1695607716.8317235
1,27296,1695607716.8446062
1,27312,1695607716.8572671
1,27328,1695607716.870544
1,27344,1695607716.8835633
1,27360,1695607716.8967092
1,27376,1695607716.909197
1,27392,1695607716.922442
1,27408,1695607716.9354763
1,27424,1695607716.9485846
1,27440,1695607716.9614654
1,27456,1695607716.9749389
1,27472,1695607716.9881747
1,27488,1695607717.002055
1,27504,1695607717.0147052
1,27520,1695607717.0273333
1,27536,1695607717.0409493
1,27552,1695607717.0526211
1,27568,1695607717.0644495
1,27584,1695607717.07769
1,27600,1695607717.0897686
1,27616,1695607717.1028514
1,27632,1695607717.11509
1,27648,1695607717.128152
1,27664,1695607717.141716
1,27680,1695607717.153974
1,27696,1695607717.1679063
1,27712,1695607717.1801946
1,27728,1695607717.1923063
1,27744,1695607717.2039857
1,27760,1695607717.2179096
1,27776,1695607717.2297845
1,27792,1695607717.2428184
1,27808,1695607717.259772
1,27824,1695607717.273904
1,27840,1695607717.2870748
1,27856,1695607717.3007166
1,27872,1695607717.3139386
1,27888,1695607717.3261218
1,27904,1695607717.3401918
1,27920,1695607717.3525655
1,27936,1695607717.368721
1,27952,1695607717.3830578
1,27968,1695607717.3959908
1,27984,1695607717.4092622
1,28000,1695607717.4209766
1,28016,1695607717.4343448
1,28032,1695607717.446329
1,28048,1695607717.4592488
1,28064,1695607717.4715238
1,28080,1695607717.4843745
1,28096,1695607717.496779
1,28112,1695607717.5113266
1,28128,1695607717.5240812
1,28144,1695607717.5356357
1,28160,1695607717.547297
1,28176,1695607717.5638843
1,28192,1695607717.5769038
1,28208,1695607717.5885425
1,28224,1695607717.6017113
1,28240,1695607717.6141107
1,28256,1695607717.6272016
1,28272,1695607717.639466
1,28288,1695607717.6523347
1,28304,1695607717.6648734
1,28320,1695607717.677521
1,28336,1695607717.6912115
1,28352,1695607717.7030327
1,28368,1695607717.7164016
1,28384,1695607717.7290044
1,28400,1695607717.7407765
1,28416,1695607717.7550504
1,28432,1695607717.7670825
1,28448,1695607717.7801328
1,28464,1695607717.7930055
1,28480,1695607717.804545
1,28496,1695607717.818351
1,28512,1695607717.8305426
1,28528,1695607717.8431866
1,28544,1695607717.855743
1,28560,1695607717.868244
1,28576,1695607717.8803067
1,28592,1695607717.892666
1,28608,1695607717.906806
1,28624,1695607717.9187202
1,28640,1695607717.9317634
1,28656,1695607717.9450982
1,28672,1695607717.957355
1,28688,1695607717.9706776
1,28704,1695607717.9833958
1,28720,1695607717.9974365
1,28736,1695607718.0096893
1,28752,1695607718.0229728
1,28768,1695607718.0349717
1,28784,1695607718.0474534
1,28800,1695607718.060134
1,28816,1695607718.0724735
1,28832,1695607718.0840442
1,28848,1695607718.0957878
1,28864,1695607718.108634
1,28880,1695607718.120663
1,28896,1695607718.1321955
1,28912,1695607718.1453562
1,28928,1695607718.1571481
1,28944,1695607718.1703308
1,28960,1695607718.1835155
1,28976,1695607718.198577
1,28992,1695607718.2180212
1,29008,1695607718.2376752
1,29024,1695607718.2580106
1,29040,1695607718.2773092
1,29056,1695607718.2974231
1,29072,1695607718.3165915
1,29088,1695607718.337887
1,29104,1695607718.357229
1,29120,1695607718.3709698
1,29136,1695607718.3853002
1,29152,1695607718.3979585
1,29168,1695607718.4105623
1,29184,1695607718.4252703
1,29200,1695607718.4363976
1,29216,1695607718.4513626
1,29232,1695607718.4638052
1,29248,1695607718.477031
1,29264,1695607718.4910097
1,29280,1695607718.5034997
1,29296,1695607718.5161035
1,29312,1695607718.5279634
1,29328,1695607718.5418162
1,29344,1695607718.5562909
1,29360,1695607718.5682049
1,29376,1695607718.5834854
1,29392,1695607718.5972228
1,29408,1695607718.609923
1,29424,1695607718.6232414
1,29440,1695607718.6375597
1,29456,1695607718.6552856
1,29472,1695607718.6671085
1,29488,1695607718.6819775
1,29504,1695607718.6983593
1,29520,1695607718.7093575
1,29536,1695607718.7218735
1,29552,1695607718.7351394
1,29568,1695607718.7482293
1,29584,1695607718.7614753
1,29600,1695607718.7738192
1,29616,1695607718.786907
1,29632,1695607718.7994056
1,29648,1695607718.81038
1,29664,1695607718.8247201
1,29680,1695607718.8363225
1,29696,1695607718.8511815
1,29712,1695607718.8654435
1,29728,1695607718.8799503
1,29744,1695607718.8935854
1,29760,1695607718.9049807
1,29776,1695607718.9185293
1,29792,1695607718.9322202
1,29808,1695607718.945892
1,29824,1695607718.9589398
1,29840,1695607718.970865
1,29856,1695607718.9871833
1,29872,1695607719.0010564
1,29888,1695607719.0137916
1,29904,1695607719.0263429
1,29920,1695607719.0410702
1,29936,1695607719.0521896
1,29952,1695607719.0642388
1,29968,1695607719.0766747
1,29984,1695607719.0897334
1,30000,1695607719.1010993
1,30016,1695607719.1155128
1,30032,1695607719.127029
1,30048,1695607719.1416872
1,30064,1695607719.159941
1,30080,1695607719.1710196
1,30096,1695607719.1838193
1,30112,1695607719.2036881
1,30128,1695607719.22136
1,30144,1695607719.2376084
1,30160,1695607719.2573698
1,30176,1695607719.2774615
1,30192,1695607719.2973778
1,30208,1695607719.3175175
1,30224,1695607719.3363705
1,30240,1695607719.3507295
1,30256,1695607719.3648927
1,30272,1695607719.3808503
1,30288,1695607719.3924022
1,30304,1695607719.4115336
1,30320,1695607719.423675
1,30336,1695607719.4370337
1,30352,1695607719.4479928
1,30368,1695607719.4606392
1,30384,1695607719.4749546
1,30400,1695607719.48643
1,30416,1695607719.502576
1,30432,1695607719.5153186
1,30448,1695607719.5274951
1,30464,1695607719.539876
1,30480,1695607719.5509145
1,30496,1695607719.5677962
1,30512,1695607719.5836315
1,30528,1695607719.5958257
1,30544,1695607719.6080148
1,30560,1695607719.6193395
1,30576,1695607719.634401
1,30592,1695607719.6460505
1,30608,1695607719.6602697
1,30624,1695607719.6733773
1,30640,1695607719.6864324
1,30656,1695607719.6990714
1,30672,1695607719.7110374
1,30688,1695607719.726361
1,30704,1695607719.7380986
1,30720,1695607719.7528574
1,30736,1695607719.7648559
1,30752,1695607719.7786212
1,30768,1695607719.7913306
1,30784,1695607719.8035345
1,30800,1695607719.819822
1,30816,1695607719.8331664
1,30832,1695607719.8461883
1,30848,1695607719.858437
1,30864,1695607719.87368
1,30880,1695607719.8848164
1,30896,1695607719.89825
1,30912,1695607719.9112184
1,30928,1695607719.9221509
1,30944,1695607719.9367657
1,30960,1695607719.94907
1,30976,1695607719.9672298
1,30992,1695607719.9881172
1,31008,1695607720.0056448
1,31024,1695607720.0214727
1,31040,1695607720.0351448
1,31056,1695607720.050099
1,31072,1695607720.0632522
1,31088,1695607720.0771642
1,31104,1695607720.0903313
1,31120,1695607720.1028178
1,31136,1695607720.1176825
1,31152,1695607720.137136
1,31168,1695607720.1573777
1,31184,1695607720.1743572
1,31200,1695607720.1889322
1,31216,1695607720.201276
1,31232,1695607720.2133732
1,31248,1695607720.2268984
1,31264,1695607720.2393694
1,31280,1695607720.2514873
1,31296,1695607720.2648647
1,31312,1695607720.2766795
1,31328,1695607720.2899382
1,31344,1695607720.3034334
1,31360,1695607720.3170302
1,31376,1695607720.3282619
1,31392,1695607720.3400486
1,31408,1695607720.354235
1,31424,1695607720.368078
1,31440,1695607720.379056
1,31456,1695607720.3923852
1,31472,1695607720.4050093
1,31488,1695607720.4174871
1,31504,1695607720.4307
1,31520,1695607720.4435802
1,31536,1695607720.4559176
1,31552,1695607720.4681013
1,31568,1695607720.4824233
1,31584,1695607720.4975073
1,31600,1695607720.5085444
1,31616,1695607720.520283
1,31632,1695607720.5347507
1,31648,1695607720.5469048
1,31664,1695607720.5594077
1,31680,1695607720.5726342
1,31696,1695607720.584158
1,31712,1695607720.5980685
1,31728,1695607720.6103554
1,31744,1695607720.622578
1,31760,1695607720.635074
1,31776,1695607720.647656
1,31792,1695607720.6605961
1,31808,1695607720.6726198
1,31824,1695607720.6841471
1,31840,1695607720.6963477
1,31856,1695607720.7092214
1,31872,1695607720.721081
1,31888,1695607720.738473
1,31904,1695607720.7509158
1,31920,1695607720.7645118
1,31936,1695607720.776099
1,31952,1695607720.7890174
1,31968,1695607720.8020518
1,31984,1695607720.8144333
1,32000,1695607720.8282998
1,32016,1695607720.840104
1,32032,1695607720.851857
1,32048,1695607720.8656394
1,32064,1695607720.878625
1,32080,1695607720.8911767
1,32096,1695607720.9047809
1,32112,1695607720.9166665
1,32128,1695607720.9329014
1,32144,1695607720.9447982
1,32160,1695607720.9580162
1,32176,1695607720.971034
1,32192,1695607720.9842038
1,32208,1695607720.9972503
1,32224,1695607721.0091984
1,32240,1695607721.023682
1,32256,1695607721.0371468
1,32272,1695607721.0490046
1,32288,1695607721.0667846
1,32304,1695607721.0794218
1,32320,1695607721.0919478
1,32336,1695607721.103861
1,32352,1695607721.120547
1,32368,1695607721.1378815
1,32384,1695607721.152325
1,32400,1695607721.164307
1,32416,1695607721.1760473
1,32432,1695607721.190299
1,32448,1695607721.2032092
1,32464,1695607721.2165172
1,32480,1695607721.2302275
1,32496,1695607721.242615
1,32512,1695607721.2566903
1,32528,1695607721.2683666
1,32544,1695607721.2818341
1,32560,1695607721.2968302
1,32576,1695607721.3082693
1,32592,1695607721.322261
1,32608,1695607721.335205
1,32624,1695607721.3494802
1,32640,1695607721.3654494
1,32656,1695607721.3811944
1,32672,1695607721.392843
1,32688,1695607721.4046276
1,32704,1695607721.4176238
1,32720,1695607721.4296312
1,32736,1695607721.4411929
1,32752,1695607721.4542887
1,32768,1695607721.4664042
1,32784,1695607721.4783607
1,32800,1695607721.4921167
1,32816,1695607721.5038855
1,32832,1695607721.5167663
1,32848,1695607721.5295372
1,32864,1695607721.5474648
1,32880,1695607721.5590792
1,32896,1695607721.5722492
1,32912,1695607721.585568
1,32928,1695607721.5977318
1,32944,1695607721.6111908
1,32960,1695607721.6232352
1,32976,1695607721.6400316
1,32992,1695607721.6517262
1,33008,1695607721.6676176
1,33024,1695607721.681636
1,33040,1695607721.693163
1,33056,1695607721.7049701
1,33072,1695607721.7179487
1,33088,1695607721.7295666
1,33104,1695607721.742279
1,33120,1695607721.7557654
1,33136,1695607721.767853
1,33152,1695607721.7802284
1,33168,1695607721.792507
1,33184,1695607721.8044298
1,33200,1695607721.8157718
1,33216,1695607721.8323243
1,33232,1695607721.8454435
1,33248,1695607721.8573985
1,33264,1695607721.8713832
1,33280,1695607721.8834445
1,33296,1695607721.896548
1,33312,1695607721.9101045
1,33328,1695607721.9224331
1,33344,1695607721.9361403
1,33360,1695607721.9476917
1,33376,1695607721.9610467
1,33392,1695607721.9742043
1,33408,1695607721.9865646
1,33424,1695607722.000227
1,33440,1695607722.0120327
1,33456,1695607722.0246744
1,33472,1695607722.045481
1,33488,1695607722.0665915
1,33504,1695607722.0859835
1,33520,1695607722.1063998
1,33536,1695607722.1259832
1,33552,1695607722.146605
1,33568,1695607722.1658437
1,33584,1695607722.18559
1,33600,1695607722.206013
1,33616,1695607722.2263954
1,33632,1695607722.2461126
1,33648,1695607722.2658992
1,33664,1695607722.2862995
1,33680,1695607722.3060627
1,33696,1695607722.3260598
1,33712,1695607722.3458774
1,33728,1695607722.364398
1,33744,1695607722.3796618
1,33760,1695607722.3924859
1,33776,1695607722.4088068
1,33792,1695607722.4238539
1,33808,1695607722.4371648
1,33824,1695607722.4487765
1,33840,1695607722.4620616
1,33856,1695607722.474279
1,33872,1695607722.4861622
1,33888,1695607722.4989958
1,33904,1695607722.5110786
1,33920,1695607722.5242398
1,33936,1695607722.5379329
1,33952,1695607722.5496407
1,33968,1695607722.5637736
1,33984,1695607722.5770419
1,34000,1695607722.5886075
1,34016,1695607722.6008224
1,34032,1695607722.6149156
1,34048,1695607722.6277835
1,34064,1695607722.6409342
1,34080,1695607722.6531916
1,34096,1695607722.6664314
1,34112,1695607722.6786997
1,34128,1695607722.6918664
1,34144,1695607722.705508
1,34160,1695607722.7186189
1,34176,1695607722.7320225
1,34192,1695607722.7435484
1,34208,1695607722.7564986
1,34224,1695607722.769098
1,34240,1695607722.780594
1,34256,1695607722.7945163
1,34272,1695607722.8091362
1,34288,1695607722.8241482
1,34304,1695607722.8367977
1,34320,1695607722.8501081
1,34336,1695607722.86214
1,34352,1695607722.8739042
1,34368,1695607722.887553
1,34384,1695607722.899442
1,34400,1695607722.9110603
1,34416,1695607722.9242308
1,34432,1695607722.9378264
1,34448,1695607722.9498467
1,34464,1695607722.963684
1,34480,1695607722.975976
1,34496,1695607722.9882615
1,34512,1695607723.0002885
1,34528,1695607723.0113633
1,34544,1695607723.0226462
1,34560,1695607723.035273
1,34576,1695607723.0474403
1,34592,1695607723.0585253
1,34608,1695607723.0710354
1,34624,1695607723.0834105
1,34640,1695607723.0954728
1,34656,1695607723.1071098
1,34672,1695607723.1203952
1,34688,1695607723.1318357
1,34704,1695607723.1444163
1,34720,1695607723.1577232
1,34736,1695607723.1707056
1,34752,1695607723.1838315
1,34768,1695607723.19513
1,34784,1695607723.2075176
1,34800,1695607723.2214227
1,34816,1695607723.2363734
1,34832,1695607723.248343
1,34848,1695607723.261607
1,34864,1695607723.273787
1,34880,1695607723.2862022
1,34896,1695607723.298013
1,34912,1695607723.310453
1,34928,1695607723.322742
1,34944,1695607723.334424
1,34960,1695607723.3462992
1,34976,1695607723.3598528
1,34992,1695607723.3728259
1,35008,1695607723.3843532
1,35024,1695607723.3959801
1,35040,1695607723.4087703
1,35056,1695607723.421403
1,35072,1695607723.4346368
1,35088,1695607723.4464982
1,35104,1695607723.4586456
1,35120,1695607723.4712512
1,35136,1695607723.4843788
1,35152,1695607723.4976296
1,35168,1695607723.5093694
1,35184,1695607723.5221822
1,35200,1695607723.535326
1,35216,1695607723.5483806
1,35232,1695607723.5604153
1,35248,1695607723.5720835
1,35264,1695607723.5846765
1,35280,1695607723.6021776
1,35296,1695607723.6137292
1,35312,1695607723.6276567
1,35328,1695607723.6408887
1,35344,1695607723.6553075
1,35360,1695607723.6675143
1,35376,1695607723.6800246
1,35392,1695607723.696058
1,35408,1695607723.7098722
1,35424,1695607723.7217393
1,35440,1695607723.7344756
1,35456,1695607723.7477324
1,35472,1695607723.7592328
1,35488,1695607723.7724817
1,35504,1695607723.785142
1,35520,1695607723.796745
1,35536,1695607723.8091586
1,35552,1695607723.8227835
1,35568,1695607723.834846
1,35584,1695607723.8477309
1,35600,1695607723.8610592
1,35616,1695607723.8725567
1,35632,1695607723.8863943
1,35648,1695607723.898465
1,35664,1695607723.9116554
1,35680,1695607723.9248452
1,35696,1695607723.9365497
1,35712,1695607723.950778
1,35728,1695607723.962604
1,35744,1695607723.9755795
1,35760,1695607723.9875922
1,35776,1695607724.0004895
1,35792,1695607724.0145848
1,35808,1695607724.028483
1,35824,1695607724.0400174
1,35840,1695607724.060984
1,35856,1695607724.076505
1,35872,1695607724.088472
1,35888,1695607724.101595
1,35904,1695607724.1134837
1,35920,1695607724.125737
1,35936,1695607724.1401536
1,35952,1695607724.1514087
1,35968,1695607724.1700408
1,35984,1695607724.189397
1,36000,1695607724.2062578
1,36016,1695607724.2215176
1,36032,1695607724.2350235
1,36048,1695607724.2479203
1,36064,1695607724.260232
1,36080,1695607724.2725384
1,36096,1695607724.2846355
1,36112,1695607724.2965229
1,36128,1695607724.3140516
1,36144,1695607724.3254192
1,36160,1695607724.3392086
1,36176,1695607724.3529823
1,36192,1695607724.3657458
1,36208,1695607724.3807437
1,36224,1695607724.3928232
1,36240,1695607724.4090889
1,36256,1695607724.4218
1,36272,1695607724.4341278
1,36288,1695607724.4469037
1,36304,1695607724.4592376
1,36320,1695607724.4721766
1,36336,1695607724.4851093
1,36352,1695607724.496491
1,36368,1695607724.5086029
1,36384,1695607724.5219135
1,36400,1695607724.5338228
1,36416,1695607724.5475118
1,36432,1695607724.5600317
1,36448,1695607724.5722048
1,36464,1695607724.5842643
1,36480,1695607724.5982718
1,36496,1695607724.6101491
1,36512,1695607724.6235623
1,36528,1695607724.6359324
1,36544,1695607724.6476996
1,36560,1695607724.6616414
1,36576,1695607724.673356
1,36592,1695607724.6869013
1,36608,1695607724.698951
1,36624,1695607724.712185
1,36640,1695607724.7246537
1,36656,1695607724.7373505
1,36672,1695607724.7497447
1,36688,1695607724.7628472
1,36704,1695607724.7761297
1,36720,1695607724.7876506
1,36736,1695607724.8012884
1,36752,1695607724.813067
1,36768,1695607724.8265018
1,36784,1695607724.838213
1,36800,1695607724.8517497
1,36816,1695607724.8650978
1,36832,1695607724.8766768
1,36848,1695607724.8900418
1,36864,1695607724.9022472
1,36880,1695607724.915513
1,36896,1695607724.9274814
1,36912,1695607724.939421
1,36928,1695607724.953162
1,36944,1695607724.9654348
1,36960,1695607724.9792545
1,36976,1695607724.9906616
1,36992,1695607725.004766
1,37008,1695607725.0168993
1,37024,1695607725.030817
1,37040,1695607725.0449464
1,37056,1695607725.0564446
1,37072,1695607725.0682282
1,37088,1695607725.0835404
1,37104,1695607725.0989318
1,37120,1695607725.111808
1,37136,1695607725.1245365
1,37152,1695607725.1382968
1,37168,1695607725.1520422
1,37184,1695607725.1638007
1,37200,1695607725.1770353
1,37216,1695607725.1889567
1,37232,1695607725.2020364
1,37248,1695607725.215073
1,37264,1695607725.2277417
1,37280,1695607725.2409968
1,37296,1695607725.252862
1,37312,1695607725.2689767
1,37328,1695607725.2821229
1,37344,1695607725.294381
1,37360,1695607725.3076346
1,37376,1695607725.3201246
1,37392,1695607725.3321784
1,37408,1695607725.3443668
1,37424,1695607725.3561578
1,37440,1695607725.3705196
1,37456,1695607725.3833945
1,37472,1695607725.39601
1,37488,1695607725.4085376
1,37504,1695607725.4199169
1,37520,1695607725.4351947
1,37536,1695607725.4494586
1,37552,1695607725.4636414
1,37568,1695607725.4766045
1,37584,1695607725.4880106
1,37600,1695607725.4995282
1,37616,1695607725.5118563
1,37632,1695607725.5268323
1,37648,1695607725.5389695
1,37664,1695607725.5523326
1,37680,1695607725.5687149
1,37696,1695607725.580278
1,37712,1695607725.5946066
1,37728,1695607725.6096163
1,37744,1695607725.6224866
1,37760,1695607725.6362996
1,37776,1695607725.6483588
1,37792,1695607725.6604633
1,37808,1695607725.672667
1,37824,1695607725.686374
1,37840,1695607725.6983051
1,37856,1695607725.7113764
1,37872,1695607725.7234573
1,37888,1695607725.736804
1,37904,1695607725.749058
1,37920,1695607725.760663
1,37936,1695607725.7754173
1,37952,1695607725.7891817
1,37968,1695607725.8009865
1,37984,1695607725.8161516
1,38000,1695607725.828313
1,38016,1695607725.840194
1,38032,1695607725.8517506
1,38048,1695607725.865601
1,38064,1695607725.878471
1,38080,1695607725.8921323
1,38096,1695607725.9043581
1,38112,1695607725.916964
1,38128,1695607725.9288375
1,38144,1695607725.9429681
1,38160,1695607725.9548433
1,38176,1695607725.9673212
1,38192,1695607725.9801638
1,38208,1695607725.9952776
1,38224,1695607726.0077462
1,38240,1695607726.0213218
1,38256,1695607726.0329235
1,38272,1695607726.0470283
1,38288,1695607726.0589614
1,38304,1695607726.0714185
1,38320,1695607726.084057
1,38336,1695607726.0970328
1,38352,1695607726.1105828
1,38368,1695607726.122787
1,38384,1695607726.1357844
1,38400,1695607726.1492493
1,38416,1695607726.1608307
1,38432,1695607726.173954
1,38448,1695607726.1870959
1,38464,1695607726.2001798
1,38480,1695607726.2134163
1,38496,1695607726.2253368
1,38512,1695607726.239327
1,38528,1695607726.2521377
1,38544,1695607726.2638109
1,38560,1695607726.2766612
1,38576,1695607726.2894871
1,38592,1695607726.3027306
1,38608,1695607726.3146434
1,38624,1695607726.3267748
1,38640,1695607726.341054
1,38656,1695607726.354304
1,38672,1695607726.367141
1,38688,1695607726.379742
1,38704,1695607726.392404
1,38720,1695607726.4068468
1,38736,1695607726.418895
1,38752,1695607726.43135
1,38768,1695607726.4444637
1,38784,1695607726.45761
1,38800,1695607726.469238
1,38816,1695607726.4822285
1,38832,1695607726.4951198
1,38848,1695607726.5078151
1,38864,1695607726.521012
1,38880,1695607726.5325305
1,38896,1695607726.5501535
1,38912,1695607726.5627394
1,38928,1695607726.5767758
1,38944,1695607726.588823
1,38960,1695607726.6026351
1,38976,1695607726.6144042
1,38992,1695607726.627258
1,39008,1695607726.6414502
1,39024,1695607726.653149
1,39040,1695607726.666331
1,39056,1695607726.6797357
1,39072,1695607726.692838
1,39088,1695607726.7057073
1,39104,1695607726.7195396
1,39120,1695607726.731682
1,39136,1695607726.7456408
1,39152,1695607726.757472
1,39168,1695607726.771275
1,39184,1695607726.782982
1,39200,1695607726.7954338
1,39216,1695607726.8091588
1,39232,1695607726.8209443
1,39248,1695607726.8328302
1,39264,1695607726.8461392
1,39280,1695607726.858371
1,39296,1695607726.8704515
1,39312,1695607726.8833485
1,39328,1695607726.8956044
1,39344,1695607726.9073691
1,39360,1695607726.9206398
1,39376,1695607726.9336097
1,39392,1695607726.9467468
1,39408,1695607726.9589233
1,39424,1695607726.9717383
1,39440,1695607726.9840224
1,39456,1695607726.9961154
1,39472,1695607727.0078504
1,39488,1695607727.02131
1,39504,1695607727.0332983
1,39520,1695607727.0452847
1,39536,1695607727.0584068
1,39552,1695607727.071559
1,39568,1695607727.0846262
1,39584,1695607727.0975213
1,39600,1695607727.1107426
1,39616,1695607727.123805
1,39632,1695607727.1369505
1,39648,1695607727.1501942
1,39664,1695607727.1635187
1,39680,1695607727.1758692
1,39696,1695607727.188181
1,39712,1695607727.20033
1,39728,1695607727.2121537
1,39744,1695607727.2249029
1,39760,1695607727.2391007
1,39776,1695607727.2516444
1,39792,1695607727.264923
1,39808,1695607727.2767375
1,39824,1695607727.2884572
1,39840,1695607727.302147
1,39856,1695607727.3141015
1,39872,1695607727.3269129
1,39888,1695607727.338902
1,39904,1695607727.3513176
1,39920,1695607727.364131
1,39936,1695607727.3767157
1,39952,1695607727.3882012
1,39968,1695607727.4014597
1,39984,1695607727.413096
1,40000,1695607727.4267058
1,40016,1695607727.4386399
1,40032,1695607727.4508505
1,40048,1695607727.4637544
1,40064,1695607727.475951
1,40080,1695607727.489608
1,40096,1695607727.5018537
1,40112,1695607727.5135012
1,40128,1695607727.527658
1,40144,1695607727.5397031
1,40160,1695607727.5528274
1,40176,1695607727.5651693
1,40192,1695607727.5769217
1,40208,1695607727.591021
1,40224,1695607727.6051047
1,40240,1695607727.6174583
1,40256,1695607727.6337254
1,40272,1695607727.649241
1,40288,1695607727.6634228
1,40304,1695607727.6768591
1,40320,1695607727.6884246
1,40336,1695607727.7006576
1,40352,1695607727.7144504
1,40368,1695607727.72647
1,40384,1695607727.73923
1,40400,1695607727.7522829
1,40416,1695607727.7639518
1,40432,1695607727.7777984
1,40448,1695607727.7898135
1,40464,1695607727.8038037
1,40480,1695607727.816044
1,40496,1695607727.828302
1,40512,1695607727.8409905
1,40528,1695607727.8541157
1,40544,1695607727.8672266
1,40560,1695607727.8799968
1,40576,1695607727.8932402
1,40592,1695607727.9047854
1,40608,1695607727.9183216
1,40624,1695607727.9308014
1,40640,1695607727.9433315
1,40656,1695607727.955838
1,40672,1695607727.9683704
1,40688,1695607727.9817643
1,40704,1695607727.9938712
1,40720,1695607728.0065563
1,40736,1695607728.0186732
1,40752,1695607728.0316527
1,40768,1695607728.04462
1,40784,1695607728.056586
1,40800,1695607728.0725372
1,40816,1695607728.0839052
1,40832,1695607728.0974064
1,40848,1695607728.109776
1,40864,1695607728.1219049
1,40880,1695607728.1360798
1,40896,1695607728.148904
1,40912,1695607728.1610096
1,40928,1695607728.1789873
1,40944,1695607728.1916769
1,40960,1695607728.20458
1,40976,1695607728.2203379
1,40992,1695607728.2341952
1,41008,1695607728.2471454
1,41024,1695607728.260077
1,41040,1695607728.274922
1,41056,1695607728.2871778
1,41072,1695607728.300466
1,41088,1695607728.3123248
1,41104,1695607728.3240333
1,41120,1695607728.3375628
1,41136,1695607728.350451
1,41152,1695607728.3630672
1,41168,1695607728.3763585
1,41184,1695607728.3878245
1,41200,1695607728.400473
1,41216,1695607728.4146028
1,41232,1695607728.428181
1,41248,1695607728.4401872
1,41264,1695607728.4519026
1,41280,1695607728.4649801
1,41296,1695607728.4771862
1,41312,1695607728.489567
1,41328,1695607728.5031624
1,41344,1695607728.5153701
1,41360,1695607728.5281847
1,41376,1695607728.5405126
1,41392,1695607728.5525768
1,41408,1695607728.5644622
1,41424,1695607728.580231
1,41440,1695607728.5922835
1,41456,1695607728.6051083
1,41472,1695607728.6223476
1,41488,1695607728.6345155
1,41504,1695607728.6476588
1,41520,1695607728.6595519
1,41536,1695607728.6718564
1,41552,1695607728.683439
1,41568,1695607728.696332
1,41584,1695607728.7086997
1,41600,1695607728.7203445
1,41616,1695607728.733996
1,41632,1695607728.746162
1,41648,1695607728.757932
1,41664,1695607728.7714365
1,41680,1695607728.7832873
1,41696,1695607728.7961667
1,41712,1695607728.809567
1,41728,1695607728.8214638
1,41744,1695607728.8347917
1,41760,1695607728.8467777
1,41776,1695607728.8589053
1,41792,1695607728.871722
1,41808,1695607728.8840697
1,41824,1695607728.8955207
1,41840,1695607728.908252
1,41856,1695607728.9206746
1,41872,1695607728.9335804
1,41888,1695607728.9475842
1,41904,1695607728.9592545
1,41920,1695607728.9722345
1,41936,1695607728.9848073
1,41952,1695607728.9963012
1,41968,1695607729.0084014
1,41984,1695607729.0215113
1,42000,1695607729.0332046
1,42016,1695607729.0461786
1,42032,1695607729.0581722
1,42048,1695607729.0702932
1,42064,1695607729.0836763
1,42080,1695607729.0952425
1,42096,1695607729.1077595
1,42112,1695607729.1196198
1,42128,1695607729.1349201
1,42144,1695607729.149987
1,42160,1695607729.161904
1,42176,1695607729.175322
1,42192,1695607729.1872938
1,42208,1695607729.2000692
1,42224,1695607729.2130177
1,42240,1695607729.2246907
1,42256,1695607729.2379618
1,42272,1695607729.2500052
1,42288,1695607729.2615774
1,42304,1695607729.2745748
1,42320,1695607729.2866678
1,42336,1695607729.2987423
1,42352,1695607729.3137374
1,42368,1695607729.3270903
1,42384,1695607729.3390663
1,42400,1695607729.35102
1,42416,1695607729.3627274
1,42432,1695607729.3847983
1,42448,1695607729.4052517
1,42464,1695607729.4204059
1,42480,1695607729.4317238
1,42496,1695607729.4445915
1,42512,1695607729.4592485
1,42528,1695607729.471519
1,42544,1695607729.4836423
1,42560,1695607729.4958816
1,42576,1695607729.509206
1,42592,1695607729.521543
1,42608,1695607729.5331068
1,42624,1695607729.5463083
1,42640,1695607729.5584402
1,42656,1695607729.5702446
1,42672,1695607729.5827897
1,42688,1695607729.5950594
1,42704,1695607729.6073773
1,42720,1695607729.6197684
1,42736,1695607729.631635
1,42752,1695607729.6446803
1,42768,1695607729.6570778
1,42784,1695607729.6685839
1,42800,1695607729.681678
1,42816,1695607729.6940947
1,42832,1695607729.705836
1,42848,1695607729.718709
1,42864,1695607729.7305162
1,42880,1695607729.7425723
1,42896,1695607729.7552443
1,42912,1695607729.7672591
1,42928,1695607729.7801745
1,42944,1695607729.7925594
1,42960,1695607729.804283
1,42976,1695607729.8158078
1,42992,1695607729.8285432
1,43008,1695607729.8404894
1,43024,1695607729.8521037
1,43040,1695607729.8655348
1,43056,1695607729.8777547
1,43072,1695607729.8893495
1,43088,1695607729.9023945
1,43104,1695607729.9144723
1,43120,1695607729.926347
1,43136,1695607729.9390316
1,43152,1695607729.9513497
1,43168,1695607729.9642107
1,43184,1695607729.9768806
1,43200,1695607729.988324
1,43216,1695607730.0019133
1,43232,1695607730.0140576
1,43248,1695607730.0277379
1,43264,1695607730.0400074
1,43280,1695607730.055461
1,43296,1695607730.0677056
1,43312,1695607730.079456
1,43328,1695607730.094281
1,43344,1695607730.109121
1,43360,1695607730.1207564
1,43376,1695607730.1325414
1,43392,1695607730.1454873
1,43408,1695607730.1571054
1,43424,1695607730.1700888
1,43440,1695607730.1820688
1,43456,1695607730.193935
1,43472,1695607730.2065403
1,43488,1695607730.2187104
1,43504,1695607730.2311313
1,43520,1695607730.2440956
1,43536,1695607730.2556615
1,43552,1695607730.268439
1,43568,1695607730.2829545
1,43584,1695607730.2967937
1,43600,1695607730.307755
1,43616,1695607730.3201659
1,43632,1695607730.332272
1,43648,1695607730.3427107
1,43664,1695607730.3545897
1,43680,1695607730.3671348
1,43696,1695607730.3776395
1,43712,1695607730.3885133
1,43728,1695607730.399847
1,43744,1695607730.4124002
1,43760,1695607730.4242072
1,43776,1695607730.4351985
1,43792,1695607730.4459279
1,43808,1695607730.4569745
1,43824,1695607730.4682553
1,43840,1695607730.4805958
1,43856,1695607730.491464
1,43872,1695607730.5022104
1,43888,1695607730.5138445
1,43904,1695607730.525611
1,43920,1695607730.536627
1,43936,1695607730.5478487
1,43952,1695607730.5601242
1,43968,1695607730.5721564
1,43984,1695607730.5834203
1,44000,1695607730.5940912
1,44016,1695607730.6051838
1,44032,1695607730.6176045
1,44048,1695607730.6289892
1,44064,1695607730.639813
1,44080,1695607730.6504211
1,44096,1695607730.6620889
1,44112,1695607730.6748118
1,44128,1695607730.6856291
1,44144,1695607730.69657
1,44160,1695607730.7089531
1,44176,1695607730.720497
1,44192,1695607730.7308826
1,44208,1695607730.7427309
1,44224,1695607730.754703
1,44240,1695607730.7656307
1,44256,1695607730.780254
1,44272,1695607730.7971373
1,44288,1695607730.8105319
1,44304,1695607730.8223393
1,44320,1695607730.8374565
1,44336,1695607730.849493
1,44352,1695607730.8619986
1,44368,1695607730.8749673
1,44384,1695607730.888552
1,44400,1695607730.9025037
1,44416,1695607730.9136665
1,44432,1695607730.925323
1,44448,1695607730.939599
1,44464,1695607730.9509056
1,44480,1695607730.9632862
1,44496,1695607730.9796734
1,44512,1695607730.9911962
1,44528,1695607731.0069125
1,44544,1695607731.0252552
1,44560,1695607731.0425835
1,44576,1695607731.0550547
1,44592,1695607731.0673358
1,44608,1695607731.082047
1,44624,1695607731.0965695
1,44640,1695607731.1078835
1,44656,1695607731.1187851
1,44672,1695607731.1332035
1,44688,1695607731.1463552
1,44704,1695607731.1579337
1,44720,1695607731.1711352
1,44736,1695607731.1831224
1,44752,1695607731.197547
1,44768,1695607731.209363
1,44784,1695607731.2227662
1,44800,1695607731.2354698
1,44816,1695607731.2478204
1,44832,1695607731.2600186
1,44848,1695607731.275017
1,44864,1695607731.2889538
1,44880,1695607731.301358
1,44896,1695607731.3139014
1,44912,1695607731.3259282
1,44928,1695607731.3383973
1,44944,1695607731.3513353
1,44960,1695607731.3625646
1,44976,1695607731.3748703
1,44992,1695607731.3880277
1,45008,1695607731.399306
1,45024,1695607731.4109445
1,45040,1695607731.4254234
1,45056,1695607731.4374208
1,45072,1695607731.4493017
1,45088,1695607731.462763
1,45104,1695607731.4761124
1,45120,1695607731.488645
1,45136,1695607731.4999597
1,45152,1695607731.5148304
1,45168,1695607731.5263872
1,45184,1695607731.5396407
1,45200,1695607731.552911
1,45216,1695607731.563768
1,45232,1695607731.5765939
1,45248,1695607731.5909817
1,45264,1695607731.6042364
1,45280,1695607731.6162183
1,45296,1695607731.627688
1,45312,1695607731.6429398
1,45328,1695607731.65495
1,45344,1695607731.6682963
1,45360,1695607731.6847131
1,45376,1695607731.6978905
1,45392,1695607731.7100954
1,45408,1695607731.722154
1,45424,1695607731.7342196
1,45440,1695607731.7455215
1,45456,1695607731.7588382
1,45472,1695607731.7714496
1,45488,1695607731.784975
1,45504,1695607731.7965405
1,45520,1695607731.8088324
1,45536,1695607731.8207617
1,45552,1695607731.8334606
1,45568,1695607731.8469236
1,45584,1695607731.8588295
1,45600,1695607731.8704197
1,45616,1695607731.883623
1,45632,1695607731.895754
1,45648,1695607731.9089274
1,45664,1695607731.9224262
1,45680,1695607731.9332657
1,45696,1695607731.9461758
1,45712,1695607731.9593172
1,45728,1695607731.9710433
1,45744,1695607731.9849648
1,45760,1695607731.996649
1,45776,1695607732.008436
1,45792,1695607732.021296
1,45808,1695607732.0371356
1,45824,1695607732.0553443
1,45840,1695607732.0745184
1,45856,1695607732.0935254
1,45872,1695607732.1129758
1,45888,1695607732.1332533
1,45904,1695607732.153377
1,45920,1695607732.1734853
1,45936,1695607732.1912808
1,45952,1695607732.2051163
1,45968,1695607732.216874
1,45984,1695607732.2300196
1,46000,1695607732.2419534
1,46016,1695607732.2535958
1,46032,1695607732.2666473
1,46048,1695607732.278517
1,46064,1695607732.2905552
1,46080,1695607732.3035839
1,46096,1695607732.3175702
1,46112,1695607732.3318274
1,46128,1695607732.3436306
1,46144,1695607732.355034
1,46160,1695607732.3679874
1,46176,1695607732.3803728
1,46192,1695607732.392131
1,46208,1695607732.4036753
1,46224,1695607732.4165072
1,46240,1695607732.4284167
1,46256,1695607732.4398773
1,46272,1695607732.452822
1,46288,1695607732.4652798
1,46304,1695607732.4767792
1,46320,1695607732.4897337
1,46336,1695607732.501857
1,46352,1695607732.51344
1,46368,1695607732.526244
1,46384,1695607732.5383818
1,46400,1695607732.550345
1,46416,1695607732.5635066
1,46432,1695607732.575026
1,46448,1695607732.58742
1,46464,1695607732.5985615
1,46480,1695607732.6124778
1,46496,1695607732.6229658
1,46512,1695607732.6339319
1,46528,1695607732.6447933
1,46544,1695607732.6587634
1,46560,1695607732.670084
1,46576,1695607732.6832433
1,46592,1695607732.6953554
1,46608,1695607732.710041
1,46624,1695607732.7211494
1,46640,1695607732.7314255
1,46656,1695607732.7425747
1,46672,1695607732.7551174
1,46688,1695607732.7655723
1,46704,1695607732.7758176
1,46720,1695607732.7863486
1,46736,1695607732.801825
1,46752,1695607732.8141708
1,46768,1695607732.8248212
1,46784,1695607732.8361034
1,46800,1695607732.8484716
1,46816,1695607732.8588088
1,46832,1695607732.8690946
1,46848,1695607732.8798175
1,46864,1695607732.89451
1,46880,1695607732.9058022
1,46896,1695607732.9161985
1,46912,1695607732.9274318
1,46928,1695607732.9401088
1,46944,1695607732.9508584
1,46960,1695607732.9615843
1,46976,1695607732.9725296
1,46992,1695607732.9869354
1,47008,1695607732.9979677
1,47024,1695607733.0087526
1,47040,1695607733.019584
1,47056,1695607733.031978
1,47072,1695607733.0424712
1,47088,1695607733.0531423
1,47104,1695607733.0642216
1,47120,1695607733.0766034
1,47136,1695607733.0869753
1,47152,1695607733.0978646
1,47168,1695607733.1088183
1,47184,1695607733.1239133
1,47200,1695607733.1356413
1,47216,1695607733.1462922
1,47232,1695607733.15697
1,47248,1695607733.1690657
1,47264,1695607733.1797154
1,47280,1695607733.1906593
1,47296,1695607733.2016032
1,47312,1695607733.2137818
1,47328,1695607733.2242332
1,47344,1695607733.234685
1,47360,1695607733.2474928
1,47376,1695607733.2620723
1,47392,1695607733.2729936
1,47408,1695607733.2855914
1,47424,1695607733.299021
1,47440,1695607733.312056
1,47456,1695607733.3265345
1,47472,1695607733.3409421
1,47488,1695607733.353381
1,47504,1695607733.3687632
1,47520,1695607733.3794312
1,47536,1695607733.390502
1,47552,1695607733.4014974
1,47568,1695607733.4157233
1,47584,1695607733.4272752
1,47600,1695607733.4380844
1,47616,1695607733.4493594
1,47632,1695607733.465457
1,47648,1695607733.4792998
1,47664,1695607733.4936814
1,47680,1695607733.5057213
1,47696,1695607733.5217247
1,47712,1695607733.5348861
1,47728,1695607733.5458844
1,47744,1695607733.5566726
1,47760,1695607733.5710723
1,47776,1695607733.5822656
1,47792,1695607733.5930727
1,47808,1695607733.603915
1,47824,1695607733.6183124
1,47840,1695607733.6291242
1,47856,1695607733.6401086
1,47872,1695607733.6508775
1,47888,1695607733.665205
1,47904,1695607733.6780152
1,47920,1695607733.688393
1,47936,1695607733.703232
1,47952,1695607733.7174718
1,47968,1695607733.7300959
1,47984,1695607733.740301
1,48000,1695607733.7508845
1,48016,1695607733.7638223
1,48032,1695607733.775093
1,48048,1695607733.7853491
1,48064,1695607733.796084
1,48080,1695607733.8108134
1,48096,1695607733.8219082
1,48112,1695607733.8324735
1,48128,1695607733.8436189
1,48144,1695607733.8569682
1,48160,1695607733.8683653
1,48176,1695607733.8797195
1,48192,1695607733.8920832
1,48208,1695607733.9056954
1,48224,1695607733.9161935
1,48240,1695607733.92664
1,48256,1695607733.9375951
1,48272,1695607733.9501824
1,48288,1695607733.9608226
1,48304,1695607733.9709713
1,48320,1695607733.9819438
1,48336,1695607733.997172
1,48352,1695607734.0079966
1,48368,1695607734.0191557
1,48384,1695607734.030086
1,48400,1695607734.042331
1,48416,1695607734.0535574
1,48432,1695607734.0662403
1,48448,1695607734.0785296
1,48464,1695607734.093317
1,48480,1695607734.105336
1,48496,1695607734.11566
1,48512,1695607734.126807
1,48528,1695607734.139423
1,48544,1695607734.1501644
1,48560,1695607734.1607306
1,48576,1695607734.17153
1,48592,1695607734.184432
1,48608,1695607734.195496
1,48624,1695607734.2060018
1,48640,1695607734.2166166
1,48656,1695607734.2304873
1,48672,1695607734.244065
1,48688,1695607734.2559776
1,48704,1695607734.2676423
1,48720,1695607734.2816417
1,48736,1695607734.2944028
1,48752,1695607734.3061583
1,48768,1695607734.3175354
1,48784,1695607734.331024
1,48800,1695607734.3419242
1,48816,1695607734.3528957
1,48832,1695607734.363911
1,48848,1695607734.3774714
1,48864,1695607734.3883343
1,48880,1695607734.3993087
1,48896,1695607734.4102826
1,48912,1695607734.4238508
1,48928,1695607734.434775
1,48944,1695607734.4467406
1,48960,1695607734.458916
1,48976,1695607734.4734697
1,48992,1695607734.48436
1,49008,1695607734.4953563
1,49024,1695607734.5063467
1,49040,1695607734.5199025
1,49056,1695607734.5307794
1,49072,1695607734.5417702
1,49088,1695607734.5527303
1,49104,1695607734.5665767
1,49120,1695607734.5782223
1,49136,1695607734.5898418
1,49152,1695607734.6015718
1,49168,1695607734.6166492
1,49184,1695607734.6275506
1,49200,1695607734.6385248
1,49216,1695607734.6496518
1,49232,1695607734.6644082
1,49248,1695607734.6758168
1,49264,1695607734.688484
1,49280,1695607734.7003984
1,49296,1695607734.7156084
1,49312,1695607734.7263222
1,49328,1695607734.7373016
1,49344,1695607734.748245
1,49360,1695607734.7617428
1,49376,1695607734.7726665
1,49392,1695607734.7836478
1,49408,1695607734.7947762
1,49424,1695607734.8083103
1,49440,1695607734.819214
1,49456,1695607734.8302033
1,49472,1695607734.8412075
1,49488,1695607734.8547332
1,49504,1695607734.8671582
1,49520,1695607734.879943
1,49536,1695607734.8913465
1,49552,1695607734.906246
1,49568,1695607734.9171288
1,49584,1695607734.9281163
1,49600,1695607734.9390843
1,49616,1695607734.952612
1,49632,1695607734.9634664
1,49648,1695607734.9744806
1,49664,1695607734.98546
1,49680,1695607734.9989402
1,49696,1695607735.0098276
1,49712,1695607735.0207627
1,49728,1695607735.031739
1,49744,1695607735.0452359
1,49760,1695607735.0561624
1,49776,1695607735.0671127
1,49792,1695607735.0780957
1,49808,1695607735.091622
1,49824,1695607735.102498
1,49840,1695607735.1131587
1,49856,1695607735.1242342
1,49872,1695607735.1365778
1,49888,1695607735.1570015
1,49904,1695607735.167597
1,49920,1695607735.178726
1,49936,1695607735.1890872
1,49952,1695607735.2000377
1,49968,1695607735.2123187
1,49984,1695607735.2233877
1,50000,1695607735.234493
2,16,1695607735.5271208
2,32,1695607735.5402513
2,48,1695607735.5518816
2,64,1695607735.5631473
2,80,1695607735.5784545
2,96,1695607735.5912046
2,112,1695607735.6035967
2,128,1695607735.6165202
2,144,1695607735.6287794
2,160,1695607735.642354
2,176,1695607735.6561131
2,192,1695607735.6683552
2,208,1695607735.679842
2,224,1695607735.6927352
2,240,1695607735.7063043
2,256,1695607735.71816
2,272,1695607735.7308328
2,288,1695607735.7427897
2,304,1695607735.7542627
2,320,1695607735.7669914
2,336,1695607735.780005
2,352,1695607735.7914038
2,368,1695607735.8042846
2,384,1695607735.8168874
2,400,1695607735.828395
2,416,1695607735.840168
2,432,1695607735.8534565
2,448,1695607735.8650484
2,464,1695607735.8780947
2,480,1695607735.8894937
2,496,1695607735.9007983
2,512,1695607735.914068
2,528,1695607735.9319568
2,544,1695607735.9426696
2,560,1695607735.9568386
2,576,1695607735.970512
2,592,1695607735.9834719
2,608,1695607735.996884
2,624,1695607736.008369
2,640,1695607736.019936
2,656,1695607736.0329077
2,672,1695607736.045097
2,688,1695607736.0570116
2,704,1695607736.0687861
2,720,1695607736.0819082
2,736,1695607736.094191
2,752,1695607736.105925
2,768,1695607736.1187935
2,784,1695607736.1308064
2,800,1695607736.1422617
2,816,1695607736.1548994
2,832,1695607736.168218
2,848,1695607736.1797092
2,864,1695607736.1928296
2,880,1695607736.2051547
2,896,1695607736.2166977
2,912,1695607736.2296803
2,928,1695607736.2420137
2,944,1695607736.2538579
2,960,1695607736.2669902
2,976,1695607736.2788658
2,992,1695607736.2912297
2,1008,1695607736.304545
2,1024,1695607736.3159797
2,1040,1695607736.3275635
2,1056,1695607736.3404646
2,1072,1695607736.3524632
2,1088,1695607736.364004
2,1104,1695607736.3774736
2,1120,1695607736.3898506
2,1136,1695607736.401523
2,1152,1695607736.4144135
2,1168,1695607736.426493
2,1184,1695607736.4385052
2,1200,1695607736.4517071
2,1216,1695607736.4633641
2,1232,1695607736.4760296
2,1248,1695607736.4883513
2,1264,1695607736.5016296
2,1280,1695607736.5157456
2,1296,1695607736.527526
2,1312,1695607736.5405579
2,1328,1695607736.5530407
2,1344,1695607736.5644548
2,1360,1695607736.5780475
2,1376,1695607736.5924911
2,1392,1695607736.6039984
2,1408,1695607736.6155987
2,1424,1695607736.6285849
2,1440,1695607736.6411595
2,1456,1695607736.6526906
2,1472,1695607736.664388
2,1488,1695607736.6775575
2,1504,1695607736.6897702
2,1520,1695607736.701458
2,1536,1695607736.7145808
2,1552,1695607736.7266252
2,1568,1695607736.738683
2,1584,1695607736.751376
2,1600,1695607736.763621
2,1616,1695607736.7767258
2,1632,1695607736.7890964
2,1648,1695607736.8007767
2,1664,1695607736.8143017
2,1680,1695607736.8264654
2,1696,1695607736.8383603
2,1712,1695607736.8511665
2,1728,1695607736.8633597
2,1744,1695607736.8762867
2,1760,1695607736.888638
2,1776,1695607736.9005287
2,1792,1695607736.9138238
2,1808,1695607736.925979
2,1824,1695607736.9377792
2,1840,1695607736.95066
2,1856,1695607736.9627626
2,1872,1695607736.9749286
2,1888,1695607736.9874897
2,1904,1695607736.9995744
2,1920,1695607737.0109978
2,1936,1695607737.0238032
2,1952,1695607737.036189
2,1968,1695607737.0481079
2,1984,1695607737.0613112
2,2000,1695607737.0729756
2,2016,1695607737.0860677
2,2032,1695607737.0982344
2,2048,1695607737.1101067
2,2064,1695607737.1228333
2,2080,1695607737.134905
2,2096,1695607737.1472306
2,2112,1695607737.1597195
2,2128,1695607737.1717389
2,2144,1695607737.1847913
2,2160,1695607737.1971772
2,2176,1695607737.2087083
2,2192,1695607737.2217262
2,2208,1695607737.2339585
2,2224,1695607737.2457333
2,2240,1695607737.258686
2,2256,1695607737.2707574
2,2272,1695607737.2829323
2,2288,1695607737.2955449
2,2304,1695607737.3078372
2,2320,1695607737.320944
2,2336,1695607737.3333275
2,2352,1695607737.34483
2,2368,1695607737.3564327
2,2384,1695607737.3709478
2,2400,1695607737.3856966
2,2416,1695607737.3973308
2,2432,1695607737.410488
2,2448,1695607737.4227352
2,2464,1695607737.435102
2,2480,1695607737.4482296
2,2496,1695607737.4596868
2,2512,1695607737.472647
2,2528,1695607737.4850514
2,2544,1695607737.4965868
2,2560,1695607737.5082357
2,2576,1695607737.5201728
2,2592,1695607737.5350745
2,2608,1695607737.5472417
2,2624,1695607737.5598977
2,2640,1695607737.5719366
2,2656,1695607737.5849397
2,2672,1695607737.5968938
2,2688,1695607737.6116486
2,2704,1695607737.6241796
2,2720,1695607737.6361098
2,2736,1695607737.649241
2,2752,1695607737.6608984
2,2768,1695607737.6725364
2,2784,1695607737.6847272
2,2800,1695607737.6979394
2,2816,1695607737.710061
2,2832,1695607737.7218523
2,2848,1695607737.7347848
2,2864,1695607737.746817
2,2880,1695607737.7581365
2,2896,1695607737.7706678
2,2912,1695607737.7839992
2,2928,1695607737.795558
2,2944,1695607737.8084502
2,2960,1695607737.8231452
2,2976,1695607737.8353922
2,2992,1695607737.8477905
2,3008,1695607737.8598142
2,3024,1695607737.8729122
2,3040,1695607737.8870025
2,3056,1695607737.8991194
2,3072,1695607737.9116669
2,3088,1695607737.9238658
2,3104,1695607737.937126
2,3120,1695607737.9495237
2,3136,1695607737.9611256
2,3152,1695607737.9742594
2,3168,1695607737.9863353
2,3184,1695607737.998172
2,3200,1695607738.0109832
2,3216,1695607738.0231228
2,3232,1695607738.0356784
2,3248,1695607738.0480263
2,3264,1695607738.0598822
2,3280,1695607738.0727756
2,3296,1695607738.0846982
2,3312,1695607738.096395
2,3328,1695607738.111293
2,3344,1695607738.1260548
2,3360,1695607738.1374598
2,3376,1695607738.1504958
2,3392,1695607738.1627953
2,3408,1695607738.17507
2,3424,1695607738.1877625
2,3440,1695607738.1999166
2,3456,1695607738.2129402
2,3472,1695607738.224776
2,3488,1695607738.238072
2,3504,1695607738.250255
2,3520,1695607738.2621434
2,3536,1695607738.274954
2,3552,1695607738.2871618
2,3568,1695607738.2995908
2,3584,1695607738.3123682
2,3600,1695607738.3241947
2,3616,1695607738.33894
2,3632,1695607738.3511841
2,3648,1695607738.363815
2,3664,1695607738.3758395
2,3680,1695607738.388933
2,3696,1695607738.400816
2,3712,1695607738.413957
2,3728,1695607738.426072
