epoch,trained_sample,time
1,0,1696073021.9169397
1,128,1696073023.2088747
1,256,1696073023.2303097
1,384,1696073023.254149
1,512,1696073023.2762644
1,640,1696073023.3007636
1,768,1696073023.3226743
1,896,1696073023.35156
1,1024,1696073023.368284
1,1152,1696073023.3892508
1,1280,1696073023.4095454
1,1408,1696073023.4301891
1,1536,1696073023.4519565
1,1664,1696073023.4758425
1,1792,1696073023.4958193
1,1920,1696073023.5158267
1,2048,1696073023.5361774
1,2176,1696073023.556351
1,2304,1696073023.5786643
1,2432,1696073023.5988328
1,2560,1696073023.6237278
1,2688,1696073023.6441703
1,2816,1696073023.664034
1,2944,1696073023.6867316
1,3072,1696073023.7068496
1,3200,1696073023.73145
1,3328,1696073023.751967
1,3456,1696073023.7720413
1,3584,1696073023.7919698
1,3712,1696073023.8118289
1,3840,1696073023.8317354
1,3968,1696073023.852065
1,4096,1696073023.8719966
1,4224,1696073023.8950267
1,4352,1696073023.9153438
1,4480,1696073023.935171
1,4608,1696073023.9610653
1,4736,1696073023.9811282
1,4864,1696073024.0105357
1,4992,1696073024.0303516
1,5120,1696073024.0483541
1,5248,1696073024.0658803
1,5376,1696073024.0859463
1,5504,1696073024.1095006
1,5632,1696073024.1279788
1,5760,1696073024.1468582
1,5888,1696073024.1656215
1,6016,1696073024.184278
1,6144,1696073024.202906
1,6272,1696073024.2227256
1,6400,1696073024.2427008
1,6528,1696073024.2627494
1,6656,1696073024.282943
1,6784,1696073024.302843
1,6912,1696073024.3280685
1,7040,1696073024.3447084
1,7168,1696073024.3626015
1,7296,1696073024.3796618
1,7424,1696073024.400506
1,7552,1696073024.4230363
1,7680,1696073024.4431365
1,7808,1696073024.4653165
1,7936,1696073024.4902296
1,8064,1696073024.513396
1,8192,1696073024.536814
1,8320,1696073024.5630023
1,8448,1696073024.5850341
1,8576,1696073024.6066744
1,8704,1696073024.62747
1,8832,1696073024.6524138
1,8960,1696073024.6737382
1,9088,1696073024.6945636
1,9216,1696073024.7148664
1,9344,1696073024.736899
1,9472,1696073024.7576733
1,9600,1696073024.7821589
1,9728,1696073024.8100796
1,9856,1696073024.8299859
1,9984,1696073024.8549812
1,10112,1696073024.876792
1,10240,1696073024.902628
1,10368,1696073024.9280348
1,10496,1696073024.9491165
1,10624,1696073024.9653575
1,10752,1696073024.9861894
1,10880,1696073025.002115
1,11008,1696073025.0247965
1,11136,1696073025.042005
1,11264,1696073025.0652452
1,11392,1696073025.0887027
1,11520,1696073025.1126063
1,11648,1696073025.1353106
1,11776,1696073025.157422
1,11904,1696073025.180667
1,12032,1696073025.202825
1,12160,1696073025.223112
1,12288,1696073025.2451928
1,12416,1696073025.2702267
1,12544,1696073025.2889395
1,12672,1696073025.3068197
1,12800,1696073025.3266742
1,12928,1696073025.3465507
1,13056,1696073025.366787
1,13184,1696073025.3869376
1,13312,1696073025.4066172
1,13440,1696073025.4313197
1,13568,1696073025.4522402
1,13696,1696073025.4735463
1,13824,1696073025.497705
1,13952,1696073025.5213351
1,14080,1696073025.545787
1,14208,1696073025.5653064
1,14336,1696073025.5893598
1,14464,1696073025.6130643
1,14592,1696073025.6376307
1,14720,1696073025.657004
1,14848,1696073025.6792085
1,14976,1696073025.7069473
1,15104,1696073025.7292354
1,15232,1696073025.7552435
1,15360,1696073025.7774782
1,15488,1696073025.8021054
1,15616,1696073025.8247635
1,15744,1696073025.8463287
1,15872,1696073025.8728716
1,16000,1696073025.8934464
1,16128,1696073025.9177377
1,16256,1696073025.940788
1,16384,1696073025.9659114
1,16512,1696073025.986569
1,16640,1696073026.006822
1,16768,1696073026.0234854
1,16896,1696073026.0412688
1,17024,1696073026.058867
1,17152,1696073026.0766108
1,17280,1696073026.0952635
1,17408,1696073026.1148374
1,17536,1696073026.134538
1,17664,1696073026.1552458
1,17792,1696073026.174976
1,17920,1696073026.1944573
1,18048,1696073026.2145452
1,18176,1696073026.234828
1,18304,1696073026.2547946
1,18432,1696073026.274571
1,18560,1696073026.2951472
1,18688,1696073026.3150005
1,18816,1696073026.334714
1,18944,1696073026.3549795
1,19072,1696073026.3745654
1,19200,1696073026.3944244
1,19328,1696073026.414579
1,19456,1696073026.435243
1,19584,1696073026.455118
1,19712,1696073026.4747207
1,19840,1696073026.4945776
1,19968,1696073026.5144064
1,20096,1696073026.5344846
1,20224,1696073026.5547922
1,20352,1696073026.5747528
1,20480,1696073026.5944936
1,20608,1696073026.6147594
1,20736,1696073026.6349027
1,20864,1696073026.6549625
1,20992,1696073026.6750073
1,21120,1696073026.6946213
1,21248,1696073026.714973
1,21376,1696073026.7348921
1,21504,1696073026.754583
1,21632,1696073026.774641
1,21760,1696073026.7947924
1,21888,1696073026.814703
1,22016,1696073026.834395
1,22144,1696073026.8544369
1,22272,1696073026.8748946
1,22400,1696073026.8945942
1,22528,1696073026.9127169
1,22656,1696073026.9303901
1,22784,1696073026.95063
1,22912,1696073026.9703624
1,23040,1696073026.990761
1,23168,1696073027.0148962
1,23296,1696073027.0367765
1,23424,1696073027.0575733
1,23552,1696073027.080502
1,23680,1696073027.1029649
1,23808,1696073027.1232955
1,23936,1696073027.1452422
1,24064,1696073027.1703374
1,24192,1696073027.1933606
1,24320,1696073027.2147684
1,24448,1696073027.235234
1,24576,1696073027.2635155
1,24704,1696073027.2859197
1,24832,1696073027.3004904
1,24960,1696073027.32501
1,25088,1696073027.3457975
1,25216,1696073027.366897
1,25344,1696073027.389603
1,25472,1696073027.4057822
1,25600,1696073027.4269323
1,25728,1696073027.4485536
1,25856,1696073027.4708793
1,25984,1696073027.4907038
1,26112,1696073027.5106132
1,26240,1696073027.530568
1,26368,1696073027.550845
1,26496,1696073027.5683298
1,26624,1696073027.5862718
1,26752,1696073027.6081624
1,26880,1696073027.6271114
1,27008,1696073027.646733
1,27136,1696073027.6669407
1,27264,1696073027.6869335
1,27392,1696073027.7067378
1,27520,1696073027.7264678
1,27648,1696073027.7468295
1,27776,1696073027.7670493
1,27904,1696073027.7868989
1,28032,1696073027.8066983
1,28160,1696073027.8263602
1,28288,1696073027.8467934
1,28416,1696073027.8670924
1,28544,1696073027.8872633
1,28672,1696073027.9066327
1,28800,1696073027.9246175
1,28928,1696073027.9442406
1,29056,1696073027.9634166
1,29184,1696073027.982509
1,29312,1696073028.0072567
1,29440,1696073028.0283377
1,29568,1696073028.0500562
1,29696,1696073028.0752914
1,29824,1696073028.0974886
1,29952,1696073028.1146605
1,30080,1696073028.1405962
1,30208,1696073028.161366
1,30336,1696073028.1864874
1,30464,1696073028.2122078
1,30592,1696073028.2351537
1,30720,1696073028.2614396
1,30848,1696073028.285543
1,30976,1696073028.3008413
1,31104,1696073028.3160505
1,31232,1696073028.3311572
1,31360,1696073028.3466883
1,31488,1696073028.362338
1,31616,1696073028.3775775
1,31744,1696073028.393564
1,31872,1696073028.4088223
1,32000,1696073028.4236643
1,32128,1696073028.4393733
1,32256,1696073028.4551835
1,32384,1696073028.4714131
1,32512,1696073028.48682
1,32640,1696073028.5030181
1,32768,1696073028.5183296
1,32896,1696073028.5339408
1,33024,1696073028.5495293
1,33152,1696073028.5657675
1,33280,1696073028.5816634
1,33408,1696073028.5961137
1,33536,1696073028.6116014
1,33664,1696073028.6269875
1,33792,1696073028.6428897
1,33920,1696073028.658105
1,34048,1696073028.6741436
1,34176,1696073028.6906335
1,34304,1696073028.7061634
1,34432,1696073028.7207854
1,34560,1696073028.7358766
1,34688,1696073028.7518363
1,34816,1696073028.7670395
1,34944,1696073028.7832944
1,35072,1696073028.7994635
1,35200,1696073028.8195586
1,35328,1696073028.8362
1,35456,1696073028.8521688
1,35584,1696073028.8729112
1,35712,1696073028.8895025
1,35840,1696073028.9058886
1,35968,1696073028.9221547
1,36096,1696073028.9380338
1,36224,1696073028.9529026
1,36352,1696073028.9695091
1,36480,1696073028.9835498
1,36608,1696073028.9989514
1,36736,1696073029.0137856
1,36864,1696073029.0300207
1,36992,1696073029.0444624
1,37120,1696073029.0604167
1,37248,1696073029.0750341
1,37376,1696073029.0908287
1,37504,1696073029.1061537
1,37632,1696073029.121332
1,37760,1696073029.1367106
1,37888,1696073029.153229
1,38016,1696073029.168347
1,38144,1696073029.1831915
1,38272,1696073029.1985302
1,38400,1696073029.2147405
1,38528,1696073029.229881
1,38656,1696073029.24582
1,38784,1696073029.2601488
1,38912,1696073029.2753575
1,39040,1696073029.291452
1,39168,1696073029.3061986
1,39296,1696073029.3218954
1,39424,1696073029.337152
1,39552,1696073029.352787
1,39680,1696073029.3731627
1,39808,1696073029.3897583
1,39936,1696073029.4053948
1,40064,1696073029.42064
1,40192,1696073029.4380336
1,40320,1696073029.4545453
1,40448,1696073029.4699714
1,40576,1696073029.485288
1,40704,1696073029.5009818
1,40832,1696073029.517108
1,40960,1696073029.5327349
1,41088,1696073029.5489838
1,41216,1696073029.5649333
1,41344,1696073029.5820718
1,41472,1696073029.600604
1,41600,1696073029.6186547
1,41728,1696073029.6354384
1,41856,1696073029.6527367
1,41984,1696073029.6709776
1,42112,1696073029.6904745
1,42240,1696073029.7085779
1,42368,1696073029.7266986
1,42496,1696073029.7466998
1,42624,1696073029.766894
1,42752,1696073029.786931
1,42880,1696073029.8067384
1,43008,1696073029.826572
1,43136,1696073029.8468235
1,43264,1696073029.8668694
1,43392,1696073029.8867016
1,43520,1696073029.9068756
1,43648,1696073029.9272645
1,43776,1696073029.9469137
1,43904,1696073029.966867
1,44032,1696073029.987103
1,44160,1696073030.0067794
1,44288,1696073030.0264556
1,44416,1696073030.046689
1,44544,1696073030.066932
1,44672,1696073030.086929
1,44800,1696073030.1068017
1,44928,1696073030.1269834
1,45056,1696073030.146938
1,45184,1696073030.166605
1,45312,1696073030.186581
1,45440,1696073030.2070882
1,45568,1696073030.2266936
1,45696,1696073030.2464993
1,45824,1696073030.2669945
1,45952,1696073030.286896
1,46080,1696073030.3072937
1,46208,1696073030.3269973
1,46336,1696073030.34847
1,46464,1696073030.3671727
1,46592,1696073030.3865466
1,46720,1696073030.407516
1,46848,1696073030.4272778
1,46976,1696073030.4468515
1,47104,1696073030.4664447
1,47232,1696073030.4866514
1,47360,1696073030.5075135
1,47488,1696073030.5268512
1,47616,1696073030.5465536
1,47744,1696073030.5663831
1,47872,1696073030.586745
1,48000,1696073030.6070895
1,48128,1696073030.6266305
1,48256,1696073030.6468372
1,48384,1696073030.6671019
1,48512,1696073030.686956
1,48640,1696073030.707962
1,48768,1696073030.727207
1,48896,1696073030.746791
1,49024,1696073030.7742112
1,49152,1696073030.7953594
1,49280,1696073030.8118935
1,49408,1696073030.8307366
1,49536,1696073030.8505883
1,49664,1696073030.8706396
1,49792,1696073030.890841
1,49920,1696073030.9110868
1,50000,1696073030.934596
2,128,1696073031.254479
2,256,1696073031.275304
2,384,1696073031.2971992
2,512,1696073031.3172042
2,640,1696073031.3375037
2,768,1696073031.3598423
2,896,1696073031.3815906
2,1024,1696073031.4063444
2,1152,1696073031.4286165
2,1280,1696073031.4545922
2,1408,1696073031.4775512
2,1536,1696073031.494801
2,1664,1696073031.520841
2,1792,1696073031.5418355
2,1920,1696073031.5601037
2,2048,1696073031.5781476
2,2176,1696073031.599624
2,2304,1696073031.621685
2,2432,1696073031.6431038
2,2560,1696073031.6626596
2,2688,1696073031.6887178
2,2816,1696073031.712143
2,2944,1696073031.7336314
2,3072,1696073031.7586977
2,3200,1696073031.7818437
2,3328,1696073031.8025384
2,3456,1696073031.8182943
2,3584,1696073031.8384054
2,3712,1696073031.8556848
2,3840,1696073031.8742435
2,3968,1696073031.8948455
2,4096,1696073031.9159856
2,4224,1696073031.9356503
2,4352,1696073031.9549031
2,4480,1696073031.9747615
2,4608,1696073031.9956365
2,4736,1696073032.0161872
2,4864,1696073032.035118
2,4992,1696073032.0544932
2,5120,1696073032.075685
2,5248,1696073032.0955858
2,5376,1696073032.115065
2,5504,1696073032.1346774
2,5632,1696073032.1560183
2,5760,1696073032.1756408
2,5888,1696073032.1947026
2,6016,1696073032.2143166
2,6144,1696073032.235008
2,6272,1696073032.2556474
2,6400,1696073032.2750537
2,6528,1696073032.2989326
2,6656,1696073032.3207245
2,6784,1696073032.3427093
2,6912,1696073032.3663075
2,7040,1696073032.3908887
2,7168,1696073032.4131134
2,7296,1696073032.4372618
2,7424,1696073032.4586973
2,7552,1696073032.4739916
2,7680,1696073032.489112
2,7808,1696073032.5062504
2,7936,1696073032.5231721
2,8064,1696073032.5378246
2,8192,1696073032.556511
2,8320,1696073032.5764992
2,8448,1696073032.595354
2,8576,1696073032.614694
2,8704,1696073032.6382651
2,8832,1696073032.6609457
2,8960,1696073032.6829245
2,9088,1696073032.7053492
2,9216,1696073032.7270405
2,9344,1696073032.7474341
2,9472,1696073032.7710965
2,9600,1696073032.7919717
2,9728,1696073032.8151743
2,9856,1696073032.8356469
2,9984,1696073032.859058
2,10112,1696073032.8800628
2,10240,1696073032.9030576
2,10368,1696073032.9232163
2,10496,1696073032.9470785
2,10624,1696073032.9688127
2,10752,1696073032.9910817
2,10880,1696073033.010743
2,11008,1696073033.0305228
2,11136,1696073033.0508606
2,11264,1696073033.0710416
2,11392,1696073033.0908694
2,11520,1696073033.1109934
2,11648,1696073033.1308331
2,11776,1696073033.151833
2,11904,1696073033.171767
2,12032,1696073033.190773
2,12160,1696073033.2106745
2,12288,1696073033.231103
2,12416,1696073033.2509997
2,12544,1696073033.270506
2,12672,1696073033.2911131
2,12800,1696073033.3152618
2,12928,1696073033.3356571
2,13056,1696073033.3592093
2,13184,1696073033.3803883
2,13312,1696073033.4031272
2,13440,1696073033.423022
2,13568,1696073033.450398
2,13696,1696073033.4737985
2,13824,1696073033.4948618
2,13952,1696073033.5152848
2,14080,1696073033.53921
2,14208,1696073033.559794
2,14336,1696073033.5827713
2,14464,1696073033.5985591
2,14592,1696073033.6206074
2,14720,1696073033.642674
2,14848,1696073033.6632926
2,14976,1696073033.686958
2,15104,1696073033.7078032
2,15232,1696073033.7310655
2,15360,1696073033.7521255
2,15488,1696073033.774639
2,15616,1696073033.790524
2,15744,1696073033.8129494
2,15872,1696073033.8374965
2,16000,1696073033.8590176
2,16128,1696073033.8795402
2,16256,1696073033.9028523
2,16384,1696073033.924265
2,16512,1696073033.947103
2,16640,1696073033.9675913
2,16768,1696073033.9907403
2,16896,1696073034.0124142
2,17024,1696073034.0346823
2,17152,1696073034.0559063
2,17280,1696073034.0790606
2,17408,1696073034.0998974
2,17536,1696073034.1232998
2,17664,1696073034.1434405
2,17792,1696073034.166823
2,17920,1696073034.1827009
2,18048,1696073034.204767
2,18176,1696073034.2224696
2,18304,1696073034.245147
2,18432,1696073034.2687237
2,18560,1696073034.290784
2,18688,1696073034.3113592
2,18816,1696073034.3348527
2,18944,1696073034.3585896
2,19072,1696073034.3752706
2,19200,1696073034.396524
2,19328,1696073034.418793
2,19456,1696073034.438846
2,19584,1696073034.4633276
2,19712,1696073034.486117
2,19840,1696073034.509285
2,19968,1696073034.5349262
2,20096,1696073034.557802
2,20224,1696073034.578769
2,20352,1696073034.5989578
2,20480,1696073034.6264188
2,20608,1696073034.6494236
2,20736,1696073034.6707344
2,20864,1696073034.6907501
2,20992,1696073034.7176092
2,21120,1696073034.7361612
2,21248,1696073034.7626035
2,21376,1696073034.7852173
2,21504,1696073034.8068912
2,21632,1696073034.8293107
2,21760,1696073034.850698
2,21888,1696073034.8709118
2,22016,1696073034.894997
2,22144,1696073034.9162874
2,22272,1696073034.939053
2,22400,1696073034.959297
2,22528,1696073034.983166
2,22656,1696073035.0064197
2,22784,1696073035.0225937
2,22912,1696073035.0422804
2,23040,1696073035.0621316
2,23168,1696073035.0801866
2,23296,1696073035.0990517
2,23424,1696073035.1186697
2,23552,1696073035.1387045
2,23680,1696073035.1589348
2,23808,1696073035.1785624
2,23936,1696073035.1986542
2,24064,1696073035.2195656
2,24192,1696073035.2390916
2,24320,1696073035.2585616
2,24448,1696073035.2791882
2,24576,1696073035.2987483
2,24704,1696073035.318617
2,24832,1696073035.338767
2,24960,1696073035.35888
2,25088,1696073035.3785946
2,25216,1696073035.3987474
2,25344,1696073035.41898
2,25472,1696073035.4387717
2,25600,1696073035.4584587
2,25728,1696073035.478559
2,25856,1696073035.4984424
2,25984,1696073035.5189154
2,26112,1696073035.5388033
2,26240,1696073035.5584822
2,26368,1696073035.5784428
2,26496,1696073035.5991085
2,26624,1696073035.6187088
2,26752,1696073035.63863
2,26880,1696073035.6587403
2,27008,1696073035.6789684
2,27136,1696073035.6990445
2,27264,1696073035.7187686
2,27392,1696073035.7384088
2,27520,1696073035.7585387
2,27648,1696073035.7790911
2,27776,1696073035.798997
2,27904,1696073035.8187628
2,28032,1696073035.8392549
2,28160,1696073035.8588245
2,28288,1696073035.8785403
2,28416,1696073035.8985953
2,28544,1696073035.918647
2,28672,1696073035.9389365
2,28800,1696073035.9588194
2,28928,1696073035.978568
2,29056,1696073035.9974976
2,29184,1696073036.0235236
2,29312,1696073036.0450764
2,29440,1696073036.0635636
2,29568,1696073036.0833414
2,29696,1696073036.103119
2,29824,1696073036.1227493
2,29952,1696073036.1429527
2,30080,1696073036.1611211
2,30208,1696073036.1824906
2,30336,1696073036.2030308
2,30464,1696073036.2228656
2,30592,1696073036.2433975
2,30720,1696073036.2632043
2,30848,1696073036.282727
2,30976,1696073036.302646
2,31104,1696073036.3228407
2,31232,1696073036.3426619
2,31360,1696073036.361793
2,31488,1696073036.3869145
2,31616,1696073036.4089656
2,31744,1696073036.4308443
2,31872,1696073036.4468036
2,32000,1696073036.4688818
2,32128,1696073036.4933019
2,32256,1696073036.514914
2,32384,1696073036.5351048
2,32512,1696073036.5533297
2,32640,1696073036.5779955
2,32768,1696073036.6013052
2,32896,1696073036.6227753
2,33024,1696073036.6453524
2,33152,1696073036.669052
2,33280,1696073036.6906126
2,33408,1696073036.7067554
2,33536,1696073036.7267845
2,33664,1696073036.748026
2,33792,1696073036.7668402
2,33920,1696073036.7880025
2,34048,1696073036.8086846
2,34176,1696073036.8306327
2,34304,1696073036.8552327
2,34432,1696073036.874758
2,34560,1696073036.899549
2,34688,1696073036.9203167
2,34816,1696073036.9463797
2,34944,1696073036.9683244
2,35072,1696073036.990966
2,35200,1696073037.011586
2,35328,1696073037.0350971
2,35456,1696073037.0569549
2,35584,1696073037.0741544
2,35712,1696073037.0971804
2,35840,1696073037.1203363
2,35968,1696073037.1375709
2,36096,1696073037.16214
2,36224,1696073037.185147
2,36352,1696073037.2071254
2,36480,1696073037.229047
2,36608,1696073037.2508147
2,36736,1696073037.2714968
2,36864,1696073037.2925558
2,36992,1696073037.3116832
2,37120,1696073037.3309007
2,37248,1696073037.3509305
2,37376,1696073037.37122
2,37504,1696073037.3909824
2,37632,1696073037.410714
2,37760,1696073037.4305313
2,37888,1696073037.4508758
2,38016,1696073037.4710085
2,38144,1696073037.4915218
2,38272,1696073037.510345
2,38400,1696073037.5311766
2,38528,1696073037.5510364
2,38656,1696073037.571255
2,38784,1696073037.5905435
2,38912,1696073037.6110194
2,39040,1696073037.6309416
2,39168,1696073037.651127
2,39296,1696073037.6701949
2,39424,1696073037.6909468
2,39552,1696073037.7109506
2,39680,1696073037.731218
2,39808,1696073037.7506552
2,39936,1696073037.7710304
2,40064,1696073037.7906575
2,40192,1696073037.8105712
2,40320,1696073037.8304088
2,40448,1696073037.8510642
2,40576,1696073037.8709216
2,40704,1696073037.8916545
2,40832,1696073037.9104495
2,40960,1696073037.930934
2,41088,1696073037.950789
2,41216,1696073037.9712317
2,41344,1696073037.9904058
2,41472,1696073038.0109496
2,41600,1696073038.030751
2,41728,1696073038.0512326
2,41856,1696073038.0686364
2,41984,1696073038.0914142
2,42112,1696073038.1106398
2,42240,1696073038.1305702
2,42368,1696073038.1510055
2,42496,1696073038.1708221
2,42624,1696073038.1906183
2,42752,1696073038.211019
2,42880,1696073038.2308736
2,43008,1696073038.2504904
2,43136,1696073038.2703342
2,43264,1696073038.2905796
2,43392,1696073038.3108144
2,43520,1696073038.3306372
2,43648,1696073038.350576
2,43776,1696073038.3709602
2,43904,1696073038.391054
2,44032,1696073038.4109814
2,44160,1696073038.4313464
2,44288,1696073038.4508266
2,44416,1696073038.470488
2,44544,1696073038.4910474
2,44672,1696073038.5108325
2,44800,1696073038.530405
2,44928,1696073038.550724
2,45056,1696073038.570883
2,45184,1696073038.5905433
2,45312,1696073038.6105328
2,45440,1696073038.6306713
2,45568,1696073038.650723
2,45696,1696073038.6707423
2,45824,1696073038.6904886
2,45952,1696073038.7103639
2,46080,1696073038.7353854
2,46208,1696073038.7560132
2,46336,1696073038.7790112
2,46464,1696073038.8000002
2,46592,1696073038.8231206
2,46720,1696073038.8460913
2,46848,1696073038.8619196
2,46976,1696073038.883065
2,47104,1696073038.9072585
2,47232,1696073038.928288
2,47360,1696073038.9508085
2,47488,1696073038.971314
2,47616,1696073038.994851
2,47744,1696073039.0182545
2,47872,1696073039.0402265
2,48000,1696073039.0628726
2,48128,1696073039.0839012
2,48256,1696073039.1110766
2,48384,1696073039.1333456
2,48512,1696073039.1582954
2,48640,1696073039.1814172
2,48768,1696073039.2027612
2,48896,1696073039.2235878
2,49024,1696073039.2457228
2,49152,1696073039.263087
2,49280,1696073039.2781343
2,49408,1696073039.293115
2,49536,1696073039.3084953
2,49664,1696073039.3235273
2,49792,1696073039.3384514
2,49920,1696073039.3537889
2,50000,1696073039.3688452
3,128,1696073039.7110646
3,256,1696073039.7301645
3,384,1696073039.7568178
3,512,1696073039.776778
3,640,1696073039.797538
3,768,1696073039.8216207
3,896,1696073039.8480785
3,1024,1696073039.8705788
3,1152,1696073039.8903177
3,1280,1696073039.9110389
3,1408,1696073039.928075
3,1536,1696073039.946825
3,1664,1696073039.9677176
3,1792,1696073039.9908886
3,1920,1696073040.0119903
3,2048,1696073040.0392754
3,2176,1696073040.0613809
3,2304,1696073040.08651
3,2432,1696073040.1093032
3,2560,1696073040.1256547
3,2688,1696073040.145876
3,2816,1696073040.1617057
3,2944,1696073040.1821246
3,3072,1696073040.197708
3,3200,1696073040.2222226
3,3328,1696073040.2451348
3,3456,1696073040.268845
3,3584,1696073040.2913918
3,3712,1696073040.3132815
3,3840,1696073040.335356
3,3968,1696073040.361523
3,4096,1696073040.3804471
3,4224,1696073040.4018273
3,4352,1696073040.4236841
3,4480,1696073040.4514954
3,4608,1696073040.472964
3,4736,1696073040.4936998
3,4864,1696073040.5187104
3,4992,1696073040.5406036
3,5120,1696073040.5667062
3,5248,1696073040.5891879
3,5376,1696073040.6049216
3,5504,1696073040.6311197
3,5632,1696073040.6526523
3,5760,1696073040.6784086
3,5888,1696073040.701629
3,6016,1696073040.7237484
3,6144,1696073040.7409444
3,6272,1696073040.7626126
3,6400,1696073040.789381
3,6528,1696073040.8070335
3,6656,1696073040.825753
3,6784,1696073040.8530548
3,6912,1696073040.8733091
3,7040,1696073040.8960557
3,7168,1696073040.9188924
3,7296,1696073040.9394999
3,7424,1696073040.9611247
3,7552,1696073040.976979
3,7680,1696073040.998593
3,7808,1696073041.0196364
3,7936,1696073041.0411465
3,8064,1696073041.0596867
3,8192,1696073041.0790021
3,8320,1696073041.099737
3,8448,1696073041.1193495
3,8576,1696073041.1386638
3,8704,1696073041.1566465
3,8832,1696073041.1735415
3,8960,1696073041.1972322
3,9088,1696073041.2200482
3,9216,1696073041.2367375
3,9344,1696073041.2581205
3,9472,1696073041.2799642
3,9600,1696073041.3013403
3,9728,1696073041.3251674
3,9856,1696073041.3489792
3,9984,1696073041.372167
3,10112,1696073041.397607
3,10240,1696073041.4151733
3,10368,1696073041.4455376
3,10496,1696073041.4617639
3,10624,1696073041.4857547
3,10752,1696073041.5075183
3,10880,1696073041.5280488
3,11008,1696073041.551337
3,11136,1696073041.57189
3,11264,1696073041.591473
3,11392,1696073041.622128
3,11520,1696073041.6498933
3,11648,1696073041.6667962
3,11776,1696073041.690204
3,11904,1696073041.718988
3,12032,1696073041.7351606
3,12160,1696073041.7601964
3,12288,1696073041.7804332
3,12416,1696073041.8009353
3,12544,1696073041.8216896
3,12672,1696073041.841824
3,12800,1696073041.8630278
3,12928,1696073041.8893805
3,13056,1696073041.9146905
3,13184,1696073041.933052
3,13312,1696073041.9533587
3,13440,1696073041.973257
3,13568,1696073041.9966142
3,13696,1696073042.0224023
3,13824,1696073042.0486064
3,13952,1696073042.0684307
3,14080,1696073042.0908227
3,14208,1696073042.1130648
3,14336,1696073042.1307805
3,14464,1696073042.1594539
3,14592,1696073042.1798036
3,14720,1696073042.2094314
3,14848,1696073042.2256377
3,14976,1696073042.247916
3,15104,1696073042.2697852
3,15232,1696073042.2977126
3,15360,1696073042.313743
3,15488,1696073042.3366153
3,15616,1696073042.3592272
3,15744,1696073042.3789592
3,15872,1696073042.4022124
3,16000,1696073042.4219337
3,16128,1696073042.443153
3,16256,1696073042.4661407
3,16384,1696073042.4874444
3,16512,1696073042.507434
3,16640,1696073042.5278103
3,16768,1696073042.5487778
3,16896,1696073042.56791
3,17024,1696073042.5900443
3,17152,1696073042.6100807
3,17280,1696073042.6358066
3,17408,1696073042.6571815
3,17536,1696073042.6848383
3,17664,1696073042.7015874
3,17792,1696073042.7243266
3,17920,1696073042.7532403
3,18048,1696073042.783587
3,18176,1696073042.8051121
3,18304,1696073042.8268237
3,18432,1696073042.8471842
3,18560,1696073042.8684545
3,18688,1696073042.889892
3,18816,1696073042.9119685
3,18944,1696073042.9355128
3,19072,1696073042.9588208
3,19200,1696073042.979296
3,19328,1696073043.0031805
3,19456,1696073043.0240293
3,19584,1696073043.044923
3,19712,1696073043.0646572
3,19840,1696073043.0869534
3,19968,1696073043.1070464
3,20096,1696073043.1284997
3,20224,1696073043.1497276
3,20352,1696073043.170703
3,20480,1696073043.1904995
3,20608,1696073043.2142673
3,20736,1696073043.2318916
3,20864,1696073043.2506058
3,20992,1696073043.2688634
3,21120,1696073043.2918527
3,21248,1696073043.3137515
3,21376,1696073043.3347192
3,21504,1696073043.3553355
3,21632,1696073043.3763824
3,21760,1696073043.4033206
3,21888,1696073043.4230506
3,22016,1696073043.4522204
3,22144,1696073043.4761074
3,22272,1696073043.5004265
3,22400,1696073043.528695
3,22528,1696073043.5509884
3,22656,1696073043.5691218
3,22784,1696073043.5902042
3,22912,1696073043.6170018
3,23040,1696073043.6352108
3,23168,1696073043.6552944
3,23296,1696073043.6783998
3,23424,1696073043.700256
3,23552,1696073043.7227237
3,23680,1696073043.7420712
3,23808,1696073043.7672956
3,23936,1696073043.7892938
3,24064,1696073043.811003
3,24192,1696073043.8362286
3,24320,1696073043.8573046
3,24448,1696073043.8752089
3,24576,1696073043.898719
3,24704,1696073043.9247952
3,24832,1696073043.9527264
3,24960,1696073043.9835532
3,25088,1696073044.006498
3,25216,1696073044.0221484
3,25344,1696073044.0417383
3,25472,1696073044.0628889
3,25600,1696073044.0896826
3,25728,1696073044.1076753
3,25856,1696073044.132086
3,25984,1696073044.154912
3,26112,1696073044.1751168
3,26240,1696073044.1971257
3,26368,1696073044.221389
3,26496,1696073044.238897
3,26624,1696073044.260691
3,26752,1696073044.282683
3,26880,1696073044.2984788
3,27008,1696073044.3204145
3,27136,1696073044.3429172
3,27264,1696073044.3628802
3,27392,1696073044.3855116
3,27520,1696073044.4097102
3,27648,1696073044.4322603
3,27776,1696073044.4534645
3,27904,1696073044.477304
3,28032,1696073044.4954147
3,28160,1696073044.5155506
3,28288,1696073044.5367863
3,28416,1696073044.5555634
3,28544,1696073044.5746653
3,28672,1696073044.5991216
3,28800,1696073044.6206267
3,28928,1696073044.6427913
3,29056,1696073044.6636598
3,29184,1696073044.6866667
3,29312,1696073044.7067554
3,29440,1696073044.7288246
3,29568,1696073044.751064
3,29696,1696073044.7709074
3,29824,1696073044.792476
3,29952,1696073044.8138955
3,30080,1696073044.8342972
3,30208,1696073044.8593967
3,30336,1696073044.877796
3,30464,1696073044.8970265
3,30592,1696073044.9156048
3,30720,1696073044.9410882
3,30848,1696073044.9613488
3,30976,1696073044.980367
3,31104,1696073044.9998357
3,31232,1696073045.0227213
3,31360,1696073045.041659
3,31488,1696073045.0664983
3,31616,1696073045.0832357
3,31744,1696073045.1025393
3,31872,1696073045.1273189
3,32000,1696073045.148591
3,32128,1696073045.1707299
3,32256,1696073045.1906955
3,32384,1696073045.2148173
3,32512,1696073045.2345436
3,32640,1696073045.2594585
3,32768,1696073045.280048
3,32896,1696073045.3003592
3,33024,1696073045.3195229
3,33152,1696073045.3409584
3,33280,1696073045.3606098
3,33408,1696073045.3788033
3,33536,1696073045.40003
3,33664,1696073045.4197097
3,33792,1696073045.4395678
3,33920,1696073045.4631662
3,34048,1696073045.4836524
3,34176,1696073045.5057049
3,34304,1696073045.52663
3,34432,1696073045.5455568
3,34560,1696073045.5641866
3,34688,1696073045.5868115
3,34816,1696073045.6109164
3,34944,1696073045.6304889
3,35072,1696073045.6548681
3,35200,1696073045.6726923
3,35328,1696073045.690968
3,35456,1696073045.714501
3,35584,1696073045.737791
3,35712,1696073045.7614577
3,35840,1696073045.783914
3,35968,1696073045.8079479
3,36096,1696073045.8308942
3,36224,1696073045.8517046
3,36352,1696073045.8744051
3,36480,1696073045.89622
3,36608,1696073045.9187388
3,36736,1696073045.9388683
3,36864,1696073045.9633064
3,36992,1696073045.984178
3,37120,1696073046.0068712
3,37248,1696073046.0278249
3,37376,1696073046.0507512
3,37504,1696073046.0745103
3,37632,1696073046.0985312
3,37760,1696073046.1221154
3,37888,1696073046.1470187
3,38016,1696073046.162734
3,38144,1696073046.1850452
3,38272,1696073046.207696
3,38400,1696073046.2331517
3,38528,1696073046.2518108
3,38656,1696073046.2763338
3,38784,1696073046.2982614
3,38912,1696073046.3193636
3,39040,1696073046.3402069
3,39168,1696073046.36171
3,39296,1696073046.3825405
3,39424,1696073046.4023435
3,39552,1696073046.4221642
3,39680,1696073046.4431987
3,39808,1696073046.4597855
3,39936,1696073046.4792316
3,40064,1696073046.5026946
3,40192,1696073046.5235612
3,40320,1696073046.5396974
3,40448,1696073046.5574374
3,40576,1696073046.580965
3,40704,1696073046.603514
3,40832,1696073046.6262712
3,40960,1696073046.6475582
3,41088,1696073046.668149
3,41216,1696073046.688666
3,41344,1696073046.7101014
3,41472,1696073046.7316923
3,41600,1696073046.7524314
3,41728,1696073046.7729867
3,41856,1696073046.7943268
3,41984,1696073046.8157976
3,42112,1696073046.8360806
3,42240,1696073046.8567355
3,42368,1696073046.8782961
3,42496,1696073046.8940976
3,42624,1696073046.9148066
3,42752,1696073046.938033
3,42880,1696073046.9539604
3,43008,1696073046.9751632
3,43136,1696073046.9982152
3,43264,1696073047.01942
3,43392,1696073047.0426333
3,43520,1696073047.0581965
3,43648,1696073047.0760865
3,43776,1696073047.0962949
3,43904,1696073047.115239
3,44032,1696073047.1381004
3,44160,1696073047.1594956
3,44288,1696073047.1822119
3,44416,1696073047.2032208
3,44544,1696073047.2239645
3,44672,1696073047.243704
3,44800,1696073047.265524
3,44928,1696073047.2818017
3,45056,1696073047.30308
3,45184,1696073047.3266206
3,45312,1696073047.3477573
3,45440,1696073047.369904
3,45568,1696073047.3940659
3,45696,1696073047.4133124
3,45824,1696073047.4351535
3,45952,1696073047.4554431
3,46080,1696073047.4752336
3,46208,1696073047.496243
3,46336,1696073047.5183783
3,46464,1696073047.5396602
3,46592,1696073047.5656745
3,46720,1696073047.5845225
3,46848,1696073047.6037707
3,46976,1696073047.6221898
3,47104,1696073047.6465235
3,47232,1696073047.6663775
3,47360,1696073047.6878154
3,47488,1696073047.7101195
3,47616,1696073047.7303908
3,47744,1696073047.7529614
3,47872,1696073047.7752855
3,48000,1696073047.7982144
3,48128,1696073047.819699
3,48256,1696073047.8403523
3,48384,1696073047.8610728
3,48512,1696073047.8823218
3,48640,1696073047.9022498
3,48768,1696073047.9286501
3,48896,1696073047.952281
3,49024,1696073047.976137
3,49152,1696073047.9998775
3,49280,1696073048.0267174
3,49408,1696073048.0436006
3,49536,1696073048.059115
3,49664,1696073048.0752702
3,49792,1696073048.0891318
3,49920,1696073048.1061459
3,50000,1696073048.1234553
4,128,1696073048.4817219
4,256,1696073048.4974773
4,384,1696073048.5182369
4,512,1696073048.5415263
4,640,1696073048.568514
4,768,1696073048.5905006
4,896,1696073048.6134987
4,1024,1696073048.6372547
4,1152,1696073048.6640604
4,1280,1696073048.6879582
4,1408,1696073048.7098558
4,1536,1696073048.7330594
4,1664,1696073048.7605727
4,1792,1696073048.7880878
4,1920,1696073048.8153353
4,2048,1696073048.8454943
4,2176,1696073048.862011
4,2304,1696073048.8930125
4,2432,1696073048.9174833
4,2560,1696073048.9367347
4,2688,1696073048.9600627
4,2816,1696073048.9816098
4,2944,1696073049.0070772
4,3072,1696073049.0337355
4,3200,1696073049.0614955
4,3328,1696073049.0881958
4,3456,1696073049.11712
4,3584,1696073049.133763
4,3712,1696073049.156412
4,3840,1696073049.1832411
4,3968,1696073049.2076027
4,4096,1696073049.2279725
4,4224,1696073049.2532
4,4352,1696073049.2775917
4,4480,1696073049.301942
4,4608,1696073049.3295798
4,4736,1696073049.357391
4,4864,1696073049.3822942
4,4992,1696073049.4018214
4,5120,1696073049.4295647
4,5248,1696073049.4500692
4,5376,1696073049.468248
4,5504,1696073049.4877338
4,5632,1696073049.5134797
4,5760,1696073049.531884
4,5888,1696073049.5571897
4,6016,1696073049.5767646
4,6144,1696073049.5962346
4,6272,1696073049.6142097
4,6400,1696073049.6359937
4,6528,1696073049.65529
4,6656,1696073049.6767788
4,6784,1696073049.6988492
4,6912,1696073049.718221
4,7040,1696073049.7375271
4,7168,1696073049.7626035
4,7296,1696073049.7853606
4,7424,1696073049.8120365
4,7552,1696073049.8333943
4,7680,1696073049.8581643
4,7808,1696073049.880959
4,7936,1696073049.9037776
4,8064,1696073049.9297688
4,8192,1696073049.9486074
4,8320,1696073049.9696686
4,8448,1696073049.9922264
4,8576,1696073050.0093725
4,8704,1696073050.0257401
4,8832,1696073050.0501513
4,8960,1696073050.0729375
4,9088,1696073050.0938187
4,9216,1696073050.1187098
4,9344,1696073050.1413724
4,9472,1696073050.1634068
4,9600,1696073050.1831772
4,9728,1696073050.203027
4,9856,1696073050.222311
4,9984,1696073050.2432725
4,10112,1696073050.262913
4,10240,1696073050.2825406
4,10368,1696073050.3031652
4,10496,1696073050.3230472
4,10624,1696073050.342664
4,10752,1696073050.3625836
4,10880,1696073050.3826785
4,11008,1696073050.403361
4,11136,1696073050.4226267
4,11264,1696073050.4433568
4,11392,1696073050.462467
4,11520,1696073050.4832964
4,11648,1696073050.502529
4,11776,1696073050.5235052
4,11904,1696073050.542616
4,12032,1696073050.563314
4,12160,1696073050.5822983
4,12288,1696073050.60305
4,12416,1696073050.6228766
4,12544,1696073050.6425614
4,12672,1696073050.6637213
4,12800,1696073050.6839929
4,12928,1696073050.7032232
4,13056,1696073050.7224987
4,13184,1696073050.7428849
4,13312,1696073050.7628615
4,13440,1696073050.7827744
4,13568,1696073050.8024077
4,13696,1696073050.8223836
4,13824,1696073050.8431034
4,13952,1696073050.8627543
4,14080,1696073050.8825717
4,14208,1696073050.903948
4,14336,1696073050.923253
4,14464,1696073050.9425488
4,14592,1696073050.9628477
4,14720,1696073050.982772
4,14848,1696073051.0033667
4,14976,1696073051.0228581
4,15104,1696073051.0425901
4,15232,1696073051.0629113
4,15360,1696073051.0829806
4,15488,1696073051.103283
4,15616,1696073051.123089
4,15744,1696073051.1427975
4,15872,1696073051.162686
4,16000,1696073051.182757
4,16128,1696073051.202803
4,16256,1696073051.222555
4,16384,1696073051.2429855
4,16512,1696073051.2625842
4,16640,1696073051.282588
4,16768,1696073051.303272
4,16896,1696073051.3230166
4,17024,1696073051.3428555
4,17152,1696073051.3628771
4,17280,1696073051.3827133
4,17408,1696073051.4024775
4,17536,1696073051.4230242
4,17664,1696073051.4428523
4,17792,1696073051.4624798
4,17920,1696073051.4830012
4,18048,1696073051.5029306
4,18176,1696073051.5243418
4,18304,1696073051.5452552
4,18432,1696073051.5670216
4,18560,1696073051.587126
4,18688,1696073051.6035724
4,18816,1696073051.6213894
4,18944,1696073051.6392126
4,19072,1696073051.6586819
4,19200,1696073051.684242
4,19328,1696073051.7041774
4,19456,1696073051.7310703
4,19584,1696073051.7538207
4,19712,1696073051.7761643
4,19840,1696073051.7986803
4,19968,1696073051.8197696
4,20096,1696073051.8476489
4,20224,1696073051.8687568
4,20352,1696073051.8907998
4,20480,1696073051.9104667
4,20608,1696073051.936262
4,20736,1696073051.9600906
4,20864,1696073051.9829743
4,20992,1696073052.003196
4,21120,1696073052.027236
4,21248,1696073052.0479693
4,21376,1696073052.070836
4,21504,1696073052.0917904
4,21632,1696073052.116485
4,21760,1696073052.1377041
4,21888,1696073052.1583533
4,22016,1696073052.1739938
4,22144,1696073052.1941125
4,22272,1696073052.216287
4,22400,1696073052.238899
4,22528,1696073052.260411
4,22656,1696073052.2825189
4,22784,1696073052.3027618
4,22912,1696073052.329612
4,23040,1696073052.3481166
4,23168,1696073052.3751135
4,23296,1696073052.3974144
4,23424,1696073052.4211295
4,23552,1696073052.445014
4,23680,1696073052.4687505
4,23808,1696073052.485776
4,23936,1696073052.5094013
4,24064,1696073052.5299256
4,24192,1696073052.5555367
4,24320,1696073052.5775368
4,24448,1696073052.6022544
4,24576,1696073052.6191468
4,24704,1696073052.6406677
4,24832,1696073052.6628475
4,24960,1696073052.6832607
4,25088,1696073052.7003644
4,25216,1696073052.7187467
4,25344,1696073052.7386844
4,25472,1696073052.7592018
4,25600,1696073052.7788546
4,25728,1696073052.798728
4,25856,1696073052.8189754
4,25984,1696073052.8388743
4,26112,1696073052.8585796
4,26240,1696073052.8788702
4,26368,1696073052.8985958
4,26496,1696073052.9187686
4,26624,1696073052.939236
4,26752,1696073052.9585881
4,26880,1696073052.9783826
4,27008,1696073052.9985
4,27136,1696073053.0190654
4,27264,1696073053.0386233
4,27392,1696073053.0583394
4,27520,1696073053.0787714
4,27648,1696073053.0989218
4,27776,1696073053.1188626
4,27904,1696073053.1392987
4,28032,1696073053.1588986
4,28160,1696073053.178578
4,28288,1696073053.1991932
4,28416,1696073053.218838
4,28544,1696073053.2385561
4,28672,1696073053.258989
4,28800,1696073053.2788382
4,28928,1696073053.2986274
4,29056,1696073053.3185928
4,29184,1696073053.3387954
4,29312,1696073053.3564303
4,29440,1696073053.375367
4,29568,1696073053.3946652
4,29696,1696073053.4146855
4,29824,1696073053.4347055
4,29952,1696073053.4547849
4,30080,1696073053.474768
4,30208,1696073053.4945564
4,30336,1696073053.515187
4,30464,1696073053.534856
4,30592,1696073053.5547516
4,30720,1696073053.574544
4,30848,1696073053.5948074
4,30976,1696073053.6148455
4,31104,1696073053.6348026
4,31232,1696073053.6548743
4,31360,1696073053.6751533
4,31488,1696073053.699153
4,31616,1696073053.7199533
4,31744,1696073053.7416635
4,31872,1696073053.7631726
4,32000,1696073053.7895908
4,32128,1696073053.8086865
4,32256,1696073053.8294806
4,32384,1696073053.8544486
4,32512,1696073053.877476
4,32640,1696073053.9103584
4,32768,1696073053.9271212
4,32896,1696073053.9534225
4,33024,1696073053.9738812
4,33152,1696073053.994278
4,33280,1696073054.0182214
4,33408,1696073054.0393562
4,33536,1696073054.058665
4,33664,1696073054.0830731
4,33792,1696073054.1038647
4,33920,1696073054.1239023
4,34048,1696073054.1438723
4,34176,1696073054.164223
4,34304,1696073054.185353
4,34432,1696073054.2073917
4,34560,1696073054.2278323
4,34688,1696073054.2473168
4,34816,1696073054.2698379
4,34944,1696073054.2932012
4,35072,1696073054.3155618
4,35200,1696073054.335509
4,35328,1696073054.355827
4,35456,1696073054.376
4,35584,1696073054.395866
4,35712,1696073054.4158282
4,35840,1696073054.4360962
4,35968,1696073054.4581695
4,36096,1696073054.481978
4,36224,1696073054.5077055
4,36352,1696073054.5332727
4,36480,1696073054.5559647
4,36608,1696073054.5795083
4,36736,1696073054.6084487
4,36864,1696073054.6289887
4,36992,1696073054.6484387
4,37120,1696073054.6661947
4,37248,1696073054.683406
4,37376,1696073054.7044678
4,37504,1696073054.7270558
4,37632,1696073054.7475293
4,37760,1696073054.7711723
4,37888,1696073054.7917538
4,38016,1696073054.8139954
4,38144,1696073054.8352783
4,38272,1696073054.8589704
4,38400,1696073054.87985
4,38528,1696073054.90307
4,38656,1696073054.924047
4,38784,1696073054.9471617
4,38912,1696073054.968044
4,39040,1696073054.9911444
4,39168,1696073055.0125082
4,39296,1696073055.0346804
4,39424,1696073055.0556643
4,39552,1696073055.0789995
4,39680,1696073055.1000924
4,39808,1696073055.1231496
4,39936,1696073055.146535
4,40064,1696073055.1691175
4,40192,1696073055.1858256
4,40320,1696073055.2099802
4,40448,1696073055.226558
4,40576,1696073055.248888
4,40704,1696073055.2709
4,40832,1696073055.2913086
4,40960,1696073055.3152063
4,41088,1696073055.3359442
4,41216,1696073055.3588393
4,41344,1696073055.3800313
4,41472,1696073055.4028041
4,41600,1696073055.4185982
4,41728,1696073055.440661
4,41856,1696073055.463086
4,41984,1696073055.4832463
4,42112,1696073055.5071127
4,42240,1696073055.5278761
4,42368,1696073055.55097
4,42496,1696073055.571843
4,42624,1696073055.5937715
4,42752,1696073055.6141682
4,42880,1696073055.634976
4,43008,1696073055.6615696
4,43136,1696073055.684626
4,43264,1696073055.7017438
4,43392,1696073055.7247229
4,43520,1696073055.741957
4,43648,1696073055.7647207
4,43776,1696073055.787123
4,43904,1696073055.807186
4,44032,1696073055.8311536
4,44160,1696073055.8519864
4,44288,1696073055.8750293
4,44416,1696073055.8961062
4,44544,1696073055.9191554
4,44672,1696073055.9403613
4,44800,1696073055.9629805
4,44928,1696073055.9834094
4,45056,1696073056.0053186
4,45184,1696073056.0262427
4,45312,1696073056.0521321
4,45440,1696073056.0732973
4,45568,1696073056.0981007
4,45696,1696073056.1153567
4,45824,1696073056.1363208
4,45952,1696073056.157222
4,46080,1696073056.176587
4,46208,1696073056.1949377
4,46336,1696073056.2143946
4,46464,1696073056.2349496
4,46592,1696073056.2545648
4,46720,1696073056.2743938
4,46848,1696073056.2949967
4,46976,1696073056.3149035
4,47104,1696073056.3346467
4,47232,1696073056.3544743
4,47360,1696073056.3794384
4,47488,1696073056.4001102
4,47616,1696073056.4244654
4,47744,1696073056.448394
4,47872,1696073056.47078
4,48000,1696073056.4909036
4,48128,1696073056.5136604
4,48256,1696073056.5391579
4,48384,1696073056.5613952
4,48512,1696073056.586956
4,48640,1696073056.6094193
4,48768,1696073056.6337914
4,48896,1696073056.656965
4,49024,1696073056.6853154
4,49152,1696073056.7034316
4,49280,1696073056.7214634
4,49408,1696073056.740745
4,49536,1696073056.7596014
4,49664,1696073056.7783928
4,49792,1696073056.79626
4,49920,1696073056.8149607
4,50000,1696073056.8325908
5,128,1696073057.1881518
5,256,1696073057.207018
5,384,1696073057.226441
5,512,1696073057.2483609
5,640,1696073057.269777
5,768,1696073057.2927587
5,896,1696073057.3102093
5,1024,1696073057.3339434
5,1152,1696073057.3540869
5,1280,1696073057.3734617
5,1408,1696073057.3897972
5,1536,1696073057.4140475
5,1664,1696073057.4340935
5,1792,1696073057.4555254
5,1920,1696073057.472998
5,2048,1696073057.4961474
5,2176,1696073057.5174649
5,2304,1696073057.5357578
5,2432,1696073057.552002
5,2560,1696073057.5721493
5,2688,1696073057.5959158
5,2816,1696073057.616199
5,2944,1696073057.6320622
5,3072,1696073057.6550214
5,3200,1696073057.674716
5,3328,1696073057.6963193
5,3456,1696073057.7134633
5,3584,1696073057.7355192
5,3712,1696073057.757047
5,3840,1696073057.77715
5,3968,1696073057.7932878
5,4096,1696073057.8156881
5,4224,1696073057.8374784
5,4352,1696073057.8570447
5,4480,1696073057.8731472
5,4608,1696073057.8953319
5,4736,1696073057.917032
5,4864,1696073057.9369638
5,4992,1696073057.9520416
5,5120,1696073057.9757953
5,5248,1696073057.9949224
5,5376,1696073058.0158339
5,5504,1696073058.0318055
5,5632,1696073058.056507
5,5760,1696073058.0806699
5,5888,1696073058.1044667
5,6016,1696073058.1231656
5,6144,1696073058.1458993
5,6272,1696073058.1690876
5,6400,1696073058.1933134
5,6528,1696073058.211158
5,6656,1696073058.2343256
5,6784,1696073058.2595792
5,6912,1696073058.2836313
5,7040,1696073058.303759
5,7168,1696073058.3276305
5,7296,1696073058.3501
5,7424,1696073058.3729026
5,7552,1696073058.3909795
5,7680,1696073058.4152832
5,7808,1696073058.4379
5,7936,1696073058.4586596
5,8064,1696073058.4736168
5,8192,1696073058.4989192
5,8320,1696073058.521672
5,8448,1696073058.5428226
5,8576,1696073058.5612078
5,8704,1696073058.5851085
5,8832,1696073058.6109674
5,8960,1696073058.6390345
5,9088,1696073058.6605132
5,9216,1696073058.6876113
5,9344,1696073058.7063417
5,9472,1696073058.7311378
5,9600,1696073058.7482097
5,9728,1696073058.7641993
5,9856,1696073058.7800927
5,9984,1696073058.7959208
5,10112,1696073058.8112123
5,10240,1696073058.8262124
5,10368,1696073058.842152
5,10496,1696073058.860289
5,10624,1696073058.8789606
5,10752,1696073058.9028492
5,10880,1696073058.9222312
5,11008,1696073058.941105
5,11136,1696073058.957233
5,11264,1696073058.983849
5,11392,1696073059.0037363
5,11520,1696073059.0234292
5,11648,1696073059.0396388
5,11776,1696073059.0630643
5,11904,1696073059.082453
5,12032,1696073059.1040044
5,12160,1696073059.1212227
5,12288,1696073059.1442163
5,12416,1696073059.16547
5,12544,1696073059.1866598
5,12672,1696073059.2033362
5,12800,1696073059.2222111
5,12928,1696073059.2466106
5,13056,1696073059.266342
5,13184,1696073059.2815442
5,13312,1696073059.30108
5,13440,1696073059.3209739
5,13568,1696073059.3410826
5,13696,1696073059.3571339
5,13824,1696073059.3798935
5,13952,1696073059.401303
5,14080,1696073059.421022
5,14208,1696073059.4361534
5,14336,1696073059.4553933
5,14464,1696073059.4792733
5,14592,1696073059.4998467
5,14720,1696073059.516223
5,14848,1696073059.5364833
5,14976,1696073059.557018
5,15104,1696073059.577082
5,15232,1696073059.5930088
5,15360,1696073059.6155934
5,15488,1696073059.6370492
5,15616,1696073059.6569557
5,15744,1696073059.6720915
5,15872,1696073059.6912112
5,16000,1696073059.7158854
5,16128,1696073059.7360256
5,16256,1696073059.7512257
5,16384,1696073059.7700787
5,16512,1696073059.7940934
5,16640,1696073059.8134763
5,16768,1696073059.8297656
5,16896,1696073059.8490777
5,17024,1696073059.8686714
5,17152,1696073059.8916018
5,17280,1696073059.9081156
5,17408,1696073059.9270415
5,17536,1696073059.9520514
5,17664,1696073059.9719522
5,17792,1696073059.987845
5,17920,1696073060.0109084
5,18048,1696073060.0332363
5,18176,1696073060.0529912
5,18304,1696073060.0691688
5,18432,1696073060.0920992
5,18560,1696073060.1134377
5,18688,1696073060.1332502
5,18816,1696073060.148218
5,18944,1696073060.1677926
5,19072,1696073060.191564
5,19200,1696073060.2119212
5,19328,1696073060.2283087
5,19456,1696073060.2485952
5,19584,1696073060.2688951
5,19712,1696073060.2890744
5,19840,1696073060.3050883
5,19968,1696073060.327997
5,20096,1696073060.3494475
5,20224,1696073060.3687725
5,20352,1696073060.3838644
5,20480,1696073060.403049
5,20608,1696073060.4243321
5,20736,1696073060.4478407
5,20864,1696073060.4654057
5,20992,1696073060.48421
5,21120,1696073060.508269
5,21248,1696073060.5292487
5,21376,1696073060.5453193
5,21504,1696073060.5682037
5,21632,1696073060.5894115
5,21760,1696073060.6092403
5,21888,1696073060.62426
5,22016,1696073060.643801
5,22144,1696073060.6676657
5,22272,1696073060.6878629
5,22400,1696073060.703405
5,22528,1696073060.7223804
5,22656,1696073060.7468033
5,22784,1696073060.7662706
5,22912,1696073060.7818046
5,23040,1696073060.8034122
5,23168,1696073060.8249736
5,23296,1696073060.8448412
5,23424,1696073060.8600068
5,23552,1696073060.879293
5,23680,1696073060.90393
5,23808,1696073060.9239867
5,23936,1696073060.9398465
5,24064,1696073060.962932
5,24192,1696073060.9823961
5,24320,1696073061.0011425
5,24448,1696073061.017339
5,24576,1696073061.0368707
5,24704,1696073061.0565183
5,24832,1696073061.0757527
5,24960,1696073061.0914333
5,25088,1696073061.1131008
5,25216,1696073061.1334174
5,25344,1696073061.1532211
5,25472,1696073061.1693106
5,25600,1696073061.1940057
5,25728,1696073061.2141223
5,25856,1696073061.2343752
5,25984,1696073061.2497687
5,26112,1696073061.2725103
5,26240,1696073061.2936132
5,26368,1696073061.313142
5,26496,1696073061.3280387
5,26624,1696073061.348369
5,26752,1696073061.3690617
5,26880,1696073061.389038
5,27008,1696073061.4052908
5,27136,1696073061.4290066
5,27264,1696073061.4497316
5,27392,1696073061.4694042
5,27520,1696073061.484145
5,27648,1696073061.5034556
5,27776,1696073061.527504
5,27904,1696073061.5481288
5,28032,1696073061.56409
5,28160,1696073061.586146
5,28288,1696073061.6058574
5,28416,1696073061.6247017
5,28544,1696073061.6406581
5,28672,1696073061.6624427
5,28800,1696073061.6818697
5,28928,1696073061.701508
5,29056,1696073061.716204
5,29184,1696073061.7359796
5,29312,1696073061.7597704
5,29440,1696073061.7807946
5,29568,1696073061.7959259
5,29696,1696073061.8149564
5,29824,1696073061.8400254
5,29952,1696073061.8602898
5,30080,1696073061.8762734
5,30208,1696073061.8963354
5,30336,1696073061.9167225
5,30464,1696073061.9368231
5,30592,1696073061.9528465
5,30720,1696073061.9763072
5,30848,1696073061.9948072
5,30976,1696073062.0132048
5,31104,1696073062.0295255
5,31232,1696073062.0485997
5,31360,1696073062.068936
5,31488,1696073062.0890977
5,31616,1696073062.1040688
5,31744,1696073062.1240964
5,31872,1696073062.1453054
5,32000,1696073062.164952
5,32128,1696073062.1799555
5,32256,1696073062.2052524
5,32384,1696073062.2311583
5,32512,1696073062.2537827
5,32640,1696073062.2729986
5,32768,1696073062.296799
5,32896,1696073062.32617
5,33024,1696073062.3500898
5,33152,1696073062.3684008
5,33280,1696073062.3950334
5,33408,1696073062.420053
5,33536,1696073062.4443913
5,33664,1696073062.4647949
5,33792,1696073062.491584
5,33920,1696073062.5183053
5,34048,1696073062.5421786
5,34176,1696073062.5605178
5,34304,1696073062.5871856
5,34432,1696073062.614391
5,34560,1696073062.6379867
5,34688,1696073062.6566827
5,34816,1696073062.6831193
5,34944,1696073062.710285
5,35072,1696073062.7376914
5,35200,1696073062.7599988
5,35328,1696073062.7831228
5,35456,1696073062.8044715
5,35584,1696073062.829468
5,35712,1696073062.8496199
5,35840,1696073062.8685327
5,35968,1696073062.888928
5,36096,1696073062.9086974
5,36224,1696073062.9284432
5,36352,1696073062.948777
5,36480,1696073062.971196
5,36608,1696073062.994491
5,36736,1696073063.0194216
5,36864,1696073063.0420232
5,36992,1696073063.0677562
5,37120,1696073063.0899935
5,37248,1696073063.1158328
5,37376,1696073063.141064
5,37504,1696073063.1625862
5,37632,1696073063.187206
5,37760,1696073063.2102172
5,37888,1696073063.2375257
5,38016,1696073063.2579393
5,38144,1696073063.284998
5,38272,1696073063.3064487
5,38400,1696073063.331482
5,38528,1696073063.3533504
5,38656,1696073063.3805506
5,38784,1696073063.401812
5,38912,1696073063.4247732
5,39040,1696073063.4516988
5,39168,1696073063.4737957
5,39296,1696073063.5014524
5,39424,1696073063.5222983
5,39552,1696073063.5475743
5,39680,1696073063.569701
5,39808,1696073063.5960803
5,39936,1696073063.618407
5,40064,1696073063.643544
5,40192,1696073063.665832
5,40320,1696073063.692047
5,40448,1696073063.714331
5,40576,1696073063.739397
5,40704,1696073063.7618384
5,40832,1696073063.7880769
5,40960,1696073063.8104155
5,41088,1696073063.836762
5,41216,1696073063.8549829
5,41344,1696073063.8815658
5,41472,1696073063.9059231
5,41600,1696073063.9320266
5,41728,1696073063.9523115
5,41856,1696073063.9716046
5,41984,1696073063.9973786
5,42112,1696073064.0214615
5,42240,1696073064.049157
5,42368,1696073064.070194
5,42496,1696073064.0972936
5,42624,1696073064.118281
5,42752,1696073064.1432836
5,42880,1696073064.1637554
5,43008,1696073064.1845548
5,43136,1696073064.2099943
5,43264,1696073064.2334123
5,43392,1696073064.2607276
5,43520,1696073064.2820015
5,43648,1696073064.30753
5,43776,1696073064.3301508
5,43904,1696073064.3572707
5,44032,1696073064.3816125
5,44160,1696073064.4027112
5,44288,1696073064.4269905
5,44416,1696073064.4502685
5,44544,1696073064.4760745
5,44672,1696073064.4979012
5,44800,1696073064.523665
5,44928,1696073064.5461202
5,45056,1696073064.573808
5,45184,1696073064.5970905
5,45312,1696073064.6223202
5,45440,1696073064.6475277
5,45568,1696073064.6699972
5,45696,1696073064.6973424
5,45824,1696073064.717755
5,45952,1696073064.7392774
5,46080,1696073064.7609117
5,46208,1696073064.7839143
5,46336,1696073064.8053098
5,46464,1696073064.832757
5,46592,1696073064.8540494
5,46720,1696073064.8793151
5,46848,1696073064.9022605
5,46976,1696073064.927399
5,47104,1696073064.9498322
5,47232,1696073064.9773107
5,47360,1696073064.998973
5,47488,1696073065.0199852
5,47616,1696073065.0428152
5,47744,1696073065.0670469
5,47872,1696073065.0923674
5,48000,1696073065.1124856
5,48128,1696073065.134579
5,48256,1696073065.1577713
5,48384,1696073065.184315
5,48512,1696073065.2057831
5,48640,1696073065.2333715
5,48768,1696073065.2539837
5,48896,1696073065.2813423
5,49024,1696073065.305881
5,49152,1696073065.3267329
5,49280,1696073065.3503892
5,49408,1696073065.3757017
5,49536,1696073065.3976378
5,49664,1696073065.4238067
5,49792,1696073065.4459896
5,49920,1696073065.4717562
5,50000,1696073065.496521
6,128,1696073065.8210788
6,256,1696073065.8440802
6,384,1696073065.8661594
6,512,1696073065.8906825
6,640,1696073065.9167511
6,768,1696073065.9391596
6,896,1696073065.9631376
6,1024,1696073065.9867358
6,1152,1696073066.0094278
6,1280,1696073066.0375338
6,1408,1696073066.0611112
6,1536,1696073066.086999
6,1664,1696073066.1121926
6,1792,1696073066.1384597
6,1920,1696073066.164798
6,2048,1696073066.186565
6,2176,1696073066.2039955
6,2304,1696073066.2250242
6,2432,1696073066.2477083
6,2560,1696073066.2721467
6,2688,1696073066.2980542
6,2816,1696073066.3237836
6,2944,1696073066.3456862
6,3072,1696073066.3719428
6,3200,1696073066.394501
6,3328,1696073066.4194899
6,3456,1696073066.4418893
6,3584,1696073066.4677753
6,3712,1696073066.4916484
6,3840,1696073066.5134876
6,3968,1696073066.5404716
6,4096,1696073066.5619047
6,4224,1696073066.5877159
6,4352,1696073066.6097274
6,4480,1696073066.6371307
6,4608,1696073066.6585064
6,4736,1696073066.6833718
6,4864,1696073066.7057993
6,4992,1696073066.7320766
6,5120,1696073066.7544177
6,5248,1696073066.7792244
6,5376,1696073066.802326
6,5504,1696073066.827331
6,5632,1696073066.8504086
6,5760,1696073066.8754447
6,5888,1696073066.8979518
6,6016,1696073066.9237537
6,6144,1696073066.9457402
6,6272,1696073066.972023
6,6400,1696073066.9944963
6,6528,1696073067.0194232
6,6656,1696073067.0419955
6,6784,1696073067.0674427
6,6912,1696073067.0902388
6,7040,1696073067.115564
6,7168,1696073067.1381547
6,7296,1696073067.1635835
6,7424,1696073067.1844501
6,7552,1696073067.205126
6,7680,1696073067.232893
6,7808,1696073067.2578273
6,7936,1696073067.2786233
6,8064,1696073067.303058
6,8192,1696073067.3258493
6,8320,1696073067.3515575
6,8448,1696073067.3741238
6,8576,1696073067.4010768
6,8704,1696073067.4221036
6,8832,1696073067.4472456
6,8960,1696073067.4699545
6,9088,1696073067.4971845
6,9216,1696073067.5209622
6,9344,1696073067.5401943
6,9472,1696073067.5626876
6,9600,1696073067.5890806
6,9728,1696073067.6104157
6,9856,1696073067.6374674
6,9984,1696073067.6611543
6,10112,1696073067.682685
6,10240,1696073067.707285
6,10368,1696073067.7328672
6,10496,1696073067.7581348
6,10624,1696073067.7838569
6,10752,1696073067.8064
6,10880,1696073067.8298147
6,11008,1696073067.8542116
6,11136,1696073067.8800359
6,11264,1696073067.9019
6,11392,1696073067.927633
6,11520,1696073067.9498506
6,11648,1696073067.9749982
6,11776,1696073067.99778
6,11904,1696073068.0169759
6,12032,1696073068.0374424
6,12160,1696073068.059817
6,12288,1696073068.0811713
6,12416,1696073068.1050282
6,12544,1696073068.126214
6,12672,1696073068.1537948
6,12800,1696073068.1737742
6,12928,1696073068.1996646
6,13056,1696073068.2232442
