epoch,trained_sample,time
1,0,1695616489.9364364
1,128,1695616491.21826
1,256,1695616491.2900991
1,384,1695616491.379241
1,512,1695616491.4678378
1,640,1695616491.556722
1,768,1695616491.6455188
1,896,1695616491.7342124
1,1024,1695616491.8231924
1,1152,1695616491.9121115
1,1280,1695616492.0011604
1,1408,1695616492.0901546
1,1536,1695616492.179165
1,1664,1695616492.2687635
1,1792,1695616492.3577106
1,1920,1695616492.4465172
1,2048,1695616492.5354111
1,2176,1695616492.6243706
1,2304,1695616492.7134116
1,2432,1695616492.802351
1,2560,1695616492.8913784
1,2688,1695616492.9803588
1,2816,1695616493.0693955
1,2944,1695616493.158461
1,3072,1695616493.2473335
1,3200,1695616493.3362346
1,3328,1695616493.4250357
1,3456,1695616493.513967
1,3584,1695616493.602894
1,3712,1695616493.6918895
1,3840,1695616493.780943
1,3968,1695616493.8699071
1,4096,1695616493.958954
1,4224,1695616494.047746
1,4352,1695616494.136715
1,4480,1695616494.2254474
1,4608,1695616494.31434
1,4736,1695616494.403246
1,4864,1695616494.492259
1,4992,1695616494.5811322
1,5120,1695616494.6701102
1,5248,1695616494.7591937
1,5376,1695616494.848211
1,5504,1695616494.9373243
1,5632,1695616495.0261931
1,5760,1695616495.1152012
1,5888,1695616495.2039764
1,6016,1695616495.2929385
1,6144,1695616495.3819966
1,6272,1695616495.4709017
1,6400,1695616495.559934
1,6528,1695616495.6489036
1,6656,1695616495.737986
1,6784,1695616495.8267846
1,6912,1695616495.9158623
1,7040,1695616496.0046656
1,7168,1695616496.0936804
1,7296,1695616496.1852016
1,7424,1695616496.2842233
1,7552,1695616496.3842776
1,7680,1695616496.4839182
1,7808,1695616496.5836709
1,7936,1695616496.682521
1,8064,1695616496.7767196
1,8192,1695616496.8745384
1,8320,1695616496.969987
1,8448,1695616497.067491
1,8576,1695616497.1647215
1,8704,1695616497.2632213
1,8832,1695616497.3606832
1,8960,1695616497.4583304
1,9088,1695616497.5562015
1,9216,1695616497.6543946
1,9344,1695616497.7525277
1,9472,1695616497.8489194
1,9600,1695616497.9471729
1,9728,1695616498.0447702
1,9856,1695616498.1432912
1,9984,1695616498.2434263
1,10112,1695616498.3416631
1,10240,1695616498.4402535
1,10368,1695616498.5389864
1,10496,1695616498.6347742
1,10624,1695616498.7339318
1,10752,1695616498.8327134
1,10880,1695616498.9332917
1,11008,1695616499.0314233
1,11136,1695616499.1299636
1,11264,1695616499.2280746
1,11392,1695616499.32779
1,11520,1695616499.4255106
1,11648,1695616499.5236833
1,11776,1695616499.6233478
1,11904,1695616499.7208765
1,12032,1695616499.8203242
1,12160,1695616499.9193594
1,12288,1695616500.0186777
1,12416,1695616500.1146038
1,12544,1695616500.2136219
1,12672,1695616500.3130312
1,12800,1695616500.4130535
1,12928,1695616500.512013
1,13056,1695616500.61017
1,13184,1695616500.716537
1,13312,1695616500.834337
1,13440,1695616500.953773
1,13568,1695616501.0705056
1,13696,1695616501.1882875
1,13824,1695616501.3054547
1,13952,1695616501.4243336
1,14080,1695616501.5440063
1,14208,1695616501.662608
1,14336,1695616501.779792
1,14464,1695616501.897634
1,14592,1695616502.0162551
1,14720,1695616502.134729
1,14848,1695616502.253331
1,14976,1695616502.3722663
1,15104,1695616502.4913797
1,15232,1695616502.609066
1,15360,1695616502.7274377
1,15488,1695616502.8484998
1,15616,1695616502.9663959
1,15744,1695616503.086452
1,15872,1695616503.2044191
1,16000,1695616503.3239048
1,16128,1695616503.4418013
1,16256,1695616503.5595293
1,16384,1695616503.6746366
1,16512,1695616503.7930045
1,16640,1695616503.911659
1,16768,1695616504.0293164
1,16896,1695616504.1480298
1,17024,1695616504.2678435
1,17152,1695616504.386034
1,17280,1695616504.5055485
1,17408,1695616504.6227741
1,17536,1695616504.7426903
1,17664,1695616504.8607416
1,17792,1695616504.9792566
1,17920,1695616505.0979114
1,18048,1695616505.2154684
1,18176,1695616505.3343148
1,18304,1695616505.4527688
1,18432,1695616505.572565
1,18560,1695616505.6898441
1,18688,1695616505.8083544
1,18816,1695616505.9267309
1,18944,1695616506.0439165
1,19072,1695616506.1617699
1,19200,1695616506.2786303
1,19328,1695616506.3979259
1,19456,1695616506.5164032
1,19584,1695616506.6348116
1,19712,1695616506.7547736
1,19840,1695616506.8722715
1,19968,1695616506.9913208
1,20096,1695616507.1108735
1,20224,1695616507.2290385
1,20352,1695616507.3468084
1,20480,1695616507.4601843
1,20608,1695616507.5794506
1,20736,1695616507.698613
1,20864,1695616507.8165448
1,20992,1695616507.9295835
1,21120,1695616508.0490534
1,21248,1695616508.1675828
1,21376,1695616508.284772
1,21504,1695616508.3979828
1,21632,1695616508.5165734
1,21760,1695616508.6344457
1,21888,1695616508.7524276
1,22016,1695616508.8663127
1,22144,1695616508.985344
1,22272,1695616509.104402
1,22400,1695616509.223482
1,22528,1695616509.3374984
1,22656,1695616509.4576192
1,22784,1695616509.5754333
1,22912,1695616509.6933973
1,23040,1695616509.8066702
1,23168,1695616509.9278183
1,23296,1695616510.0466454
1,23424,1695616510.1652267
1,23552,1695616510.2795177
1,23680,1695616510.3982909
1,23808,1695616510.5176246
1,23936,1695616510.6360173
1,24064,1695616510.7497523
1,24192,1695616510.8686
1,24320,1695616510.9874475
1,24448,1695616511.107716
1,24576,1695616511.2208433
1,24704,1695616511.339784
1,24832,1695616511.4578457
1,24960,1695616511.5758882
1,25088,1695616511.68775
1,25216,1695616511.8080132
1,25344,1695616511.9263978
1,25472,1695616512.0454836
1,25600,1695616512.1553864
1,25728,1695616512.2701037
1,25856,1695616512.384297
1,25984,1695616512.4997218
1,26112,1695616512.6149013
1,26240,1695616512.7304244
1,26368,1695616512.8468838
1,26496,1695616512.9626276
1,26624,1695616513.078365
1,26752,1695616513.1937218
1,26880,1695616513.3087103
1,27008,1695616513.424818
1,27136,1695616513.540212
1,27264,1695616513.65755
1,27392,1695616513.7729146
1,27520,1695616513.8877318
1,27648,1695616514.00226
1,27776,1695616514.1172519
1,27904,1695616514.2327852
1,28032,1695616514.3489308
1,28160,1695616514.4652452
1,28288,1695616514.5812483
1,28416,1695616514.6979406
1,28544,1695616514.8124537
1,28672,1695616514.927707
1,28800,1695616515.043205
1,28928,1695616515.159177
1,29056,1695616515.2742426
1,29184,1695616515.3891842
1,29312,1695616515.5036387
1,29440,1695616515.619873
1,29568,1695616515.739205
1,29696,1695616515.8593426
1,29824,1695616515.9722266
1,29952,1695616516.0889308
1,30080,1695616516.2038999
1,30208,1695616516.3184285
1,30336,1695616516.4350336
1,30464,1695616516.5513086
1,30592,1695616516.6661885
1,30720,1695616516.7811313
1,30848,1695616516.8968663
1,30976,1695616517.0116575
1,31104,1695616517.1266625
1,31232,1695616517.2426538
1,31360,1695616517.3582997
1,31488,1695616517.4731565
1,31616,1695616517.5874732
1,31744,1695616517.7019653
1,31872,1695616517.8176913
1,32000,1695616517.9325423
1,32128,1695616518.0475523
1,32256,1695616518.1632051
1,32384,1695616518.27877
1,32512,1695616518.3937714
1,32640,1695616518.5093527
1,32768,1695616518.624703
1,32896,1695616518.73994
1,33024,1695616518.8554413
1,33152,1695616518.969758
1,33280,1695616519.0843534
1,33408,1695616519.1996162
1,33536,1695616519.3143096
1,33664,1695616519.4287708
1,33792,1695616519.543607
1,33920,1695616519.6602757
1,34048,1695616519.776246
1,34176,1695616519.891365
1,34304,1695616520.0071354
1,34432,1695616520.1239007
1,34560,1695616520.2383492
1,34688,1695616520.3533094
1,34816,1695616520.4682722
1,34944,1695616520.585126
1,35072,1695616520.7007284
1,35200,1695616520.8152895
1,35328,1695616520.9301598
1,35456,1695616521.0455382
1,35584,1695616521.1612465
1,35712,1695616521.2767522
1,35840,1695616521.393798
1,35968,1695616521.5097616
1,36096,1695616521.6260433
1,36224,1695616521.739983
1,36352,1695616521.855456
1,36480,1695616521.972557
1,36608,1695616522.0870857
1,36736,1695616522.2019145
1,36864,1695616522.3188334
1,36992,1695616522.434556
1,37120,1695616522.5497432
1,37248,1695616522.6645567
1,37376,1695616522.780811
1,37504,1695616522.8961053
1,37632,1695616523.0108106
1,37760,1695616523.1266966
1,37888,1695616523.2440763
1,38016,1695616523.3591504
1,38144,1695616523.4742882
1,38272,1695616523.5902708
1,38400,1695616523.705703
1,38528,1695616523.8193982
1,38656,1695616523.936059
1,38784,1695616524.051722
1,38912,1695616524.168587
1,39040,1695616524.2830384
1,39168,1695616524.3983464
1,39296,1695616524.515047
1,39424,1695616524.6316962
1,39552,1695616524.7468655
1,39680,1695616524.862783
1,39808,1695616524.977975
1,39936,1695616525.0944364
1,40064,1695616525.211443
1,40192,1695616525.3265285
1,40320,1695616525.4415293
1,40448,1695616525.5571148
1,40576,1695616525.67333
1,40704,1695616525.79079
1,40832,1695616525.9057648
1,40960,1695616526.008359
1,41088,1695616526.097794
1,41216,1695616526.1872845
1,41344,1695616526.2765489
1,41472,1695616526.3660252
1,41600,1695616526.4553976
1,41728,1695616526.544805
1,41856,1695616526.634197
1,41984,1695616526.7236767
1,42112,1695616526.813177
1,42240,1695616526.9030669
1,42368,1695616526.992585
1,42496,1695616527.0819762
1,42624,1695616527.171411
1,42752,1695616527.2607975
1,42880,1695616527.3502502
1,43008,1695616527.439656
1,43136,1695616527.5291457
1,43264,1695616527.6185367
1,43392,1695616527.70801
1,43520,1695616527.7973185
1,43648,1695616527.8867633
1,43776,1695616527.9760692
1,43904,1695616528.065573
1,44032,1695616528.1549268
1,44160,1695616528.2444575
1,44288,1695616528.335941
1,44416,1695616528.425433
1,44544,1695616528.5147843
1,44672,1695616528.6042202
1,44800,1695616528.6938052
1,44928,1695616528.783293
1,45056,1695616528.872817
1,45184,1695616528.9625723
1,45312,1695616529.0520706
1,45440,1695616529.1413918
1,45568,1695616529.2308571
1,45696,1695616529.3202856
1,45824,1695616529.4097466
1,45952,1695616529.4991891
1,46080,1695616529.5886421
1,46208,1695616529.6781015
1,46336,1695616529.7675748
1,46464,1695616529.8569064
1,46592,1695616529.946367
1,46720,1695616530.035839
1,46848,1695616530.1252701
1,46976,1695616530.2146022
1,47104,1695616530.3040714
1,47232,1695616530.3934386
1,47360,1695616530.4828715
1,47488,1695616530.5723627
1,47616,1695616530.661776
1,47744,1695616530.7513254
1,47872,1695616530.8407109
1,48000,1695616530.9302278
1,48128,1695616531.0196292
1,48256,1695616531.1090477
1,48384,1695616531.1985075
1,48512,1695616531.2879348
1,48640,1695616531.3772767
1,48768,1695616531.46676
1,48896,1695616531.5560439
1,49024,1695616531.6454623
1,49152,1695616531.7347362
1,49280,1695616531.8242133
1,49408,1695616531.913546
1,49536,1695616532.0030258
1,49664,1695616532.0926716
1,49792,1695616532.1821055
1,49920,1695616532.2716448
1,50000,1695616532.3669336
2,128,1695616532.6806777
2,256,1695616532.7701535
2,384,1695616532.859547
2,512,1695616532.9489996
2,640,1695616533.0383968
2,768,1695616533.1278164
2,896,1695616533.217186
2,1024,1695616533.3066437
2,1152,1695616533.3960645
2,1280,1695616533.4855375
2,1408,1695616533.57495
2,1536,1695616533.6644428
2,1664,1695616533.7536893
2,1792,1695616533.843162
2,1920,1695616533.9325292
2,2048,1695616534.0222685
2,2176,1695616534.111672
2,2304,1695616534.2010965
2,2432,1695616534.290605
2,2560,1695616534.3800468
2,2688,1695616534.4695547
2,2816,1695616534.5590277
2,2944,1695616534.6485384
2,3072,1695616534.737915
2,3200,1695616534.8273888
2,3328,1695616534.9167988
2,3456,1695616535.0062726
2,3584,1695616535.0956059
2,3712,1695616535.1851106
2,3840,1695616535.2745724
2,3968,1695616535.3640752
2,4096,1695616535.4533572
2,4224,1695616535.5428402
2,4352,1695616535.6321824
2,4480,1695616535.7215986
2,4608,1695616535.8110921
2,4736,1695616535.9005008
2,4864,1695616535.9900274
