epoch,trained_sample,time
1,0,1696062115.3237195
1,128,1696062116.543928
1,256,1696062116.55714
1,384,1696062116.5830655
1,512,1696062116.602518
1,640,1696062116.6229117
1,768,1696062116.6441894
1,896,1696062116.666534
1,1024,1696062116.6873038
1,1152,1696062116.7089288
1,1280,1696062116.730301
1,1408,1696062116.7527313
1,1536,1696062116.7739387
1,1664,1696062116.7937129
1,1792,1696062116.8208315
1,1920,1696062116.8405652
1,2048,1696062116.863211
1,2176,1696062116.885076
1,2304,1696062116.9036229
1,2432,1696062116.9248412
1,2560,1696062116.9444318
1,2688,1696062116.9648116
1,2816,1696062116.9841707
1,2944,1696062117.00466
1,3072,1696062117.0242705
1,3200,1696062117.0445533
1,3328,1696062117.0643392
1,3456,1696062117.0844402
1,3584,1696062117.1044512
1,3712,1696062117.1243026
1,3840,1696062117.1446567
1,3968,1696062117.164333
1,4096,1696062117.1847668
1,4224,1696062117.2040567
1,4352,1696062117.224746
1,4480,1696062117.2445195
1,4608,1696062117.3169591
1,4736,1696062117.3362932
1,4864,1696062117.35661
1,4992,1696062117.3768294
1,5120,1696062117.3964891
1,5248,1696062117.4164484
1,5376,1696062117.4369066
1,5504,1696062117.4564676
1,5632,1696062117.4766183
1,5760,1696062117.4963803
1,5888,1696062117.516714
1,6016,1696062117.5364172
1,6144,1696062117.5528066
1,6272,1696062117.5757477
1,6400,1696062117.5955877
1,6528,1696062117.6145399
1,6656,1696062117.637689
1,6784,1696062117.6551247
1,6912,1696062117.673756
1,7040,1696062117.6963186
1,7168,1696062117.7149875
1,7296,1696062117.7365155
1,7424,1696062117.755361
1,7552,1696062117.7749548
1,7680,1696062117.7950606
1,7808,1696062117.8157399
1,7936,1696062117.8370905
1,8064,1696062117.8554237
1,8192,1696062117.876056
1,8320,1696062117.8962739
1,8448,1696062117.9161513
1,8576,1696062117.9377446
1,8704,1696062117.9567518
1,8832,1696062117.9760573
1,8960,1696062117.9975953
1,9088,1696062118.018193
1,9216,1696062118.038232
1,9344,1696062118.058545
1,9472,1696062118.0789845
1,9600,1696062118.0986173
1,9728,1696062118.1185374
1,9856,1696062118.1383958
1,9984,1696062118.1593716
1,10112,1696062118.1793206
1,10240,1696062118.1996758
1,10368,1696062118.220076
1,10496,1696062118.2404768
1,10624,1696062118.2619724
1,10752,1696062118.2822015
1,10880,1696062118.3026867
1,11008,1696062118.3222625
1,11136,1696062118.3425093
1,11264,1696062118.3668406
1,11392,1696062118.383908
1,11520,1696062118.4039302
1,11648,1696062118.4257038
1,11776,1696062118.445843
1,11904,1696062118.466024
1,12032,1696062118.4854658
1,12160,1696062118.5055938
1,12288,1696062118.5252533
1,12416,1696062118.5483081
1,12544,1696062118.56668
1,12672,1696062118.586215
1,12800,1696062118.6079497
1,12928,1696062118.6288378
1,13056,1696062118.6475537
1,13184,1696062118.6669946
1,13312,1696062118.6871746
1,13440,1696062118.707785
1,13568,1696062118.7276661
1,13696,1696062118.747787
1,13824,1696062118.768001
1,13952,1696062118.7896945
1,14080,1696062118.8098543
1,14208,1696062118.8300145
1,14336,1696062118.850098
1,14464,1696062118.8704307
1,14592,1696062118.890492
1,14720,1696062118.9101882
1,14848,1696062118.93137
1,14976,1696062118.9509056
1,15104,1696062118.9725559
1,15232,1696062118.991121
1,15360,1696062119.0107846
1,15488,1696062119.0307705
1,15616,1696062119.0533273
1,15744,1696062119.0717075
1,15872,1696062119.0911016
1,16000,1696062119.1112766
1,16128,1696062119.133624
1,16256,1696062119.1536195
1,16384,1696062119.1738982
1,16512,1696062119.1939683
1,16640,1696062119.214178
1,16768,1696062119.2343636
1,16896,1696062119.2543037
1,17024,1696062119.2739055
1,17152,1696062119.2958655
1,17280,1696062119.3146539
1,17408,1696062119.334838
1,17536,1696062119.3556101
1,17664,1696062119.376778
1,17792,1696062119.3989136
1,17920,1696062119.419509
1,18048,1696062119.4398649
1,18176,1696062119.460659
1,18304,1696062119.4809809
1,18432,1696062119.5016987
1,18560,1696062119.5218706
1,18688,1696062119.5415351
1,18816,1696062119.561239
1,18944,1696062119.585889
1,19072,1696062119.6045773
1,19200,1696062119.6296325
1,19328,1696062119.649666
1,19456,1696062119.667881
1,19584,1696062119.6875381
1,19712,1696062119.7066736
1,19840,1696062119.7271795
1,19968,1696062119.7482097
1,20096,1696062119.7670453
1,20224,1696062119.786722
1,20352,1696062119.8066673
1,20480,1696062119.8288813
1,20608,1696062119.8475506
1,20736,1696062119.867001
1,20864,1696062119.8871725
1,20992,1696062119.9076972
1,21120,1696062119.9277198
1,21248,1696062119.9478512
1,21376,1696062119.9681263
1,21504,1696062119.9882896
1,21632,1696062120.0096745
1,21760,1696062120.0300865
1,21888,1696062120.0502028
1,22016,1696062120.0704997
1,22144,1696062120.0903049
1,22272,1696062120.110468
1,22400,1696062120.1303399
1,22528,1696062120.1501114
1,22656,1696062120.1692877
1,22784,1696062120.1897447
1,22912,1696062120.2111886
1,23040,1696062120.233167
1,23168,1696062120.250863
1,23296,1696062120.2744305
1,23424,1696062120.2958274
1,23552,1696062120.3161037
1,23680,1696062120.3358672
1,23808,1696062120.364528
1,23936,1696062120.3850765
1,24064,1696062120.4040318
1,24192,1696062120.4246984
1,24320,1696062120.4439611
1,24448,1696062120.4649363
1,24576,1696062120.4843254
1,24704,1696062120.5046718
1,24832,1696062120.5248377
1,24960,1696062120.5444734
1,25088,1696062120.5662415
1,25216,1696062120.5860212
1,25344,1696062120.6056836
1,25472,1696062120.6270964
1,25600,1696062120.6489155
1,25728,1696062120.6676028
1,25856,1696062120.6866376
1,25984,1696062120.7066631
1,26112,1696062120.7287102
1,26240,1696062120.74838
1,26368,1696062120.7685645
1,26496,1696062120.788902
1,26624,1696062120.8084066
1,26752,1696062120.828519
1,26880,1696062120.8488655
1,27008,1696062120.8683574
1,27136,1696062120.8886046
1,27264,1696062120.9078019
1,27392,1696062120.9288087
1,27520,1696062120.9483674
1,27648,1696062120.9687877
1,27776,1696062120.9881103
1,27904,1696062121.0086884
1,28032,1696062121.0283267
1,28160,1696062121.048793
1,28288,1696062121.0681715
1,28416,1696062121.0887656
1,28544,1696062121.1086502
1,28672,1696062121.1284196
1,28800,1696062121.1484597
1,28928,1696062121.1687837
1,29056,1696062121.1885908
1,29184,1696062121.2084222
1,29312,1696062121.2284014
1,29440,1696062121.2496214
1,29568,1696062121.2700214
1,29696,1696062121.2961192
1,29824,1696062121.314325
1,29952,1696062121.3334866
1,30080,1696062121.3534443
1,30208,1696062121.3749335
1,30336,1696062121.396563
1,30464,1696062121.4165134
1,30592,1696062121.436461
1,30720,1696062121.4564364
1,30848,1696062121.4757473
1,30976,1696062121.4976053
1,31104,1696062121.5239723
1,31232,1696062121.544405
1,31360,1696062121.5648246
1,31488,1696062121.5850952
1,31616,1696062121.6125376
1,31744,1696062121.632842
1,31872,1696062121.6521523
1,32000,1696062121.6773734
1,32128,1696062121.7003124
1,32256,1696062121.7208679
1,32384,1696062121.741083
1,32512,1696062121.7620351
1,32640,1696062121.7862816
1,32768,1696062121.8051465
1,32896,1696062121.8280733
1,33024,1696062121.8563404
1,33152,1696062121.8771079
1,33280,1696062121.8954835
1,33408,1696062121.9167838
1,33536,1696062121.936515
1,33664,1696062121.9580972
1,33792,1696062121.9808195
1,33920,1696062122.001252
1,34048,1696062122.0241835
1,34176,1696062122.0485709
1,34304,1696062122.0689797
1,34432,1696062122.088906
1,34560,1696062122.1121297
1,34688,1696062122.1330779
1,34816,1696062122.1598938
1,34944,1696062122.1781986
1,35072,1696062122.197922
1,35200,1696062122.2196233
1,35328,1696062122.2443054
1,35456,1696062122.2625866
1,35584,1696062122.2820644
1,35712,1696062122.3078806
1,35840,1696062122.3311214
1,35968,1696062122.3508193
1,36096,1696062122.3714821
1,36224,1696062122.3936827
1,36352,1696062122.4170544
1,36480,1696062122.436058
1,36608,1696062122.4619448
1,36736,1696062122.48234
1,36864,1696062122.5034342
1,36992,1696062122.5234497
1,37120,1696062122.550508
1,37248,1696062122.5684316
1,37376,1696062122.5883327
1,37504,1696062122.6128283
1,37632,1696062122.6340818
1,37760,1696062122.6548903
1,37888,1696062122.6769376
1,38016,1696062122.6977913
1,38144,1696062122.722163
1,38272,1696062122.7414777
1,38400,1696062122.765072
1,38528,1696062122.7842607
1,38656,1696062122.8090992
1,38784,1696062122.8316116
1,38912,1696062122.8527555
1,39040,1696062122.8726146
1,39168,1696062122.8949575
1,39296,1696062122.9177058
1,39424,1696062122.9411182
1,39552,1696062122.9602046
1,39680,1696062122.9811726
1,39808,1696062123.002247
1,39936,1696062123.027074
1,40064,1696062123.0472398
1,40192,1696062123.0676517
1,40320,1696062123.0926583
1,40448,1696062123.1147628
1,40576,1696062123.1367216
1,40704,1696062123.1578104
1,40832,1696062123.185077
1,40960,1696062123.204778
1,41088,1696062123.2249708
1,41216,1696062123.2497346
1,41344,1696062123.2703707
1,41472,1696062123.2896125
1,41600,1696062123.3112757
1,41728,1696062123.3385382
1,41856,1696062123.3597298
1,41984,1696062123.3792033
1,42112,1696062123.398405
1,42240,1696062123.4187233
1,42368,1696062123.4447618
1,42496,1696062123.4647956
1,42624,1696062123.4848475
1,42752,1696062123.510159
1,42880,1696062123.5328043
1,43008,1696062123.5522704
1,43136,1696062123.5726533
1,43264,1696062123.59428
1,43392,1696062123.620978
1,43520,1696062123.6406214
1,43648,1696062123.660419
1,43776,1696062123.6825833
1,43904,1696062123.7022147
1,44032,1696062123.7260242
1,44160,1696062123.74863
1,44288,1696062123.7706244
1,44416,1696062123.7951283
1,44544,1696062123.8183346
1,44672,1696062123.837359
1,44800,1696062123.8587368
1,44928,1696062123.8811994
1,45056,1696062123.9063125
1,45184,1696062123.9252706
1,45312,1696062123.9469311
1,45440,1696062123.9746726
1,45568,1696062123.9934397
1,45696,1696062124.014182
1,45824,1696062124.0351708
1,45952,1696062124.0611832
1,46080,1696062124.0814333
1,46208,1696062124.1052344
1,46336,1696062124.12648
1,46464,1696062124.14876
1,46592,1696062124.167167
1,46720,1696062124.1884158
1,46848,1696062124.2140305
1,46976,1696062124.235419
1,47104,1696062124.2569516
1,47232,1696062124.2767653
1,47360,1696062124.3007677
1,47488,1696062124.3205898
1,47616,1696062124.3427434
1,47744,1696062124.3628745
1,47872,1696062124.3876057
1,48000,1696062124.4118679
1,48128,1696062124.4316163
1,48256,1696062124.4546506
1,48384,1696062124.4759018
1,48512,1696062124.5042453
1,48640,1696062124.5252826
1,48768,1696062124.5440342
1,48896,1696062124.5664914
1,49024,1696062124.5873775
1,49152,1696062124.6164687
1,49280,1696062124.6349578
1,49408,1696062124.6556559
1,49536,1696062124.678677
1,49664,1696062124.6996288
1,49792,1696062124.7223
1,49920,1696062124.7436628
1,50000,1696062124.7724485
2,128,1696062125.094264
2,256,1696062125.1150186
2,384,1696062125.1428053
2,512,1696062125.1689594
2,640,1696062125.188433
2,768,1696062125.2189314
2,896,1696062125.2462053
2,1024,1696062125.2676835
2,1152,1696062125.298669
2,1280,1696062125.326103
2,1408,1696062125.3478653
2,1536,1696062125.379292
2,1664,1696062125.4017398
2,1792,1696062125.4314442
2,1920,1696062125.4527795
2,2048,1696062125.4827728
2,2176,1696062125.5097258
2,2304,1696062125.5311007
2,2432,1696062125.5609632
2,2560,1696062125.589888
2,2688,1696062125.6114168
2,2816,1696062125.640129
2,2944,1696062125.6667125
2,3072,1696062125.6889775
2,3200,1696062125.7175362
2,3328,1696062125.744145
2,3456,1696062125.773684
2,3584,1696062125.7946568
2,3712,1696062125.8216958
2,3840,1696062125.8521168
2,3968,1696062125.8751402
2,4096,1696062125.9051754
2,4224,1696062125.9295208
2,4352,1696062125.9554021
2,4480,1696062125.9808795
2,4608,1696062126.0096743
2,4736,1696062126.0351508
2,4864,1696062126.0587995
2,4992,1696062126.088165
2,5120,1696062126.110991
2,5248,1696062126.138209
2,5376,1696062126.1583614
2,5504,1696062126.1886477
2,5632,1696062126.217799
2,5760,1696062126.2435439
2,5888,1696062126.2668586
2,6016,1696062126.2894478
2,6144,1696062126.3168988
2,6272,1696062126.345839
2,6400,1696062126.3762133
2,6528,1696062126.3984172
2,6656,1696062126.4245498
2,6784,1696062126.452572
2,6912,1696062126.4768827
2,7040,1696062126.503534
2,7168,1696062126.5297227
2,7296,1696062126.5547018
2,7424,1696062126.5815678
2,7552,1696062126.608456
2,7680,1696062126.6345057
2,7808,1696062126.659659
2,7936,1696062126.6860375
2,8064,1696062126.71244
2,8192,1696062126.7379708
2,8320,1696062126.7645767
2,8448,1696062126.7928596
2,8576,1696062126.8163712
2,8704,1696062126.8426442
2,8832,1696062126.8691056
2,8960,1696062126.8957024
2,9088,1696062126.9209006
2,9216,1696062126.9479427
2,9344,1696062126.976002
2,9472,1696062126.9994326
2,9600,1696062127.02463
2,9728,1696062127.0532432
2,9856,1696062127.078083
2,9984,1696062127.1037793
2,10112,1696062127.1304178
2,10240,1696062127.1584392
2,10368,1696062127.1796913
2,10496,1696062127.2115664
2,10624,1696062127.2370145
2,10752,1696062127.2572663
2,10880,1696062127.2835891
2,11008,1696062127.312387
2,11136,1696062127.3394754
2,11264,1696062127.366741
2,11392,1696062127.3930657
2,11520,1696062127.4240148
2,11648,1696062127.4476864
2,11776,1696062127.4738498
2,11904,1696062127.50061
2,12032,1696062127.5210986
2,12160,1696062127.5508263
2,12288,1696062127.5781078
2,12416,1696062127.5995388
2,12544,1696062127.630298
2,12672,1696062127.6600008
2,12800,1696062127.6841712
2,12928,1696062127.7085035
2,13056,1696062127.7306964
2,13184,1696062127.761409
2,13312,1696062127.7887723
2,13440,1696062127.8152142
2,13568,1696062127.8397217
2,13696,1696062127.8662722
2,13824,1696062127.8933587
2,13952,1696062127.9178996
2,14080,1696062127.9496732
2,14208,1696062127.9700363
2,14336,1696062127.9994347
2,14464,1696062128.0263424
2,14592,1696062128.0481434
2,14720,1696062128.0780308
2,14848,1696062128.1048286
2,14976,1696062128.128446
2,15104,1696062128.156633
2,15232,1696062128.1792967
2,15360,1696062128.2096746
2,15488,1696062128.2304854
2,15616,1696062128.2605011
2,15744,1696062128.2893636
2,15872,1696062128.310574
2,16000,1696062128.3419247
2,16128,1696062128.3692899
2,16256,1696062128.392965
2,16384,1696062128.4185786
2,16512,1696062128.4454408
2,16640,1696062128.4730093
2,16768,1696062128.4973638
2,16896,1696062128.5238612
2,17024,1696062128.5502288
2,17152,1696062128.5773609
2,17280,1696062128.6005647
2,17408,1696062128.6289067
2,17536,1696062128.6564615
2,17664,1696062128.676776
2,17792,1696062128.7070122
2,17920,1696062128.7346747
2,18048,1696062128.7557414
2,18176,1696062128.7893548
2,18304,1696062128.8078957
2,18432,1696062128.8394775
2,18560,1696062128.8657558
2,18688,1696062128.8863325
2,18816,1696062128.9163241
2,18944,1696062128.9456615
2,19072,1696062128.9683154
2,19200,1696062128.993873
2,19328,1696062129.0203767
2,19456,1696062129.0480967
2,19584,1696062129.0735328
2,19712,1696062129.1000576
2,19840,1696062129.1249075
2,19968,1696062129.1517081
2,20096,1696062129.1780365
2,20224,1696062129.2030945
2,20352,1696062129.2286766
2,20480,1696062129.2569783
2,20608,1696062129.2819424
2,20736,1696062129.3081112
2,20864,1696062129.3349936
2,20992,1696062129.3597558
2,21120,1696062129.3863547
2,21248,1696062129.4135098
2,21376,1696062129.4405284
2,21504,1696062129.465416
2,21632,1696062129.49084
2,21760,1696062129.5187404
2,21888,1696062129.5388844
2,22016,1696062129.5688322
2,22144,1696062129.5954378
2,22272,1696062129.622244
2,22400,1696062129.6436398
2,22528,1696062129.673703
2,22656,1696062129.6963208
2,22784,1696062129.7284765
2,22912,1696062129.747987
2,23040,1696062129.7817316
2,23168,1696062129.8010006
2,23296,1696062129.8314435
2,23424,1696062129.8589783
2,23552,1696062129.881105
2,23680,1696062129.913462
2,23808,1696062129.9366894
2,23936,1696062129.9594948
2,24064,1696062129.991922
2,24192,1696062130.0112364
2,24320,1696062130.0412738
2,24448,1696062130.0643344
2,24576,1696062130.093623
2,24704,1696062130.1200213
2,24832,1696062130.1406946
2,24960,1696062130.1711621
2,25088,1696062130.19829
2,25216,1696062130.2194734
2,25344,1696062130.2517066
2,25472,1696062130.2715497
2,25600,1696062130.3018126
2,25728,1696062130.3281338
2,25856,1696062130.3476994
2,25984,1696062130.3784857
2,26112,1696062130.4010923
2,26240,1696062130.4278002
2,26368,1696062130.4554124
2,26496,1696062130.4819014
2,26624,1696062130.5088763
2,26752,1696062130.535464
2,26880,1696062130.560953
2,27008,1696062130.586615
2,27136,1696062130.6131246
2,27264,1696062130.640929
2,27392,1696062130.6659029
2,27520,1696062130.6924603
2,27648,1696062130.7204888
2,27776,1696062130.7442682
2,27904,1696062130.7715895
2,28032,1696062130.8018188
2,28160,1696062130.8290157
2,28288,1696062130.8490913
2,28416,1696062130.8758605
2,28544,1696062130.9051414
2,28672,1696062130.9322457
2,28800,1696062130.9590585
2,28928,1696062130.9849274
2,29056,1696062131.0096426
2,29184,1696062131.0369937
2,29312,1696062131.0643466
2,29440,1696062131.093304
2,29568,1696062131.115778
2,29696,1696062131.1415675
2,29824,1696062131.167813
2,29952,1696062131.1952434
2,30080,1696062131.2229955
2,30208,1696062131.2477033
2,30336,1696062131.2772593
2,30464,1696062131.2965293
2,30592,1696062131.3273838
2,30720,1696062131.3545978
2,30848,1696062131.3768413
2,30976,1696062131.4054692
2,31104,1696062131.429556
2,31232,1696062131.45662
2,31360,1696062131.4839883
2,31488,1696062131.5117097
2,31616,1696062131.5398898
2,31744,1696062131.563863
2,31872,1696062131.58913
2,32000,1696062131.6158473
2,32128,1696062131.640905
2,32256,1696062131.6665606
2,32384,1696062131.6927662
2,32512,1696062131.7198102
2,32640,1696062131.7457762
2,32768,1696062131.7720823
2,32896,1696062131.7991474
2,33024,1696062131.8252957
2,33152,1696062131.8508077
2,33280,1696062131.8769684
2,33408,1696062131.903752
2,33536,1696062131.9320264
2,33664,1696062131.9538522
2,33792,1696062131.9825358
2,33920,1696062132.0089865
2,34048,1696062132.0317261
2,34176,1696062132.057373
2,34304,1696062132.0839663
2,34432,1696062132.110683
2,34560,1696062132.1377764
2,34688,1696062132.1650407
2,34816,1696062132.1895335
2,34944,1696062132.215046
2,35072,1696062132.2416255
2,35200,1696062132.2709146
2,35328,1696062132.2918088
2,35456,1696062132.3217452
2,35584,1696062132.3480968
2,35712,1696062132.3739939
2,35840,1696062132.399792
2,35968,1696062132.42687
2,36096,1696062132.4537284
2,36224,1696062132.4809537
2,36352,1696062132.507352
2,36480,1696062132.53341
2,36608,1696062132.5603034
2,36736,1696062132.5906878
2,36864,1696062132.6164725
2,36992,1696062132.6404393
2,37120,1696062132.6666567
2,37248,1696062132.692788
2,37376,1696062132.7178352
2,37504,1696062132.747676
2,37632,1696062132.7752285
2,37760,1696062132.8017778
2,37888,1696062132.8254583
2,38016,1696062132.8598711
2,38144,1696062132.8811429
2,38272,1696062132.9095094
2,38400,1696062132.9383512
2,38528,1696062132.9631011
2,38656,1696062132.991527
2,38784,1696062133.0210352
2,38912,1696062133.0472364
2,39040,1696062133.069445
2,39168,1696062133.098739
2,39296,1696062133.124035
2,39424,1696062133.151847
2,39552,1696062133.172763
2,39680,1696062133.1984618
2,39808,1696062133.2256417
2,39936,1696062133.2511652
2,40064,1696062133.2766123
2,40192,1696062133.3034983
2,40320,1696062133.3304534
2,40448,1696062133.3559225
2,40576,1696062133.3813665
2,40704,1696062133.4076524
2,40832,1696062133.4345884
2,40960,1696062133.4612722
2,41088,1696062133.4881327
2,41216,1696062133.5146291
2,41344,1696062133.5407045
2,41472,1696062133.566949
2,41600,1696062133.5942767
2,41728,1696062133.6208708
2,41856,1696062133.6482208
2,41984,1696062133.6722162
2,42112,1696062133.6988404
2,42240,1696062133.7253828
2,42368,1696062133.7520256
2,42496,1696062133.7763407
2,42624,1696062133.8042996
2,42752,1696062133.833221
2,42880,1696062133.8585682
2,43008,1696062133.8848832
2,43136,1696062133.907846
2,43264,1696062133.9370933
2,43392,1696062133.9602194
2,43520,1696062133.9900134
2,43648,1696062134.0167117
2,43776,1696062134.044323
2,43904,1696062134.0695727
2,44032,1696062134.0948062
2,44160,1696062134.1209157
2,44288,1696062134.1484597
2,44416,1696062134.1727092
2,44544,1696062134.1993856
2,44672,1696062134.2238004
2,44800,1696062134.252112
2,44928,1696062134.279041
2,45056,1696062134.307925
2,45184,1696062134.32768
2,45312,1696062134.35612
2,45440,1696062134.3827605
2,45568,1696062134.4080489
2,45696,1696062134.4344637
2,45824,1696062134.4616382
2,45952,1696062134.488628
2,46080,1696062134.5151105
2,46208,1696062134.5412378
2,46336,1696062134.5677884
2,46464,1696062134.593665
2,46592,1696062134.6194122
2,46720,1696062134.6447668
2,46848,1696062134.6714022
2,46976,1696062134.6976774
2,47104,1696062134.7251244
2,47232,1696062134.7516828
2,47360,1696062134.7776048
2,47488,1696062134.8040807
2,47616,1696062134.831002
2,47744,1696062134.8560128
2,47872,1696062134.881779
2,48000,1696062134.9083118
2,48128,1696062134.9351883
2,48256,1696062134.9605882
2,48384,1696062134.986877
2,48512,1696062135.013678
2,48640,1696062135.0411448
2,48768,1696062135.0659127
2,48896,1696062135.0912483
2,49024,1696062135.1155062
2,49152,1696062135.1428828
2,49280,1696062135.170616
2,49408,1696062135.1969573
2,49536,1696062135.2242355
2,49664,1696062135.251735
2,49792,1696062135.2791574
2,49920,1696062135.3059034
2,50000,1696062135.3328578
3,128,1696062135.6886284
3,256,1696062135.711261
3,384,1696062135.7357774
3,512,1696062135.7601557
3,640,1696062135.783378
3,768,1696062135.812413
3,896,1696062135.8386497
3,1024,1696062135.8627837
3,1152,1696062135.8889349
3,1280,1696062135.916417
3,1408,1696062135.9424725
3,1536,1696062135.9683394
3,1664,1696062135.999322
3,1792,1696062136.019371
3,1920,1696062136.0478916
3,2048,1696062136.074195
3,2176,1696062136.0986934
3,2304,1696062136.1247718
3,2432,1696062136.152317
3,2560,1696062136.1791818
3,2688,1696062136.2054293
3,2816,1696062136.232174
3,2944,1696062136.259271
3,3072,1696062136.286175
3,3200,1696062136.3112597
3,3328,1696062136.3366847
3,3456,1696062136.3654904
3,3584,1696062136.3883243
3,3712,1696062136.4152846
3,3840,1696062136.440806
3,3968,1696062136.4701512
3,4096,1696062136.4935746
3,4224,1696062136.5231972
3,4352,1696062136.5502763
3,4480,1696062136.576317
3,4608,1696062136.602709
3,4736,1696062136.6289732
3,4864,1696062136.6544824
3,4992,1696062136.6805089
3,5120,1696062136.7056916
3,5248,1696062136.7323697
3,5376,1696062136.7606952
3,5504,1696062136.7858326
3,5632,1696062136.812041
3,5760,1696062136.8389077
3,5888,1696062136.8657105
3,6016,1696062136.8927715
3,6144,1696062136.9194589
3,6272,1696062136.9446936
3,6400,1696062136.9715204
3,6528,1696062136.9985292
3,6656,1696062137.0248585
3,6784,1696062137.049316
3,6912,1696062137.0758164
3,7040,1696062137.1028903
3,7168,1696062137.1291475
3,7296,1696062137.155731
3,7424,1696062137.1808975
3,7552,1696062137.2078605
3,7680,1696062137.2345634
3,7808,1696062137.261594
3,7936,1696062137.2883623
3,8064,1696062137.314751
3,8192,1696062137.3408675
3,8320,1696062137.3655381
3,8448,1696062137.3934424
3,8576,1696062137.4181216
3,8704,1696062137.4450023
3,8832,1696062137.4703817
3,8960,1696062137.5001385
3,9088,1696062137.5256276
3,9216,1696062137.550764
3,9344,1696062137.5766077
3,9472,1696062137.6047902
3,9600,1696062137.631292
3,9728,1696062137.6575944
3,9856,1696062137.6831393
3,9984,1696062137.7088127
3,10112,1696062137.7353318
3,10240,1696062137.7614717
3,10368,1696062137.7889004
3,10496,1696062137.8148606
3,10624,1696062137.8417995
3,10752,1696062137.8687134
3,10880,1696062137.8957443
3,11008,1696062137.9210553
3,11136,1696062137.94741
3,11264,1696062137.975139
3,11392,1696062138.0020628
3,11520,1696062138.0254397
3,11648,1696062138.0530796
3,11776,1696062138.078633
3,11904,1696062138.1057763
3,12032,1696062138.132807
3,12160,1696062138.1570055
3,12288,1696062138.182732
3,12416,1696062138.210567
3,12544,1696062138.237012
3,12672,1696062138.262255
3,12800,1696062138.2873058
3,12928,1696062138.3142836
3,13056,1696062138.3410635
3,13184,1696062138.3645804
3,13312,1696062138.392979
3,13440,1696062138.4173186
3,13568,1696062138.4432607
3,13696,1696062138.4718528
3,13824,1696062138.4965613
3,13952,1696062138.5238266
3,14080,1696062138.549185
3,14208,1696062138.572976
3,14336,1696062138.601912
3,14464,1696062138.6290371
3,14592,1696062138.6526203
3,14720,1696062138.6792252
3,14848,1696062138.7062585
3,14976,1696062138.7323287
3,15104,1696062138.7576544
3,15232,1696062138.783011
3,15360,1696062138.8091292
3,15488,1696062138.8352017
3,15616,1696062138.8611176
3,15744,1696062138.8867962
3,15872,1696062138.9131982
3,16000,1696062138.939713
3,16128,1696062138.96737
3,16256,1696062138.994472
3,16384,1696062139.0214176
3,16512,1696062139.0473416
3,16640,1696062139.0717258
3,16768,1696062139.0978692
3,16896,1696062139.1251268
3,17024,1696062139.151079
3,17152,1696062139.1774397
3,17280,1696062139.2030213
3,17408,1696062139.2294388
3,17536,1696062139.2560387
3,17664,1696062139.2811203
3,17792,1696062139.3076742
3,17920,1696062139.334764
3,18048,1696062139.3638384
3,18176,1696062139.391493
3,18304,1696062139.4109828
3,18432,1696062139.4428275
3,18560,1696062139.4637232
3,18688,1696062139.4954453
3,18816,1696062139.5153346
3,18944,1696062139.5449576
3,19072,1696062139.5732822
3,19200,1696062139.5961132
3,19328,1696062139.6227896
3,19456,1696062139.6511538
3,19584,1696062139.676173
3,19712,1696062139.7024226
3,19840,1696062139.7322114
3,19968,1696062139.7528071
3,20096,1696062139.7861257
3,20224,1696062139.805888
3,20352,1696062139.8356724
3,20480,1696062139.8605964
3,20608,1696062139.8852987
3,20736,1696062139.9158008
3,20864,1696062139.940713
3,20992,1696062139.9671903
3,21120,1696062139.9928567
3,21248,1696062140.0188582
3,21376,1696062140.0457366
3,21504,1696062140.0728717
3,21632,1696062140.096683
3,21760,1696062140.1235738
3,21888,1696062140.150383
3,22016,1696062140.1774256
3,22144,1696062140.2005677
3,22272,1696062140.233474
3,22400,1696062140.252681
3,22528,1696062140.2815168
3,22656,1696062140.308724
3,22784,1696062140.3347042
3,22912,1696062140.359241
3,23040,1696062140.3843396
3,23168,1696062140.4091759
3,23296,1696062140.4385412
3,23424,1696062140.4640005
3,23552,1696062140.489704
3,23680,1696062140.516849
3,23808,1696062140.5449982
3,23936,1696062140.5685492
3,24064,1696062140.594928
3,24192,1696062140.6201093
3,24320,1696062140.6467419
3,24448,1696062140.6735752
3,24576,1696062140.7006211
3,24704,1696062140.7305126
3,24832,1696062140.7505438
3,24960,1696062140.780042
3,25088,1696062140.8076348
3,25216,1696062140.8332365
3,25344,1696062140.8603382
3,25472,1696062140.8881414
3,25600,1696062140.9145656
3,25728,1696062140.9410949
3,25856,1696062140.968096
3,25984,1696062140.994581
3,26112,1696062141.0186808
3,26240,1696062141.0452778
3,26368,1696062141.071328
3,26496,1696062141.097194
3,26624,1696062141.1237013
3,26752,1696062141.1507022
3,26880,1696062141.1770794
3,27008,1696062141.1998312
3,27136,1696062141.2284274
3,27264,1696062141.2533412
3,27392,1696062141.2811177
3,27520,1696062141.3085809
3,27648,1696062141.3330324
3,27776,1696062141.3577516
3,27904,1696062141.3860245
3,28032,1696062141.4132843
3,28160,1696062141.4382656
3,28288,1696062141.4638064
3,28416,1696062141.493275
3,28544,1696062141.5175014
3,28672,1696062141.5469909
3,28800,1696062141.5658226
3,28928,1696062141.5948021
3,29056,1696062141.6221638
3,29184,1696062141.646022
3,29312,1696062141.6710453
3,29440,1696062141.6983945
3,29568,1696062141.7274983
3,29696,1696062141.748297
3,29824,1696062141.774961
3,29952,1696062141.804731
3,30080,1696062141.8288946
3,30208,1696062141.8554785
3,30336,1696062141.8814144
3,30464,1696062141.908173
3,30592,1696062141.938104
3,30720,1696062141.9619327
3,30848,1696062141.9886754
3,30976,1696062142.0149553
3,31104,1696062142.0461044
3,31232,1696062142.0659614
3,31360,1696062142.0957713
3,31488,1696062142.1221342
3,31616,1696062142.1484313
3,31744,1696062142.1734004
3,31872,1696062142.1975565
3,32000,1696062142.227137
3,32128,1696062142.2549555
3,32256,1696062142.2800422
3,32384,1696062142.303112
3,32512,1696062142.3297482
3,32640,1696062142.3602269
3,32768,1696062142.3802977
3,32896,1696062142.4096591
3,33024,1696062142.4351795
3,33152,1696062142.4606194
3,33280,1696062142.4888642
3,33408,1696062142.51002
3,33536,1696062142.5402343
3,33664,1696062142.5671535
3,33792,1696062142.5938997
3,33920,1696062142.6145828
3,34048,1696062142.6444035
3,34176,1696062142.6711624
3,34304,1696062142.6992028
3,34432,1696062142.7252448
3,34560,1696062142.746882
3,34688,1696062142.77886
3,34816,1696062142.7977417
3,34944,1696062142.8270226
3,35072,1696062142.8544471
3,35200,1696062142.882583
3,35328,1696062142.9111328
3,35456,1696062142.9302154
3,35584,1696062142.960439
3,35712,1696062142.9821527
3,35840,1696062143.0123827
3,35968,1696062143.0387833
3,36096,1696062143.064215
3,36224,1696062143.0915623
3,36352,1696062143.117794
3,36480,1696062143.13919
3,36608,1696062143.1678677
3,36736,1696062143.1964295
3,36864,1696062143.225427
3,36992,1696062143.2484324
3,37120,1696062143.2780423
3,37248,1696062143.30142
3,37376,1696062143.330548
3,37504,1696062143.3542852
3,37632,1696062143.3844383
3,37760,1696062143.4060004
3,37888,1696062143.4320803
3,38016,1696062143.4613295
3,38144,1696062143.4881132
3,38272,1696062143.5129638
3,38400,1696062143.542084
3,38528,1696062143.5648828
3,38656,1696062143.5911484
3,38784,1696062143.6184735
3,38912,1696062143.6427124
3,39040,1696062143.6693447
3,39168,1696062143.6942441
3,39296,1696062143.7227263
3,39424,1696062143.7453263
3,39552,1696062143.7780252
3,39680,1696062143.8006697
3,39808,1696062143.8260462
3,39936,1696062143.8537474
3,40064,1696062143.8817506
3,40192,1696062143.9063687
3,40320,1696062143.9322176
3,40448,1696062143.96089
3,40576,1696062143.9840543
3,40704,1696062144.0095878
3,40832,1696062144.0371282
3,40960,1696062144.060987
3,41088,1696062144.0894845
3,41216,1696062144.118479
3,41344,1696062144.1431124
3,41472,1696062144.171272
3,41600,1696062144.195756
3,41728,1696062144.2174942
3,41856,1696062144.2479312
3,41984,1696062144.271728
3,42112,1696062144.2989366
3,42240,1696062144.3260636
3,42368,1696062144.3545258
3,42496,1696062144.3810503
3,42624,1696062144.4033678
3,42752,1696062144.4330564
3,42880,1696062144.4589717
3,43008,1696062144.4836824
3,43136,1696062144.5080948
3,43264,1696062144.5372522
3,43392,1696062144.5638082
3,43520,1696062144.5938215
3,43648,1696062144.6133163
3,43776,1696062144.6431453
3,43904,1696062144.6696367
3,44032,1696062144.6953013
3,44160,1696062144.719996
3,44288,1696062144.7450285
3,44416,1696062144.7740011
3,44544,1696062144.8035724
3,44672,1696062144.82372
3,44800,1696062144.8535671
3,44928,1696062144.88058
3,45056,1696062144.9090226
3,45184,1696062144.930475
3,45312,1696062144.9599912
3,45440,1696062144.9856863
3,45568,1696062145.008096
3,45696,1696062145.0383506
3,45824,1696062145.0656638
3,45952,1696062145.0917633
3,46080,1696062145.1192877
3,46208,1696062145.1411824
3,46336,1696062145.1698427
3,46464,1696062145.1966355
3,46592,1696062145.2197828
3,46720,1696062145.2470374
3,46848,1696062145.274181
3,46976,1696062145.3028896
3,47104,1696062145.3312168
3,47232,1696062145.350315
3,47360,1696062145.3793738
3,47488,1696062145.4024048
3,47616,1696062145.4328241
3,47744,1696062145.4596455
3,47872,1696062145.4845974
3,48000,1696062145.5111752
3,48128,1696062145.5372403
3,48256,1696062145.5584013
3,48384,1696062145.5928597
3,48512,1696062145.6200678
3,48640,1696062145.6474273
3,48768,1696062145.6671944
3,48896,1696062145.6974788
3,49024,1696062145.7273386
3,49152,1696062145.74765
3,49280,1696062145.7761447
3,49408,1696062145.8031747
3,49536,1696062145.8293703
3,49664,1696062145.8534415
3,49792,1696062145.8790157
3,49920,1696062145.906827
3,50000,1696062145.9363143
4,128,1696062146.329531
4,256,1696062146.348442
4,384,1696062146.376258
4,512,1696062146.3962765
4,640,1696062146.4260428
4,768,1696062146.453496
4,896,1696062146.4765403
4,1024,1696062146.502223
4,1152,1696062146.5294735
4,1280,1696062146.5565333
4,1408,1696062146.5818782
4,1536,1696062146.6081648
4,1664,1696062146.6393042
4,1792,1696062146.6598969
4,1920,1696062146.6900194
4,2048,1696062146.7172253
4,2176,1696062146.7390501
4,2304,1696062146.7678452
4,2432,1696062146.7946126
4,2560,1696062146.8194404
4,2688,1696062146.8449006
4,2816,1696062146.872865
4,2944,1696062146.8979623
4,3072,1696062146.9227629
4,3200,1696062146.9498222
4,3328,1696062146.974343
4,3456,1696062147.0045087
4,3584,1696062147.0297108
4,3712,1696062147.0557232
4,3840,1696062147.0806124
4,3968,1696062147.1077719
4,4096,1696062147.1348453
4,4224,1696062147.1617136
4,4352,1696062147.1909368
4,4480,1696062147.2107143
4,4608,1696062147.2423913
4,4736,1696062147.2631721
4,4864,1696062147.2954543
4,4992,1696062147.31473
4,5120,1696062147.343969
4,5248,1696062147.3708136
4,5376,1696062147.394292
4,5504,1696062147.4246821
4,5632,1696062147.4516885
4,5760,1696062147.4747026
4,5888,1696062147.4985723
4,6016,1696062147.5272908
4,6144,1696062147.5543904
4,6272,1696062147.5804453
4,6400,1696062147.6045825
4,6528,1696062147.6335306
4,6656,1696062147.662218
4,6784,1696062147.6822512
4,6912,1696062147.7115057
4,7040,1696062147.7369576
4,7168,1696062147.7643905
4,7296,1696062147.7916389
4,7424,1696062147.8186107
4,7552,1696062147.8396363
4,7680,1696062147.8705158
4,7808,1696062147.8912344
4,7936,1696062147.9211164
4,8064,1696062147.949858
4,8192,1696062147.972162
4,8320,1696062147.998153
4,8448,1696062148.027243
4,8576,1696062148.0505204
4,8704,1696062148.0783374
4,8832,1696062148.1056213
4,8960,1696062148.130863
4,9088,1696062148.158928
4,9216,1696062148.1787555
4,9344,1696062148.2091365
4,9472,1696062148.2357104
4,9600,1696062148.2615612
4,9728,1696062148.2843938
4,9856,1696062148.3133094
4,9984,1696062148.339292
4,10112,1696062148.368298
4,10240,1696062148.3895257
4,10368,1696062148.419658
4,10496,1696062148.4497275
4,10624,1696062148.4698904
4,10752,1696062148.4979436
4,10880,1696062148.5266154
4,11008,1696062148.5537565
4,11136,1696062148.5816646
4,11264,1696062148.600976
4,11392,1696062148.630825
4,11520,1696062148.6582634
4,11648,1696062148.6827867
4,11776,1696062148.7066042
4,11904,1696062148.7324882
4,12032,1696062148.7637541
4,12160,1696062148.783288
4,12288,1696062148.8120182
4,12416,1696062148.835539
4,12544,1696062148.865441
4,12672,1696062148.8913722
4,12800,1696062148.9151282
4,12928,1696062148.9411826
4,13056,1696062148.9687762
4,13184,1696062148.99443
4,13312,1696062149.0189815
4,13440,1696062149.0471754
4,13568,1696062149.0759385
4,13696,1696062149.1029713
4,13824,1696062149.1300602
4,13952,1696062149.1533716
4,14080,1696062149.1830673
4,14208,1696062149.2051113
4,14336,1696062149.235061
4,14464,1696062149.2617068
4,14592,1696062149.286807
4,14720,1696062149.3149555
4,14848,1696062149.3359177
4,14976,1696062149.3670187
4,15104,1696062149.393724
4,15232,1696062149.4219565
4,15360,1696062149.441022
4,15488,1696062149.4705229
4,15616,1696062149.497572
4,15744,1696062149.5266075
4,15872,1696062149.5455058
4,16000,1696062149.575295
4,16128,1696062149.602254
4,16256,1696062149.6311705
4,16384,1696062149.6501746
4,16512,1696062149.679849
4,16640,1696062149.7033653
4,16768,1696062149.7317874
4,16896,1696062149.7589204
4,17024,1696062149.7849584
4,17152,1696062149.8120687
4,17280,1696062149.8382514
4,17408,1696062149.8643515
4,17536,1696062149.8905857
4,17664,1696062149.914558
4,17792,1696062149.9427044
4,17920,1696062149.9701757
4,18048,1696062149.9948528
4,18176,1696062150.0193079
4,18304,1696062150.0483682
4,18432,1696062150.0724838
4,18560,1696062150.0982633
4,18688,1696062150.123225
4,18816,1696062150.1530137
4,18944,1696062150.177463
4,19072,1696062150.2021787
4,19200,1696062150.226696
4,19328,1696062150.2566745
4,19456,1696062150.2835584
4,19584,1696062150.3090904
4,19712,1696062150.333127
4,19840,1696062150.3620195
4,19968,1696062150.388757
4,20096,1696062150.4114995
4,20224,1696062150.4365082
4,20352,1696062150.4663093
4,20480,1696062150.4930735
4,20608,1696062150.5162635
4,20736,1696062150.5405884
4,20864,1696062150.5670023
4,20992,1696062150.5943997
4,21120,1696062150.6218188
4,21248,1696062150.6463952
4,21376,1696062150.6767185
4,21504,1696062150.700725
4,21632,1696062150.7301714
4,21760,1696062150.7491972
4,21888,1696062150.7763011
4,22016,1696062150.8045673
4,22144,1696062150.8300877
4,22272,1696062150.8535619
4,22400,1696062150.8826578
4,22528,1696062150.9097083
4,22656,1696062150.9329808
4,22784,1696062150.957471
4,22912,1696062150.9867318
4,23040,1696062151.012986
4,23168,1696062151.0368958
4,23296,1696062151.0612469
4,23424,1696062151.0904934
4,23552,1696062151.1180794
4,23680,1696062151.1442294
4,23808,1696062151.1704729
4,23936,1696062151.19577
4,24064,1696062151.2218373
4,24192,1696062151.2494278
4,24320,1696062151.2715268
4,24448,1696062151.3000472
4,24576,1696062151.320062
4,24704,1696062151.3399563
4,24832,1696062151.3659425
4,24960,1696062151.3861845
4,25088,1696062151.4068673
4,25216,1696062151.426815
4,25344,1696062151.4475098
4,25472,1696062151.467402
4,25600,1696062151.4874463
4,25728,1696062151.5076215
4,25856,1696062151.5278838
4,25984,1696062151.548003
4,26112,1696062151.5682356
4,26240,1696062151.5872798
4,26368,1696062151.60762
4,26496,1696062151.63027
4,26624,1696062151.6511917
4,26752,1696062151.671357
4,26880,1696062151.6913948
4,27008,1696062151.7109797
4,27136,1696062151.7314007
4,27264,1696062151.7514706
4,27392,1696062151.7721274
4,27520,1696062151.7913039
4,27648,1696062151.811946
4,27776,1696062151.8324127
4,27904,1696062151.855911
4,28032,1696062151.874845
4,28160,1696062151.8951242
4,28288,1696062151.914966
4,28416,1696062151.9356067
4,28544,1696062151.9558418
4,28672,1696062151.9755442
4,28800,1696062151.9961524
4,28928,1696062152.015185
4,29056,1696062152.0362165
4,29184,1696062152.0553703
4,29312,1696062152.0758889
4,29440,1696062152.09613
4,29568,1696062152.1169739
4,29696,1696062152.1339464
4,29824,1696062152.154399
4,29952,1696062152.1789098
4,30080,1696062152.2020822
4,30208,1696062152.219577
4,30336,1696062152.2398262
4,30464,1696062152.2597682
4,30592,1696062152.280217
4,30720,1696062152.299421
4,30848,1696062152.3165112
4,30976,1696062152.3368416
4,31104,1696062152.356418
4,31232,1696062152.3769858
4,31360,1696062152.4009078
4,31488,1696062152.4233265
4,31616,1696062152.4430602
4,31744,1696062152.4629235
4,31872,1696062152.4835927
4,32000,1696062152.5031168
4,32128,1696062152.523662
4,32256,1696062152.5437098
4,32384,1696062152.5643773
4,32512,1696062152.583194
4,32640,1696062152.6039765
4,32768,1696062152.6238537
4,32896,1696062152.6468093
4,33024,1696062152.6674726
4,33152,1696062152.6869862
4,33280,1696062152.707351
4,33408,1696062152.7273552
4,33536,1696062152.7477014
4,33664,1696062152.7677274
4,33792,1696062152.788005
4,33920,1696062152.8082924
4,34048,1696062152.8276181
4,34176,1696062152.8479316
4,34304,1696062152.8680375
4,34432,1696062152.8911793
4,34560,1696062152.9114504
4,34688,1696062152.931585
4,34816,1696062152.9512722
4,34944,1696062152.971414
4,35072,1696062152.9912999
4,35200,1696062153.0110714
4,35328,1696062153.0343244
4,35456,1696062153.0551188
4,35584,1696062153.0750911
4,35712,1696062153.0946848
4,35840,1696062153.1147666
4,35968,1696062153.1346698
4,36096,1696062153.1551495
4,36224,1696062153.1752167
4,36352,1696062153.19544
4,36480,1696062153.2156687
4,36608,1696062153.23552
4,36736,1696062153.2560918
4,36864,1696062153.275333
4,36992,1696062153.2983704
4,37120,1696062153.3185713
4,37248,1696062153.3389192
4,37376,1696062153.3587825
4,37504,1696062153.3790457
4,37632,1696062153.4000068
4,37760,1696062153.4200017
4,37888,1696062153.440306
4,38016,1696062153.459142
4,38144,1696062153.4758615
4,38272,1696062153.4995353
4,38400,1696062153.5209975
4,38528,1696062153.5445738
4,38656,1696062153.5637617
4,38784,1696062153.5834234
4,38912,1696062153.603325
4,39040,1696062153.6239774
4,39168,1696062153.644081
4,39296,1696062153.6633618
4,39424,1696062153.6843739
4,39552,1696062153.703595
4,39680,1696062153.7199697
4,39808,1696062153.7433045
4,39936,1696062153.7623296
4,40064,1696062153.7829006
4,40192,1696062153.807101
4,40320,1696062153.8275018
4,40448,1696062153.8473768
4,40576,1696062153.8672712
4,40704,1696062153.8874896
4,40832,1696062153.9077723
4,40960,1696062153.930934
4,41088,1696062153.950667
4,41216,1696062153.970749
4,41344,1696062153.9907455
4,41472,1696062154.0112484
4,41600,1696062154.0311193
4,41728,1696062154.051088
4,41856,1696062154.071277
4,41984,1696062154.0922446
4,42112,1696062154.1108646
4,42240,1696062154.1316404
4,42368,1696062154.1520622
4,42496,1696062154.171736
4,42624,1696062154.1920424
4,42752,1696062154.2125294
4,42880,1696062154.229089
4,43008,1696062154.2495015
4,43136,1696062154.269574
4,43264,1696062154.294643
4,43392,1696062154.315055
4,43520,1696062154.3353899
4,43648,1696062154.3548546
4,43776,1696062154.3755755
4,43904,1696062154.4000843
4,44032,1696062154.4169188
4,44160,1696062154.4326704
4,44288,1696062154.4515495
4,44416,1696062154.4743283
4,44544,1696062154.4961886
4,44672,1696062154.5154514
4,44800,1696062154.538701
4,44928,1696062154.5575302
4,45056,1696062154.5778358
4,45184,1696062154.5957682
4,45312,1696062154.6195948
4,45440,1696062154.6397002
4,45568,1696062154.6599667
4,45696,1696062154.679083
4,45824,1696062154.7003644
4,45952,1696062154.7195094
4,46080,1696062154.7396193
4,46208,1696062154.7630093
4,46336,1696062154.783021
4,46464,1696062154.8028896
4,46592,1696062154.823157
4,46720,1696062154.8437965
4,46848,1696062154.863791
4,46976,1696062154.883366
4,47104,1696062154.9037213
4,47232,1696062154.924097
4,47360,1696062154.9436514
4,47488,1696062154.9641142
4,47616,1696062154.9835207
4,47744,1696062155.0041769
4,47872,1696062155.023288
4,48000,1696062155.0483449
4,48128,1696062155.067723
4,48256,1696062155.0876923
4,48384,1696062155.1072257
4,48512,1696062155.1279926
4,48640,1696062155.1472018
4,48768,1696062155.1679478
4,48896,1696062155.1873806
4,49024,1696062155.2045534
4,49152,1696062155.22764
4,49280,1696062155.2460673
4,49408,1696062155.2665763
4,49536,1696062155.286733
4,49664,1696062155.3067405
4,49792,1696062155.3268857
4,49920,1696062155.3470898
4,50000,1696062155.3674035
5,128,1696062155.7281313
5,256,1696062155.745852
5,384,1696062155.765069
5,512,1696062155.7844856
5,640,1696062155.8065004
5,768,1696062155.8254151
5,896,1696062155.8453457
5,1024,1696062155.8650992
5,1152,1696062155.885846
5,1280,1696062155.9064744
5,1408,1696062155.9263253
5,1536,1696062155.9476895
5,1664,1696062155.9670656
5,1792,1696062155.9889152
5,1920,1696062156.007645
5,2048,1696062156.0277905
5,2176,1696062156.047845
5,2304,1696062156.0691376
5,2432,1696062156.0894237
5,2560,1696062156.1097395
5,2688,1696062156.1299753
5,2816,1696062156.1505525
5,2944,1696062156.1709971
5,3072,1696062156.1964316
5,3200,1696062156.2131367
5,3328,1696062156.2311866
5,3456,1696062156.2525165
5,3584,1696062156.2734048
5,3712,1696062156.293393
5,3840,1696062156.3144982
5,3968,1696062156.3337312
5,4096,1696062156.3546038
5,4224,1696062156.3752255
5,4352,1696062156.394703
5,4480,1696062156.4148235
5,4608,1696062156.43505
5,4736,1696062156.455216
5,4864,1696062156.4761353
5,4992,1696062156.4962294
5,5120,1696062156.516433
5,5248,1696062156.5367286
5,5376,1696062156.556433
5,5504,1696062156.5763266
5,5632,1696062156.596995
5,5760,1696062156.6180487
5,5888,1696062156.6384983
5,6016,1696062156.659104
5,6144,1696062156.68297
5,6272,1696062156.7027736
5,6400,1696062156.7235267
5,6528,1696062156.7436235
5,6656,1696062156.7642145
5,6784,1696062156.7841344
5,6912,1696062156.8033378
5,7040,1696062156.8239892
5,7168,1696062156.846227
5,7296,1696062156.8675234
5,7424,1696062156.8868747
5,7552,1696062156.907647
5,7680,1696062156.9274864
5,7808,1696062156.9473498
5,7936,1696062156.9675798
5,8064,1696062156.9872386
5,8192,1696062157.0090482
5,8320,1696062157.0301847
5,8448,1696062157.0508618
5,8576,1696062157.0709212
5,8704,1696062157.0910733
5,8832,1696062157.110987
5,8960,1696062157.1310225
5,9088,1696062157.1512089
5,9216,1696062157.171768
5,9344,1696062157.1900756
5,9472,1696062157.2099483
5,9600,1696062157.2322636
5,9728,1696062157.2521138
5,9856,1696062157.2714207
5,9984,1696062157.2918594
5,10112,1696062157.311857
5,10240,1696062157.329051
5,10368,1696062157.3490813
5,10496,1696062157.369181
5,10624,1696062157.3892329
5,10752,1696062157.4097457
5,10880,1696062157.4307864
5,11008,1696062157.4511933
5,11136,1696062157.4715214
5,11264,1696062157.491371
5,11392,1696062157.5110912
5,11520,1696062157.5311751
5,11648,1696062157.5524142
5,11776,1696062157.5776117
5,11904,1696062157.595827
5,12032,1696062157.6161175
5,12160,1696062157.6357038
5,12288,1696062157.6560912
5,12416,1696062157.6759908
5,12544,1696062157.6994207
5,12672,1696062157.7191265
5,12800,1696062157.7397645
5,12928,1696062157.7596784
5,13056,1696062157.777295
5,13184,1696062157.7996519
5,13312,1696062157.8222837
5,13440,1696062157.8419104
5,13568,1696062157.8622437
5,13696,1696062157.882828
5,13824,1696062157.9021673
5,13952,1696062157.9221392
5,14080,1696062157.9422305
5,14208,1696062157.9628818
5,14336,1696062157.982419
5,14464,1696062158.002555
5,14592,1696062158.0261261
5,14720,1696062158.0429573
5,14848,1696062158.063044
5,14976,1696062158.0833209
5,15104,1696062158.1043804
5,15232,1696062158.1243484
5,15360,1696062158.1445181
5,15488,1696062158.164784
5,15616,1696062158.184836
5,15744,1696062158.2081456
5,15872,1696062158.230989
5,16000,1696062158.2505016
5,16128,1696062158.2714727
5,16256,1696062158.2913399
5,16384,1696062158.3117983
5,16512,1696062158.3313098
5,16640,1696062158.352097
5,16768,1696062158.3720381
5,16896,1696062158.3930233
5,17024,1696062158.408351
5,17152,1696062158.4293358
5,17280,1696062158.4490018
5,17408,1696062158.4702172
5,17536,1696062158.4904256
5,17664,1696062158.5104797
5,17792,1696062158.5311525
5,17920,1696062158.5509264
5,18048,1696062158.5737634
5,18176,1696062158.5928702
5,18304,1696062158.6128566
5,18432,1696062158.6329272
5,18560,1696062158.6529977
5,18688,1696062158.6728501
5,18816,1696062158.6944442
5,18944,1696062158.7194731
5,19072,1696062158.738858
5,19200,1696062158.7611372
5,19328,1696062158.780277
5,19456,1696062158.7995892
5,19584,1696062158.8202288
5,19712,1696062158.8369598
5,19840,1696062158.8571324
5,19968,1696062158.8788986
5,20096,1696062158.8983974
5,20224,1696062158.9188762
5,20352,1696062158.939435
5,20480,1696062158.9601173
5,20608,1696062158.9801016
5,20736,1696062159.000385
5,20864,1696062159.020325
5,20992,1696062159.040582
5,21120,1696062159.0606773
5,21248,1696062159.080679
5,21376,1696062159.100879
5,21504,1696062159.1206934
5,21632,1696062159.141504
5,21760,1696062159.1625936
5,21888,1696062159.1830235
5,22016,1696062159.2025285
5,22144,1696062159.2232265
5,22272,1696062159.2428482
5,22400,1696062159.2630234
5,22528,1696062159.284145
5,22656,1696062159.3043115
5,22784,1696062159.3249674
5,22912,1696062159.3447711
5,23040,1696062159.364862
5,23168,1696062159.3843281
5,23296,1696062159.4051652
5,23424,1696062159.4260342
5,23552,1696062159.4462404
5,23680,1696062159.4664106
5,23808,1696062159.487173
5,23936,1696062159.509651
5,24064,1696062159.5282755
5,24192,1696062159.5485373
5,24320,1696062159.568708
5,24448,1696062159.588878
5,24576,1696062159.608805
5,24704,1696062159.6288817
5,24832,1696062159.6484783
5,24960,1696062159.6692522
5,25088,1696062159.6933255
5,25216,1696062159.7127597
5,25344,1696062159.7327123
5,25472,1696062159.7528927
5,25600,1696062159.772957
5,25728,1696062159.7924626
5,25856,1696062159.8132746
5,25984,1696062159.8341246
5,26112,1696062159.8548176
5,26240,1696062159.8754542
5,26368,1696062159.8947134
5,26496,1696062159.91493
5,26624,1696062159.935168
5,26752,1696062159.9583955
5,26880,1696062159.9784439
5,27008,1696062159.9982285
5,27136,1696062160.01948
5,27264,1696062160.0397067
5,27392,1696062160.0600452
5,27520,1696062160.0802903
5,27648,1696062160.1022692
5,27776,1696062160.1223698
5,27904,1696062160.1425622
5,28032,1696062160.1625915
5,28160,1696062160.188811
5,28288,1696062160.2098486
5,28416,1696062160.2290692
5,28544,1696062160.247235
5,28672,1696062160.2678947
5,28800,1696062160.2871861
5,28928,1696062160.3075628
5,29056,1696062160.3278527
5,29184,1696062160.3498523
5,29312,1696062160.3699794
5,29440,1696062160.3902683
5,29568,1696062160.4104416
5,29696,1696062160.4306216
5,29824,1696062160.4504817
5,29952,1696062160.4702246
5,30080,1696062160.4927003
5,30208,1696062160.5116658
5,30336,1696062160.5321538
5,30464,1696062160.5520835
5,30592,1696062160.5736835
5,30720,1696062160.594266
5,30848,1696062160.6143572
5,30976,1696062160.6344197
5,31104,1696062160.6544845
5,31232,1696062160.6749785
5,31360,1696062160.6958632
5,31488,1696062160.7159529
5,31616,1696062160.7378278
5,31744,1696062160.7582617
5,31872,1696062160.7783577
5,32000,1696062160.798723
5,32128,1696062160.8186402
5,32256,1696062160.8385859
5,32384,1696062160.8596318
5,32512,1696062160.8797421
5,32640,1696062160.900145
5,32768,1696062160.9218526
5,32896,1696062160.9422996
5,33024,1696062160.963028
5,33152,1696062160.982856
5,33280,1696062161.002669
5,33408,1696062161.0226145
5,33536,1696062161.045538
5,33664,1696062161.0618603
5,33792,1696062161.0820653
5,33920,1696062161.102792
5,34048,1696062161.1227405
5,34176,1696062161.142946
5,34304,1696062161.1631196
5,34432,1696062161.184183
5,34560,1696062161.2044337
5,34688,1696062161.2244148
5,34816,1696062161.2436259
5,34944,1696062161.265471
5,35072,1696062161.2857819
5,35200,1696062161.3060262
5,35328,1696062161.3261588
5,35456,1696062161.3463686
