epoch,trained_sample,time
1,0,1695620526.8740494
1,64,1695620528.218787
1,128,1695620528.245823
1,192,1695620528.274601
1,256,1695620528.2896416
1,320,1695620528.3073056
1,384,1695620528.3328013
1,448,1695620528.3533273
1,512,1695620528.3688939
1,576,1695620528.3901877
1,640,1695620528.4125319
1,704,1695620528.4350524
1,768,1695620528.4524462
1,832,1695620528.4700737
1,896,1695620528.4996588
1,960,1695620528.518834
1,1024,1695620528.5401392
1,1088,1695620528.5607734
1,1152,1695620528.5803483
1,1216,1695620528.600789
1,1280,1695620528.6233451
1,1344,1695620528.6455188
1,1408,1695620528.664425
1,1472,1695620528.6849189
1,1536,1695620528.703441
1,1600,1695620528.7276032
1,1664,1695620528.7505026
1,1728,1695620528.7681265
1,1792,1695620528.7886112
1,1856,1695620528.8113804
1,1920,1695620528.8314123
1,1984,1695620528.856418
1,2048,1695620528.876125
1,2112,1695620528.897571
1,2176,1695620528.9181225
1,2240,1695620528.9435303
1,2304,1695620528.9659195
1,2368,1695620528.9870384
1,2432,1695620529.0053976
1,2496,1695620529.0241516
1,2560,1695620529.046711
1,2624,1695620529.072004
1,2688,1695620529.0972438
1,2752,1695620529.117763
1,2816,1695620529.1420019
1,2880,1695620529.1642027
1,2944,1695620529.1872609
1,3008,1695620529.2070713
1,3072,1695620529.228725
1,3136,1695620529.253454
1,3200,1695620529.2773104
1,3264,1695620529.2981248
1,3328,1695620529.324063
1,3392,1695620529.3433058
1,3456,1695620529.3639371
1,3520,1695620529.3865933
1,3584,1695620529.4046483
1,3648,1695620529.4253786
1,3712,1695620529.4471946
1,3776,1695620529.46488
1,3840,1695620529.4830017
1,3904,1695620529.5047407
1,3968,1695620529.5276222
1,4032,1695620529.5476353
1,4096,1695620529.5686064
1,4160,1695620529.6020217
1,4224,1695620529.6235766
1,4288,1695620529.6542213
1,4352,1695620529.6736584
1,4416,1695620529.6993477
1,4480,1695620529.7230167
1,4544,1695620529.7478995
1,4608,1695620529.7739093
1,4672,1695620529.7974303
1,4736,1695620529.8171031
1,4800,1695620529.8347578
1,4864,1695620529.8540776
1,4928,1695620529.8791234
1,4992,1695620529.898901
1,5056,1695620529.9238675
1,5120,1695620529.942894
1,5184,1695620529.967482
1,5248,1695620529.98909
1,5312,1695620530.0093668
1,5376,1695620530.0309703
1,5440,1695620530.0519454
1,5504,1695620530.0753553
1,5568,1695620530.0959756
1,5632,1695620530.117601
1,5696,1695620530.140556
1,5760,1695620530.1625624
1,5824,1695620530.1838152
1,5888,1695620530.205879
1,5952,1695620530.229811
1,6016,1695620530.2506332
1,6080,1695620530.2718728
1,6144,1695620530.2941134
1,6208,1695620530.3110204
1,6272,1695620530.328823
1,6336,1695620530.348895
1,6400,1695620530.3714087
1,6464,1695620530.3903053
1,6528,1695620530.4105618
1,6592,1695620530.4319925
1,6656,1695620530.453845
1,6720,1695620530.478356
1,6784,1695620530.5011883
1,6848,1695620530.5197115
1,6912,1695620530.5421748
1,6976,1695620530.5637333
1,7040,1695620530.5936067
1,7104,1695620530.60985
1,7168,1695620530.633969
1,7232,1695620530.6588874
1,7296,1695620530.6885345
1,7360,1695620530.7044222
1,7424,1695620530.7259507
1,7488,1695620530.7469587
1,7552,1695620530.765503
1,7616,1695620530.7982843
1,7680,1695620530.8141913
1,7744,1695620530.8366187
1,7808,1695620530.8587847
1,7872,1695620530.8786447
1,7936,1695620530.8982654
1,8000,1695620530.9230769
1,8064,1695620530.9467509
1,8128,1695620530.9652615
1,8192,1695620530.983388
1,8256,1695620531.0004659
1,8320,1695620531.021814
1,8384,1695620531.0527542
1,8448,1695620531.0726626
1,8512,1695620531.101841
1,8576,1695620531.1223028
1,8640,1695620531.1398363
1,8704,1695620531.1583304
1,8768,1695620531.1875715
1,8832,1695620531.2088563
1,8896,1695620531.2322469
1,8960,1695620531.2566452
1,9024,1695620531.2791746
1,9088,1695620531.2961912
1,9152,1695620531.314514
1,9216,1695620531.3342664
1,9280,1695620531.3500748
1,9344,1695620531.3719802
1,9408,1695620531.394361
1,9472,1695620531.4146485
1,9536,1695620531.4408712
1,9600,1695620531.462016
1,9664,1695620531.479926
1,9728,1695620531.4972467
1,9792,1695620531.5223155
1,9856,1695620531.5412998
1,9920,1695620531.5629115
1,9984,1695620531.5803368
1,10048,1695620531.609242
1,10112,1695620531.630945
1,10176,1695620531.6513393
1,10240,1695620531.6700377
1,10304,1695620531.6967082
1,10368,1695620531.725218
1,10432,1695620531.74509
1,10496,1695620531.7668223
1,10560,1695620531.784201
1,10624,1695620531.8016567
1,10688,1695620531.81939
1,10752,1695620531.8377347
1,10816,1695620531.8622746
1,10880,1695620531.8829436
1,10944,1695620531.9029174
1,11008,1695620531.9215405
1,11072,1695620531.9456942
1,11136,1695620531.9652705
1,11200,1695620531.983448
1,11264,1695620532.0026479
1,11328,1695620532.026985
1,11392,1695620532.0465183
1,11456,1695620532.0613403
1,11520,1695620532.0855477
1,11584,1695620532.1026669
1,11648,1695620532.1271698
1,11712,1695620532.151551
1,11776,1695620532.1730127
1,11840,1695620532.199334
1,11904,1695620532.2218516
1,11968,1695620532.2436132
1,12032,1695620532.2708576
1,12096,1695620532.290988
1,12160,1695620532.3150065
1,12224,1695620532.3411546
1,12288,1695620532.362077
1,12352,1695620532.3857908
1,12416,1695620532.4095888
1,12480,1695620532.432707
1,12544,1695620532.4592545
1,12608,1695620532.481781
1,12672,1695620532.5038218
1,12736,1695620532.5299218
1,12800,1695620532.5531602
1,12864,1695620532.573911
1,12928,1695620532.599149
1,12992,1695620532.620813
1,13056,1695620532.6396658
1,13120,1695620532.665921
1,13184,1695620532.6904194
1,13248,1695620532.7134044
1,13312,1695620532.7344356
1,13376,1695620532.758198
1,13440,1695620532.7817843
1,13504,1695620532.8063676
1,13568,1695620532.8330503
1,13632,1695620532.8641355
1,13696,1695620532.8870406
1,13760,1695620532.906969
1,13824,1695620532.933612
1,13888,1695620532.9537275
1,13952,1695620532.9789732
1,14016,1695620533.0046782
1,14080,1695620533.026027
1,14144,1695620533.0506532
1,14208,1695620533.0736575
1,14272,1695620533.0994055
1,14336,1695620533.1197245
1,14400,1695620533.1436472
1,14464,1695620533.1641977
1,14528,1695620533.182059
1,14592,1695620533.2136114
1,14656,1695620533.2344275
1,14720,1695620533.257953
1,14784,1695620533.2780678
1,14848,1695620533.3068714
1,14912,1695620533.323788
1,14976,1695620533.345251
1,15040,1695620533.3694475
1,15104,1695620533.3896732
1,15168,1695620533.4129388
1,15232,1695620533.438303
1,15296,1695620533.458982
1,15360,1695620533.486813
1,15424,1695620533.506249
1,15488,1695620533.534968
1,15552,1695620533.5588498
1,15616,1695620533.5776443
1,15680,1695620533.5968537
1,15744,1695620533.6170816
1,15808,1695620533.645493
1,15872,1695620533.665098
1,15936,1695620533.6871119
1,16000,1695620533.7041776
1,16064,1695620533.7313983
1,16128,1695620533.749893
1,16192,1695620533.7662418
1,16256,1695620533.787305
1,16320,1695620533.810855
1,16384,1695620533.8315117
1,16448,1695620533.8524623
1,16512,1695620533.8717496
1,16576,1695620533.891369
1,16640,1695620533.9116292
1,16704,1695620533.9324307
1,16768,1695620533.9527335
1,16832,1695620533.9751055
1,16896,1695620533.9976802
1,16960,1695620534.0169108
1,17024,1695620534.0341704
1,17088,1695620534.0550883
1,17152,1695620534.078912
1,17216,1695620534.099213
1,17280,1695620534.120874
1,17344,1695620534.1404035
1,17408,1695620534.1588063
1,17472,1695620534.1792116
1,17536,1695620534.2031822
1,17600,1695620534.2241352
1,17664,1695620534.2445514
1,17728,1695620534.2633631
1,17792,1695620534.2831619
1,17856,1695620534.3051198
1,17920,1695620534.3249729
1,17984,1695620534.3425076
1,18048,1695620534.3605654
1,18112,1695620534.3774962
1,18176,1695620534.3988612
1,18240,1695620534.4227016
1,18304,1695620534.4424655
1,18368,1695620534.4618857
1,18432,1695620534.48235
1,18496,1695620534.5030973
1,18560,1695620534.5244129
1,18624,1695620534.5431273
1,18688,1695620534.561535
1,18752,1695620534.5807896
1,18816,1695620534.602455
1,18880,1695620534.6234703
1,18944,1695620534.6460714
1,19008,1695620534.6661503
1,19072,1695620534.686244
1,19136,1695620534.7061975
1,19200,1695620534.7261932
1,19264,1695620534.7462585
1,19328,1695620534.7661507
1,19392,1695620534.787841
1,19456,1695620534.807798
1,19520,1695620534.828596
1,19584,1695620534.8533814
1,19648,1695620534.879828
1,19712,1695620534.9010456
1,19776,1695620534.922407
1,19840,1695620534.943623
1,19904,1695620534.9678824
1,19968,1695620534.9916883
1,20032,1695620535.0158167
1,20096,1695620535.0370197
1,20160,1695620535.0573692
1,20224,1695620535.0790534
1,20288,1695620535.100901
1,20352,1695620535.1252599
1,20416,1695620535.1478543
1,20480,1695620535.1714387
1,20544,1695620535.201162
1,20608,1695620535.2221534
1,20672,1695620535.249895
1,20736,1695620535.2771482
1,20800,1695620535.305425
1,20864,1695620535.325504
1,20928,1695620535.3544288
1,20992,1695620535.374841
1,21056,1695620535.405281
1,21120,1695620535.4266033
1,21184,1695620535.445776
1,21248,1695620535.4651806
1,21312,1695620535.484568
1,21376,1695620535.5090852
1,21440,1695620535.5335763
1,21504,1695620535.551627
1,21568,1695620535.5697944
1,21632,1695620535.5941212
1,21696,1695620535.6133738
1,21760,1695620535.6381235
1,21824,1695620535.6575317
1,21888,1695620535.6824174
1,21952,1695620535.702536
1,22016,1695620535.7264242
1,22080,1695620535.748084
1,22144,1695620535.770963
1,22208,1695620535.7910666
1,22272,1695620535.8143947
1,22336,1695620535.832208
1,22400,1695620535.8518164
1,22464,1695620535.871951
1,22528,1695620535.8978553
1,22592,1695620535.91618
1,22656,1695620535.934284
1,22720,1695620535.956521
1,22784,1695620535.9757116
1,22848,1695620535.9947999
1,22912,1695620536.015954
1,22976,1695620536.0352964
1,23040,1695620536.0551665
1,23104,1695620536.0776348
1,23168,1695620536.1050172
1,23232,1695620536.1267068
1,23296,1695620536.144151
1,23360,1695620536.1629941
1,23424,1695620536.186722
1,23488,1695620536.2067301
1,23552,1695620536.2255406
1,23616,1695620536.2478108
1,23680,1695620536.2732816
1,23744,1695620536.2927635
1,23808,1695620536.3104599
1,23872,1695620536.3331342
1,23936,1695620536.3523693
1,24000,1695620536.3719814
1,24064,1695620536.3944623
1,24128,1695620536.4142733
1,24192,1695620536.4330997
1,24256,1695620536.457372
1,24320,1695620536.477047
1,24384,1695620536.4944916
1,24448,1695620536.5140216
1,24512,1695620536.5389555
1,24576,1695620536.5588584
1,24640,1695620536.5795078
1,24704,1695620536.6009605
1,24768,1695620536.6225154
1,24832,1695620536.638219
1,24896,1695620536.6583843
1,24960,1695620536.6760848
1,25024,1695620536.6955314
1,25088,1695620536.7186298
1,25152,1695620536.7384276
1,25216,1695620536.763474
1,25280,1695620536.7870483
1,25344,1695620536.8063815
1,25408,1695620536.8238482
1,25472,1695620536.8411787
1,25536,1695620536.8635697
1,25600,1695620536.8843563
1,25664,1695620536.9029388
1,25728,1695620536.9236925
1,25792,1695620536.9459133
1,25856,1695620536.9641163
1,25920,1695620536.9821374
1,25984,1695620537.0042431
1,26048,1695620537.0233305
1,26112,1695620537.0432389
1,26176,1695620537.0641074
1,26240,1695620537.0890641
1,26304,1695620537.106424
1,26368,1695620537.12754
1,26432,1695620537.1496742
1,26496,1695620537.1706488
1,26560,1695620537.1930153
1,26624,1695620537.2121885
1,26688,1695620537.2316015
1,26752,1695620537.2520792
1,26816,1695620537.2717838
1,26880,1695620537.294649
1,26944,1695620537.3155181
1,27008,1695620537.3341067
1,27072,1695620537.3496737
1,27136,1695620537.3717594
1,27200,1695620537.3941398
1,27264,1695620537.4149165
1,27328,1695620537.4343581
1,27392,1695620537.4485621
1,27456,1695620537.4663196
1,27520,1695620537.4877064
1,27584,1695620537.5094764
1,27648,1695620537.5307908
1,27712,1695620537.550494
1,27776,1695620537.5747778
1,27840,1695620537.5918584
1,27904,1695620537.6094427
1,27968,1695620537.6255078
1,28032,1695620537.6527507
1,28096,1695620537.6829824
1,28160,1695620537.7027404
1,28224,1695620537.7294688
1,28288,1695620537.7499928
1,28352,1695620537.7696543
1,28416,1695620537.7890427
1,28480,1695620537.808631
1,28544,1695620537.8289669
1,28608,1695620537.850292
1,28672,1695620537.8699753
1,28736,1695620537.8981767
1,28800,1695620537.9255254
1,28864,1695620537.9482598
1,28928,1695620537.9692154
1,28992,1695620537.992969
1,29056,1695620538.023629
1,29120,1695620538.042814
1,29184,1695620538.063884
1,29248,1695620538.083719
1,29312,1695620538.1028306
1,29376,1695620538.1233625
1,29440,1695620538.14647
1,29504,1695620538.165819
1,29568,1695620538.1894307
1,29632,1695620538.2078388
1,29696,1695620538.226779
1,29760,1695620538.2477787
1,29824,1695620538.2674909
1,29888,1695620538.287713
1,29952,1695620538.3076634
1,30016,1695620538.3271306
1,30080,1695620538.3478696
1,30144,1695620538.3675797
1,30208,1695620538.3875084
1,30272,1695620538.4077744
1,30336,1695620538.4275851
1,30400,1695620538.4473736
1,30464,1695620538.4685073
1,30528,1695620538.4885263
1,30592,1695620538.510729
1,30656,1695620538.5304375
1,30720,1695620538.552881
1,30784,1695620538.5742633
1,30848,1695620538.5948122
1,30912,1695620538.613975
1,30976,1695620538.6344287
1,31040,1695620538.6540015
1,31104,1695620538.6742718
1,31168,1695620538.6940339
1,31232,1695620538.7141716
1,31296,1695620538.7343733
1,31360,1695620538.7552655
1,31424,1695620538.775493
1,31488,1695620538.796109
1,31552,1695620538.8150089
1,31616,1695620538.8338108
1,31680,1695620538.8542585
1,31744,1695620538.8742912
1,31808,1695620538.8941176
1,31872,1695620538.9144793
1,31936,1695620538.933983
1,32000,1695620538.954342
1,32064,1695620538.974584
1,32128,1695620538.9935277
1,32192,1695620539.0135975
1,32256,1695620539.0338686
1,32320,1695620539.0577831
1,32384,1695620539.0761447
1,32448,1695620539.093783
1,32512,1695620539.112443
1,32576,1695620539.1346679
1,32640,1695620539.1546175
1,32704,1695620539.1739671
1,32768,1695620539.194599
1,32832,1695620539.2143068
1,32896,1695620539.2342918
1,32960,1695620539.2541704
1,33024,1695620539.2744164
1,33088,1695620539.2939498
1,33152,1695620539.3144214
1,33216,1695620539.3344972
1,33280,1695620539.3546205
1,33344,1695620539.3746245
1,33408,1695620539.394549
1,33472,1695620539.4141593
1,33536,1695620539.4363208
1,33600,1695620539.456381
1,33664,1695620539.4749591
1,33728,1695620539.4952483
1,33792,1695620539.5186083
1,33856,1695620539.5392208
1,33920,1695620539.5551093
1,33984,1695620539.5719295
1,34048,1695620539.5909402
1,34112,1695620539.6148403
1,34176,1695620539.6348393
1,34240,1695620539.6533322
1,34304,1695620539.6744606
1,34368,1695620539.6979032
1,34432,1695620539.7187707
1,34496,1695620539.7449539
1,34560,1695620539.7650056
1,34624,1695620539.789088
1,34688,1695620539.8093863
1,34752,1695620539.827486
1,34816,1695620539.8510094
1,34880,1695620539.8716698
1,34944,1695620539.8940456
1,35008,1695620539.91504
1,35072,1695620539.9347358
1,35136,1695620539.9563394
1,35200,1695620539.9820416
1,35264,1695620540.001648
1,35328,1695620540.0232882
1,35392,1695620540.0403545
1,35456,1695620540.0565174
1,35520,1695620540.0755103
1,35584,1695620540.0938525
1,35648,1695620540.1193435
1,35712,1695620540.1404886
1,35776,1695620540.1644135
1,35840,1695620540.1865208
1,35904,1695620540.203057
1,35968,1695620540.2243335
1,36032,1695620540.247012
1,36096,1695620540.26705
1,36160,1695620540.2891083
1,36224,1695620540.3091848
1,36288,1695620540.3304248
1,36352,1695620540.3574333
1,36416,1695620540.3743832
1,36480,1695620540.3965502
1,36544,1695620540.4184098
1,36608,1695620540.4376733
1,36672,1695620540.4572866
1,36736,1695620540.475736
1,36800,1695620540.4985192
1,36864,1695620540.5208201
1,36928,1695620540.5471761
1,36992,1695620540.571855
1,37056,1695620540.5934758
1,37120,1695620540.6110117
1,37184,1695620540.6280062
1,37248,1695620540.6531544
1,37312,1695620540.6733694
1,37376,1695620540.695053
1,37440,1695620540.7146754
1,37504,1695620540.7296274
1,37568,1695620540.7538126
1,37632,1695620540.7768288
1,37696,1695620540.797192
1,37760,1695620540.8131526
1,37824,1695620540.834336
1,37888,1695620540.8493748
1,37952,1695620540.8737295
1,38016,1695620540.8910818
1,38080,1695620540.9101758
1,38144,1695620540.932479
1,38208,1695620540.9533665
1,38272,1695620540.9774356
1,38336,1695620540.997709
1,38400,1695620541.0214472
1,38464,1695620541.044583
1,38528,1695620541.0623422
1,38592,1695620541.0908155
1,38656,1695620541.1066968
1,38720,1695620541.1301796
1,38784,1695620541.146072
1,38848,1695620541.16829
1,38912,1695620541.1907563
1,38976,1695620541.2093759
1,39040,1695620541.2306511
1,39104,1695620541.2504094
1,39168,1695620541.2700088
1,39232,1695620541.2910368
1,39296,1695620541.3107893
1,39360,1695620541.3323333
1,39424,1695620541.3518946
1,39488,1695620541.3721564
1,39552,1695620541.390576
1,39616,1695620541.4060862
1,39680,1695620541.4235663
1,39744,1695620541.44294
1,39808,1695620541.4624724
1,39872,1695620541.4837868
1,39936,1695620541.504584
1,40000,1695620541.523227
1,40064,1695620541.54107
1,40128,1695620541.559736
1,40192,1695620541.5803454
1,40256,1695620541.6027174
1,40320,1695620541.6218693
1,40384,1695620541.6467433
1,40448,1695620541.665703
1,40512,1695620541.686652
1,40576,1695620541.7038672
1,40640,1695620541.722989
1,40704,1695620541.746662
1,40768,1695620541.7658794
1,40832,1695620541.7841635
1,40896,1695620541.8084874
1,40960,1695620541.8290544
1,41024,1695620541.8524928
1,41088,1695620541.8760948
1,41152,1695620541.8986921
1,41216,1695620541.929579
1,41280,1695620541.9454198
1,41344,1695620541.9663339
1,41408,1695620541.9949088
1,41472,1695620542.0139577
1,41536,1695620542.0381312
1,41600,1695620542.062745
1,41664,1695620542.089514
1,41728,1695620542.1121435
1,41792,1695620542.1331916
1,41856,1695620542.1563451
1,41920,1695620542.1804829
1,41984,1695620542.203196
1,42048,1695620542.2247326
1,42112,1695620542.2460206
1,42176,1695620542.2649662
1,42240,1695620542.2862954
1,42304,1695620542.3166625
1,42368,1695620542.332637
1,42432,1695620542.3561413
1,42496,1695620542.3814695
1,42560,1695620542.4085093
1,42624,1695620542.4245145
1,42688,1695620542.444964
1,42752,1695620542.4741833
1,42816,1695620542.4961956
1,42880,1695620542.5209467
1,42944,1695620542.54255
1,43008,1695620542.566558
1,43072,1695620542.5879803
1,43136,1695620542.606168
1,43200,1695620542.623539
1,43264,1695620542.642689
1,43328,1695620542.66349
1,43392,1695620542.6826963
1,43456,1695620542.7040129
1,43520,1695620542.7295547
1,43584,1695620542.7501154
1,43648,1695620542.770617
1,43712,1695620542.7845411
1,43776,1695620542.8084228
1,43840,1695620542.829639
1,43904,1695620542.8505318
1,43968,1695620542.865449
1,44032,1695620542.8893209
1,44096,1695620542.9119856
1,44160,1695620542.934604
1,44224,1695620542.950537
1,44288,1695620542.9722657
1,44352,1695620542.995944
1,44416,1695620543.0169225
1,44480,1695620543.038948
1,44544,1695620543.0657141
1,44608,1695620543.089436
1,44672,1695620543.1102078
1,44736,1695620543.1353426
1,44800,1695620543.157958
1,44864,1695620543.1850812
1,44928,1695620543.203925
1,44992,1695620543.2241318
1,45056,1695620543.2494829
1,45120,1695620543.272661
1,45184,1695620543.2949963
1,45248,1695620543.3189347
1,45312,1695620543.3418102
1,45376,1695620543.366646
1,45440,1695620543.3842752
1,45504,1695620543.4011161
1,45568,1695620543.4169593
1,45632,1695620543.4376674
1,45696,1695620543.4571965
1,45760,1695620543.4759123
1,45824,1695620543.49927
1,45888,1695620543.5192356
1,45952,1695620543.5404363
1,46016,1695620543.559448
1,46080,1695620543.5795321
1,46144,1695620543.602748
1,46208,1695620543.6223078
1,46272,1695620543.6423388
1,46336,1695620543.662835
1,46400,1695620543.6801074
1,46464,1695620543.6978972
1,46528,1695620543.7175918
1,46592,1695620543.7389653
1,46656,1695620543.761412
1,46720,1695620543.7815285
1,46784,1695620543.8017673
1,46848,1695620543.8287194
1,46912,1695620543.8487597
1,46976,1695620543.8683655
1,47040,1695620543.8885095
1,47104,1695620543.9110477
1,47168,1695620543.9307761
1,47232,1695620543.9515727
1,47296,1695620543.9771285
1,47360,1695620543.9981027
1,47424,1695620544.0184278
1,47488,1695620544.0385895
1,47552,1695620544.0603209
1,47616,1695620544.0833728
1,47680,1695620544.1108358
1,47744,1695620544.1351461
1,47808,1695620544.1551473
1,47872,1695620544.1829875
1,47936,1695620544.1986825
1,48000,1695620544.2218132
1,48064,1695620544.2448235
1,48128,1695620544.2674522
1,48192,1695620544.2921958
1,48256,1695620544.3160243
1,48320,1695620544.3422313
1,48384,1695620544.3599799
1,48448,1695620544.3804162
1,48512,1695620544.403281
1,48576,1695620544.4252164
1,48640,1695620544.4464993
1,48704,1695620544.4736948
1,48768,1695620544.4931035
1,48832,1695620544.5187328
1,48896,1695620544.5404139
1,48960,1695620544.5644968
1,49024,1695620544.5850663
1,49088,1695620544.6054916
1,49152,1695620544.634464
1,49216,1695620544.6537654
1,49280,1695620544.6702387
1,49344,1695620544.693019
1,49408,1695620544.7147434
1,49472,1695620544.733737
1,49536,1695620544.759042
1,49600,1695620544.776519
1,49664,1695620544.7989101
1,49728,1695620544.8199236
1,49792,1695620544.842584
1,49856,1695620544.866948
1,49920,1695620544.8871396
1,49984,1695620544.9069562
1,50000,1695620544.9330897
2,64,1695620545.252997
2,128,1695620545.2722383
2,192,1695620545.286589
2,256,1695620545.299248
2,320,1695620545.315592
2,384,1695620545.3305793
2,448,1695620545.3452048
2,512,1695620545.3624492
2,576,1695620545.3766487
2,640,1695620545.3941143
2,704,1695620545.4092855
2,768,1695620545.4245765
2,832,1695620545.4400535
2,896,1695620545.4559186
2,960,1695620545.4713464
2,1024,1695620545.48575
2,1088,1695620545.5016148
2,1152,1695620545.5178788
2,1216,1695620545.5332751
2,1280,1695620545.5484912
2,1344,1695620545.5658727
2,1408,1695620545.5799558
2,1472,1695620545.5950418
2,1536,1695620545.6108227
2,1600,1695620545.6255352
2,1664,1695620545.6424246
2,1728,1695620545.6568365
2,1792,1695620545.6715534
2,1856,1695620545.6858582
2,1920,1695620545.7025414
2,1984,1695620545.7168818
2,2048,1695620545.7328188
2,2112,1695620545.7473993
2,2176,1695620545.76285
2,2240,1695620545.778626
2,2304,1695620545.7936125
2,2368,1695620545.8089035
2,2432,1695620545.8244455
2,2496,1695620545.8401468
2,2560,1695620545.8553927
2,2624,1695620545.8710577
2,2688,1695620545.8869045
2,2752,1695620545.9017212
2,2816,1695620545.9184482
2,2880,1695620545.9339151
2,2944,1695620545.949064
2,3008,1695620545.9659846
2,3072,1695620545.9801798
2,3136,1695620545.9953277
2,3200,1695620546.0094593
2,3264,1695620546.0252376
2,3328,1695620546.0408854
2,3392,1695620546.055359
2,3456,1695620546.070918
2,3520,1695620546.086492
2,3584,1695620546.1013718
2,3648,1695620546.1182408
2,3712,1695620546.1327753
2,3776,1695620546.1474235
2,3840,1695620546.1636977
2,3904,1695620546.1785555
2,3968,1695620546.1937563
2,4032,1695620546.20996
2,4096,1695620546.2250168
2,4160,1695620546.2402983
2,4224,1695620546.2556875
2,4288,1695620546.2700412
2,4352,1695620546.286156
2,4416,1695620546.3007205
2,4480,1695620546.3155072
2,4544,1695620546.331806
2,4608,1695620546.346805
2,4672,1695620546.3619545
2,4736,1695620546.378071
2,4800,1695620546.393263
2,4864,1695620546.4085388
2,4928,1695620546.4239519
2,4992,1695620546.4384391
2,5056,1695620546.4537272
2,5120,1695620546.4703689
2,5184,1695620546.4856422
2,5248,1695620546.5008776
2,5312,1695620546.5162475
2,5376,1695620546.5336533
2,5440,1695620546.547983
2,5504,1695620546.5635426
2,5568,1695620546.5780017
2,5632,1695620546.5935469
2,5696,1695620546.6087627
2,5760,1695620546.6245399
2,5824,1695620546.640099
2,5888,1695620546.6552725
2,5952,1695620546.6710129
2,6016,1695620546.686613
2,6080,1695620546.7014868
2,6144,1695620546.718353
2,6208,1695620546.7327423
2,6272,1695620546.7475393
2,6336,1695620546.7629106
2,6400,1695620546.7784798
2,6464,1695620546.793324
2,6528,1695620546.8103597
2,6592,1695620546.8256302
2,6656,1695620546.840892
2,6720,1695620546.8559809
2,6784,1695620546.8806586
2,6848,1695620546.9029572
2,6912,1695620546.9270205
2,6976,1695620546.9504945
2,7040,1695620546.9755325
2,7104,1695620546.99885
2,7168,1695620547.0213604
2,7232,1695620547.0439994
2,7296,1695620547.0667603
2,7360,1695620547.0890768
2,7424,1695620547.116149
2,7488,1695620547.138628
2,7552,1695620547.1607606
2,7616,1695620547.1838262
2,7680,1695620547.2049758
2,7744,1695620547.2277942
2,7808,1695620547.2490177
2,7872,1695620547.2713876
2,7936,1695620547.2912128
2,8000,1695620547.3185444
2,8064,1695620547.3424504
2,8128,1695620547.3648245
2,8192,1695620547.3919754
2,8256,1695620547.4152546
2,8320,1695620547.4378831
2,8384,1695620547.4585133
2,8448,1695620547.480444
2,8512,1695620547.5037825
2,8576,1695620547.5248518
2,8640,1695620547.5477922
2,8704,1695620547.569167
2,8768,1695620547.5918934
2,8832,1695620547.613276
2,8896,1695620547.6357815
2,8960,1695620547.6572816
2,9024,1695620547.6799324
2,9088,1695620547.7012815
2,9152,1695620547.72414
2,9216,1695620547.7466908
2,9280,1695620547.767443
2,9344,1695620547.7940395
2,9408,1695620547.818589
2,9472,1695620547.8406181
2,9536,1695620547.8688402
2,9600,1695620547.8904185
2,9664,1695620547.9084873
2,9728,1695620547.9290621
2,9792,1695620547.951807
2,9856,1695620547.9726593
2,9920,1695620547.9980893
2,9984,1695620548.0206652
2,10048,1695620548.043749
2,10112,1695620548.0650792
2,10176,1695620548.0880487
2,10240,1695620548.1108332
2,10304,1695620548.127311
2,10368,1695620548.1481905
2,10432,1695620548.170807
2,10496,1695620548.1932006
2,10560,1695620548.211938
2,10624,1695620548.2339237
2,10688,1695620548.2586362
2,10752,1695620548.2807713
2,10816,1695620548.308684
2,10880,1695620548.3301954
2,10944,1695620548.3512204
2,11008,1695620548.3740613
2,11072,1695620548.3985553
2,11136,1695620548.415401
2,11200,1695620548.437994
2,11264,1695620548.4557405
2,11328,1695620548.4777272
2,11392,1695620548.4999259
2,11456,1695620548.5207767
2,11520,1695620548.5439954
2,11584,1695620548.566952
2,11648,1695620548.5836208
2,11712,1695620548.6042528
2,11776,1695620548.6281404
2,11840,1695620548.6490347
2,11904,1695620548.6718543
2,11968,1695620548.693242
2,12032,1695620548.7158885
2,12096,1695620548.73705
2,12160,1695620548.759964
2,12224,1695620548.78142
2,12288,1695620548.8038745
2,12352,1695620548.8251464
2,12416,1695620548.8479698
2,12480,1695620548.868982
2,12544,1695620548.892135
2,12608,1695620548.91326
2,12672,1695620548.935985
2,12736,1695620548.9569848
2,12800,1695620548.9806273
2,12864,1695620549.0024161
2,12928,1695620549.0211642
2,12992,1695620549.0476813
2,13056,1695620549.0711644
2,13120,1695620549.09286
2,13184,1695620549.1149206
2,13248,1695620549.1317668
2,13312,1695620549.1526601
2,13376,1695620549.17577
2,13440,1695620549.196645
2,13504,1695620549.2233412
2,13568,1695620549.249851
2,13632,1695620549.2728794
2,13696,1695620549.2971892
2,13760,1695620549.3190157
2,13824,1695620549.3444226
2,13888,1695620549.3666537
2,13952,1695620549.3912742
2,14016,1695620549.411733
2,14080,1695620549.433756
2,14144,1695620549.459918
2,14208,1695620549.4810138
2,14272,1695620549.5034418
2,14336,1695620549.5303638
2,14400,1695620549.5542283
2,14464,1695620549.5813026
2,14528,1695620549.601753
2,14592,1695620549.629051
2,14656,1695620549.6535192
2,14720,1695620549.6722813
2,14784,1695620549.6936963
2,14848,1695620549.7158716
2,14912,1695620549.7361405
2,14976,1695620549.76393
2,15040,1695620549.7873547
2,15104,1695620549.8090677
2,15168,1695620549.8342216
2,15232,1695620549.8586516
2,15296,1695620549.8812659
2,15360,1695620549.9051685
2,15424,1695620549.9274755
2,15488,1695620549.9513066
2,15552,1695620549.9714
2,15616,1695620549.9952092
2,15680,1695620550.0157475
2,15744,1695620550.0365672
2,15808,1695620550.0616364
2,15872,1695620550.0853002
2,15936,1695620550.108967
2,16000,1695620550.128747
2,16064,1695620550.1495306
2,16128,1695620550.170335
2,16192,1695620550.1879406
2,16256,1695620550.2068663
2,16320,1695620550.2265205
2,16384,1695620550.2462702
2,16448,1695620550.266711
2,16512,1695620550.2859936
2,16576,1695620550.309919
2,16640,1695620550.3322494
2,16704,1695620550.3551114
2,16768,1695620550.3755834
2,16832,1695620550.4021766
2,16896,1695620550.4249787
2,16960,1695620550.4474185
2,17024,1695620550.4691381
2,17088,1695620550.4936304
2,17152,1695620550.5129926
2,17216,1695620550.5365796
2,17280,1695620550.5590932
2,17344,1695620550.5789957
2,17408,1695620550.5978668
2,17472,1695620550.6229615
2,17536,1695620550.6449041
2,17600,1695620550.6655405
2,17664,1695620550.6868572
2,17728,1695620550.7064173
2,17792,1695620550.7261891
2,17856,1695620550.7513702
2,17920,1695620550.7723517
2,17984,1695620550.7934382
2,18048,1695620550.8140378
2,18112,1695620550.8405914
2,18176,1695620550.860637
2,18240,1695620550.8859098
2,18304,1695620550.9089606
2,18368,1695620550.9295268
2,18432,1695620550.9456446
2,18496,1695620550.9659204
2,18560,1695620550.9931312
2,18624,1695620551.0130239
2,18688,1695620551.0333123
2,18752,1695620551.0542922
2,18816,1695620551.081068
2,18880,1695620551.1018546
2,18944,1695620551.122643
2,19008,1695620551.1430595
2,19072,1695620551.169531
2,19136,1695620551.1888728
2,19200,1695620551.2091417
2,19264,1695620551.226985
2,19328,1695620551.2452018
2,19392,1695620551.263334
2,19456,1695620551.2821317
2,19520,1695620551.3026314
2,19584,1695620551.322525
2,19648,1695620551.3424911
2,19712,1695620551.3625903
2,19776,1695620551.3822503
2,19840,1695620551.40274
2,19904,1695620551.422204
2,19968,1695620551.442371
2,20032,1695620551.4624898
2,20096,1695620551.4824922
2,20160,1695620551.502462
2,20224,1695620551.522585
2,20288,1695620551.5426364
2,20352,1695620551.562419
2,20416,1695620551.5809045
2,20480,1695620551.6028821
2,20544,1695620551.6224463
2,20608,1695620551.6473646
2,20672,1695620551.6679893
2,20736,1695620551.6907916
2,20800,1695620551.7119255
2,20864,1695620551.732903
2,20928,1695620551.7511072
2,20992,1695620551.770431
2,21056,1695620551.7908533
2,21120,1695620551.8108757
2,21184,1695620551.830306
2,21248,1695620551.8506043
2,21312,1695620551.8702025
2,21376,1695620551.8901956
2,21440,1695620551.9103677
2,21504,1695620551.93074
2,21568,1695620551.9507866
2,21632,1695620551.9703224
2,21696,1695620551.9906662
2,21760,1695620552.0102592
2,21824,1695620552.0305014
2,21888,1695620552.0503924
2,21952,1695620552.07081
2,22016,1695620552.090967
2,22080,1695620552.1105874
2,22144,1695620552.1305068
2,22208,1695620552.1488543
2,22272,1695620552.1709526
2,22336,1695620552.190749
2,22400,1695620552.209065
2,22464,1695620552.2281468
2,22528,1695620552.2469962
2,22592,1695620552.2661953
2,22656,1695620552.2867985
2,22720,1695620552.3066406
2,22784,1695620552.3267996
2,22848,1695620552.347056
2,22912,1695620552.366202
2,22976,1695620552.3868473
2,23040,1695620552.406714
2,23104,1695620552.4265847
2,23168,1695620552.4467816
2,23232,1695620552.4666727
2,23296,1695620552.4868443
2,23360,1695620552.506766
2,23424,1695620552.5269225
2,23488,1695620552.546301
2,23552,1695620552.5663822
2,23616,1695620552.5911095
2,23680,1695620552.61491
2,23744,1695620552.6358957
2,23808,1695620552.658955
2,23872,1695620552.6798637
2,23936,1695620552.702986
2,24000,1695620552.7187412
2,24064,1695620552.7400663
2,24128,1695620552.7625947
2,24192,1695620552.782346
2,24256,1695620552.8091738
2,24320,1695620552.8288798
2,24384,1695620552.850879
2,24448,1695620552.8710372
2,24512,1695620552.895204
2,24576,1695620552.916121
2,24640,1695620552.9390292
2,24704,1695620552.959174
2,24768,1695620552.983286
2,24832,1695620553.004254
2,24896,1695620553.0282018
2,24960,1695620553.0501928
2,25024,1695620553.0733137
2,25088,1695620553.0962121
2,25152,1695620553.1186934
2,25216,1695620553.1397727
2,25280,1695620553.162751
2,25344,1695620553.1866293
2,25408,1695620553.207941
2,25472,1695620553.2308812
2,25536,1695620553.2510905
2,25600,1695620553.2751691
2,25664,1695620553.2956922
2,25728,1695620553.323038
2,25792,1695620553.3449159
2,25856,1695620553.3660126
2,25920,1695620553.386116
2,25984,1695620553.4013872
2,26048,1695620553.4222784
2,26112,1695620553.4424324
2,26176,1695620553.4621136
2,26240,1695620553.48229
2,26304,1695620553.5021276
2,26368,1695620553.5224981
2,26432,1695620553.5460439
2,26496,1695620553.5691686
2,26560,1695620553.590615
2,26624,1695620553.6112294
2,26688,1695620553.6351762
2,26752,1695620553.6552727
2,26816,1695620553.678947
2,26880,1695620553.7005837
2,26944,1695620553.7186816
2,27008,1695620553.7378552
2,27072,1695620553.7586567
2,27136,1695620553.778636
2,27200,1695620553.7987432
2,27264,1695620553.8186545
2,27328,1695620553.838732
2,27392,1695620553.8587277
2,27456,1695620553.8783617
2,27520,1695620553.8984075
2,27584,1695620553.9189558
2,27648,1695620553.9390035
2,27712,1695620553.9583504
2,27776,1695620553.9787462
2,27840,1695620553.9988437
2,27904,1695620554.018681
2,27968,1695620554.0388758
2,28032,1695620554.0583608
2,28096,1695620554.0783467
2,28160,1695620554.0989213
2,28224,1695620554.1182566
2,28288,1695620554.138677
2,28352,1695620554.1587539
2,28416,1695620554.178552
2,28480,1695620554.1985743
2,28544,1695620554.2184465
2,28608,1695620554.2364945
2,28672,1695620554.253501
2,28736,1695620554.271925
2,28800,1695620554.2891474
2,28864,1695620554.3064265
2,28928,1695620554.3261812
2,28992,1695620554.3466818
2,29056,1695620554.3663404
2,29120,1695620554.3862748
2,29184,1695620554.4062216
2,29248,1695620554.4263134
2,29312,1695620554.4464965
2,29376,1695620554.4664502
2,29440,1695620554.4864225
2,29504,1695620554.506531
2,29568,1695620554.5265088
2,29632,1695620554.5464845
2,29696,1695620554.5663242
2,29760,1695620554.5860262
2,29824,1695620554.6069853
2,29888,1695620554.6264133
2,29952,1695620554.6464899
2,30016,1695620554.6662197
2,30080,1695620554.6867564
2,30144,1695620554.7038536
2,30208,1695620554.7224197
2,30272,1695620554.742642
2,30336,1695620554.7625663
2,30400,1695620554.7822766
2,30464,1695620554.802735
2,30528,1695620554.8231223
2,30592,1695620554.8422933
2,30656,1695620554.8621304
2,30720,1695620554.882537
2,30784,1695620554.902153
2,30848,1695620554.9228005
2,30912,1695620554.9430766
2,30976,1695620554.9629369
2,31040,1695620554.9821992
2,31104,1695620555.002223
2,31168,1695620555.0219169
2,31232,1695620555.042563
2,31296,1695620555.0626261
2,31360,1695620555.080404
2,31424,1695620555.097295
2,31488,1695620555.1146195
2,31552,1695620555.138533
2,31616,1695620555.1620882
2,31680,1695620555.1842468
2,31744,1695620555.2066247
2,31808,1695620555.2308471
2,31872,1695620555.2522721
2,31936,1695620555.2749748
2,32000,1695620555.2947946
2,32064,1695620555.3215563
2,32128,1695620555.3428843
2,32192,1695620555.3654556
2,32256,1695620555.3868728
2,32320,1695620555.406091
2,32384,1695620555.4242744
2,32448,1695620555.4431286
2,32512,1695620555.4626157
2,32576,1695620555.4823852
2,32640,1695620555.502123
2,32704,1695620555.5223703
2,32768,1695620555.5421853
2,32832,1695620555.5625246
2,32896,1695620555.5872414
2,32960,1695620555.6077614
2,33024,1695620555.6307108
2,33088,1695620555.6547244
2,33152,1695620555.669989
2,33216,1695620555.6933608
2,33280,1695620555.7141464
2,33344,1695620555.7341342
2,33408,1695620555.754208
2,33472,1695620555.7744906
2,33536,1695620555.7885523
2,33600,1695620555.807992
2,33664,1695620555.8337386
2,33728,1695620555.8525164
2,33792,1695620555.877888
2,33856,1695620555.901133
2,33920,1695620555.9229646
2,33984,1695620555.9426274
2,34048,1695620555.9672034
2,34112,1695620555.9894416
2,34176,1695620556.0108378
2,34240,1695620556.0306911
2,34304,1695620556.0549676
2,34368,1695620556.0763166
2,34432,1695620556.0990381
2,34496,1695620556.1194754
2,34560,1695620556.142473
2,34624,1695620556.166213
2,34688,1695620556.1882496
2,34752,1695620556.2117834
2,34816,1695620556.2355576
2,34880,1695620556.254474
2,34944,1695620556.2745621
2,35008,1695620556.294216
2,35072,1695620556.3110356
2,35136,1695620556.32796
2,35200,1695620556.3449943
2,35264,1695620556.3626716
2,35328,1695620556.379391
2,35392,1695620556.396065
2,35456,1695620556.412905
2,35520,1695620556.4298422
2,35584,1695620556.448009
2,35648,1695620556.4653358
2,35712,1695620556.483211
2,35776,1695620556.5005867
2,35840,1695620556.5191767
2,35904,1695620556.54463
2,35968,1695620556.5655558
2,36032,1695620556.5854669
2,36096,1695620556.6060164
2,36160,1695620556.6330476
2,36224,1695620556.6533797
2,36288,1695620556.6739593
2,36352,1695620556.6988716
2,36416,1695620556.7223184
2,36480,1695620556.7451298
2,36544,1695620556.7669098
2,36608,1695620556.7866364
2,36672,1695620556.8159127
2,36736,1695620556.8366578
2,36800,1695620556.8590064
2,36864,1695620556.8789682
2,36928,1695620556.8974233
2,36992,1695620556.9171968
2,37056,1695620556.935141
2,37120,1695620556.9541938
2,37184,1695620556.9744966
2,37248,1695620556.994472
2,37312,1695620557.0143354
2,37376,1695620557.0347905
2,37440,1695620557.0545955
2,37504,1695620557.0750132
2,37568,1695620557.0947058
2,37632,1695620557.1144161
2,37696,1695620557.134971
2,37760,1695620557.1544294
2,37824,1695620557.17446
2,37888,1695620557.1945634
2,37952,1695620557.2147143
2,38016,1695620557.2344534
2,38080,1695620557.2545679
2,38144,1695620557.2743979
2,38208,1695620557.2944686
2,38272,1695620557.3154533
2,38336,1695620557.3348088
2,38400,1695620557.3526878
2,38464,1695620557.3731139
2,38528,1695620557.39135
2,38592,1695620557.4080603
2,38656,1695620557.4269671
2,38720,1695620557.4450965
2,38784,1695620557.463464
2,38848,1695620557.4811866
2,38912,1695620557.5009944
2,38976,1695620557.519141
2,39040,1695620557.538465
2,39104,1695620557.55884
2,39168,1695620557.5784042
2,39232,1695620557.59802
2,39296,1695620557.6183636
2,39360,1695620557.6385305
2,39424,1695620557.6580954
2,39488,1695620557.6771529
2,39552,1695620557.6960742
2,39616,1695620557.7141702
2,39680,1695620557.732897
2,39744,1695620557.7508
2,39808,1695620557.7680893
2,39872,1695620557.7853014
2,39936,1695620557.8035014
2,40000,1695620557.8203888
2,40064,1695620557.8381164
2,40128,1695620557.8568552
2,40192,1695620557.8749933
2,40256,1695620557.8938413
2,40320,1695620557.9128175
2,40384,1695620557.9308453
2,40448,1695620557.9497526
2,40512,1695620557.9685364
2,40576,1695620557.9864776
2,40640,1695620558.0038157
2,40704,1695620558.0209205
2,40768,1695620558.0376382
2,40832,1695620558.057125
2,40896,1695620558.0745595
2,40960,1695620558.0934348
2,41024,1695620558.1119735
2,41088,1695620558.1319368
2,41152,1695620558.1501346
2,41216,1695620558.1676788
2,41280,1695620558.1846309
2,41344,1695620558.202616
2,41408,1695620558.2203214
2,41472,1695620558.2384186
2,41536,1695620558.2558053
2,41600,1695620558.2727427
2,41664,1695620558.2902873
2,41728,1695620558.3070233
2,41792,1695620558.3257194
2,41856,1695620558.3443253
2,41920,1695620558.362555
2,41984,1695620558.3813918
2,42048,1695620558.4004548
2,42112,1695620558.418359
2,42176,1695620558.437134
2,42240,1695620558.4550636
2,42304,1695620558.4735384
2,42368,1695620558.4922123
2,42432,1695620558.5103283
2,42496,1695620558.527742
2,42560,1695620558.5447054
2,42624,1695620558.5614681
2,42688,1695620558.5807188
2,42752,1695620558.5987725
2,42816,1695620558.6176574
2,42880,1695620558.6363811
2,42944,1695620558.6545348
2,43008,1695620558.673273
2,43072,1695620558.691922
2,43136,1695620558.7101502
2,43200,1695620558.727667
2,43264,1695620558.745174
2,43328,1695620558.7632806
2,43392,1695620558.7842042
2,43456,1695620558.8066745
2,43520,1695620558.826438
2,43584,1695620558.8501067
2,43648,1695620558.8705354
2,43712,1695620558.890968
2,43776,1695620558.913979
2,43840,1695620558.9345562
2,43904,1695620558.9545212
2,43968,1695620558.9778345
2,44032,1695620558.9984715
2,44096,1695620559.0183141
2,44160,1695620559.0383167
2,44224,1695620559.060261
2,44288,1695620559.0821736
2,44352,1695620559.102122
2,44416,1695620559.1239846
2,44480,1695620559.1461632
2,44544,1695620559.1667178
2,44608,1695620559.1901631
2,44672,1695620559.2102814
2,44736,1695620559.2302244
2,44800,1695620559.2502131
2,44864,1695620559.2721796
2,44928,1695620559.2940726
2,44992,1695620559.3143735
2,45056,1695620559.3342285
2,45120,1695620559.354181
2,45184,1695620559.3742738
2,45248,1695620559.3940756
2,45312,1695620559.418117
2,45376,1695620559.44113
2,45440,1695620559.4626575
2,45504,1695620559.4852872
2,45568,1695620559.5065727
2,45632,1695620559.5205429
2,45696,1695620559.5468495
2,45760,1695620559.568198
2,45824,1695620559.5910702
2,45888,1695620559.6111376
2,45952,1695620559.6378295
2,46016,1695620559.6588552
2,46080,1695620559.680814
2,46144,1695620559.7028403
2,46208,1695620559.7234423
2,46272,1695620559.7470324
2,46336,1695620559.7680433
2,46400,1695620559.7909973
2,46464,1695620559.811365
2,46528,1695620559.8341882
2,46592,1695620559.858577
2,46656,1695620559.8805878
2,46720,1695620559.9030209
2,46784,1695620559.9226382
2,46848,1695620559.9391801
2,46912,1695620559.9563582
2,46976,1695620559.9744797
2,47040,1695620559.9926019
2,47104,1695620560.0098417
2,47168,1695620560.027923
2,47232,1695620560.0449858
2,47296,1695620560.0628493
2,47360,1695620560.0798342
2,47424,1695620560.0984857
2,47488,1695620560.1184258
2,47552,1695620560.1363497
2,47616,1695620560.1535797
2,47680,1695620560.1717565
2,47744,1695620560.1891272
2,47808,1695620560.207119
2,47872,1695620560.2241013
2,47936,1695620560.2448363
2,48000,1695620560.2667937
2,48064,1695620560.2866223
2,48128,1695620560.3041725
2,48192,1695620560.3231142
2,48256,1695620560.342499
2,48320,1695620560.3624396
2,48384,1695620560.3797114
2,48448,1695620560.3963802
2,48512,1695620560.4134865
2,48576,1695620560.4319842
2,48640,1695620560.4489892
2,48704,1695620560.467097
2,48768,1695620560.4841855
2,48832,1695620560.5010738
2,48896,1695620560.5194647
2,48960,1695620560.5363333
2,49024,1695620560.5547156
2,49088,1695620560.5746436
2,49152,1695620560.5946097
2,49216,1695620560.6146588
2,49280,1695620560.6347358
2,49344,1695620560.65457
2,49408,1695620560.6747522
2,49472,1695620560.6944191
2,49536,1695620560.716498
2,49600,1695620560.734388
2,49664,1695620560.752717
2,49728,1695620560.7700279
2,49792,1695620560.7885876
2,49856,1695620560.806766
2,49920,1695620560.8250897
2,49984,1695620560.842688
2,50000,1695620560.8585172
3,64,1695620561.2227426
3,128,1695620561.245385
3,192,1695620561.2671237
3,256,1695620561.2818253
3,320,1695620561.301392
3,384,1695620561.3206913
3,448,1695620561.336782
3,512,1695620561.352476
3,576,1695620561.3699164
3,640,1695620561.3875926
3,704,1695620561.4065175
3,768,1695620561.426852
3,832,1695620561.4470842
3,896,1695620561.4646573
3,960,1695620561.4813397
3,1024,1695620561.4993043
3,1088,1695620561.517621
3,1152,1695620561.5356565
3,1216,1695620561.5527897
3,1280,1695620561.5720105
3,1344,1695620561.5908213
3,1408,1695620561.6080666
3,1472,1695620561.6249537
3,1536,1695620561.642582
3,1600,1695620561.659495
3,1664,1695620561.676262
3,1728,1695620561.6932619
3,1792,1695620561.7114153
3,1856,1695620561.7281518
3,1920,1695620561.74719
3,1984,1695620561.7643352
3,2048,1695620561.7813983
3,2112,1695620561.8086212
3,2176,1695620561.8292716
3,2240,1695620561.8526573
3,2304,1695620561.874388
3,2368,1695620561.894301
3,2432,1695620561.914273
3,2496,1695620561.934241
3,2560,1695620561.954107
3,2624,1695620561.975569
3,2688,1695620561.9973137
3,2752,1695620562.0206633
3,2816,1695620562.040477
3,2880,1695620562.0615766
3,2944,1695620562.0777621
3,3008,1695620562.097107
3,3072,1695620562.118486
3,3136,1695620562.1387787
3,3200,1695620562.1628926
3,3264,1695620562.1849835
3,3328,1695620562.2051997
3,3392,1695620562.2207406
3,3456,1695620562.2410774
3,3520,1695620562.263431
3,3584,1695620562.2867668
3,3648,1695620562.3078625
3,3712,1695620562.329148
3,3776,1695620562.3485968
3,3840,1695620562.3657575
3,3904,1695620562.3883522
3,3968,1695620562.4106438
3,4032,1695620562.4309795
3,4096,1695620562.4460526
3,4160,1695620562.4695172
3,4224,1695620562.4923117
3,4288,1695620562.5078824
3,4352,1695620562.5228038
3,4416,1695620562.543246
3,4480,1695620562.56271
3,4544,1695620562.5825343
3,4608,1695620562.602346
3,4672,1695620562.6226192
3,4736,1695620562.6424122
3,4800,1695620562.6625526
3,4864,1695620562.6828048
3,4928,1695620562.7024038
3,4992,1695620562.7223492
3,5056,1695620562.7424765
3,5120,1695620562.762463
3,5184,1695620562.7827895
3,5248,1695620562.8027303
3,5312,1695620562.8223097
3,5376,1695620562.8428428
3,5440,1695620562.862701
3,5504,1695620562.8826356
3,5568,1695620562.902396
3,5632,1695620562.9229074
3,5696,1695620562.9424856
3,5760,1695620562.962454
3,5824,1695620562.9829516
3,5888,1695620563.0024948
3,5952,1695620563.0202906
3,6016,1695620563.0372741
3,6080,1695620563.0551107
3,6144,1695620563.0732806
3,6208,1695620563.0928118
3,6272,1695620563.111203
3,6336,1695620563.1306179
3,6400,1695620563.1506479
3,6464,1695620563.1706033
3,6528,1695620563.1905372
3,6592,1695620563.2107234
3,6656,1695620563.230967
3,6720,1695620563.2504075
3,6784,1695620563.268236
3,6848,1695620563.285331
3,6912,1695620563.3035235
3,6976,1695620563.3204372
3,7040,1695620563.3383174
3,7104,1695620563.3560233
3,7168,1695620563.373004
3,7232,1695620563.390474
3,7296,1695620563.4071708
3,7360,1695620563.4241455
3,7424,1695620563.4411821
3,7488,1695620563.4594135
3,7552,1695620563.4763129
3,7616,1695620563.4927008
3,7680,1695620563.5093606
3,7744,1695620563.5270307
3,7808,1695620563.5454977
3,7872,1695620563.5627928
3,7936,1695620563.5798144
3,8000,1695620563.5970447
3,8064,1695620563.6157062
3,8128,1695620563.6407008
3,8192,1695620563.6628146
3,8256,1695620563.6779723
3,8320,1695620563.7007816
3,8384,1695620563.7228396
3,8448,1695620563.7426271
3,8512,1695620563.7640774
3,8576,1695620563.7851279
3,8640,1695620563.808773
3,8704,1695620563.8313208
3,8768,1695620563.852895
3,8832,1695620563.8773103
3,8896,1695620563.8972383
3,8960,1695620563.9212408
3,9024,1695620563.943048
3,9088,1695620563.9587505
3,9152,1695620563.9804945
3,9216,1695620564.002821
3,9280,1695620564.0225978
3,9344,1695620564.039959
3,9408,1695620564.0575306
3,9472,1695620564.0748994
3,9536,1695620564.093078
3,9600,1695620564.1121268
3,9664,1695620564.1321108
3,9728,1695620564.147922
3,9792,1695620564.1727357
3,9856,1695620564.193182
3,9920,1695620564.2169344
3,9984,1695620564.2367342
3,10048,1695620564.2590911
3,10112,1695620564.2794363
3,10176,1695620564.2954097
3,10240,1695620564.3122096
3,10304,1695620564.328426
3,10368,1695620564.345551
3,10432,1695620564.3650427
3,10496,1695620564.3834894
3,10560,1695620564.400218
3,10624,1695620564.4170437
3,10688,1695620564.432589
3,10752,1695620564.4493716
3,10816,1695620564.4673727
3,10880,1695620564.484118
3,10944,1695620564.5024114
3,11008,1695620564.522707
3,11072,1695620564.5423074
3,11136,1695620564.5623689
3,11200,1695620564.5796993
3,11264,1695620564.5986304
3,11328,1695620564.6165357
3,11392,1695620564.6334999
3,11456,1695620564.6517026
3,11520,1695620564.6701202
3,11584,1695620564.690184
3,11648,1695620564.711442
3,11712,1695620564.7311308
3,11776,1695620564.750443
3,11840,1695620564.7682703
3,11904,1695620564.7852314
3,11968,1695620564.8030865
3,12032,1695620564.821399
3,12096,1695620564.8399594
3,12160,1695620564.8589447
3,12224,1695620564.8765333
3,12288,1695620564.893379
3,12352,1695620564.911081
3,12416,1695620564.929411
3,12480,1695620564.947347
3,12544,1695620564.9653976
3,12608,1695620564.9842722
3,12672,1695620565.0033522
3,12736,1695620565.0225387
3,12800,1695620565.0394638
3,12864,1695620565.0600765
3,12928,1695620565.082703
3,12992,1695620565.1031911
3,13056,1695620565.1245017
3,13120,1695620565.1455183
3,13184,1695620565.166314
3,13248,1695620565.192299
3,13312,1695620565.2132282
3,13376,1695620565.2351124
3,13440,1695620565.2556427
3,13504,1695620565.271601
3,13568,1695620565.2885087
3,13632,1695620565.3067892
3,13696,1695620565.3266828
3,13760,1695620565.346296
3,13824,1695620565.3640528
3,13888,1695620565.380848
3,13952,1695620565.3978894
3,14016,1695620565.416115
3,14080,1695620565.4348276
3,14144,1695620565.4523342
3,14208,1695620565.4693117
3,14272,1695620565.4866757
3,14336,1695620565.5050273
3,14400,1695620565.5228734
3,14464,1695620565.5426567
3,14528,1695620565.5597837
3,14592,1695620565.5786226
3,14656,1695620565.598802
3,14720,1695620565.618566
3,14784,1695620565.6388235
3,14848,1695620565.6584177
3,14912,1695620565.6781144
3,14976,1695620565.69655
3,15040,1695620565.7136662
3,15104,1695620565.7319052
3,15168,1695620565.7498214
3,15232,1695620565.771417
3,15296,1695620565.796271
3,15360,1695620565.8187497
3,15424,1695620565.8385532
3,15488,1695620565.8607554
3,15552,1695620565.88123
3,15616,1695620565.901469
3,15680,1695620565.9216459
3,15744,1695620565.9489012
3,15808,1695620565.9681723
3,15872,1695620565.9935892
3,15936,1695620566.01303
3,16000,1695620566.0362878
3,16064,1695620566.058592
3,16128,1695620566.0733638
3,16192,1695620566.0970728
3,16256,1695620566.1172454
3,16320,1695620566.1403804
3,16384,1695620566.1622562
3,16448,1695620566.182453
3,16512,1695620566.2031534
3,16576,1695620566.2251568
3,16640,1695620566.249604
3,16704,1695620566.2695396
3,16768,1695620566.2875545
3,16832,1695620566.3037775
3,16896,1695620566.321087
3,16960,1695620566.3391793
3,17024,1695620566.3559344
3,17088,1695620566.3745837
3,17152,1695620566.3949049
3,17216,1695620566.414355
3,17280,1695620566.435119
3,17344,1695620566.4545112
3,17408,1695620566.4745843
3,17472,1695620566.494229
3,17536,1695620566.5120535
3,17600,1695620566.5291166
3,17664,1695620566.546837
3,17728,1695620566.5648575
3,17792,1695620566.5844116
3,17856,1695620566.602998
3,17920,1695620566.6202683
3,17984,1695620566.637065
3,18048,1695620566.6546686
3,18112,1695620566.6728342
3,18176,1695620566.6920414
3,18240,1695620566.7160513
3,18304,1695620566.7390072
3,18368,1695620566.7589097
3,18432,1695620566.7801895
3,18496,1695620566.8014717
3,18560,1695620566.82695
3,18624,1695620566.8499978
3,18688,1695620566.8722155
3,18752,1695620566.896279
3,18816,1695620566.9182634
3,18880,1695620566.9418578
3,18944,1695620566.9627998
3,19008,1695620566.9775617
3,19072,1695620567.0010266
3,19136,1695620567.0208888
3,19200,1695620567.041329
3,19264,1695620567.0619702
3,19328,1695620567.089099
3,19392,1695620567.1088712
3,19456,1695620567.1293693
3,19520,1695620567.1535344
3,19584,1695620567.176805
3,19648,1695620567.1975517
3,19712,1695620567.213933
3,19776,1695620567.2332666
3,19840,1695620567.2551298
3,19904,1695620567.2751052
3,19968,1695620567.296345
3,20032,1695620567.31706
3,20096,1695620567.3403614
3,20160,1695620567.362384
3,20224,1695620567.3824346
3,20288,1695620567.4022455
3,20352,1695620567.4223893
3,20416,1695620567.4432707
3,20480,1695620567.4595048
3,20544,1695620567.4762807
3,20608,1695620567.4944966
3,20672,1695620567.514608
3,20736,1695620567.5347128
3,20800,1695620567.5545223
3,20864,1695620567.574706
3,20928,1695620567.594519
3,20992,1695620567.6150134
3,21056,1695620567.6326416
3,21120,1695620567.6494167
3,21184,1695620567.667726
3,21248,1695620567.6863668
3,21312,1695620567.706288
3,21376,1695620567.7268858
3,21440,1695620567.746597
3,21504,1695620567.7668722
3,21568,1695620567.7863538
3,21632,1695620567.806194
3,21696,1695620567.8265479
3,21760,1695620567.8467877
3,21824,1695620567.8668013
3,21888,1695620567.8836536
3,21952,1695620567.9006898
3,22016,1695620567.9185534
3,22080,1695620567.936023
3,22144,1695620567.9530268
3,22208,1695620567.9687605
3,22272,1695620567.985641
3,22336,1695620568.0036178
3,22400,1695620568.023676
3,22464,1695620568.0454907
3,22528,1695620568.0637171
3,22592,1695620568.080456
3,22656,1695620568.0975442
3,22720,1695620568.1156597
3,22784,1695620568.1326628
3,22848,1695620568.1484928
3,22912,1695620568.165768
3,22976,1695620568.1842506
3,23040,1695620568.2009776
3,23104,1695620568.2190194
3,23168,1695620568.2361863
3,23232,1695620568.253301
3,23296,1695620568.2711632
3,23360,1695620568.2873285
3,23424,1695620568.3043349
3,23488,1695620568.3229926
3,23552,1695620568.342498
3,23616,1695620568.3629448
3,23680,1695620568.3823946
3,23744,1695620568.4025695
3,23808,1695620568.426928
3,23872,1695620568.442032
3,23936,1695620568.4616702
3,24000,1695620568.483076
3,24064,1695620568.5028222
3,24128,1695620568.5247705
3,24192,1695620568.5454764
3,24256,1695620568.5702312
3,24320,1695620568.5924265
3,24384,1695620568.6146662
3,24448,1695620568.6358569
3,24512,1695620568.6585648
3,24576,1695620568.673661
3,24640,1695620568.6943247
3,24704,1695620568.7158341
3,24768,1695620568.7375598
3,24832,1695620568.7631376
3,24896,1695620568.7861042
3,24960,1695620568.808487
3,25024,1695620568.8295093
3,25088,1695620568.851048
3,25152,1695620568.8697371
3,25216,1695620568.8901944
3,25280,1695620568.9087815
3,25344,1695620568.9260457
3,25408,1695620568.944595
3,25472,1695620568.963654
3,25536,1695620568.9883585
3,25600,1695620569.0107076
3,25664,1695620569.030905
3,25728,1695620569.057407
3,25792,1695620569.077794
3,25856,1695620569.0935895
3,25920,1695620569.1173322
3,25984,1695620569.1359828
3,26048,1695620569.161702
3,26112,1695620569.182539
3,26176,1695620569.2046432
3,26240,1695620569.2256694
3,26304,1695620569.24935
3,26368,1695620569.2720277
3,26432,1695620569.292856
3,26496,1695620569.314379
3,26560,1695620569.3389401
3,26624,1695620569.3600345
3,26688,1695620569.3830516
3,26752,1695620569.4035642
3,26816,1695620569.425128
3,26880,1695620569.448665
3,26944,1695620569.4705505
3,27008,1695620569.4857154
3,27072,1695620569.509725
3,27136,1695620569.5326686
3,27200,1695620569.554416
3,27264,1695620569.5778768
3,27328,1695620569.5994906
3,27392,1695620569.623049
3,27456,1695620569.6445825
3,27520,1695620569.6669662
3,27584,1695620569.6874726
3,27648,1695620569.7087827
3,27712,1695620569.7295783
3,27776,1695620569.750475
3,27840,1695620569.7768779
3,27904,1695620569.7972987
3,27968,1695620569.8157275
3,28032,1695620569.831805
3,28096,1695620569.8492813
3,28160,1695620569.8674028
3,28224,1695620569.8844163
3,28288,1695620569.9024527
3,28352,1695620569.9203203
3,28416,1695620569.937304
3,28480,1695620569.9554791
3,28544,1695620569.9724567
3,28608,1695620569.990653
3,28672,1695620570.0109189
3,28736,1695620570.0281658
3,28800,1695620570.0464563
3,28864,1695620570.0662806
3,28928,1695620570.086605
3,28992,1695620570.103529
3,29056,1695620570.1241107
3,29120,1695620570.1466706
3,29184,1695620570.1674004
3,29248,1695620570.188353
3,29312,1695620570.2152214
3,29376,1695620570.237408
3,29440,1695620570.260928
3,29504,1695620570.282374
3,29568,1695620570.3024285
3,29632,1695620570.3227878
3,29696,1695620570.3435564
3,29760,1695620570.3653462
3,29824,1695620570.3893192
3,29888,1695620570.4090686
3,29952,1695620570.4330292
3,30016,1695620570.454799
3,30080,1695620570.4756346
3,30144,1695620570.4966877
3,30208,1695620570.5184667
3,30272,1695620570.5424542
3,30336,1695620570.566681
3,30400,1695620570.5905867
3,30464,1695620570.609684
3,30528,1695620570.633295
3,30592,1695620570.6562574
3,30656,1695620570.679247
3,30720,1695620570.6988285
3,30784,1695620570.7142212
3,30848,1695620570.7339437
3,30912,1695620570.7545152
3,30976,1695620570.7694545
3,31040,1695620570.7935464
3,31104,1695620570.8130918
3,31168,1695620570.836609
3,31232,1695620570.8592386
3,31296,1695620570.882033
3,31360,1695620570.9038343
3,31424,1695620570.925627
3,31488,1695620570.9467626
3,31552,1695620570.9667845
3,31616,1695620570.991259
3,31680,1695620571.0121386
3,31744,1695620571.0304868
3,31808,1695620571.048639
3,31872,1695620571.0681021
3,31936,1695620571.0867877
3,32000,1695620571.10653
3,32064,1695620571.1268523
3,32128,1695620571.1442847
3,32192,1695620571.1590781
3,32256,1695620571.176594
3,32320,1695620571.200121
3,32384,1695620571.2226758
3,32448,1695620571.244915
3,32512,1695620571.266402
3,32576,1695620571.2906156
3,32640,1695620571.3133986
3,32704,1695620571.3349378
3,32768,1695620571.3549063
3,32832,1695620571.3791237
3,32896,1695620571.3998268
3,32960,1695620571.4211833
3,33024,1695620571.4415352
3,33088,1695620571.4654236
3,33152,1695620571.4815474
3,33216,1695620571.5019872
3,33280,1695620571.522604
3,33344,1695620571.5376809
3,33408,1695620571.561392
3,33472,1695620571.5807822
3,33536,1695620571.6011574
3,33600,1695620571.6213243
3,33664,1695620571.6456811
3,33728,1695620571.661881
3,33792,1695620571.6860905
3,33856,1695620571.7078578
3,33920,1695620571.7305772
3,33984,1695620571.7523391
3,34048,1695620571.774908
3,34112,1695620571.7952476
3,34176,1695620571.8167787
3,34240,1695620571.8372796
3,34304,1695620571.8587627
3,34368,1695620571.8822176
3,34432,1695620571.9044528
3,34496,1695620571.925442
3,34560,1695620571.9499688
3,34624,1695620571.9695494
3,34688,1695620571.9853592
3,34752,1695620572.0033634
3,34816,1695620572.0232031
3,34880,1695620572.0432928
3,34944,1695620572.0632713
3,35008,1695620572.0825524
3,35072,1695620572.1029787
3,35136,1695620572.1230998
3,35200,1695620572.1431928
3,35264,1695620572.1627488
3,35328,1695620572.1828783
3,35392,1695620572.2030084
3,35456,1695620572.222371
3,35520,1695620572.242291
3,35584,1695620572.263111
3,35648,1695620572.28351
3,35712,1695620572.3032784
3,35776,1695620572.3225458
3,35840,1695620572.3429008
3,35904,1695620572.3630373
3,35968,1695620572.37995
3,36032,1695620572.3981893
3,36096,1695620572.4188097
3,36160,1695620572.4394379
3,36224,1695620572.4597838
3,36288,1695620572.4791658
3,36352,1695620572.499101
3,36416,1695620572.5192301
3,36480,1695620572.5390582
3,36544,1695620572.5583396
3,36608,1695620572.5792875
3,36672,1695620572.5993423
3,36736,1695620572.618574
3,36800,1695620572.6359391
3,36864,1695620572.6542153
3,36928,1695620572.6750321
3,36992,1695620572.6949248
3,37056,1695620572.7145948
3,37120,1695620572.735205
3,37184,1695620572.755444
3,37248,1695620572.774584
3,37312,1695620572.79235
3,37376,1695620572.810112
3,37440,1695620572.82933
3,37504,1695620572.8492413
3,37568,1695620572.867324
3,37632,1695620572.883949
3,37696,1695620572.9014301
3,37760,1695620572.9196436
3,37824,1695620572.938359
3,37888,1695620572.9587245
3,37952,1695620572.979239
3,38016,1695620572.9990067
3,38080,1695620573.0189474
3,38144,1695620573.0389826
3,38208,1695620573.0589843
3,38272,1695620573.0787604
3,38336,1695620573.098306
3,38400,1695620573.1165552
3,38464,1695620573.1340702
3,38528,1695620573.1527145
3,38592,1695620573.1717348
