epoch,trained_sample,time
1,0,1696070972.9887333
1,64,1696070974.3130436
1,128,1696070974.3419085
1,192,1696070974.3697176
1,256,1696070974.3914814
1,320,1696070974.4117584
1,384,1696070974.428997
1,448,1696070974.4561095
1,512,1696070974.476287
1,576,1696070974.493322
1,640,1696070974.5112152
1,704,1696070974.5327752
1,768,1696070974.5561328
1,832,1696070974.577183
1,896,1696070974.5961442
1,960,1696070974.6192157
1,1024,1696070974.638818
1,1088,1696070974.6542451
1,1152,1696070974.6681888
1,1216,1696070974.6910336
1,1280,1696070974.7105415
1,1344,1696070974.7259567
1,1408,1696070974.73983
1,1472,1696070974.7628398
1,1536,1696070974.7825344
1,1600,1696070974.7958806
1,1664,1696070974.8091195
1,1728,1696070974.829691
1,1792,1696070974.8484318
1,1856,1696070974.8620176
1,1920,1696070974.8773203
1,1984,1696070974.9012542
1,2048,1696070974.924029
1,2112,1696070974.9366782
1,2176,1696070974.94917
1,2240,1696070974.9676666
1,2304,1696070974.9824264
1,2368,1696070974.9976323
1,2432,1696070975.021731
1,2496,1696070975.0434792
1,2560,1696070975.061003
1,2624,1696070975.077511
1,2688,1696070975.0998135
1,2752,1696070975.1165278
1,2816,1696070975.1342645
1,2880,1696070975.1521487
1,2944,1696070975.173625
1,3008,1696070975.1945405
1,3072,1696070975.2082605
1,3136,1696070975.2254674
1,3200,1696070975.2476153
1,3264,1696070975.2683346
1,3328,1696070975.2862802
1,3392,1696070975.3063614
1,3456,1696070975.328421
1,3520,1696070975.350419
1,3584,1696070975.3712034
1,3648,1696070975.3882184
1,3712,1696070975.4069836
1,3776,1696070975.4273393
1,3840,1696070975.4425547
1,3904,1696070975.4571238
1,3968,1696070975.477155
1,4032,1696070975.49749
1,4096,1696070975.5165474
1,4160,1696070975.533586
1,4224,1696070975.5558443
1,4288,1696070975.5728858
1,4352,1696070975.5899286
1,4416,1696070975.607935
1,4480,1696070975.6309144
1,4544,1696070975.6520803
1,4608,1696070975.6702147
1,4672,1696070975.6882942
1,4736,1696070975.7111194
1,4800,1696070975.730591
1,4864,1696070975.745937
1,4928,1696070975.759041
1,4992,1696070975.782489
1,5056,1696070975.8023336
1,5120,1696070975.8179958
1,5184,1696070975.8308835
1,5248,1696070975.854576
1,5312,1696070975.8742154
1,5376,1696070975.8899832
1,5440,1696070975.9030108
1,5504,1696070975.926414
1,5568,1696070975.9482005
1,5632,1696070975.9664576
1,5696,1696070975.984167
1,5760,1696070976.006867
1,5824,1696070976.026372
1,5888,1696070976.0420597
1,5952,1696070976.055061
1,6016,1696070976.078479
1,6080,1696070976.0983393
1,6144,1696070976.114139
1,6208,1696070976.1271033
1,6272,1696070976.1505878
1,6336,1696070976.173412
1,6400,1696070976.186504
1,6464,1696070976.20577
1,6528,1696070976.2280233
1,6592,1696070976.252191
1,6656,1696070976.2728958
1,6720,1696070976.2933333
1,6784,1696070976.3140616
1,6848,1696070976.3363094
1,6912,1696070976.3578854
1,6976,1696070976.3780353
1,7040,1696070976.4013057
1,7104,1696070976.4181743
1,7168,1696070976.442241
1,7232,1696070976.4666638
1,7296,1696070976.493262
1,7360,1696070976.518339
1,7424,1696070976.5386493
1,7488,1696070976.559401
1,7552,1696070976.5771792
1,7616,1696070976.5957181
1,7680,1696070976.6148722
1,7744,1696070976.6372633
1,7808,1696070976.6598406
1,7872,1696070976.6795304
1,7936,1696070976.6985805
1,8000,1696070976.7195585
1,8064,1696070976.7354884
1,8128,1696070976.7518907
1,8192,1696070976.7679327
1,8256,1696070976.7841885
1,8320,1696070976.8005579
1,8384,1696070976.8171177
1,8448,1696070976.8345304
1,8512,1696070976.8528743
1,8576,1696070976.8706448
1,8640,1696070976.8892014
1,8704,1696070976.9066255
1,8768,1696070976.9250002
1,8832,1696070976.9426985
1,8896,1696070976.961065
1,8960,1696070976.9785972
1,9024,1696070977.0031319
1,9088,1696070977.0202854
1,9152,1696070977.04456
1,9216,1696070977.069668
1,9280,1696070977.088689
1,9344,1696070977.1026073
1,9408,1696070977.119897
1,9472,1696070977.1376977
1,9536,1696070977.1642222
1,9600,1696070977.1835291
1,9664,1696070977.2047715
1,9728,1696070977.2260356
1,9792,1696070977.2494216
1,9856,1696070977.2727053
1,9920,1696070977.2975638
1,9984,1696070977.3189716
1,10048,1696070977.346694
1,10112,1696070977.3625057
1,10176,1696070977.3826344
1,10240,1696070977.4026663
1,10304,1696070977.423595
1,10368,1696070977.4397993
1,10432,1696070977.4562473
1,10496,1696070977.474178
1,10560,1696070977.4984994
1,10624,1696070977.5178025
1,10688,1696070977.5372992
1,10752,1696070977.5563154
1,10816,1696070977.5790582
1,10880,1696070977.6003368
1,10944,1696070977.6167424
1,11008,1696070977.6323147
1,11072,1696070977.6563847
1,11136,1696070977.6817365
1,11200,1696070977.7014246
1,11264,1696070977.7204905
1,11328,1696070977.7367718
1,11392,1696070977.7507758
1,11456,1696070977.7682056
1,11520,1696070977.7856314
1,11584,1696070977.8080902
1,11648,1696070977.8269951
1,11712,1696070977.8459384
1,11776,1696070977.8660488
1,11840,1696070977.891164
1,11904,1696070977.911373
1,11968,1696070977.9307215
1,12032,1696070977.957063
1,12096,1696070977.9805696
1,12160,1696070978.0030825
1,12224,1696070978.0234554
1,12288,1696070978.042335
1,12352,1696070978.0632002
1,12416,1696070978.0791242
1,12480,1696070978.095295
1,12544,1696070978.1130545
1,12608,1696070978.137442
1,12672,1696070978.1563048
1,12736,1696070978.1750455
1,12800,1696070978.1965563
1,12864,1696070978.2177846
1,12928,1696070978.2372704
1,12992,1696070978.256597
1,13056,1696070978.2755985
1,13120,1696070978.2944386
1,13184,1696070978.3134232
1,13248,1696070978.3395126
1,13312,1696070978.3591895
1,13376,1696070978.378834
1,13440,1696070978.3974934
1,13504,1696070978.4169106
1,13568,1696070978.436073
1,13632,1696070978.4571803
1,13696,1696070978.477627
1,13760,1696070978.4969685
1,13824,1696070978.5159664
1,13888,1696070978.5348961
1,13952,1696070978.554456
1,14016,1696070978.5736644
1,14080,1696070978.592489
1,14144,1696070978.6108088
1,14208,1696070978.632925
1,14272,1696070978.6543126
1,14336,1696070978.6778114
1,14400,1696070978.6957564
1,14464,1696070978.7169497
1,14528,1696070978.7374341
1,14592,1696070978.7563627
1,14656,1696070978.7753725
1,14720,1696070978.7941923
1,14784,1696070978.813432
1,14848,1696070978.8324933
1,14912,1696070978.851465
1,14976,1696070978.8694696
1,15040,1696070978.8889306
1,15104,1696070978.9111412
1,15168,1696070978.9277987
1,15232,1696070978.943518
1,15296,1696070978.9596155
1,15360,1696070978.9778695
1,15424,1696070978.9952793
1,15488,1696070979.0116947
1,15552,1696070979.0276017
1,15616,1696070979.0465534
1,15680,1696070979.0655825
1,15744,1696070979.0849988
1,15808,1696070979.1026535
1,15872,1696070979.1210632
1,15936,1696070979.1385329
1,16000,1696070979.1570861
1,16064,1696070979.1746957
1,16128,1696070979.1924183
1,16192,1696070979.2116804
1,16256,1696070979.2311373
1,16320,1696070979.2497475
1,16384,1696070979.2678037
1,16448,1696070979.2841737
1,16512,1696070979.3000267
1,16576,1696070979.3160799
1,16640,1696070979.335141
1,16704,1696070979.3523757
1,16768,1696070979.3684182
1,16832,1696070979.3851535
1,16896,1696070979.4028435
1,16960,1696070979.4214628
1,17024,1696070979.4394677
1,17088,1696070979.4596276
1,17152,1696070979.4784076
1,17216,1696070979.497765
1,17280,1696070979.5152302
1,17344,1696070979.5315013
1,17408,1696070979.5485091
1,17472,1696070979.565161
1,17536,1696070979.5825734
1,17600,1696070979.5994906
1,17664,1696070979.6161706
1,17728,1696070979.6321502
1,17792,1696070979.64805
1,17856,1696070979.6670687
1,17920,1696070979.6839406
1,17984,1696070979.7007895
1,18048,1696070979.7167165
1,18112,1696070979.7348404
1,18176,1696070979.751848
1,18240,1696070979.7684367
1,18304,1696070979.7855587
1,18368,1696070979.8019397
1,18432,1696070979.8193395
1,18496,1696070979.835909
1,18560,1696070979.8513064
1,18624,1696070979.8695848
1,18688,1696070979.8890276
1,18752,1696070979.9066067
1,18816,1696070979.9247983
1,18880,1696070979.9424796
1,18944,1696070979.9608843
1,19008,1696070979.9787729
1,19072,1696070979.9971545
1,19136,1696070980.0146527
1,19200,1696070980.032505
1,19264,1696070980.048029
1,19328,1696070980.0678627
1,19392,1696070980.0929258
1,19456,1696070980.1124296
1,19520,1696070980.1323905
1,19584,1696070980.1573188
1,19648,1696070980.1768706
1,19712,1696070980.198562
1,19776,1696070980.2181404
1,19840,1696070980.2381427
1,19904,1696070980.2615583
1,19968,1696070980.2825491
1,20032,1696070980.301823
1,20096,1696070980.322253
1,20160,1696070980.3418252
1,20224,1696070980.362218
1,20288,1696070980.3819692
1,20352,1696070980.4020274
1,20416,1696070980.4221723
1,20480,1696070980.4424505
1,20544,1696070980.4619396
1,20608,1696070980.4850893
1,20672,1696070980.5064852
1,20736,1696070980.5258195
1,20800,1696070980.5462296
1,20864,1696070980.5665843
1,20928,1696070980.5861738
1,20992,1696070980.6103475
1,21056,1696070980.6348848
1,21120,1696070980.6550534
1,21184,1696070980.6712065
1,21248,1696070980.6884432
1,21312,1696070980.7062833
1,21376,1696070980.723744
1,21440,1696070980.7403674
1,21504,1696070980.756437
1,21568,1696070980.7743258
1,21632,1696070980.791655
1,21696,1696070980.8080716
1,21760,1696070980.823741
1,21824,1696070980.8424175
1,21888,1696070980.8599076
1,21952,1696070980.8761468
1,22016,1696070980.8919897
1,22080,1696070980.9077697
1,22144,1696070980.9264896
1,22208,1696070980.9438853
1,22272,1696070980.9603236
1,22336,1696070980.977112
1,22400,1696070980.992374
1,22464,1696070981.008609
1,22528,1696070981.0242682
1,22592,1696070981.0426662
1,22656,1696070981.0595942
1,22720,1696070981.076071
1,22784,1696070981.091806
1,22848,1696070981.1102188
1,22912,1696070981.128601
1,22976,1696070981.146571
1,23040,1696070981.1638644
1,23104,1696070981.1799827
1,23168,1696070981.1959403
1,23232,1696070981.2151222
1,23296,1696070981.2322178
1,23360,1696070981.2490125
1,23424,1696070981.2648287
1,23488,1696070981.2826939
1,23552,1696070981.2994423
1,23616,1696070981.3158514
1,23680,1696070981.3321311
1,23744,1696070981.349932
1,23808,1696070981.3693972
1,23872,1696070981.3868504
1,23936,1696070981.403611
1,24000,1696070981.420327
1,24064,1696070981.4362967
1,24128,1696070981.452787
1,24192,1696070981.4703124
1,24256,1696070981.4884129
1,24320,1696070981.5065906
1,24384,1696070981.525207
1,24448,1696070981.5425582
1,24512,1696070981.5607169
1,24576,1696070981.5783165
1,24640,1696070981.5966501
1,24704,1696070981.6141987
1,24768,1696070981.6325295
1,24832,1696070981.6507473
1,24896,1696070981.6691136
1,24960,1696070981.6865797
1,25024,1696070981.7047036
1,25088,1696070981.722575
1,25152,1696070981.740891
1,25216,1696070981.758734
1,25280,1696070981.7772732
1,25344,1696070981.7946048
1,25408,1696070981.8126936
1,25472,1696070981.8306024
1,25536,1696070981.8490264
1,25600,1696070981.8681004
1,25664,1696070981.8859324
1,25728,1696070981.905996
1,25792,1696070981.9231422
1,25856,1696070981.9394534
1,25920,1696070981.9611633
1,25984,1696070981.980537
1,26048,1696070981.99829
1,26112,1696070982.015658
1,26176,1696070982.0340836
1,26240,1696070982.05187
1,26304,1696070982.0682056
1,26368,1696070982.0840614
1,26432,1696070982.1022837
1,26496,1696070982.1197834
1,26560,1696070982.1364744
1,26624,1696070982.1523936
1,26688,1696070982.1734567
1,26752,1696070982.1907606
1,26816,1696070982.2083008
1,26880,1696070982.2270195
1,26944,1696070982.2465801
1,27008,1696070982.2640696
1,27072,1696070982.2806048
1,27136,1696070982.2961373
1,27200,1696070982.3142545
1,27264,1696070982.331419
1,27328,1696070982.3479111
1,27392,1696070982.3643036
1,27456,1696070982.3818014
1,27520,1696070982.3996384
1,27584,1696070982.4166794
1,27648,1696070982.4337103
1,27712,1696070982.4503229
1,27776,1696070982.4674876
1,27840,1696070982.484291
1,27904,1696070982.5001657
1,27968,1696070982.5186942
1,28032,1696070982.5357125
1,28096,1696070982.5524604
1,28160,1696070982.5687892
1,28224,1696070982.5864763
1,28288,1696070982.60537
1,28352,1696070982.6231055
1,28416,1696070982.6417832
1,28480,1696070982.6612742
1,28544,1696070982.681094
1,28608,1696070982.7031972
1,28672,1696070982.7198274
1,28736,1696070982.7363052
1,28800,1696070982.754193
1,28864,1696070982.7716186
1,28928,1696070982.7880182
1,28992,1696070982.8045032
1,29056,1696070982.8219695
1,29120,1696070982.8382812
1,29184,1696070982.8568978
1,29248,1696070982.874725
1,29312,1696070982.8931074
1,29376,1696070982.910542
1,29440,1696070982.9287155
1,29504,1696070982.9465687
1,29568,1696070982.9647796
1,29632,1696070982.9828675
1,29696,1696070983.0012848
1,29760,1696070983.0187254
1,29824,1696070983.0368161
1,29888,1696070983.0545113
1,29952,1696070983.0726466
1,30016,1696070983.089948
1,30080,1696070983.1058946
1,30144,1696070983.1250474
1,30208,1696070983.1425323
1,30272,1696070983.159703
1,30336,1696070983.176588
1,30400,1696070983.1938052
1,30464,1696070983.2100272
1,30528,1696070983.2286084
1,30592,1696070983.2466426
1,30656,1696070983.2648253
1,30720,1696070983.2823052
1,30784,1696070983.3011138
1,30848,1696070983.31874
1,30912,1696070983.3388855
1,30976,1696070983.3577862
1,31040,1696070983.3778834
1,31104,1696070983.398067
1,31168,1696070983.4180787
1,31232,1696070983.4381979
1,31296,1696070983.4583092
1,31360,1696070983.4780953
1,31424,1696070983.499244
1,31488,1696070983.5164323
1,31552,1696070983.5330634
1,31616,1696070983.5553668
1,31680,1696070983.572245
1,31744,1696070983.588175
1,31808,1696070983.6066635
1,31872,1696070983.6256623
1,31936,1696070983.6429083
1,32000,1696070983.6607924
1,32064,1696070983.6786842
1,32128,1696070983.698666
1,32192,1696070983.7155666
1,32256,1696070983.7335055
1,32320,1696070983.7485
1,32384,1696070983.7676733
1,32448,1696070983.7931406
1,32512,1696070983.812129
1,32576,1696070983.834696
1,32640,1696070983.8489969
1,32704,1696070983.872843
1,32768,1696070983.8935354
1,32832,1696070983.915732
1,32896,1696070983.936836
1,32960,1696070983.957267
1,33024,1696070983.9799523
1,33088,1696070984.002137
1,33152,1696070984.0221636
1,33216,1696070984.0418088
1,33280,1696070984.062466
1,33344,1696070984.082474
1,33408,1696070984.0984921
1,33472,1696070984.1171196
1,33536,1696070984.1347115
1,33600,1696070984.1535575
1,33664,1696070984.170901
1,33728,1696070984.1890743
1,33792,1696070984.2066283
1,33856,1696070984.2236292
1,33920,1696070984.2405007
1,33984,1696070984.262277
1,34048,1696070984.2822397
1,34112,1696070984.3019948
1,34176,1696070984.3219264
1,34240,1696070984.3399184
1,34304,1696070984.3563738
1,34368,1696070984.3724983
1,34432,1696070984.3904538
1,34496,1696070984.4088533
1,34560,1696070984.426232
1,34624,1696070984.443777
1,34688,1696070984.46173
1,34752,1696070984.4836183
1,34816,1696070984.509122
1,34880,1696070984.5267994
1,34944,1696070984.547795
1,35008,1696070984.5707006
1,35072,1696070984.5898774
1,35136,1696070984.6145713
1,35200,1696070984.6363935
1,35264,1696070984.6584713
1,35328,1696070984.6789396
1,35392,1696070984.7019522
1,35456,1696070984.7223897
1,35520,1696070984.7452073
1,35584,1696070984.7664926
1,35648,1696070984.7860332
1,35712,1696070984.801257
1,35776,1696070984.8245807
1,35840,1696070984.8463314
1,35904,1696070984.8658834
1,35968,1696070984.8861842
1,36032,1696070984.9060636
1,36096,1696070984.9261339
1,36160,1696070984.9462466
1,36224,1696070984.9658096
1,36288,1696070984.9860506
1,36352,1696070985.006251
1,36416,1696070985.0273829
1,36480,1696070985.0477035
1,36544,1696070985.074023
1,36608,1696070985.0986865
1,36672,1696070985.1181612
1,36736,1696070985.14182
1,36800,1696070985.1624389
1,36864,1696070985.1820388
1,36928,1696070985.2033796
1,36992,1696070985.224482
1,37056,1696070985.2467847
1,37120,1696070985.2613442
1,37184,1696070985.2849228
1,37248,1696070985.304249
1,37312,1696070985.3267975
1,37376,1696070985.3414555
1,37440,1696070985.364874
1,37504,1696070985.3843744
1,37568,1696070985.4067059
1,37632,1696070985.420207
1,37696,1696070985.4419684
1,37760,1696070985.45709
1,37824,1696070985.4807644
1,37888,1696070985.5005174
1,37952,1696070985.5227587
1,38016,1696070985.542392
1,38080,1696070985.566116
1,38144,1696070985.5864103
1,38208,1696070985.606213
1,38272,1696070985.6261802
1,38336,1696070985.6460679
1,38400,1696070985.6660578
1,38464,1696070985.6861598
1,38528,1696070985.7061045
1,38592,1696070985.7294774
1,38656,1696070985.750478
1,38720,1696070985.7699122
1,38784,1696070985.7903166
1,38848,1696070985.8099523
1,38912,1696070985.8300912
1,38976,1696070985.8502777
1,39040,1696070985.8696346
1,39104,1696070985.8856416
1,39168,1696070985.9047751
1,39232,1696070985.9212449
1,39296,1696070985.93873
1,39360,1696070985.9540591
1,39424,1696070985.9713597
1,39488,1696070985.9882734
1,39552,1696070986.0048046
1,39616,1696070986.022645
1,39680,1696070986.040704
1,39744,1696070986.0585876
1,39808,1696070986.0772665
1,39872,1696070986.0945735
1,39936,1696070986.1126354
1,40000,1696070986.130477
1,40064,1696070986.147405
1,40128,1696070986.164166
1,40192,1696070986.1795082
1,40256,1696070986.1978347
1,40320,1696070986.2226493
1,40384,1696070986.242848
1,40448,1696070986.2641573
1,40512,1696070986.2861404
1,40576,1696070986.309798
1,40640,1696070986.3316574
1,40704,1696070986.3462253
1,40768,1696070986.36306
1,40832,1696070986.388442
1,40896,1696070986.408248
1,40960,1696070986.4304893
1,41024,1696070986.4501207
1,41088,1696070986.469821
1,41152,1696070986.490163
1,41216,1696070986.5104403
1,41280,1696070986.530572
1,41344,1696070986.554551
1,41408,1696070986.575772
1,41472,1696070986.5988193
1,41536,1696070986.6195166
1,41600,1696070986.642594
1,41664,1696070986.663621
1,41728,1696070986.687139
1,41792,1696070986.7076223
1,41856,1696070986.7304027
1,41920,1696070986.7503252
1,41984,1696070986.769842
1,42048,1696070986.7901561
1,42112,1696070986.8137016
1,42176,1696070986.8345113
1,42240,1696070986.853697
1,42304,1696070986.8740087
1,42368,1696070986.8942592
1,42432,1696070986.9138076
1,42496,1696070986.9343412
1,42560,1696070986.9538133
1,42624,1696070986.9741087
1,42688,1696070986.9943662
1,42752,1696070987.0142727
1,42816,1696070987.0340483
1,42880,1696070987.05407
1,42944,1696070987.0769904
1,43008,1696070987.0992086
1,43072,1696070987.118718
1,43136,1696070987.14247
1,43200,1696070987.163871
1,43264,1696070987.1865602
1,43328,1696070987.2096834
1,43392,1696070987.2304456
1,43456,1696070987.2497728
1,43520,1696070987.2702527
1,43584,1696070987.290113
1,43648,1696070987.3097634
1,43712,1696070987.3304827
1,43776,1696070987.3499236
1,43840,1696070987.3702257
1,43904,1696070987.3900714
1,43968,1696070987.4102023
1,44032,1696070987.430339
1,44096,1696070987.4498985
1,44160,1696070987.4726365
1,44224,1696070987.4943557
1,44288,1696070987.5081396
1,44352,1696070987.5307245
1,44416,1696070987.5520043
1,44480,1696070987.5743983
1,44544,1696070987.5976367
1,44608,1696070987.6184592
1,44672,1696070987.6377149
1,44736,1696070987.6584935
1,44800,1696070987.6781876
1,44864,1696070987.697865
1,44928,1696070987.7211075
1,44992,1696070987.742662
1,45056,1696070987.761772
1,45120,1696070987.7861643
1,45184,1696070987.8083508
1,45248,1696070987.830525
1,45312,1696070987.8504913
1,45376,1696070987.8698425
1,45440,1696070987.8899913
1,45504,1696070987.9137843
1,45568,1696070987.9347277
1,45632,1696070987.9485903
1,45696,1696070987.969833
1,45760,1696070987.9905386
1,45824,1696070988.0097384
1,45888,1696070988.0301797
1,45952,1696070988.0500352
1,46016,1696070988.0737052
1,46080,1696070988.0946884
1,46144,1696070988.109007
1,46208,1696070988.1301975
1,46272,1696070988.150417
1,46336,1696070988.1694498
1,46400,1696070988.1930497
1,46464,1696070988.2162375
1,46528,1696070988.2385654
1,46592,1696070988.252984
1,46656,1696070988.274333
1,46720,1696070988.294965
1,46784,1696070988.3183336
1,46848,1696070988.339498
1,46912,1696070988.3606744
1,46976,1696070988.3826373
1,47040,1696070988.403335
1,47104,1696070988.4240625
1,47168,1696070988.4469461
1,47232,1696070988.466693
1,47296,1696070988.484037
1,47360,1696070988.5018935
1,47424,1696070988.5196273
1,47488,1696070988.5363684
1,47552,1696070988.5520854
1,47616,1696070988.5707114
1,47680,1696070988.5899417
1,47744,1696070988.612354
1,47808,1696070988.6286132
1,47872,1696070988.6448832
1,47936,1696070988.6625915
1,48000,1696070988.6812696
1,48064,1696070988.6999118
1,48128,1696070988.7180376
1,48192,1696070988.7384982
1,48256,1696070988.7557197
1,48320,1696070988.7726438
1,48384,1696070988.7882092
1,48448,1696070988.8067515
1,48512,1696070988.8260167
1,48576,1696070988.8437886
1,48640,1696070988.860373
1,48704,1696070988.8764448
1,48768,1696070988.8943193
1,48832,1696070988.9110935
1,48896,1696070988.9280133
1,48960,1696070988.9445488
1,49024,1696070988.9622085
1,49088,1696070988.9825835
1,49152,1696070989.002131
1,49216,1696070989.0218356
1,49280,1696070989.0397882
1,49344,1696070989.0563152
1,49408,1696070989.0721
1,49472,1696070989.0899522
1,49536,1696070989.1122043
1,49600,1696070989.12644
1,49664,1696070989.1402364
1,49728,1696070989.1544073
1,49792,1696070989.168448
1,49856,1696070989.1825671
1,49920,1696070989.196341
1,49984,1696070989.2103202
1,50000,1696070989.2332363
2,64,1696070989.560008
2,128,1696070989.5738568
2,192,1696070989.592318
2,256,1696070989.614564
2,320,1696070989.6354036
2,384,1696070989.6590757
2,448,1696070989.682768
2,512,1696070989.7020226
2,576,1696070989.722227
2,640,1696070989.7420278
2,704,1696070989.7623148
2,768,1696070989.781852
2,832,1696070989.8020225
2,896,1696070989.8256636
2,960,1696070989.8465898
2,1024,1696070989.8611884
2,1088,1696070989.8848958
2,1152,1696070989.9043956
2,1216,1696070989.9281547
2,1280,1696070989.9504442
2,1344,1696070989.9694405
2,1408,1696070989.9895983
2,1472,1696070990.0057318
2,1536,1696070990.0243237
2,1600,1696070990.0464382
2,1664,1696070990.070039
2,1728,1696070990.090501
2,1792,1696070990.1096354
2,1856,1696070990.1303098
2,1920,1696070990.1498988
2,1984,1696070990.170091
2,2048,1696070990.1900394
2,2112,1696070990.2103517
2,2176,1696070990.2300587
2,2240,1696070990.2498739
2,2304,1696070990.2701807
2,2368,1696070990.2902505
2,2432,1696070990.3097687
2,2496,1696070990.3326063
2,2560,1696070990.3544917
2,2624,1696070990.3766792
2,2688,1696070990.3986585
2,2752,1696070990.418106
2,2816,1696070990.4379616
2,2880,1696070990.4613984
2,2944,1696070990.4824371
2,3008,1696070990.5020795
2,3072,1696070990.5218818
2,3136,1696070990.5421355
2,3200,1696070990.5622337
2,3264,1696070990.582061
2,3328,1696070990.602017
2,3392,1696070990.6222188
2,3456,1696070990.6421678
2,3520,1696070990.6621127
2,3584,1696070990.6823006
2,3648,1696070990.7019181
2,3712,1696070990.7220764
2,3776,1696070990.7454436
2,3840,1696070990.7664466
2,3904,1696070990.7856097
2,3968,1696070990.806332
2,4032,1696070990.8261309
2,4096,1696070990.8462644
2,4160,1696070990.8661177
2,4224,1696070990.8860154
2,4288,1696070990.9063542
2,4352,1696070990.9259267
2,4416,1696070990.946376
2,4480,1696070990.9656925
2,4544,1696070990.9814901
2,4608,1696070990.9989324
2,4672,1696070991.0176466
2,4736,1696070991.0364208
2,4800,1696070991.0557775
2,4864,1696070991.0750065
2,4928,1696070991.094247
2,4992,1696070991.119274
2,5056,1696070991.1400437
2,5120,1696070991.1605146
2,5184,1696070991.1806543
2,5248,1696070991.1982207
2,5312,1696070991.2224665
2,5376,1696070991.2458172
2,5440,1696070991.266632
2,5504,1696070991.2855806
2,5568,1696070991.3009193
2,5632,1696070991.320869
2,5696,1696070991.3424666
2,5760,1696070991.3621135
2,5824,1696070991.3818614
2,5888,1696070991.4021947
2,5952,1696070991.4222348
2,6016,1696070991.4422421
2,6080,1696070991.4624853
2,6144,1696070991.4823196
2,6208,1696070991.4964137
2,6272,1696070991.5151455
2,6336,1696070991.5408156
2,6400,1696070991.5607271
2,6464,1696070991.584562
2,6528,1696070991.6049423
2,6592,1696070991.6284862
2,6656,1696070991.6502042
2,6720,1696070991.6692433
2,6784,1696070991.6924362
2,6848,1696070991.714353
2,6912,1696070991.7334847
2,6976,1696070991.7569642
2,7040,1696070991.7733052
2,7104,1696070991.7969713
2,7168,1696070991.8145895
2,7232,1696070991.8355658
2,7296,1696070991.8585796
2,7360,1696070991.8794143
2,7424,1696070991.905265
2,7488,1696070991.9219453
2,7552,1696070991.9453413
2,7616,1696070991.9678228
2,7680,1696070991.990522
2,7744,1696070992.0108328
2,7808,1696070992.0370612
2,7872,1696070992.0557737
2,7936,1696070992.078908
2,8000,1696070992.099769
2,8064,1696070992.1228337
2,8128,1696070992.143546
2,8192,1696070992.166986
2,8256,1696070992.187643
2,8320,1696070992.2141478
2,8384,1696070992.2295055
2,8448,1696070992.2527995
2,8512,1696070992.2725036
2,8576,1696070992.2946112
2,8640,1696070992.3151705
2,8704,1696070992.3413215
2,8768,1696070992.3605654
2,8832,1696070992.382613
2,8896,1696070992.397026
2,8960,1696070992.418446
2,9024,1696070992.4332223
2,9088,1696070992.4569318
2,9152,1696070992.4765065
2,9216,1696070992.4986734
2,9280,1696070992.5193985
2,9344,1696070992.542442
2,9408,1696070992.562451
2,9472,1696070992.5848382
2,9536,1696070992.6067567
2,9600,1696070992.6257846
2,9664,1696070992.649871
2,9728,1696070992.66442
2,9792,1696070992.6847832
2,9856,1696070992.7064753
2,9920,1696070992.725981
2,9984,1696070992.7464082
2,10048,1696070992.7613008
2,10112,1696070992.7848842
2,10176,1696070992.8041325
2,10240,1696070992.826941
2,10304,1696070992.841336
2,10368,1696070992.8646064
2,10432,1696070992.884047
2,10496,1696070992.906597
2,10560,1696070992.926826
2,10624,1696070992.9444718
2,10688,1696070992.9615393
2,10752,1696070992.9805746
2,10816,1696070992.9986432
2,10880,1696070993.0175343
2,10944,1696070993.034609
2,11008,1696070993.0528648
2,11072,1696070993.0707119
2,11136,1696070993.089376
2,11200,1696070993.10676
2,11264,1696070993.1251597
2,11328,1696070993.142626
2,11392,1696070993.1610096
2,11456,1696070993.1785676
2,11520,1696070993.1972344
2,11584,1696070993.214651
2,11648,1696070993.2328703
2,11712,1696070993.2506073
2,11776,1696070993.2692254
2,11840,1696070993.2868564
2,11904,1696070993.3055096
2,11968,1696070993.3229952
2,12032,1696070993.3397155
2,12096,1696070993.3565571
2,12160,1696070993.3731034
2,12224,1696070993.3905478
2,12288,1696070993.4068117
2,12352,1696070993.4247787
2,12416,1696070993.442652
2,12480,1696070993.461545
2,12544,1696070993.478976
2,12608,1696070993.4970167
2,12672,1696070993.5144835
2,12736,1696070993.5326378
2,12800,1696070993.5504532
2,12864,1696070993.5690303
2,12928,1696070993.5865502
2,12992,1696070993.6046174
2,13056,1696070993.622573
2,13120,1696070993.6407483
2,13184,1696070993.6587443
2,13248,1696070993.6770048
2,13312,1696070993.694682
2,13376,1696070993.7133534
2,13440,1696070993.730844
2,13504,1696070993.7487617
2,13568,1696070993.7665598
2,13632,1696070993.7849867
2,13696,1696070993.802553
2,13760,1696070993.820654
2,13824,1696070993.8386073
2,13888,1696070993.8575032
2,13952,1696070993.8747482
2,14016,1696070993.8926733
2,14080,1696070993.9108574
2,14144,1696070993.9276373
2,14208,1696070993.9444177
2,14272,1696070993.960182
2,14336,1696070993.9786594
2,14400,1696070993.9955611
2,14464,1696070994.0123217
2,14528,1696070994.0278504
2,14592,1696070994.0465584
2,14656,1696070994.06372
2,14720,1696070994.080476
2,14784,1696070994.0961545
2,14848,1696070994.1145902
2,14912,1696070994.1316757
2,14976,1696070994.1484365
2,15040,1696070994.1641386
2,15104,1696070994.182397
2,15168,1696070994.2012537
2,15232,1696070994.2188709
2,15296,1696070994.2370317
2,15360,1696070994.2547817
2,15424,1696070994.2729328
2,15488,1696070994.290561
2,15552,1696070994.3074195
2,15616,1696070994.3331044
2,15680,1696070994.3520005
2,15744,1696070994.3746943
2,15808,1696070994.3957453
2,15872,1696070994.4188068
2,15936,1696070994.4324958
2,16000,1696070994.4529243
2,16064,1696070994.4745164
2,16128,1696070994.4939587
2,16192,1696070994.5144784
2,16256,1696070994.5365233
2,16320,1696070994.5586267
2,16384,1696070994.57335
2,16448,1696070994.5937994
2,16512,1696070994.61453
2,16576,1696070994.6334252
2,16640,1696070994.649698
2,16704,1696070994.669163
2,16768,1696070994.6851518
2,16832,1696070994.7050104
2,16896,1696070994.726472
2,16960,1696070994.7462087
2,17024,1696070994.7659876
2,17088,1696070994.7890563
2,17152,1696070994.8104057
2,17216,1696070994.8296072
2,17280,1696070994.8502047
2,17344,1696070994.8705094
2,17408,1696070994.890055
2,17472,1696070994.9136577
2,17536,1696070994.9346578
2,17600,1696070994.9535859
2,17664,1696070994.9773376
2,17728,1696070994.9983914
2,17792,1696070995.017876
2,17856,1696070995.0385191
2,17920,1696070995.0582042
2,17984,1696070995.0779796
2,18048,1696070995.098424
2,18112,1696070995.1179874
2,18176,1696070995.1382008
2,18240,1696070995.1582215
2,18304,1696070995.1779246
2,18368,1696070995.1981802
2,18432,1696070995.2182505
2,18496,1696070995.2381139
2,18560,1696070995.2581968
2,18624,1696070995.2781272
2,18688,1696070995.298164
2,18752,1696070995.318262
2,18816,1696070995.338115
2,18880,1696070995.3583589
2,18944,1696070995.3778627
2,19008,1696070995.399684
2,19072,1696070995.4249873
2,19136,1696070995.4448242
2,19200,1696070995.4665515
2,19264,1696070995.487491
2,19328,1696070995.5105388
2,19392,1696070995.5309868
2,19456,1696070995.5522416
2,19520,1696070995.57439
2,19584,1696070995.5891137
2,19648,1696070995.6128268
2,19712,1696070995.6326542
2,19776,1696070995.6548264
2,19840,1696070995.6743722
2,19904,1696070995.6982987
2,19968,1696070995.7204196
2,20032,1696070995.74258
2,20096,1696070995.7629335
2,20160,1696070995.7860293
2,20224,1696070995.8013709
2,20288,1696070995.8250375
2,20352,1696070995.8441324
2,20416,1696070995.8665748
2,20480,1696070995.8902104
2,20544,1696070995.912085
2,20608,1696070995.9347963
2,20672,1696070995.9555566
2,20736,1696070995.978444
2,20800,1696070995.999726
2,20864,1696070996.0226514
2,20928,1696070996.043973
2,20992,1696070996.0653117
2,21056,1696070996.0865846
2,21120,1696070996.1063333
2,21184,1696070996.1299672
2,21248,1696070996.152968
2,21312,1696070996.1749883
2,21376,1696070996.1962652
2,21440,1696070996.2187219
2,21504,1696070996.237772
2,21568,1696070996.2540169
2,21632,1696070996.2722847
2,21696,1696070996.290992
2,21760,1696070996.3105898
2,21824,1696070996.3365877
2,21888,1696070996.3566809
2,21952,1696070996.3771589
2,22016,1696070996.4009159
2,22080,1696070996.422649
2,22144,1696070996.4364293
2,22208,1696070996.458671
2,22272,1696070996.4800787
2,22336,1696070996.502292
2,22400,1696070996.52238
2,22464,1696070996.5412278
2,22528,1696070996.5615678
2,22592,1696070996.5812976
2,22656,1696070996.6024811
2,22720,1696070996.6221776
2,22784,1696070996.641441
2,22848,1696070996.6611743
2,22912,1696070996.6824844
2,22976,1696070996.7034483
2,23040,1696070996.7265306
2,23104,1696070996.746949
2,23168,1696070996.7715802
2,23232,1696070996.7928226
2,23296,1696070996.8146098
2,23360,1696070996.8356338
2,23424,1696070996.858787
2,23488,1696070996.879155
2,23552,1696070996.902853
2,23616,1696070996.9172244
2,23680,1696070996.9405491
2,23744,1696070996.9606457
2,23808,1696070996.982693
2,23872,1696070997.0025332
2,23936,1696070997.0262566
2,24000,1696070997.0478244
2,24064,1696070997.0709832
2,24128,1696070997.0904248
2,24192,1696070997.1140385
2,24256,1696070997.1283906
2,24320,1696070997.1491563
2,24384,1696070997.1709092
2,24448,1696070997.1852012
2,24512,1696070997.2055583
2,24576,1696070997.2265053
2,24640,1696070997.2490253
2,24704,1696070997.2706041
2,24768,1696070997.2898192
2,24832,1696070997.3101532
2,24896,1696070997.3303504
2,24960,1696070997.3500192
2,25024,1696070997.3702047
2,25088,1696070997.3904128
2,25152,1696070997.4127162
2,25216,1696070997.434789
2,25280,1696070997.448149
2,25344,1696070997.4694767
2,25408,1696070997.4904084
2,25472,1696070997.5101776
2,25536,1696070997.5325136
2,25600,1696070997.5548344
2,25664,1696070997.5744247
2,25728,1696070997.5982246
2,25792,1696070997.6184127
2,25856,1696070997.6378396
2,25920,1696070997.6581295
2,25984,1696070997.6784368
2,26048,1696070997.698068
2,26112,1696070997.7184215
2,26176,1696070997.7385778
2,26240,1696070997.7523794
2,26304,1696070997.7741153
2,26368,1696070997.7959964
2,26432,1696070997.8186452
2,26496,1696070997.838878
2,26560,1696070997.8648968
2,26624,1696070997.8860881
2,26688,1696070997.9081025
2,26752,1696070997.9305336
2,26816,1696070997.9502118
2,26880,1696070997.970456
2,26944,1696070997.9895444
2,27008,1696070998.0098624
2,27072,1696070998.027229
2,27136,1696070998.044339
2,27200,1696070998.062472
2,27264,1696070998.08179
2,27328,1696070998.1014023
2,27392,1696070998.1190457
2,27456,1696070998.1376438
2,27520,1696070998.1547508
2,27584,1696070998.1728919
2,27648,1696070998.1906557
2,27712,1696070998.208823
2,27776,1696070998.2265227
2,27840,1696070998.2448301
2,27904,1696070998.262441
2,27968,1696070998.2809193
2,28032,1696070998.2985125
2,28096,1696070998.3156226
2,28160,1696070998.3322096
2,28224,1696070998.3477194
2,28288,1696070998.3659682
2,28352,1696070998.3832412
2,28416,1696070998.4002652
2,28480,1696070998.416844
2,28544,1696070998.4350855
2,28608,1696070998.4517963
2,28672,1696070998.4683933
2,28736,1696070998.4847367
2,28800,1696070998.5023057
2,28864,1696070998.5204911
2,28928,1696070998.538335
2,28992,1696070998.5567534
2,29056,1696070998.5746279
2,29120,1696070998.59277
2,29184,1696070998.610479
2,29248,1696070998.6289852
2,29312,1696070998.6466231
2,29376,1696070998.6652908
2,29440,1696070998.6827495
2,29504,1696070998.7009878
2,29568,1696070998.7186296
2,29632,1696070998.736843
2,29696,1696070998.7546992
2,29760,1696070998.773059
2,29824,1696070998.7908723
2,29888,1696070998.8086052
2,29952,1696070998.826531
2,30016,1696070998.8449264
2,30080,1696070998.8626573
2,30144,1696070998.8809812
2,30208,1696070998.8987353
2,30272,1696070998.9172795
2,30336,1696070998.9348016
2,30400,1696070998.9529696
2,30464,1696070998.9707088
2,30528,1696070998.987672
2,30592,1696070999.0041246
2,30656,1696070999.0228858
2,30720,1696070999.041918
2,30784,1696070999.0597248
2,30848,1696070999.0763412
2,30912,1696070999.0921514
2,30976,1696070999.1113467
2,31040,1696070999.1304317
2,31104,1696070999.1477633
2,31168,1696070999.1641603
2,31232,1696070999.1801026
2,31296,1696070999.1984293
2,31360,1696070999.2178617
2,31424,1696070999.236032
2,31488,1696070999.2524652
2,31552,1696070999.2686036
2,31616,1696070999.2862575
2,31680,1696070999.3046196
2,31744,1696070999.322323
2,31808,1696070999.3407667
2,31872,1696070999.3585591
2,31936,1696070999.3767684
2,32000,1696070999.3945837
2,32064,1696070999.4116044
2,32128,1696070999.4283912
2,32192,1696070999.4439244
2,32256,1696070999.4627492
2,32320,1696070999.4821107
2,32384,1696070999.501963
2,32448,1696070999.522182
2,32512,1696070999.5419812
2,32576,1696070999.5620608
2,32640,1696070999.582111
2,32704,1696070999.6023912
2,32768,1696070999.6224315
2,32832,1696070999.6421342
2,32896,1696070999.6619363
2,32960,1696070999.6796432
2,33024,1696070999.6964262
2,33088,1696070999.7123895
2,33152,1696070999.7304835
2,33216,1696070999.749008
2,33280,1696070999.767438
2,33344,1696070999.7863662
2,33408,1696070999.8036075
2,33472,1696070999.8199449
2,33536,1696070999.8365693
2,33600,1696070999.8540359
2,33664,1696070999.8738272
2,33728,1696070999.8941936
2,33792,1696070999.912093
2,33856,1696070999.9285483
2,33920,1696070999.9448338
2,33984,1696070999.962405
2,34048,1696070999.9809835
2,34112,1696070999.998576
2,34176,1696071000.0167038
2,34240,1696071000.0344121
2,34304,1696071000.0513525
2,34368,1696071000.0682073
2,34432,1696071000.0849507
2,34496,1696071000.1016514
2,34560,1696071000.1212268
2,34624,1696071000.1388273
2,34688,1696071000.155383
2,34752,1696071000.1719475
2,34816,1696071000.1891348
2,34880,1696071000.20549
2,34944,1696071000.224192
2,35008,1696071000.24234
2,35072,1696071000.260845
2,35136,1696071000.2783654
2,35200,1696071000.2952702
2,35264,1696071000.311746
2,35328,1696071000.328111
2,35392,1696071000.3460054
2,35456,1696071000.365931
2,35520,1696071000.3862004
2,35584,1696071000.4063106
2,35648,1696071000.4260788
2,35712,1696071000.446011
2,35776,1696071000.4661167
2,35840,1696071000.4862838
2,35904,1696071000.5063381
2,35968,1696071000.5259714
2,36032,1696071000.5458593
2,36096,1696071000.5633285
2,36160,1696071000.581973
2,36224,1696071000.6018677
2,36288,1696071000.62221
2,36352,1696071000.6418715
2,36416,1696071000.65974
2,36480,1696071000.6801805
2,36544,1696071000.7045262
2,36608,1696071000.7259665
2,36672,1696071000.7464268
2,36736,1696071000.7661304
2,36800,1696071000.7862687
2,36864,1696071000.7999148
2,36928,1696071000.8137422
2,36992,1696071000.8271482
2,37056,1696071000.841133
2,37120,1696071000.8543754
2,37184,1696071000.8687785
2,37248,1696071000.8823292
2,37312,1696071000.896517
2,37376,1696071000.909866
2,37440,1696071000.9246554
2,37504,1696071000.938071
2,37568,1696071000.9527757
2,37632,1696071000.966183
2,37696,1696071000.9804225
2,37760,1696071000.9944184
2,37824,1696071001.008857
2,37888,1696071001.022182
2,37952,1696071001.0366051
2,38016,1696071001.0500724
2,38080,1696071001.0647185
2,38144,1696071001.0781476
2,38208,1696071001.0926218
2,38272,1696071001.106375
2,38336,1696071001.1205087
2,38400,1696071001.134336
2,38464,1696071001.1487374
2,38528,1696071001.1622431
2,38592,1696071001.1770065
2,38656,1696071001.1906078
2,38720,1696071001.205133
2,38784,1696071001.2192068
2,38848,1696071001.2337048
2,38912,1696071001.2477345
2,38976,1696071001.2622325
2,39040,1696071001.2765615
2,39104,1696071001.2903032
2,39168,1696071001.304864
2,39232,1696071001.3181634
2,39296,1696071001.33267
2,39360,1696071001.3465796
2,39424,1696071001.3611023
2,39488,1696071001.3746762
2,39552,1696071001.3895705
2,39616,1696071001.4032066
2,39680,1696071001.4178102
2,39744,1696071001.432117
2,39808,1696071001.4464378
2,39872,1696071001.4604144
2,39936,1696071001.4742932
2,40000,1696071001.4878902
2,40064,1696071001.5019298
2,40128,1696071001.515307
2,40192,1696071001.5295053
2,40256,1696071001.5426521
2,40320,1696071001.5569577
2,40384,1696071001.5699992
2,40448,1696071001.5845695
2,40512,1696071001.598371
2,40576,1696071001.6125963
2,40640,1696071001.626244
2,40704,1696071001.6430364
2,40768,1696071001.6565347
2,40832,1696071001.670042
2,40896,1696071001.6846626
2,40960,1696071001.6979911
2,41024,1696071001.7124581
2,41088,1696071001.7258956
2,41152,1696071001.7427924
2,41216,1696071001.7592294
2,41280,1696071001.7790291
2,41344,1696071001.7980683
2,41408,1696071001.8157
2,41472,1696071001.8322418
2,41536,1696071001.848366
2,41600,1696071001.8665597
2,41664,1696071001.8850563
2,41728,1696071001.9024544
2,41792,1696071001.9205172
2,41856,1696071001.9383693
2,41920,1696071001.9568079
2,41984,1696071001.9744873
2,42048,1696071001.9930935
2,42112,1696071002.0106354
2,42176,1696071002.0291634
2,42240,1696071002.0466619
2,42304,1696071002.064565
2,42368,1696071002.082637
2,42432,1696071002.1009512
2,42496,1696071002.1187477
2,42560,1696071002.1371918
2,42624,1696071002.1548996
2,42688,1696071002.1729286
2,42752,1696071002.1928117
2,42816,1696071002.2113957
2,42880,1696071002.2299953
2,42944,1696071002.2477057
2,43008,1696071002.2643178
2,43072,1696071002.2801497
2,43136,1696071002.298388
2,43200,1696071002.3153534
2,43264,1696071002.3318646
2,43328,1696071002.347737
2,43392,1696071002.3663466
2,43456,1696071002.385679
2,43520,1696071002.4058268
2,43584,1696071002.4261878
2,43648,1696071002.4459984
2,43712,1696071002.4662452
2,43776,1696071002.486114
2,43840,1696071002.5058274
2,43904,1696071002.5259168
2,43968,1696071002.54619
2,44032,1696071002.566251
2,44096,1696071002.5861814
2,44160,1696071002.6062746
2,44224,1696071002.6263094
2,44288,1696071002.6461234
2,44352,1696071002.6659832
2,44416,1696071002.6859145
2,44480,1696071002.7037296
2,44544,1696071002.7203035
2,44608,1696071002.736674
2,44672,1696071002.7548795
2,44736,1696071002.7730064
2,44800,1696071002.7904966
2,44864,1696071002.8071551
2,44928,1696071002.8241858
2,44992,1696071002.8398347
2,45056,1696071002.858828
2,45120,1696071002.8759403
2,45184,1696071002.8924432
2,45248,1696071002.9084146
2,45312,1696071002.9263399
2,45376,1696071002.9437306
2,45440,1696071002.960213
2,45504,1696071002.9754214
2,45568,1696071002.9935577
2,45632,1696071003.0112584
2,45696,1696071003.03049
2,45760,1696071003.0496747
2,45824,1696071003.0677278
2,45888,1696071003.084175
2,45952,1696071003.1015925
2,46016,1696071003.1211216
2,46080,1696071003.1385896
2,46144,1696071003.1564329
2,46208,1696071003.1745121
2,46272,1696071003.1925814
2,46336,1696071003.2102983
2,46400,1696071003.2284863
2,46464,1696071003.2465398
2,46528,1696071003.264967
2,46592,1696071003.2828195
2,46656,1696071003.301499
2,46720,1696071003.3191001
2,46784,1696071003.3372812
2,46848,1696071003.354723
2,46912,1696071003.3729396
2,46976,1696071003.3906515
2,47040,1696071003.4089515
2,47104,1696071003.4266493
2,47168,1696071003.4437244
2,47232,1696071003.4602242
2,47296,1696071003.4761438
2,47360,1696071003.494016
2,47424,1696071003.5133147
2,47488,1696071003.530772
2,47552,1696071003.5489295
2,47616,1696071003.5664852
2,47680,1696071003.5855098
2,47744,1696071003.6029387
2,47808,1696071003.620836
2,47872,1696071003.6384048
2,47936,1696071003.6552958
2,48000,1696071003.6718085
2,48064,1696071003.6880653
2,48128,1696071003.7058651
2,48192,1696071003.7236814
2,48256,1696071003.7401924
2,48320,1696071003.7558053
2,48384,1696071003.7748187
2,48448,1696071003.7938526
2,48512,1696071003.8138888
2,48576,1696071003.8310313
2,48640,1696071003.8496993
2,48704,1696071003.8670645
2,48768,1696071003.8851187
2,48832,1696071003.9027588
2,48896,1696071003.9213595
2,48960,1696071003.9412174
2,49024,1696071003.9584284
2,49088,1696071003.9751465
2,49152,1696071003.9920022
2,49216,1696071004.009627
2,49280,1696071004.0286663
2,49344,1696071004.0465043
2,49408,1696071004.0712268
2,49472,1696071004.0915432
2,49536,1696071004.112308
2,49600,1696071004.1291735
2,49664,1696071004.1459086
2,49728,1696071004.1637254
2,49792,1696071004.1811173
2,49856,1696071004.1994433
2,49920,1696071004.2186222
2,49984,1696071004.2360063
2,50000,1696071004.2522311
3,64,1696071004.5947855
3,128,1696071004.6134787
3,192,1696071004.6299677
3,256,1696071004.644972
3,320,1696071004.6620972
3,384,1696071004.6811974
3,448,1696071004.7026427
3,512,1696071004.7228005
3,576,1696071004.741965
3,640,1696071004.7660778
3,704,1696071004.7801569
3,768,1696071004.801938
3,832,1696071004.817422
3,896,1696071004.840935
3,960,1696071004.860477
3,1024,1696071004.8828018
3,1088,1696071004.9030561
3,1152,1696071004.92642
3,1216,1696071004.948256
3,1280,1696071004.965967
3,1344,1696071004.9830992
3,1408,1696071005.003646
3,1472,1696071005.0223153
3,1536,1696071005.0409186
3,1600,1696071005.0588198
3,1664,1696071005.0756571
3,1728,1696071005.0924175
3,1792,1696071005.1093526
3,1856,1696071005.1251843
3,1920,1696071005.143324
3,1984,1696071005.164677
3,2048,1696071005.1827037
3,2112,1696071005.2012806
3,2176,1696071005.2188568
3,2240,1696071005.236947
3,2304,1696071005.2587407
3,2368,1696071005.2810867
3,2432,1696071005.3023982
3,2496,1696071005.3219113
3,2560,1696071005.3422234
3,2624,1696071005.3562021
3,2688,1696071005.377854
3,2752,1696071005.393245
3,2816,1696071005.417208
3,2880,1696071005.4359114
3,2944,1696071005.4587722
3,3008,1696071005.4792216
3,3072,1696071005.5025043
3,3136,1696071005.5239143
3,3200,1696071005.5465214
3,3264,1696071005.5602899
3,3328,1696071005.5797431
3,3392,1696071005.6049109
3,3456,1696071005.6236176
3,3520,1696071005.6487873
3,3584,1696071005.6682317
3,3648,1696071005.6906016
3,3712,1696071005.7054126
3,3776,1696071005.7288496
3,3840,1696071005.748972
3,3904,1696071005.7652638
3,3968,1696071005.78215
3,4032,1696071005.8035026
3,4096,1696071005.825469
3,4160,1696071005.8466194
3,4224,1696071005.8664327
3,4288,1696071005.8902118
3,4352,1696071005.91207
3,4416,1696071005.9346035
3,4480,1696071005.9552112
3,4544,1696071005.9788342
3,4608,1696071005.9992373
3,4672,1696071006.0228758
3,4736,1696071006.0439036
3,4800,1696071006.0665839
3,4864,1696071006.0875092
3,4928,1696071006.1108196
3,4992,1696071006.1256452
3,5056,1696071006.1487708
3,5120,1696071006.168563
3,5184,1696071006.190338
3,5248,1696071006.2107348
3,5312,1696071006.2350707
3,5376,1696071006.258899
3,5440,1696071006.2760758
3,5504,1696071006.296561
3,5568,1696071006.3172812
3,5632,1696071006.3383927
3,5696,1696071006.358343
3,5760,1696071006.3780417
3,5824,1696071006.39811
3,5888,1696071006.4182231
3,5952,1696071006.4378872
3,6016,1696071006.4584696
3,6080,1696071006.478102
3,6144,1696071006.4981925
3,6208,1696071006.5182025
3,6272,1696071006.5374691
3,6336,1696071006.5573783
3,6400,1696071006.5801506
3,6464,1696071006.6029902
3,6528,1696071006.6255677
3,6592,1696071006.6465473
3,6656,1696071006.665917
3,6720,1696071006.6863098
3,6784,1696071006.7061539
3,6848,1696071006.7259169
3,6912,1696071006.7466793
3,6976,1696071006.765304
3,7040,1696071006.781731
3,7104,1696071006.7993624
3,7168,1696071006.814982
3,7232,1696071006.8333611
3,7296,1696071006.8522575
3,7360,1696071006.8703957
3,7424,1696071006.8890321
3,7488,1696071006.9066737
3,7552,1696071006.925683
3,7616,1696071006.9427469
3,7680,1696071006.9609907
3,7744,1696071006.9786963
3,7808,1696071006.9972994
3,7872,1696071007.0148969
3,7936,1696071007.0331748
3,8000,1696071007.0505476
3,8064,1696071007.0683506
3,8128,1696071007.0866156
3,8192,1696071007.1035333
3,8256,1696071007.1205597
3,8320,1696071007.137283
3,8384,1696071007.1551678
3,8448,1696071007.1716459
3,8512,1696071007.18814
3,8576,1696071007.2050877
3,8640,1696071007.221117
3,8704,1696071007.239334
3,8768,1696071007.2604396
3,8832,1696071007.278524
3,8896,1696071007.2972078
3,8960,1696071007.3147986
3,9024,1696071007.333652
3,9088,1696071007.3508496
3,9152,1696071007.368939
3,9216,1696071007.3865862
3,9280,1696071007.4050486
3,9344,1696071007.4227357
3,9408,1696071007.4409542
3,9472,1696071007.4586043
3,9536,1696071007.47758
3,9600,1696071007.4951282
3,9664,1696071007.5132403
3,9728,1696071007.5304003
3,9792,1696071007.5543723
3,9856,1696071007.5762155
3,9920,1696071007.598666
3,9984,1696071007.6192539
3,10048,1696071007.6429315
3,10112,1696071007.6640954
3,10176,1696071007.6863644
3,10240,1696071007.701115
3,10304,1696071007.724794
3,10368,1696071007.7442174
3,10432,1696071007.7665725
3,10496,1696071007.7870789
3,10560,1696071007.8103404
3,10624,1696071007.8348653
3,10688,1696071007.8556483
3,10752,1696071007.878947
3,10816,1696071007.8997757
3,10880,1696071007.9230154
3,10944,1696071007.942468
3,11008,1696071007.9659429
3,11072,1696071007.9863734
3,11136,1696071008.0061655
3,11200,1696071008.0297403
3,11264,1696071008.0503657
3,11328,1696071008.0702326
3,11392,1696071008.0902753
3,11456,1696071008.1102324
3,11520,1696071008.1301637
3,11584,1696071008.149826
3,11648,1696071008.1702952
3,11712,1696071008.1899486
3,11776,1696071008.2103317
3,11840,1696071008.2322807
3,11904,1696071008.2546275
3,11968,1696071008.274234
3,12032,1696071008.2911084
3,12096,1696071008.3082478
3,12160,1696071008.3266869
3,12224,1696071008.3509164
3,12288,1696071008.372533
3,12352,1696071008.394732
3,12416,1696071008.4146903
3,12480,1696071008.4383872
3,12544,1696071008.4599519
3,12608,1696071008.482928
3,12672,1696071008.5036197
3,12736,1696071008.526784
3,12800,1696071008.547322
3,12864,1696071008.5706315
3,12928,1696071008.5943701
3,12992,1696071008.6143596
3,13056,1696071008.6340678
3,13120,1696071008.6540444
3,13184,1696071008.6744757
3,13248,1696071008.693738
3,13312,1696071008.7182336
3,13376,1696071008.739859
3,13440,1696071008.766203
3,13504,1696071008.7890675
3,13568,1696071008.8107824
3,13632,1696071008.8294313
3,13696,1696071008.8474398
3,13760,1696071008.865017
3,13824,1696071008.8821087
3,13888,1696071008.9027355
3,13952,1696071008.919557
3,14016,1696071008.9357164
3,14080,1696071008.9525692
3,14144,1696071008.9691553
3,14208,1696071008.9866745
3,14272,1696071009.0035765
3,14336,1696071009.0204391
3,14400,1696071009.036287
3,14464,1696071009.0543106
3,14528,1696071009.0716054
3,14592,1696071009.0905662
3,14656,1696071009.1098127
3,14720,1696071009.1275702
3,14784,1696071009.1443646
3,14848,1696071009.1603215
3,14912,1696071009.1782885
3,14976,1696071009.196771
3,15040,1696071009.2145464
3,15104,1696071009.2329485
3,15168,1696071009.2505438
3,15232,1696071009.268948
3,15296,1696071009.289932
3,15360,1696071009.3064291
3,15424,1696071009.3251834
3,15488,1696071009.3436892
3,15552,1696071009.362907
3,15616,1696071009.3801925
3,15680,1696071009.3967562
3,15744,1696071009.4140482
3,15808,1696071009.4304545
3,15872,1696071009.4489186
3,15936,1696071009.4666438
3,16000,1696071009.483743
3,16064,1696071009.500232
3,16128,1696071009.5162687
3,16192,1696071009.5343137
3,16256,1696071009.560093
3,16320,1696071009.5825336
3,16384,1696071009.6020467
3,16448,1696071009.622443
3,16512,1696071009.641901
3,16576,1696071009.6622453
3,16640,1696071009.682097
3,16704,1696071009.7020545
3,16768,1696071009.722104
3,16832,1696071009.7421541
3,16896,1696071009.7622855
3,16960,1696071009.7771208
3,17024,1696071009.8010972
3,17088,1696071009.8195245
3,17152,1696071009.8395405
3,17216,1696071009.8651488
3,17280,1696071009.8840432
3,17344,1696071009.9048207
3,17408,1696071009.925146
3,17472,1696071009.9448588
3,17536,1696071009.968254
3,17600,1696071009.9903562
3,17664,1696071010.0095387
3,17728,1696071010.030321
3,17792,1696071010.0501072
3,17856,1696071010.0698688
3,17920,1696071010.0904288
3,17984,1696071010.10993
3,18048,1696071010.130441
3,18112,1696071010.145392
3,18176,1696071010.1688933
3,18240,1696071010.1888149
3,18304,1696071010.2094247
3,18368,1696071010.2331717
3,18432,1696071010.2543576
3,18496,1696071010.273929
3,18560,1696071010.2944129
3,18624,1696071010.3079934
3,18688,1696071010.321909
3,18752,1696071010.3352416
3,18816,1696071010.34924
3,18880,1696071010.3622923
3,18944,1696071010.3765688
3,19008,1696071010.3899105
3,19072,1696071010.4050405
3,19136,1696071010.4185522
3,19200,1696071010.4328456
3,19264,1696071010.4462671
3,19328,1696071010.4609268
3,19392,1696071010.4739673
3,19456,1696071010.4922605
3,19520,1696071010.506608
3,19584,1696071010.5204124
3,19648,1696071010.534822
3,19712,1696071010.5491776
3,19776,1696071010.5634465
3,19840,1696071010.5779166
3,19904,1696071010.593082
3,19968,1696071010.6079996
3,20032,1696071010.6214342
3,20096,1696071010.6361516
3,20160,1696071010.6496093
3,20224,1696071010.66431
3,20288,1696071010.6778882
3,20352,1696071010.6927783
3,20416,1696071010.7059
3,20480,1696071010.7203798
3,20544,1696071010.7338352
3,20608,1696071010.748461
3,20672,1696071010.7616453
3,20736,1696071010.7819343
3,20800,1696071010.801749
3,20864,1696071010.8164248
3,20928,1696071010.8296673
3,20992,1696071010.8445632
3,21056,1696071010.8576927
3,21120,1696071010.872186
3,21184,1696071010.885637
3,21248,1696071010.899834
3,21312,1696071010.9126983
3,21376,1696071010.9273663
3,21440,1696071010.941874
3,21504,1696071010.9575117
3,21568,1696071010.971363
3,21632,1696071010.986383
3,21696,1696071011.0003262
3,21760,1696071011.0149438
3,21824,1696071011.0312052
3,21888,1696071011.0453897
3,21952,1696071011.0599828
3,22016,1696071011.0738647
3,22080,1696071011.0905523
3,22144,1696071011.105602
3,22208,1696071011.1202505
3,22272,1696071011.1353345
3,22336,1696071011.1490357
3,22400,1696071011.1640158
3,22464,1696071011.1778343
3,22528,1696071011.1945012
3,22592,1696071011.2096043
3,22656,1696071011.2243414
3,22720,1696071011.2386405
3,22784,1696071011.2539568
3,22848,1696071011.2699444
3,22912,1696071011.283748
3,22976,1696071011.29851
3,23040,1696071011.3126976
3,23104,1696071011.3271477
3,23168,1696071011.3424842
3,23232,1696071011.356839
3,23296,1696071011.384784
3,23360,1696071011.4066763
3,23424,1696071011.4260125
3,23488,1696071011.4510975
3,23552,1696071011.4719903
3,23616,1696071011.4882762
3,23680,1696071011.5061314
3,23744,1696071011.525833
3,23808,1696071011.5467527
3,23872,1696071011.5663688
3,23936,1696071011.5861568
3,24000,1696071011.6060932
3,24064,1696071011.626352
3,24128,1696071011.6442661
3,24192,1696071011.6607358
3,24256,1696071011.677272
3,24320,1696071011.6948316
3,24384,1696071011.7135363
3,24448,1696071011.7309432
3,24512,1696071011.7491317
3,24576,1696071011.7664661
3,24640,1696071011.7850482
3,24704,1696071011.802895
3,24768,1696071011.819648
3,24832,1696071011.8361838
3,24896,1696071011.8528886
3,24960,1696071011.8680089
3,25024,1696071011.8845975
3,25088,1696071011.9015334
3,25152,1696071011.9182055
3,25216,1696071011.93562
3,25280,1696071011.952348
3,25344,1696071011.9685671
3,25408,1696071011.9869692
3,25472,1696071012.0036325
3,25536,1696071012.0201375
3,25600,1696071012.036435
3,25664,1696071012.05445
3,25728,1696071012.073436
3,25792,1696071012.090729
3,25856,1696071012.108771
3,25920,1696071012.1265569
3,25984,1696071012.1451328
3,26048,1696071012.162849
3,26112,1696071012.1795163
3,26176,1696071012.196144
3,26240,1696071012.2120433
3,26304,1696071012.2307913
3,26368,1696071012.2483177
3,26432,1696071012.2635102
3,26496,1696071012.284455
3,26560,1696071012.3086689
3,26624,1696071012.3284323
3,26688,1696071012.3529434
3,26752,1696071012.372429
3,26816,1696071012.396363
3,26880,1696071012.418487
3,26944,1696071012.437323
3,27008,1696071012.452038
3,27072,1696071012.4653873
3,27136,1696071012.4796011
3,27200,1696071012.4942315
3,27264,1696071012.507974
3,27328,1696071012.5222461
3,27392,1696071012.5361772
3,27456,1696071012.5504444
3,27520,1696071012.5647168
3,27584,1696071012.578511
3,27648,1696071012.5928972
3,27712,1696071012.6076987
3,27776,1696071012.6219068
3,27840,1696071012.6351182
3,27904,1696071012.6491928
3,27968,1696071012.6623435
3,28032,1696071012.6766584
3,28096,1696071012.690002
3,28160,1696071012.7045853
3,28224,1696071012.7177835
3,28288,1696071012.732474
3,28352,1696071012.7456846
3,28416,1696071012.7603254
3,28480,1696071012.7736573
3,28544,1696071012.788176
3,28608,1696071012.8016653
3,28672,1696071012.8157954
3,28736,1696071012.828805
3,28800,1696071012.8482955
3,28864,1696071012.8628309
3,28928,1696071012.882223
3,28992,1696071012.900641
3,29056,1696071012.9177797
3,29120,1696071012.9365056
3,29184,1696071012.9534883
3,29248,1696071012.9720242
3,29312,1696071012.9903948
3,29376,1696071013.008758
3,29440,1696071013.0254536
3,29504,1696071013.0442097
3,29568,1696071013.0621886
3,29632,1696071013.080514
3,29696,1696071013.0936666
3,29760,1696071013.109248
3,29824,1696071013.1258273
3,29888,1696071013.1444302
3,29952,1696071013.1611123
3,30016,1696071013.1798854
3,30080,1696071013.1985543
3,30144,1696071013.2165782
3,30208,1696071013.233353
3,30272,1696071013.2521517
3,30336,1696071013.2699914
3,30400,1696071013.2883244
3,30464,1696071013.3069801
3,30528,1696071013.324864
3,30592,1696071013.341681
3,30656,1696071013.3603308
3,30720,1696071013.3774061
3,30784,1696071013.3959944
3,30848,1696071013.4143298
3,30912,1696071013.4327607
3,30976,1696071013.4493022
3,31040,1696071013.4681833
3,31104,1696071013.481152
3,31168,1696071013.497715
3,31232,1696071013.5156636
3,31296,1696071013.534484
3,31360,1696071013.5526493
3,31424,1696071013.5694578
3,31488,1696071013.5875368
3,31552,1696071013.6050925
3,31616,1696071013.6217604
3,31680,1696071013.64023
3,31744,1696071013.6578314
3,31808,1696071013.6763074
3,31872,1696071013.6938765
3,31936,1696071013.7122269
3,32000,1696071013.7296963
3,32064,1696071013.7481735
3,32128,1696071013.7607489
3,32192,1696071013.7734525
3,32256,1696071013.7861047
3,32320,1696071013.8007863
3,32384,1696071013.814035
3,32448,1696071013.8322752
3,32512,1696071013.850206
3,32576,1696071013.8680675
3,32640,1696071013.886232
3,32704,1696071013.9041104
3,32768,1696071013.922477
3,32832,1696071013.940472
3,32896,1696071013.9577239
3,32960,1696071013.9755466
3,33024,1696071013.9926798
3,33088,1696071014.009981
3,33152,1696071014.0282094
3,33216,1696071014.046249
3,33280,1696071014.0644276
3,33344,1696071014.081746
3,33408,1696071014.0996616
3,33472,1696071014.1124904
3,33536,1696071014.1288328
3,33600,1696071014.1462848
3,33664,1696071014.1647496
3,33728,1696071014.1818535
3,33792,1696071014.200413
3,33856,1696071014.213877
3,33920,1696071014.2297623
3,33984,1696071014.243846
3,34048,1696071014.2581782
3,34112,1696071014.2723856
3,34176,1696071014.2861948
3,34240,1696071014.3018858
3,34304,1696071014.3160212
3,34368,1696071014.3304288
3,34432,1696071014.3437264
3,34496,1696071014.3627834
3,34560,1696071014.380759
3,34624,1696071014.397807
3,34688,1696071014.4158928
3,34752,1696071014.4342213
3,34816,1696071014.4525018
3,34880,1696071014.4698994
3,34944,1696071014.4885557
3,35008,1696071014.5062196
3,35072,1696071014.5244052
3,35136,1696071014.5418851
3,35200,1696071014.560052
3,35264,1696071014.5780015
3,35328,1696071014.5961645
3,35392,1696071014.614532
3,35456,1696071014.632738
3,35520,1696071014.6496565
3,35584,1696071014.6680012
3,35648,1696071014.6864033
3,35712,1696071014.704502
3,35776,1696071014.7221737
3,35840,1696071014.7403464
3,35904,1696071014.7536144
3,35968,1696071014.769862
3,36032,1696071014.7837343
3,36096,1696071014.7980795
3,36160,1696071014.812274
3,36224,1696071014.825944
3,36288,1696071014.8417096
3,36352,1696071014.8557637
3,36416,1696071014.8701248
3,36480,1696071014.8833485
3,36544,1696071014.9010437
3,36608,1696071014.9174736
3,36672,1696071014.9362965
3,36736,1696071014.9541633
3,36800,1696071014.9724066
3,36864,1696071014.9853666
3,36928,1696071015.0021088
3,36992,1696071015.0203378
3,37056,1696071015.0380194
3,37120,1696071015.0565627
3,37184,1696071015.0739882
3,37248,1696071015.0924013
3,37312,1696071015.1097188
3,37376,1696071015.128151
3,37440,1696071015.1413043
3,37504,1696071015.1568067
3,37568,1696071015.173657
3,37632,1696071015.191669
3,37696,1696071015.2097225
3,37760,1696071015.227679
3,37824,1696071015.2459292
3,37888,1696071015.2642324
3,37952,1696071015.2821789
3,38016,1696071015.3000264
3,38080,1696071015.3179693
3,38144,1696071015.3363223
3,38208,1696071015.3535883
3,38272,1696071015.3721242
3,38336,1696071015.3905263
3,38400,1696071015.4085634
3,38464,1696071015.4263299
3,38528,1696071015.4442816
3,38592,1696071015.4624584
3,38656,1696071015.4806924
3,38720,1696071015.4977362
3,38784,1696071015.5162697
3,38848,1696071015.534573
3,38912,1696071015.5524216
3,38976,1696071015.5697632
3,39040,1696071015.5885468
3,39104,1696071015.6063647
3,39168,1696071015.624372
3,39232,1696071015.6419435
3,39296,1696071015.6605995
3,39360,1696071015.677318
3,39424,1696071015.6958292
3,39488,1696071015.7142036
3,39552,1696071015.7326655
3,39616,1696071015.7498648
3,39680,1696071015.7682137
3,39744,1696071015.7860985
3,39808,1696071015.8044477
3,39872,1696071015.8228605
3,39936,1696071015.8404875
3,40000,1696071015.8578386
3,40064,1696071015.8763576
3,40128,1696071015.8940284
3,40192,1696071015.9121172
3,40256,1696071015.9300904
3,40320,1696071015.948409
3,40384,1696071015.961651
3,40448,1696071015.977899
3,40512,1696071015.996258
3,40576,1696071016.0134609
3,40640,1696071016.0322967
3,40704,1696071016.0506673
3,40768,1696071016.0682137
3,40832,1696071016.0860798
3,40896,1696071016.1039715
3,40960,1696071016.1221292
3,41024,1696071016.140144
3,41088,1696071016.1582525
3,41152,1696071016.1763434
3,41216,1696071016.1938756
3,41280,1696071016.2122695
3,41344,1696071016.2299185
3,41408,1696071016.2486627
3,41472,1696071016.2709575
3,41536,1696071016.2865727
3,41600,1696071016.308294
3,41664,1696071016.3304846
3,41728,1696071016.3500774
3,41792,1696071016.3701115
3,41856,1696071016.390517
3,41920,1696071016.4043274
3,41984,1696071016.4237895
3,42048,1696071016.4489439
3,42112,1696071016.4663537
3,42176,1696071016.4900708
3,42240,1696071016.5144656
3,42304,1696071016.5282767
3,42368,1696071016.5482326
3,42432,1696071016.5706925
3,42496,1696071016.5899627
3,42560,1696071016.6067863
3,42624,1696071016.623935
3,42688,1696071016.6423573
3,42752,1696071016.6618903
3,42816,1696071016.6790497
3,42880,1696071016.6989384
3,42944,1696071016.7187865
3,43008,1696071016.742982
3,43072,1696071016.7630377
3,43136,1696071016.786663
3,43200,1696071016.808264
3,43264,1696071016.83058
3,43328,1696071016.8515465
3,43392,1696071016.8745058
3,43456,1696071016.8950121
3,43520,1696071016.9208732
3,43584,1696071016.9407644
3,43648,1696071016.9581392
3,43712,1696071016.9745653
3,43776,1696071016.991208
3,43840,1696071017.0082722
3,43904,1696071017.023016
3,43968,1696071017.0458496
3,44032,1696071017.0646453
3,44096,1696071017.0833979
3,44160,1696071017.1024313
3,44224,1696071017.122799
3,44288,1696071017.14027
3,44352,1696071017.1563818
3,44416,1696071017.1721375
3,44480,1696071017.1911693
3,44544,1696071017.2083275
3,44608,1696071017.2262971
3,44672,1696071017.2436051
3,44736,1696071017.2620573
3,44800,1696071017.2810512
3,44864,1696071017.2988408
3,44928,1696071017.3169641
3,44992,1696071017.3355799
3,45056,1696071017.3590224
3,45120,1696071017.3795142
3,45184,1696071017.401921
3,45248,1696071017.423976
3,45312,1696071017.4469142
3,45376,1696071017.4672322
3,45440,1696071017.48852
3,45504,1696071017.5083327
3,45568,1696071017.5251122
3,45632,1696071017.5429943
3,45696,1696071017.5620723
3,45760,1696071017.582824
3,45824,1696071017.6021652
3,45888,1696071017.619734
3,45952,1696071017.63678
3,46016,1696071017.6540065
3,46080,1696071017.6717935
3,46144,1696071017.6884434
3,46208,1696071017.7039375
3,46272,1696071017.7289615
3,46336,1696071017.7483568
3,46400,1696071017.769017
3,46464,1696071017.7888584
3,46528,1696071017.809081
3,46592,1696071017.8283868
3,46656,1696071017.844386
3,46720,1696071017.864738
3,46784,1696071017.8884172
3,46848,1696071017.910285
3,46912,1696071017.9300847
3,46976,1696071017.9503052
3,47040,1696071017.9702282
3,47104,1696071017.9903116
3,47168,1696071018.0104861
3,47232,1696071018.0297396
3,47296,1696071018.050352
3,47360,1696071018.0702286
3,47424,1696071018.090159
3,47488,1696071018.1102748
3,47552,1696071018.1298666
3,47616,1696071018.1502945
3,47680,1696071018.1699321
3,47744,1696071018.190316
3,47808,1696071018.2100747
3,47872,1696071018.2303278
3,47936,1696071018.250012
3,48000,1696071018.2701354
3,48064,1696071018.2895875
3,48128,1696071018.3099785
3,48192,1696071018.3360932
3,48256,1696071018.3550684
3,48320,1696071018.3756125
3,48384,1696071018.3985884
3,48448,1696071018.4194398
3,48512,1696071018.44301
3,48576,1696071018.4634202
3,48640,1696071018.4870954
3,48704,1696071018.5017703
3,48768,1696071018.5210876
3,48832,1696071018.542646
3,48896,1696071018.562157
3,48960,1696071018.5782425
3,49024,1696071018.5946965
3,49088,1696071018.6132648
3,49152,1696071018.6323917
3,49216,1696071018.6543527
3,49280,1696071018.6744785
3,49344,1696071018.693877
3,49408,1696071018.7138143
3,49472,1696071018.7336462
3,49536,1696071018.7575736
3,49600,1696071018.7724028
3,49664,1696071018.7971027
3,49728,1696071018.8161244
3,49792,1696071018.8428073
3,49856,1696071018.8611233
3,49920,1696071018.877906
3,49984,1696071018.901493
3,50000,1696071018.9230063
4,64,1696071019.253771
4,128,1696071019.273088
4,192,1696071019.2985106
4,256,1696071019.3216069
4,320,1696071019.3417487
