epoch,trained_sample,time
1,0,1695616971.9052725
1,128,1695616973.1905658
1,256,1695616973.2654443
1,384,1695616973.3560789
1,512,1695616973.4450805
1,640,1695616973.534002
1,768,1695616973.62298
1,896,1695616973.7117167
1,1024,1695616973.8005598
1,1152,1695616973.889528
1,1280,1695616973.9784493
1,1408,1695616974.0673966
1,1536,1695616974.1563044
1,1664,1695616974.2452254
1,1792,1695616974.3340185
1,1920,1695616974.4228985
1,2048,1695616974.5116634
1,2176,1695616974.6005206
1,2304,1695616974.6894474
1,2432,1695616974.7783415
1,2560,1695616974.8672771
1,2688,1695616974.956248
1,2816,1695616975.0452702
1,2944,1695616975.1341114
1,3072,1695616975.2230968
1,3200,1695616975.3118243
1,3328,1695616975.4006422
1,3456,1695616975.4896007
1,3584,1695616975.578578
1,3712,1695616975.667551
1,3840,1695616975.756509
1,3968,1695616975.8455546
1,4096,1695616975.9343133
1,4224,1695616976.0231056
1,4352,1695616976.1120148
1,4480,1695616976.2009141
1,4608,1695616976.28992
1,4736,1695616976.3788705
1,4864,1695616976.4678428
1,4992,1695616976.5567956
1,5120,1695616976.645735
1,5248,1695616976.7345161
1,5376,1695616976.823447
1,5504,1695616976.9121895
1,5632,1695616977.0031626
1,5760,1695616977.0918846
1,5888,1695616977.180769
1,6016,1695616977.2698207
1,6144,1695616977.3588362
1,6272,1695616977.447788
1,6400,1695616977.5367286
1,6528,1695616977.6257193
1,6656,1695616977.7147057
1,6784,1695616977.803765
1,6912,1695616977.8926022
1,7040,1695616977.9834433
1,7168,1695616978.0829303
1,7296,1695616978.182768
1,7424,1695616978.2785263
1,7552,1695616978.3734448
1,7680,1695616978.4715068
1,7808,1695616978.5682828
1,7936,1695616978.6657002
1,8064,1695616978.7630095
1,8192,1695616978.860237
1,8320,1695616978.9567378
1,8448,1695616979.0541384
1,8576,1695616979.1515965
1,8704,1695616979.2484062
1,8832,1695616979.3446665
1,8960,1695616979.4425054
1,9088,1695616979.5386589
1,9216,1695616979.6374617
1,9344,1695616979.7349443
1,9472,1695616979.8325393
1,9600,1695616979.931207
1,9728,1695616980.0302684
1,9856,1695616980.1288753
1,9984,1695616980.2226727
1,10112,1695616980.3217938
1,10240,1695616980.4207673
1,10368,1695616980.51833
1,10496,1695616980.6168704
1,10624,1695616980.7158723
1,10752,1695616980.8153284
1,10880,1695616980.9124053
1,11008,1695616981.012223
1,11136,1695616981.1108315
1,11264,1695616981.2115686
1,11392,1695616981.3114603
1,11520,1695616981.4085982
1,11648,1695616981.5072944
1,11776,1695616981.6041815
1,11904,1695616981.7038355
1,12032,1695616981.8035975
1,12160,1695616981.9035316
1,12288,1695616982.0020595
1,12416,1695616982.1015503
1,12544,1695616982.1979208
1,12672,1695616982.3017235
1,12800,1695616982.4168837
1,12928,1695616982.532478
1,13056,1695616982.647399
1,13184,1695616982.763476
1,13312,1695616982.8801954
1,13440,1695616982.9945655
1,13568,1695616983.109628
1,13696,1695616983.2239332
1,13824,1695616983.3387802
1,13952,1695616983.4546916
1,14080,1695616983.569668
1,14208,1695616983.685612
1,14336,1695616983.799094
1,14464,1695616983.9147553
1,14592,1695616984.0298266
1,14720,1695616984.145122
1,14848,1695616984.2620554
1,14976,1695616984.3767455
1,15104,1695616984.492765
1,15232,1695616984.609539
1,15360,1695616984.7243757
1,15488,1695616984.8399813
1,15616,1695616984.9565027
1,15744,1695616985.0732365
1,15872,1695616985.187952
1,16000,1695616985.303817
1,16128,1695616985.4202209
1,16256,1695616985.5355136
1,16384,1695616985.6502755
1,16512,1695616985.7640278
1,16640,1695616985.8793085
1,16768,1695616985.9957821
1,16896,1695616986.1123908
1,17024,1695616986.2257564
1,17152,1695616986.3420568
1,17280,1695616986.4587226
1,17408,1695616986.5730202
1,17536,1695616986.68985
1,17664,1695616986.8045182
1,17792,1695616986.9198413
1,17920,1695616987.0352337
1,18048,1695616987.148929
1,18176,1695616987.2655823
1,18304,1695616987.380935
1,18432,1695616987.4961326
1,18560,1695616987.6129832
1,18688,1695616987.7282994
1,18816,1695616987.842849
1,18944,1695616987.958961
1,19072,1695616988.0748205
1,19200,1695616988.1895223
1,19328,1695616988.3051715
1,19456,1695616988.421688
1,19584,1695616988.5381734
1,19712,1695616988.653524
1,19840,1695616988.7692273
1,19968,1695616988.8852835
1,20096,1695616989.0015461
1,20224,1695616989.1166668
1,20352,1695616989.2317574
1,20480,1695616989.3467257
1,20608,1695616989.4624074
1,20736,1695616989.5777702
1,20864,1695616989.6939368
1,20992,1695616989.8108346
1,21120,1695616989.9274545
1,21248,1695616990.0423887
1,21376,1695616990.1574464
1,21504,1695616990.2740598
1,21632,1695616990.3889213
1,21760,1695616990.5039327
1,21888,1695616990.6203914
1,22016,1695616990.737104
1,22144,1695616990.8513718
1,22272,1695616990.9670453
1,22400,1695616991.083797
1,22528,1695616991.1987746
1,22656,1695616991.3148997
1,22784,1695616991.430541
1,22912,1695616991.5471375
1,23040,1695616991.6622279
1,23168,1695616991.7770572
1,23296,1695616991.892991
1,23424,1695616992.0097492
1,23552,1695616992.1263292
1,23680,1695616992.2414112
1,23808,1695616992.3572738
1,23936,1695616992.472911
1,24064,1695616992.5898178
1,24192,1695616992.70575
1,24320,1695616992.8203628
1,24448,1695616992.935517
1,24576,1695616993.0524323
1,24704,1695616993.1691108
1,24832,1695616993.2860248
1,24960,1695616993.4008365
1,25088,1695616993.5158448
1,25216,1695616993.6323664
1,25344,1695616993.7474194
1,25472,1695616993.8627758
1,25600,1695616993.9795735
1,25728,1695616994.0960376
1,25856,1695616994.2102845
1,25984,1695616994.325947
1,26112,1695616994.4423485
1,26240,1695616994.558721
1,26368,1695616994.6733255
1,26496,1695616994.7888288
1,26624,1695616994.9050555
1,26752,1695616995.0219445
1,26880,1695616995.1385043
1,27008,1695616995.25319
1,27136,1695616995.3684294
1,27264,1695616995.4858978
1,27392,1695616995.602006
1,27520,1695616995.7168112
1,27648,1695616995.8330293
1,27776,1695616995.949747
1,27904,1695616996.0664663
1,28032,1695616996.1825714
1,28160,1695616996.297668
1,28288,1695616996.4132621
1,28416,1695616996.52922
1,28544,1695616996.6439917
1,28672,1695616996.7597642
1,28800,1695616996.8760402
1,28928,1695616996.9934416
1,29056,1695616997.1092508
1,29184,1695616997.2252367
1,29312,1695616997.3413591
1,29440,1695616997.4584858
1,29568,1695616997.575877
1,29696,1695616997.6923993
1,29824,1695616997.809085
1,29952,1695616997.925228
1,30080,1695616998.040875
1,30208,1695616998.1566296
1,30336,1695616998.2740748
1,30464,1695616998.3908582
1,30592,1695616998.505496
1,30720,1695616998.6210413
1,30848,1695616998.737131
1,30976,1695616998.853628
1,31104,1695616998.9699538
1,31232,1695616999.0848396
1,31360,1695616999.2007382
1,31488,1695616999.3166397
1,31616,1695616999.432878
1,31744,1695616999.5468233
1,31872,1695616999.663225
1,32000,1695616999.779947
1,32128,1695616999.8963704
1,32256,1695617000.0120852
1,32384,1695617000.1274767
1,32512,1695617000.2437468
1,32640,1695617000.360746
1,32768,1695617000.4773257
1,32896,1695617000.593935
1,33024,1695617000.7099836
1,33152,1695617000.8253243
1,33280,1695617000.9407444
1,33408,1695617001.057163
1,33536,1695617001.1740859
1,33664,1695617001.2905025
1,33792,1695617001.4056022
1,33920,1695617001.5213675
1,34048,1695617001.638103
1,34176,1695617001.75481
1,34304,1695617001.8705914
1,34432,1695617001.9860191
1,34560,1695617002.1012654
1,34688,1695617002.217529
1,34816,1695617002.3343434
1,34944,1695617002.4496853
1,35072,1695617002.5651157
1,35200,1695617002.6816537
1,35328,1695617002.7981222
1,35456,1695617002.9134364
1,35584,1695617003.0284624
1,35712,1695617003.145378
1,35840,1695617003.262389
1,35968,1695617003.379276
1,36096,1695617003.4959676
1,36224,1695617003.6130135
1,36352,1695617003.7292233
1,36480,1695617003.8449776
1,36608,1695617003.9605136
1,36736,1695617004.0773036
1,36864,1695617004.1935248
1,36992,1695617004.3095467
1,37120,1695617004.4254317
1,37248,1695617004.5414162
1,37376,1695617004.657312
1,37504,1695617004.7732913
1,37632,1695617004.8899245
1,37760,1695617005.0076458
1,37888,1695617005.1240664
1,38016,1695617005.2387772
1,38144,1695617005.3555956
1,38272,1695617005.4720397
1,38400,1695617005.589388
1,38528,1695617005.705474
1,38656,1695617005.821691
1,38784,1695617005.9367757
1,38912,1695617006.052278
1,39040,1695617006.1691763
1,39168,1695617006.2838364
1,39296,1695617006.4002798
1,39424,1695617006.5153615
1,39552,1695617006.6314642
1,39680,1695617006.7462175
1,39808,1695617006.8622441
1,39936,1695617006.9763434
1,40064,1695617007.0938735
1,40192,1695617007.2095797
1,40320,1695617007.3245127
1,40448,1695617007.4406123
1,40576,1695617007.5571213
1,40704,1695617007.6730247
1,40832,1695617007.7869592
1,40960,1695617007.9000669
1,41088,1695617007.9908497
1,41216,1695617008.0803556
1,41344,1695617008.1701384
1,41472,1695617008.2596214
1,41600,1695617008.3490074
1,41728,1695617008.4384608
1,41856,1695617008.527939
1,41984,1695617008.6174395
1,42112,1695617008.7068427
1,42240,1695617008.796248
1,42368,1695617008.885606
1,42496,1695617008.9750488
1,42624,1695617009.0644152
1,42752,1695617009.153799
1,42880,1695617009.243129
1,43008,1695617009.3325398
1,43136,1695617009.421896
1,43264,1695617009.511292
1,43392,1695617009.6006787
1,43520,1695617009.6900527
1,43648,1695617009.7795029
1,43776,1695617009.868885
1,43904,1695617009.9583228
1,44032,1695617010.0476754
1,44160,1695617010.1371179
1,44288,1695617010.2265518
1,44416,1695617010.315955
1,44544,1695617010.4053555
1,44672,1695617010.4947593
1,44800,1695617010.5840185
1,44928,1695617010.6734815
1,45056,1695617010.7626576
1,45184,1695617010.852088
1,45312,1695617010.9414186
1,45440,1695617011.0308168
1,45568,1695617011.1202064
1,45696,1695617011.2095675
1,45824,1695617011.2991157
1,45952,1695617011.3886228
1,46080,1695617011.4780688
1,46208,1695617011.567477
1,46336,1695617011.6569288
1,46464,1695617011.7463522
1,46592,1695617011.8358374
1,46720,1695617011.9252875
1,46848,1695617012.0147772
1,46976,1695617012.1043735
1,47104,1695617012.1938498
1,47232,1695617012.2831817
1,47360,1695617012.3726223
1,47488,1695617012.4618485
1,47616,1695617012.551248
1,47744,1695617012.6405919
1,47872,1695617012.7300155
1,48000,1695617012.8195426
1,48128,1695617012.9089751
1,48256,1695617012.9985285
1,48384,1695617013.0878615
1,48512,1695617013.177293
1,48640,1695617013.2666585
1,48768,1695617013.356051
1,48896,1695617013.4454336
1,49024,1695617013.5348642
1,49152,1695617013.6242642
1,49280,1695617013.7137222
1,49408,1695617013.8030894
1,49536,1695617013.8925042
1,49664,1695617013.9816322
1,49792,1695617014.07108
1,49920,1695617014.160376
1,50000,1695617014.2596428
2,128,1695617014.5901656
2,256,1695617014.678911
2,384,1695617014.7686114
2,512,1695617014.858375
2,640,1695617014.9480634
2,768,1695617015.0378346
2,896,1695617015.1276417
2,1024,1695617015.217366
2,1152,1695617015.3074498
2,1280,1695617015.3971584
2,1408,1695617015.486932
2,1536,1695617015.5766451
2,1664,1695617015.66682
2,1792,1695617015.7565944
2,1920,1695617015.8463871
2,2048,1695617015.936136
2,2176,1695617016.0258946
2,2304,1695617016.1155972
2,2432,1695617016.2052608
2,2560,1695617016.2950025
2,2688,1695617016.384662
2,2816,1695617016.474364
2,2944,1695617016.5640168
2,3072,1695617016.6537008
2,3200,1695617016.7434642
2,3328,1695617016.8332984
2,3456,1695617016.923102
2,3584,1695617017.0128167
2,3712,1695617017.1027718
2,3840,1695617017.1924407
2,3968,1695617017.2821534
2,4096,1695617017.3718624
2,4224,1695617017.4614289
2,4352,1695617017.5511544
2,4480,1695617017.6406782
2,4608,1695617017.730464
2,4736,1695617017.8200624
2,4864,1695617017.9097536
