epoch,trained_sample,time
1,0,1696066453.8258686
1,64,1696066455.0444696
1,128,1696066455.083364
1,192,1696066455.1278584
1,256,1696066455.17511
1,320,1696066455.226686
1,384,1696066455.2742102
1,448,1696066455.323522
1,512,1696066455.371605
1,576,1696066455.422177
1,640,1696066455.4665964
1,704,1696066455.5223222
1,768,1696066455.5631568
1,832,1696066455.6122525
1,896,1696066455.6662145
1,960,1696066455.7099268
1,1024,1696066455.7623255
1,1088,1696066455.803873
1,1152,1696066455.8535304
1,1216,1696066455.910317
1,1280,1696066455.9548657
1,1344,1696066455.994786
1,1408,1696066456.052344
1,1472,1696066456.098328
1,1536,1696066456.143574
1,1600,1696066456.1897452
1,1664,1696066456.2378087
1,1728,1696066456.287738
1,1792,1696066456.3341808
1,1856,1696066456.382029
1,1920,1696066456.4331968
1,1984,1696066456.4777794
1,2048,1696066456.5276654
1,2112,1696066456.5753276
1,2176,1696066456.6219523
1,2240,1696066456.6695457
1,2304,1696066456.7179308
1,2368,1696066456.7689524
1,2432,1696066456.8185055
1,2496,1696066456.8584528
1,2560,1696066456.9151955
1,2624,1696066456.9553044
1,2688,1696066457.0048497
1,2752,1696066457.0577567
1,2816,1696066457.1065195
1,2880,1696066457.1547925
1,2944,1696066457.1911097
1,3008,1696066457.2397482
1,3072,1696066457.288115
1,3136,1696066457.3365095
1,3200,1696066457.3838253
1,3264,1696066457.4308121
1,3328,1696066457.48068
1,3392,1696066457.5276682
1,3456,1696066457.5747745
1,3520,1696066457.6228175
1,3584,1696066457.6723573
1,3648,1696066457.7197611
1,3712,1696066457.768303
1,3776,1696066457.8210025
1,3840,1696066457.870753
1,3904,1696066457.9187422
1,3968,1696066457.9599845
1,4032,1696066458.0183265
1,4096,1696066458.0550313
1,4160,1696066458.103766
1,4224,1696066458.1520529
1,4288,1696066458.199797
1,4352,1696066458.2526743
1,4416,1696066458.3012292
1,4480,1696066458.3483841
1,4544,1696066458.3977067
1,4608,1696066458.449449
1,4672,1696066458.4941103
1,4736,1696066458.5422318
1,4800,1696066458.5881913
1,4864,1696066458.6355221
1,4928,1696066458.6901877
1,4992,1696066458.7316213
1,5056,1696066458.7838883
1,5120,1696066458.8302896
1,5184,1696066458.8806365
1,5248,1696066458.9279258
1,5312,1696066458.974484
1,5376,1696066459.0231361
1,5440,1696066459.0710697
1,5504,1696066459.1197197
1,5568,1696066459.166037
1,5632,1696066459.2140317
1,5696,1696066459.2620323
1,5760,1696066459.3161001
1,5824,1696066459.3549716
1,5888,1696066459.4129384
1,5952,1696066459.4524581
1,6016,1696066459.5055044
1,6080,1696066459.5529351
1,6144,1696066459.595117
1,6208,1696066459.6529243
1,6272,1696066459.6992607
1,6336,1696066459.7422154
1,6400,1696066459.79048
1,6464,1696066459.8381317
1,6528,1696066459.8904238
1,6592,1696066459.9383326
1,6656,1696066459.9811902
1,6720,1696066460.0301442
1,6784,1696066460.0863357
1,6848,1696066460.126423
1,6912,1696066460.174585
1,6976,1696066460.222704
1,7040,1696066460.2700944
1,7104,1696066460.3225396
1,7168,1696066460.3640997
1,7232,1696066460.4182065
1,7296,1696066460.4612615
1,7360,1696066460.5094068
1,7424,1696066460.5593722
1,7488,1696066460.6072097
1,7552,1696066460.658075
1,7616,1696066460.7062833
1,7680,1696066460.753982
1,7744,1696066460.802227
1,7808,1696066460.8500757
1,7872,1696066460.898077
1,7936,1696066460.94627
1,8000,1696066460.9892073
1,8064,1696066461.0407944
1,8128,1696066461.0879223
1,8192,1696066461.136811
1,8256,1696066461.181223
1,8320,1696066461.242281
1,8384,1696066461.2825325
1,8448,1696066461.3337646
1,8512,1696066461.3797925
1,8576,1696066461.4262588
1,8640,1696066461.4749353
1,8704,1696066461.5267484
1,8768,1696066461.5822031
1,8832,1696066461.6316674
1,8896,1696066461.6836808
1,8960,1696066461.7352343
1,9024,1696066461.7866342
1,9088,1696066461.8397353
1,9152,1696066461.8931499
1,9216,1696066461.946011
1,9280,1696066461.9983654
1,9344,1696066462.0537598
1,9408,1696066462.1058824
1,9472,1696066462.1540332
1,9536,1696066462.2131343
1,9600,1696066462.267905
1,9664,1696066462.3183808
1,9728,1696066462.3743823
1,9792,1696066462.4224238
1,9856,1696066462.4816558
1,9920,1696066462.530265
1,9984,1696066462.582356
1,10048,1696066462.6354733
1,10112,1696066462.6856327
1,10176,1696066462.7394235
1,10240,1696066462.7927206
1,10304,1696066462.8423393
1,10368,1696066462.9009283
1,10432,1696066462.950497
1,10496,1696066463.0056932
1,10560,1696066463.0623286
1,10624,1696066463.1119869
1,10688,1696066463.162451
1,10752,1696066463.2146502
1,10816,1696066463.2654862
1,10880,1696066463.3178601
1,10944,1696066463.373746
1,11008,1696066463.423444
1,11072,1696066463.5020676
1,11136,1696066463.5844865
1,11200,1696066463.6649086
1,11264,1696066463.750098
1,11328,1696066463.83058
1,11392,1696066463.9162683
1,11456,1696066463.9886963
1,11520,1696066464.0755758
1,11584,1696066464.1568427
1,11648,1696066464.2396257
1,11712,1696066464.325109
1,11776,1696066464.4054496
1,11840,1696066464.4890137
1,11904,1696066464.5674295
1,11968,1696066464.649311
1,12032,1696066464.7314365
1,12096,1696066464.8182805
1,12160,1696066464.9013655
1,12224,1696066464.984738
1,12288,1696066465.0589237
1,12352,1696066465.1408904
1,12416,1696066465.2265456
1,12480,1696066465.3137293
1,12544,1696066465.3971488
1,12608,1696066465.4806874
1,12672,1696066465.5597365
1,12736,1696066465.641507
1,12800,1696066465.7238548
1,12864,1696066465.810981
1,12928,1696066465.8965151
1,12992,1696066465.9772687
1,13056,1696066466.0612693
1,13120,1696066466.1398494
1,13184,1696066466.2218256
1,13248,1696066466.3058622
1,13312,1696066466.3928685
1,13376,1696066466.4740288
1,13440,1696066466.5577807
1,13504,1696066466.6351995
1,13568,1696066466.7171376
1,13632,1696066466.8006663
1,13696,1696066466.8827395
1,13760,1696066466.9673364
1,13824,1696066467.0472274
1,13888,1696066467.1310794
1,13952,1696066467.209949
1,14016,1696066467.2916892
1,14080,1696066467.3738747
1,14144,1696066467.4558342
1,14208,1696066467.5375605
1,14272,1696066467.6218889
1,14336,1696066467.7018833
1,14400,1696066467.7808597
1,14464,1696066467.863799
1,14528,1696066467.945775
1,14592,1696066468.0284119
1,14656,1696066468.1112034
1,14720,1696066468.1924531
1,14784,1696066468.2716074
1,14848,1696066468.3533783
1,14912,1696066468.43704
1,14976,1696066468.5223575
1,15040,1696066468.6055338
1,15104,1696066468.6886299
1,15168,1696066468.7692409
1,15232,1696066468.8520453
1,15296,1696066468.9355662
1,15360,1696066469.0169876
1,15424,1696066469.1002219
1,15488,1696066469.1863134
1,15552,1696066469.2680173
1,15616,1696066469.3469
1,15680,1696066469.4287395
1,15744,1696066469.5128765
1,15808,1696066469.5983562
1,15872,1696066469.6827931
1,15936,1696066469.7656074
1,16000,1696066469.8439465
1,16064,1696066469.9267523
1,16128,1696066470.0138903
1,16192,1696066470.0962172
1,16256,1696066470.1800067
1,16320,1696066470.265739
1,16384,1696066470.347287
1,16448,1696066470.4246943
1,16512,1696066470.5098753
1,16576,1696066470.5911222
1,16640,1696066470.6743553
1,16704,1696066470.756867
1,16768,1696066470.8427956
1,16832,1696066470.9207442
1,16896,1696066471.0036137
1,16960,1696066471.0856025
1,17024,1696066471.1727598
1,17088,1696066471.2553604
1,17152,1696066471.3389275
1,17216,1696066471.4227207
1,17280,1696066471.4998393
1,17344,1696066471.5837636
1,17408,1696066471.664868
1,17472,1696066471.747458
1,17536,1696066471.8313017
1,17600,1696066471.917264
1,17664,1696066471.9957073
1,17728,1696066472.0779393
1,17792,1696066472.160009
1,17856,1696066472.2474618
1,17920,1696066472.3329916
1,17984,1696066472.4146109
1,18048,1696066472.4983032
1,18112,1696066472.5773757
1,18176,1696066472.659453
1,18240,1696066472.7424474
1,18304,1696066472.8250992
1,18368,1696066472.90732
1,18432,1696066472.990915
1,18496,1696066473.0677626
1,18560,1696066473.1507902
1,18624,1696066473.2343333
1,18688,1696066473.3184931
1,18752,1696066473.4040422
1,18816,1696066473.4879532
1,18880,1696066473.5718603
1,18944,1696066473.650729
1,19008,1696066473.7328086
1,19072,1696066473.8170173
1,19136,1696066473.9028025
1,19200,1696066473.9866314
1,19264,1696066474.070636
1,19328,1696066474.1476638
1,19392,1696066474.2327247
1,19456,1696066474.319722
1,19520,1696066474.4051328
1,19584,1696066474.492853
1,19648,1696066474.5764825
1,19712,1696066474.656301
1,19776,1696066474.7404687
1,19840,1696066474.8281775
1,19904,1696066474.9104273
1,19968,1696066474.9922605
1,20032,1696066475.076382
1,20096,1696066475.1606956
1,20160,1696066475.239866
1,20224,1696066475.3271332
1,20288,1696066475.412574
1,20352,1696066475.5000422
1,20416,1696066475.586403
1,20480,1696066475.6677103
1,20544,1696066475.7450829
1,20608,1696066475.827677
1,20672,1696066475.910569
1,20736,1696066475.9939692
1,20800,1696066476.0773237
1,20864,1696066476.161297
1,20928,1696066476.2466617
1,20992,1696066476.3182707
1,21056,1696066476.400849
1,21120,1696066476.4836364
1,21184,1696066476.5661654
1,21248,1696066476.6492956
1,21312,1696066476.7327168
1,21376,1696066476.8104236
1,21440,1696066476.8931432
1,21504,1696066476.975351
1,21568,1696066477.0585344
1,21632,1696066477.1417694
1,21696,1696066477.2230206
1,21760,1696066477.3070056
1,21824,1696066477.385114
1,21888,1696066477.4675093
1,21952,1696066477.5509326
1,22016,1696066477.6368217
1,22080,1696066477.7188594
1,22144,1696066477.8050141
1,22208,1696066477.8869965
1,22272,1696066477.9654958
1,22336,1696066478.0476706
1,22400,1696066478.130718
1,22464,1696066478.2136674
1,22528,1696066478.2962887
1,22592,1696066478.3798642
1,22656,1696066478.455502
1,22720,1696066478.5400736
1,22784,1696066478.624115
1,22848,1696066478.7124083
1,22912,1696066478.7944672
1,22976,1696066478.878053
1,23040,1696066478.961714
1,23104,1696066479.0401964
1,23168,1696066479.1222613
1,23232,1696066479.2050138
1,23296,1696066479.2880857
1,23360,1696066479.3704367
1,23424,1696066479.4523141
1,23488,1696066479.5296135
1,23552,1696066479.6148317
1,23616,1696066479.7017398
1,23680,1696066479.7866178
1,23744,1696066479.8697608
1,23808,1696066479.9511714
1,23872,1696066480.0348315
1,23936,1696066480.1130676
1,24000,1696066480.1964784
1,24064,1696066480.278992
1,24128,1696066480.3609836
1,24192,1696066480.4443579
1,24256,1696066480.5280986
1,24320,1696066480.6063578
1,24384,1696066480.6902819
1,24448,1696066480.7742922
1,24512,1696066480.8571336
1,24576,1696066480.9414706
1,24640,1696066481.0272226
1,24704,1696066481.1113112
1,24768,1696066481.1900864
1,24832,1696066481.273568
1,24896,1696066481.3567176
1,24960,1696066481.4465556
1,25024,1696066481.528639
1,25088,1696066481.6124613
1,25152,1696066481.691909
1,25216,1696066481.7744725
1,25280,1696066481.8602836
1,25344,1696066481.9438636
1,25408,1696066482.0292766
1,25472,1696066482.1110513
1,25536,1696066482.191137
1,25600,1696066482.2739813
1,25664,1696066482.3539574
1,25728,1696066482.4375536
1,25792,1696066482.5233593
1,25856,1696066482.6050286
1,25920,1696066482.6892657
1,25984,1696066482.7689538
1,26048,1696066482.8510544
1,26112,1696066482.9356186
1,26176,1696066483.0217001
1,26240,1696066483.107371
1,26304,1696066483.1894586
1,26368,1696066483.2693207
1,26432,1696066483.3501396
1,26496,1696066483.433769
1,26560,1696066483.5198407
1,26624,1696066483.6034799
1,26688,1696066483.686983
1,26752,1696066483.7683394
1,26816,1696066483.8480785
1,26880,1696066483.9299753
1,26944,1696066484.0169485
1,27008,1696066484.1026185
1,27072,1696066484.1845787
1,27136,1696066484.2688086
1,27200,1696066484.3487704
1,27264,1696066484.431955
1,27328,1696066484.5151875
1,27392,1696066484.5973678
1,27456,1696066484.6788805
1,27520,1696066484.7626293
1,27584,1696066484.8467996
1,27648,1696066484.9263406
1,27712,1696066485.0090022
1,27776,1696066485.0930078
1,27840,1696066485.1787653
1,27904,1696066485.2623985
1,27968,1696066485.346271
1,28032,1696066485.426473
1,28096,1696066485.5070553
1,28160,1696066485.592483
1,28224,1696066485.6759508
1,28288,1696066485.76003
1,28352,1696066485.8404608
1,28416,1696066485.9244113
1,28480,1696066486.0046458
1,28544,1696066486.0867178
1,28608,1696066486.176027
1,28672,1696066486.2634757
1,28736,1696066486.3471081
1,28800,1696066486.4307582
1,28864,1696066486.5074923
1,28928,1696066486.5910354
1,28992,1696066486.6755483
1,29056,1696066486.7580898
1,29120,1696066486.8409224
1,29184,1696066486.9243276
1,29248,1696066487.0059602
1,29312,1696066487.0833359
1,29376,1696066487.1673446
1,29440,1696066487.2509181
1,29504,1696066487.3337297
1,29568,1696066487.4152882
1,29632,1696066487.4990761
1,29696,1696066487.578985
1,29760,1696066487.660873
1,29824,1696066487.7431648
1,29888,1696066487.8261747
1,29952,1696066487.908758
1,30016,1696066487.9919562
1,30080,1696066488.0752478
1,30144,1696066488.1532
1,30208,1696066488.2356837
1,30272,1696066488.31847
1,30336,1696066488.4012678
1,30400,1696066488.483958
1,30464,1696066488.565554
1,30528,1696066488.6498997
1,30592,1696066488.7288744
1,30656,1696066488.8129983
1,30720,1696066488.8985925
1,30784,1696066488.98417
1,30848,1696066489.0662792
1,30912,1696066489.1506584
1,30976,1696066489.2309728
1,31040,1696066489.313468
1,31104,1696066489.396273
1,31168,1696066489.4787376
1,31232,1696066489.5625517
1,31296,1696066489.6444716
1,31360,1696066489.7283664
1,31424,1696066489.8070948
1,31488,1696066489.8900812
1,31552,1696066489.9733334
1,31616,1696066490.0566187
1,31680,1696066490.1395917
1,31744,1696066490.222937
1,31808,1696066490.2942657
1,31872,1696066490.346933
1,31936,1696066490.395126
1,32000,1696066490.443927
1,32064,1696066490.49428
1,32128,1696066490.542478
1,32192,1696066490.5931213
1,32256,1696066490.6424494
1,32320,1696066490.6892588
1,32384,1696066490.7320216
1,32448,1696066490.7903855
1,32512,1696066490.8342257
1,32576,1696066490.8817444
1,32640,1696066490.9298186
1,32704,1696066490.9782932
1,32768,1696066491.0264847
1,32832,1696066491.074263
1,32896,1696066491.1225383
1,32960,1696066491.1703851
1,33024,1696066491.223455
1,33088,1696066491.2677042
1,33152,1696066491.3150833
1,33216,1696066491.362752
1,33280,1696066491.4113986
1,33344,1696066491.4585419
1,33408,1696066491.507466
1,33472,1696066491.5546389
1,33536,1696066491.6028712
1,33600,1696066491.6582904
1,33664,1696066491.6989253
1,33728,1696066491.7469141
1,33792,1696066491.7983758
1,33856,1696066491.8462713
1,33920,1696066491.8946228
1,33984,1696066491.942188
1,34048,1696066491.9905396
1,34112,1696066492.0385537
1,34176,1696066492.0869973
1,34240,1696066492.1351526
1,34304,1696066492.1824756
1,34368,1696066492.2312353
1,34432,1696066492.279731
1,34496,1696066492.327609
1,34560,1696066492.3745623
1,34624,1696066492.4226267
1,34688,1696066492.4710069
1,34752,1696066492.5188863
1,34816,1696066492.570331
1,34880,1696066492.6180718
1,34944,1696066492.6658897
1,35008,1696066492.714475
1,35072,1696066492.770645
1,35136,1696066492.810469
1,35200,1696066492.8587809
1,35264,1696066492.906962
1,35328,1696066492.9545078
1,35392,1696066493.0029695
1,35456,1696066493.0515347
1,35520,1696066493.1001408
1,35584,1696066493.1467838
1,35648,1696066493.1946218
1,35712,1696066493.243449
1,35776,1696066493.2942772
1,35840,1696066493.3420808
1,35904,1696066493.389926
1,35968,1696066493.4383445
1,36032,1696066493.48289
1,36096,1696066493.5346773
1,36160,1696066493.582461
1,36224,1696066493.6309037
1,36288,1696066493.6790512
1,36352,1696066493.7274895
1,36416,1696066493.7751555
1,36480,1696066493.8233104
1,36544,1696066493.870527
1,36608,1696066493.9195626
1,36672,1696066493.9667516
1,36736,1696066494.0148656
1,36800,1696066494.0659583
1,36864,1696066494.1121218
1,36928,1696066494.158754
1,36992,1696066494.2065759
1,37056,1696066494.2587154
1,37120,1696066494.3016346
1,37184,1696066494.3627799
1,37248,1696066494.4027348
1,37312,1696066494.4531453
1,37376,1696066494.5015173
1,37440,1696066494.549809
1,37504,1696066494.597891
1,37568,1696066494.6419084
1,37632,1696066494.6906424
1,37696,1696066494.742288
1,37760,1696066494.7924385
1,37824,1696066494.8424854
1,37888,1696066494.8831587
1,37952,1696066494.9346743
1,38016,1696066494.9832761
1,38080,1696066495.0309677
1,38144,1696066495.0787401
1,38208,1696066495.1265862
1,38272,1696066495.1746593
1,38336,1696066495.222544
1,38400,1696066495.2713797
1,38464,1696066495.324546
1,38528,1696066495.3702462
1,38592,1696066495.418457
1,38656,1696066495.4663658
1,38720,1696066495.5147183
1,38784,1696066495.5612621
1,38848,1696066495.6076329
1,38912,1696066495.6589873
1,38976,1696066495.709446
1,39040,1696066495.7564445
1,39104,1696066495.8028624
1,39168,1696066495.8539176
1,39232,1696066495.901673
1,39296,1696066495.945986
1,39360,1696066495.9938679
1,39424,1696066496.0460987
1,39488,1696066496.0972521
1,39552,1696066496.142318
1,39616,1696066496.1902754
1,39680,1696066496.2388694
1,39744,1696066496.28638
1,39808,1696066496.3364537
1,39872,1696066496.382422
1,39936,1696066496.431215
1,40000,1696066496.479143
1,40064,1696066496.5291533
1,40128,1696066496.5778234
1,40192,1696066496.625744
1,40256,1696066496.673909
1,40320,1696066496.721994
1,40384,1696066496.7694833
1,40448,1696066496.8214166
1,40512,1696066496.8732429
1,40576,1696066496.9173243
1,40640,1696066496.959559
1,40704,1696066497.0135882
1,40768,1696066497.061391
1,40832,1696066497.112117
1,40896,1696066497.1592546
1,40960,1696066497.2058113
1,41024,1696066497.254061
1,41088,1696066497.3018646
1,41152,1696066497.34991
1,41216,1696066497.3985333
1,41280,1696066497.4476447
1,41344,1696066497.494247
1,41408,1696066497.5465772
1,41472,1696066497.5942233
1,41536,1696066497.6409514
1,41600,1696066497.689207
1,41664,1696066497.7376022
1,41728,1696066497.7854438
1,41792,1696066497.8383255
1,41856,1696066497.8792589
1,41920,1696066497.92846
1,41984,1696066497.9756436
1,42048,1696066498.0263596
1,42112,1696066498.0741687
1,42176,1696066498.12229
1,42240,1696066498.1703684
1,42304,1696066498.2185037
1,42368,1696066498.266552
1,42432,1696066498.3147318
1,42496,1696066498.365923
1,42560,1696066498.4104667
1,42624,1696066498.4588852
1,42688,1696066498.5063217
1,42752,1696066498.555448
1,42816,1696066498.6026614
1,42880,1696066498.659733
1,42944,1696066498.6999278
1,43008,1696066498.7475085
1,43072,1696066498.7982829
1,43136,1696066498.8501468
1,43200,1696066498.891263
1,43264,1696066498.942859
1,43328,1696066498.991174
1,43392,1696066499.0385096
1,43456,1696066499.086636
1,43520,1696066499.1349816
1,43584,1696066499.1824684
1,43648,1696066499.2314715
1,43712,1696066499.278819
1,43776,1696066499.326875
1,43840,1696066499.3814373
1,43904,1696066499.4237485
1,43968,1696066499.4741719
1,44032,1696066499.5224757
1,44096,1696066499.568495
1,44160,1696066499.6213686
1,44224,1696066499.6692946
1,44288,1696066499.7111962
1,44352,1696066499.7660615
1,44416,1696066499.8096266
1,44480,1696066499.8607652
1,44544,1696066499.9065368
1,44608,1696066499.9552207
1,44672,1696066500.002681
1,44736,1696066500.0505972
1,44800,1696066500.099919
1,44864,1696066500.1499412
1,44928,1696066500.1981835
1,44992,1696066500.2503662
1,45056,1696066500.294309
1,45120,1696066500.3425093
