epoch,trained_sample,time
1,0,1696071515.2412357
1,64,1696071516.5086837
1,128,1696071516.5284297
1,192,1696071516.5576308
1,256,1696071516.5764072
1,320,1696071516.596215
1,384,1696071516.6153681
1,448,1696071516.6321697
1,512,1696071516.6484058
1,576,1696071516.6693997
1,640,1696071516.6880145
1,704,1696071516.704494
1,768,1696071516.7198408
1,832,1696071516.7397249
1,896,1696071516.758966
1,960,1696071516.7752054
1,1024,1696071516.7899585
1,1088,1696071516.8126986
1,1152,1696071516.8306475
1,1216,1696071516.846889
1,1280,1696071516.863308
1,1344,1696071516.882868
1,1408,1696071516.9022434
1,1472,1696071516.9197176
1,1536,1696071516.9361818
1,1600,1696071516.9603195
1,1664,1696071516.9768834
1,1728,1696071516.9949825
1,1792,1696071517.0163782
1,1856,1696071517.0394588
1,1920,1696071517.0578606
1,1984,1696071517.073896
1,2048,1696071517.0898523
1,2112,1696071517.109357
1,2176,1696071517.1285539
1,2240,1696071517.1444254
1,2304,1696071517.1598136
1,2368,1696071517.1812763
1,2432,1696071517.2020063
1,2496,1696071517.2178543
1,2560,1696071517.233703
1,2624,1696071517.257494
1,2688,1696071517.2747679
1,2752,1696071517.2906432
1,2816,1696071517.3071308
1,2880,1696071517.33062
1,2944,1696071517.347185
1,3008,1696071517.3630288
1,3072,1696071517.379498
1,3136,1696071517.4036214
1,3200,1696071517.419753
1,3264,1696071517.4354649
1,3328,1696071517.4518492
1,3392,1696071517.475849
1,3456,1696071517.495804
1,3520,1696071517.512307
1,3584,1696071517.5285819
1,3648,1696071517.5489914
1,3712,1696071517.5685987
1,3776,1696071517.5839064
1,3840,1696071517.5992236
1,3904,1696071517.618503
1,3968,1696071517.638216
1,4032,1696071517.654096
1,4096,1696071517.6703372
1,4160,1696071517.6937594
1,4224,1696071517.7133343
1,4288,1696071517.7283828
1,4352,1696071517.743371
1,4416,1696071517.7637885
1,4480,1696071517.7833948
1,4544,1696071517.8034785
1,4608,1696071517.8255954
1,4672,1696071517.8486896
1,4736,1696071517.8672688
1,4800,1696071517.8829148
1,4864,1696071517.8987994
1,4928,1696071517.9212794
1,4992,1696071517.9393127
1,5056,1696071517.9556522
1,5120,1696071517.9721434
1,5184,1696071517.994967
1,5248,1696071518.0119736
1,5312,1696071518.0281055
1,5376,1696071518.0465488
1,5440,1696071518.0687537
1,5504,1696071518.0871108
1,5568,1696071518.1033425
1,5632,1696071518.1198075
1,5696,1696071518.143193
1,5760,1696071518.1599762
1,5824,1696071518.1759095
1,5888,1696071518.1914196
1,5952,1696071518.210373
1,6016,1696071518.2296789
1,6080,1696071518.2469194
1,6144,1696071518.2636082
1,6208,1696071518.2870789
1,6272,1696071518.3040137
1,6336,1696071518.3201253
1,6400,1696071518.3355722
1,6464,1696071518.3554475
1,6528,1696071518.3754654
1,6592,1696071518.3937285
1,6656,1696071518.409958
1,6720,1696071518.4294944
1,6784,1696071518.4498258
1,6848,1696071518.4658897
1,6912,1696071518.4818578
1,6976,1696071518.5042982
1,7040,1696071518.5226555
1,7104,1696071518.5392845
1,7168,1696071518.5557961
1,7232,1696071518.581492
1,7296,1696071518.5976954
1,7360,1696071518.6122704
1,7424,1696071518.6274858
1,7488,1696071518.6468983
1,7552,1696071518.666334
1,7616,1696071518.6821408
1,7680,1696071518.697987
1,7744,1696071518.7181401
1,7808,1696071518.7366302
1,7872,1696071518.7536144
1,7936,1696071518.7700336
1,8000,1696071518.7894392
1,8064,1696071518.8091624
1,8128,1696071518.8243244
1,8192,1696071518.8397684
1,8256,1696071518.8593054
1,8320,1696071518.8783824
1,8384,1696071518.8954668
1,8448,1696071518.911832
1,8512,1696071518.937816
1,8576,1696071518.9526238
1,8640,1696071518.9682083
1,8704,1696071518.9836404
1,8768,1696071519.0033474
1,8832,1696071519.02335
1,8896,1696071519.0415146
1,8960,1696071519.057945
1,9024,1696071519.0818486
1,9088,1696071519.098694
1,9152,1696071519.1143527
1,9216,1696071519.130962
1,9280,1696071519.1503072
1,9344,1696071519.1702254
1,9408,1696071519.1872673
1,9472,1696071519.2078142
1,9536,1696071519.2298932
1,9600,1696071519.249968
1,9664,1696071519.2659445
1,9728,1696071519.2818646
1,9792,1696071519.3024237
1,9856,1696071519.3210158
1,9920,1696071519.3377585
1,9984,1696071519.354471
1,10048,1696071519.3737948
1,10112,1696071519.3937654
1,10176,1696071519.4098995
1,10240,1696071519.4257915
1,10304,1696071519.4462569
1,10368,1696071519.464808
1,10432,1696071519.4815738
1,10496,1696071519.497993
1,10560,1696071519.518451
1,10624,1696071519.536973
1,10688,1696071519.5541275
1,10752,1696071519.5706055
1,10816,1696071519.5946887
1,10880,1696071519.6106646
1,10944,1696071519.626024
1,11008,1696071519.6416414
1,11072,1696071519.6619778
1,11136,1696071519.6804013
1,11200,1696071519.6971047
1,11264,1696071519.7135239
1,11328,1696071519.7371256
1,11392,1696071519.7543902
1,11456,1696071519.7701824
1,11520,1696071519.7866428
1,11584,1696071519.8105652
1,11648,1696071519.8264735
1,11712,1696071519.8419933
1,11776,1696071519.857935
1,11840,1696071519.8818684
1,11904,1696071519.8988097
1,11968,1696071519.9146516
1,12032,1696071519.9311426
1,12096,1696071519.9548788
1,12160,1696071519.9709115
1,12224,1696071519.9867656
1,12288,1696071520.0025625
1,12352,1696071520.0277076
1,12416,1696071520.044665
1,12480,1696071520.0608864
1,12544,1696071520.076075
1,12608,1696071520.0966473
1,12672,1696071520.118935
1,12736,1696071520.135041
1,12800,1696071520.15067
1,12864,1696071520.1700616
1,12928,1696071520.1900659
1,12992,1696071520.20989
1,13056,1696071520.2299201
1,13120,1696071520.2517936
1,13184,1696071520.2708817
1,13248,1696071520.2861984
1,13312,1696071520.301699
1,13376,1696071520.3247006
1,13440,1696071520.342255
1,13504,1696071520.358184
1,13568,1696071520.3746617
1,13632,1696071520.3980467
1,13696,1696071520.4150138
1,13760,1696071520.430804
1,13824,1696071520.447329
1,13888,1696071520.4712722
1,13952,1696071520.4871924
1,14016,1696071520.502761
1,14080,1696071520.5182924
1,14144,1696071520.5417812
1,14208,1696071520.5583167
1,14272,1696071520.5739143
1,14336,1696071520.5900805
1,14400,1696071520.6136403
1,14464,1696071520.6307952
1,14528,1696071520.64679
1,14592,1696071520.664914
1,14656,1696071520.6896458
1,14720,1696071520.7079568
1,14784,1696071520.7244067
1,14848,1696071520.7397504
1,14912,1696071520.758284
1,14976,1696071520.7819376
1,15040,1696071520.7985961
1,15104,1696071520.8143756
1,15168,1696071520.8378468
1,15232,1696071520.8548696
1,15296,1696071520.8708897
1,15360,1696071520.8874366
1,15424,1696071520.9111795
1,15488,1696071520.9272316
1,15552,1696071520.9434419
1,15616,1696071520.9655538
1,15680,1696071520.986743
1,15744,1696071521.005898
1,15808,1696071521.0202188
1,15872,1696071521.0431087
1,15936,1696071521.0576363
1,16000,1696071521.0805545
1,16064,1696071521.100613
1,16128,1696071521.121317
1,16192,1696071521.1411264
1,16256,1696071521.1614268
1,16320,1696071521.186496
1,16384,1696071521.2080233
1,16448,1696071521.2287
1,16512,1696071521.2505074
1,16576,1696071521.2651138
1,16640,1696071521.2835014
1,16704,1696071521.3004417
1,16768,1696071521.314699
1,16832,1696071521.333711
1,16896,1696071521.3519952
1,16960,1696071521.3694744
1,17024,1696071521.3830707
1,17088,1696071521.3972769
1,17152,1696071521.4155838
1,17216,1696071521.431655
1,17280,1696071521.4461648
1,17344,1696071521.4600546
1,17408,1696071521.478158
1,17472,1696071521.4961302
1,17536,1696071521.5112214
1,17600,1696071521.5255852
1,17664,1696071521.543606
1,17728,1696071521.56102
1,17792,1696071521.5755172
1,17856,1696071521.5900803
1,17920,1696071521.6083574
1,17984,1696071521.626284
1,18048,1696071521.6416755
1,18112,1696071521.6567252
1,18176,1696071521.6710713
1,18240,1696071521.692296
1,18304,1696071521.7096734
1,18368,1696071521.7307425
1,18432,1696071521.7494435
1,18496,1696071521.7674885
1,18560,1696071521.7848854
1,18624,1696071521.7988064
1,18688,1696071521.8124647
1,18752,1696071521.8297925
1,18816,1696071521.8470538
1,18880,1696071521.8608332
1,18944,1696071521.8746872
1,19008,1696071521.891995
1,19072,1696071521.9092684
1,19136,1696071521.9231052
1,19200,1696071521.937794
1,19264,1696071521.9569836
1,19328,1696071521.9736476
1,19392,1696071521.987521
1,19456,1696071522.0014124
1,19520,1696071522.0190167
1,19584,1696071522.0362315
1,19648,1696071522.0501127
1,19712,1696071522.063919
1,19776,1696071522.0812542
1,19840,1696071522.0987048
1,19904,1696071522.1125066
1,19968,1696071522.126412
1,20032,1696071522.1438339
1,20096,1696071522.1613877
1,20160,1696071522.175189
1,20224,1696071522.1889331
1,20288,1696071522.2065692
1,20352,1696071522.223897
1,20416,1696071522.237887
1,20480,1696071522.2517126
1,20544,1696071522.269067
1,20608,1696071522.2863376
1,20672,1696071522.3001878
1,20736,1696071522.3140056
1,20800,1696071522.3313394
1,20864,1696071522.3485742
1,20928,1696071522.3624105
1,20992,1696071522.376167
1,21056,1696071522.393434
1,21120,1696071522.4107544
1,21184,1696071522.4245536
1,21248,1696071522.4385562
1,21312,1696071522.4545321
1,21376,1696071522.468746
1,21440,1696071522.485938
1,21504,1696071522.505443
1,21568,1696071522.5184333
1,21632,1696071522.533252
1,21696,1696071522.5480957
1,21760,1696071522.5692651
1,21824,1696071522.5867002
1,21888,1696071522.604722
1,21952,1696071522.6244924
1,22016,1696071522.6446154
1,22080,1696071522.6579
1,22144,1696071522.6727836
1,22208,1696071522.6896706
1,22272,1696071522.7052777
1,22336,1696071522.7223053
1,22400,1696071522.7404222
1,22464,1696071522.760988
1,22528,1696071522.7801683
1,22592,1696071522.7929215
1,22656,1696071522.8075335
1,22720,1696071522.822165
1,22784,1696071522.8397808
1,22848,1696071522.854277
1,22912,1696071522.8691673
1,22976,1696071522.885193
1,23040,1696071522.9009562
1,23104,1696071522.915496
1,23168,1696071522.9316957
1,23232,1696071522.948529
1,23296,1696071522.9689677
1,23360,1696071522.988206
1,23424,1696071523.0086603
1,23488,1696071523.0281322
1,23552,1696071523.0486321
1,23616,1696071523.0687172
1,23680,1696071523.088094
1,23744,1696071523.1088405
1,23808,1696071523.1285477
1,23872,1696071523.148635
1,23936,1696071523.1684546
1,24000,1696071523.1883578
1,24064,1696071523.2075746
1,24128,1696071523.2289078
1,24192,1696071523.2492726
1,24256,1696071523.271646
1,24320,1696071523.2925355
1,24384,1696071523.3147976
1,24448,1696071523.3314874
1,24512,1696071523.3537285
1,24576,1696071523.3757842
1,24640,1696071523.3988283
1,24704,1696071523.4239826
1,24768,1696071523.4474273
1,24832,1696071523.4703465
1,24896,1696071523.4942362
1,24960,1696071523.5195699
1,25024,1696071523.543959
1,25088,1696071523.5675187
1,25152,1696071523.5884335
1,25216,1696071523.6126902
1,25280,1696071523.635047
1,25344,1696071523.6556537
1,25408,1696071523.6812227
1,25472,1696071523.704365
1,25536,1696071523.7311878
1,25600,1696071523.7503235
1,25664,1696071523.776279
1,25728,1696071523.7976081
1,25792,1696071523.8191957
1,25856,1696071523.8428168
1,25920,1696071523.8676867
1,25984,1696071523.8888512
1,26048,1696071523.9115434
1,26112,1696071523.9321702
1,26176,1696071523.9545078
1,26240,1696071523.9749742
1,26304,1696071523.99631
1,26368,1696071524.019849
1,26432,1696071524.040378
1,26496,1696071524.0638425
1,26560,1696071524.083727
1,26624,1696071524.108991
1,26688,1696071524.1309447
1,26752,1696071524.1523914
1,26816,1696071524.1758556
1,26880,1696071524.1988478
1,26944,1696071524.2232914
1,27008,1696071524.239492
1,27072,1696071524.2594466
1,27136,1696071524.2819643
1,27200,1696071524.3076842
1,27264,1696071524.3297615
1,27328,1696071524.347641
1,27392,1696071524.3739157
1,27456,1696071524.391057
1,27520,1696071524.4111035
1,27584,1696071524.4341648
1,27648,1696071524.4593284
1,27712,1696071524.4838438
1,27776,1696071524.5037034
1,27840,1696071524.529486
1,27904,1696071524.5519235
1,27968,1696071524.575272
1,28032,1696071524.5923886
1,28096,1696071524.6133008
1,28160,1696071524.635764
1,28224,1696071524.6559095
1,28288,1696071524.679775
1,28352,1696071524.7031047
1,28416,1696071524.7243423
1,28480,1696071524.7465587
1,28544,1696071524.7714055
1,28608,1696071524.7938325
1,28672,1696071524.811047
1,28736,1696071524.830985
1,28800,1696071524.8542912
1,28864,1696071524.879584
1,28928,1696071524.9021585
1,28992,1696071524.9229515
1,29056,1696071524.9445288
1,29120,1696071524.967667
1,29184,1696071524.9844916
1,29248,1696071525.004887
1,29312,1696071525.027475
1,29376,1696071525.0483422
1,29440,1696071525.071513
1,29504,1696071525.093122
1,29568,1696071525.115694
1,29632,1696071525.1362834
1,29696,1696071525.1597862
1,29760,1696071525.1815586
1,29824,1696071525.1990871
1,29888,1696071525.222266
1,29952,1696071525.2390215
1,30016,1696071525.2626483
1,30080,1696071525.2866416
1,30144,1696071525.307046
1,30208,1696071525.3236184
1,30272,1696071525.3456936
1,30336,1696071525.3712492
1,30400,1696071525.3931131
1,30464,1696071525.4148695
1,30528,1696071525.4314022
1,30592,1696071525.4533565
1,30656,1696071525.4755228
1,30720,1696071525.497356
1,30784,1696071525.519475
1,30848,1696071525.5407593
1,30912,1696071525.5635724
1,30976,1696071525.584816
1,31040,1696071525.607937
1,31104,1696071525.6281419
1,31168,1696071525.6517365
1,31232,1696071525.6731043
1,31296,1696071525.6956868
1,31360,1696071525.7174854
1,31424,1696071525.7396948
1,31488,1696071525.7600322
1,31552,1696071525.7836602
1,31616,1696071525.8036685
1,31680,1696071525.8299422
1,31744,1696071525.8497298
1,31808,1696071525.8711815
1,31872,1696071525.8906903
1,31936,1696071525.9137478
1,32000,1696071525.9357986
1,32064,1696071525.9554777
1,32128,1696071525.981691
1,32192,1696071526.0019317
1,32256,1696071526.0231931
1,32320,1696071526.044706
1,32384,1696071526.067741
1,32448,1696071526.0882182
1,32512,1696071526.1116734
1,32576,1696071526.1349497
1,32640,1696071526.159191
1,32704,1696071526.180793
1,32768,1696071526.2037876
1,32832,1696071526.224284
1,32896,1696071526.247653
1,32960,1696071526.270808
1,33024,1696071526.2869315
1,33088,1696071526.3072107
1,33152,1696071526.3316457
1,33216,1696071526.3550708
1,33280,1696071526.379947
1,33344,1696071526.4020789
1,33408,1696071526.4288352
1,33472,1696071526.4498162
1,33536,1696071526.472769
1,33600,1696071526.494729
1,33664,1696071526.5163245
1,33728,1696071526.5398126
1,33792,1696071526.5606923
1,33856,1696071526.5835056
1,33920,1696071526.604929
1,33984,1696071526.6275814
1,34048,1696071526.6485078
1,34112,1696071526.6718552
1,34176,1696071526.6915426
1,34240,1696071526.7177637
1,34304,1696071526.7406144
1,34368,1696071526.7632506
1,34432,1696071526.784172
1,34496,1696071526.8076155
1,34560,1696071526.829425
1,34624,1696071526.8518753
1,34688,1696071526.8725317
1,34752,1696071526.8955982
1,34816,1696071526.9171057
1,34880,1696071526.9394524
1,34944,1696071526.960284
1,35008,1696071526.9828255
1,35072,1696071527.0035725
1,35136,1696071527.0229242
1,35200,1696071527.0493815
1,35264,1696071527.0701385
1,35328,1696071527.0910754
1,35392,1696071527.1125264
1,35456,1696071527.1346111
1,35520,1696071527.1591346
1,35584,1696071527.1850753
1,35648,1696071527.2073116
1,35712,1696071527.2242055
1,35776,1696071527.2455015
1,35840,1696071527.2676578
1,35904,1696071527.2884448
1,35968,1696071527.3115427
1,36032,1696071527.3354812
1,36096,1696071527.3587284
1,36160,1696071527.3802097
1,36224,1696071527.4035065
1,36288,1696071527.4251614
1,36352,1696071527.4477966
1,36416,1696071527.4706414
1,36480,1696071527.4880588
1,36544,1696071527.5093274
1,36608,1696071527.5316553
1,36672,1696071527.5539162
1,36736,1696071527.5785093
1,36800,1696071527.6009352
1,36864,1696071527.6236963
1,36928,1696071527.6446948
1,36992,1696071527.6676788
1,37056,1696071527.6893246
1,37120,1696071527.7117143
1,37184,1696071527.732751
1,37248,1696071527.7556574
1,37312,1696071527.7773695
1,37376,1696071527.7995486
1,37440,1696071527.8204734
1,37504,1696071527.8438258
1,37568,1696071527.864737
1,37632,1696071527.8877113
1,37696,1696071527.9081664
1,37760,1696071527.933046
1,37824,1696071527.9551613
1,37888,1696071527.9758902
1,37952,1696071527.999531
1,38016,1696071528.0207593
1,38080,1696071528.0424805
1,38144,1696071528.0655909
1,38208,1696071528.089858
1,38272,1696071528.116476
1,38336,1696071528.138667
1,38400,1696071528.1622581
1,38464,1696071528.1862001
1,38528,1696071528.2124476
1,38592,1696071528.2353768
1,38656,1696071528.2572272
1,38720,1696071528.279619
1,38784,1696071528.3002465
1,38848,1696071528.3221524
1,38912,1696071528.3463552
1,38976,1696071528.373267
1,39040,1696071528.3939152
1,39104,1696071528.4198127
1,39168,1696071528.441795
1,39232,1696071528.46743
1,39296,1696071528.4902136
1,39360,1696071528.515796
1,39424,1696071528.541675
1,39488,1696071528.5624335
1,39552,1696071528.5885375
1,39616,1696071528.6099799
1,39680,1696071528.6361668
1,39744,1696071528.661434
1,39808,1696071528.684203
1,39872,1696071528.7063367
1,39936,1696071528.7282865
1,40000,1696071528.7475913
1,40064,1696071528.7741115
1,40128,1696071528.7979014
1,40192,1696071528.8249593
1,40256,1696071528.846105
1,40320,1696071528.8710992
1,40384,1696071528.8939853
1,40448,1696071528.9207554
1,40512,1696071528.9440722
1,40576,1696071528.964608
1,40640,1696071528.98793
1,40704,1696071529.0084217
1,40768,1696071529.037655
1,40832,1696071529.057683
1,40896,1696071529.0788703
1,40960,1696071529.0999157
1,41024,1696071529.1232398
1,41088,1696071529.148676
1,41152,1696071529.1700716
1,41216,1696071529.1945605
1,41280,1696071529.2208643
1,41344,1696071529.2420108
1,41408,1696071529.2665374
1,41472,1696071529.290759
1,41536,1696071529.3128903
1,41600,1696071529.335801
1,41664,1696071529.35648
1,41728,1696071529.379562
1,41792,1696071529.4012506
1,41856,1696071529.423616
1,41920,1696071529.4444144
1,41984,1696071529.4678037
1,42048,1696071529.4884348
1,42112,1696071529.5115929
1,42176,1696071529.5348809
1,42240,1696071529.55872
1,42304,1696071529.5802016
1,42368,1696071529.603652
1,42432,1696071529.626439
1,42496,1696071529.6506956
1,42560,1696071529.6731355
1,42624,1696071529.6955197
1,42688,1696071529.7161856
1,42752,1696071529.7398453
1,42816,1696071529.7613115
1,42880,1696071529.7836425
1,42944,1696071529.8043041
1,43008,1696071529.8277614
1,43072,1696071529.8493469
1,43136,1696071529.8717082
1,43200,1696071529.8925552
1,43264,1696071529.91596
1,43328,1696071529.9365313
1,43392,1696071529.9611602
1,43456,1696071529.9808724
1,43520,1696071530.0005293
1,43584,1696071530.023919
1,43648,1696071530.046513
1,43712,1696071530.067266
1,43776,1696071530.0854414
1,43840,1696071530.1052024
1,43904,1696071530.123325
1,43968,1696071530.1424112
1,44032,1696071530.163147
1,44096,1696071530.1826644
1,44160,1696071530.2073627
1,44224,1696071530.2292929
1,44288,1696071530.2499683
1,44352,1696071530.269534
1,44416,1696071530.2916625
1,44480,1696071530.3125455
1,44544,1696071530.335894
1,44608,1696071530.3562694
1,44672,1696071530.3786886
1,44736,1696071530.3988316
1,44800,1696071530.4154909
1,44864,1696071530.4376884
1,44928,1696071530.4602802
1,44992,1696071530.4822028
1,45056,1696071530.5063336
1,45120,1696071530.5274553
1,45184,1696071530.5474608
1,45248,1696071530.5738537
1,45312,1696071530.5968492
1,45376,1696071530.619377
1,45440,1696071530.6362596
1,45504,1696071530.6570168
1,45568,1696071530.6798031
1,45632,1696071530.7006445
1,45696,1696071530.7238932
1,45760,1696071530.744805
1,45824,1696071530.7675755
1,45888,1696071530.789066
1,45952,1696071530.81189
1,46016,1696071530.8329847
1,46080,1696071530.855959
1,46144,1696071530.8767426
1,46208,1696071530.8998864
1,46272,1696071530.9219291
1,46336,1696071530.9394166
1,46400,1696071530.96168
1,46464,1696071530.9834406
1,46528,1696071531.006717
1,46592,1696071531.023896
1,46656,1696071531.0451066
1,46720,1696071531.0674772
1,46784,1696071531.0885155
1,46848,1696071531.1118076
1,46912,1696071531.1328132
1,46976,1696071531.1557322
1,47040,1696071531.1787753
1,47104,1696071531.202373
1,47168,1696071531.2225273
1,47232,1696071531.2448382
1,47296,1696071531.264549
1,47360,1696071531.2844322
1,47424,1696071531.3076444
1,47488,1696071531.3291516
1,47552,1696071531.351542
1,47616,1696071531.3724442
1,47680,1696071531.3955336
1,47744,1696071531.4163382
1,47808,1696071531.4396155
1,47872,1696071531.4610023
1,47936,1696071531.4837787
1,48000,1696071531.504531
1,48064,1696071531.527343
1,48128,1696071531.548651
1,48192,1696071531.5719423
1,48256,1696071531.5925062
1,48320,1696071531.615729
1,48384,1696071531.6384428
1,48448,1696071531.662147
1,48512,1696071531.6863427
1,48576,1696071531.7074285
1,48640,1696071531.7283335
1,48704,1696071531.7516334
1,48768,1696071531.7729547
1,48832,1696071531.7958174
1,48896,1696071531.8164937
1,48960,1696071531.839859
1,49024,1696071531.8607285
1,49088,1696071531.8835056
1,49152,1696071531.905424
1,49216,1696071531.9273918
1,49280,1696071531.948426
1,49344,1696071531.9716544
1,49408,1696071531.9929583
1,49472,1696071532.0158918
1,49536,1696071532.0348012
1,49600,1696071532.055551
1,49664,1696071532.07847
1,49728,1696071532.0980623
1,49792,1696071532.1181808
1,49856,1696071532.1381526
1,49920,1696071532.158183
1,49984,1696071532.1782143
1,50000,1696071532.2034588
2,64,1696071532.4861872
2,128,1696071532.5065055
2,192,1696071532.526919
2,256,1696071532.54696
2,320,1696071532.5698798
2,384,1696071532.5915434
2,448,1696071532.6112432
2,512,1696071532.6292288
2,576,1696071532.6466541
2,640,1696071532.6683936
2,704,1696071532.690464
2,768,1696071532.710301
2,832,1696071532.7299786
2,896,1696071532.7504592
2,960,1696071532.7700593
2,1024,1696071532.7903554
2,1088,1696071532.8098767
2,1152,1696071532.8306189
2,1216,1696071532.8506238
2,1280,1696071532.8666995
2,1344,1696071532.8849113
2,1408,1696071532.9030356
2,1472,1696071532.9198303
2,1536,1696071532.9363933
2,1600,1696071532.951761
2,1664,1696071532.973541
2,1728,1696071532.9981048
2,1792,1696071533.0207038
2,1856,1696071533.0459335
2,1920,1696071533.0637183
2,1984,1696071533.0883586
2,2048,1696071533.110506
2,2112,1696071533.1310287
2,2176,1696071533.1539862
2,2240,1696071533.1787446
2,2304,1696071533.1953962
2,2368,1696071533.2174091
2,2432,1696071533.2397048
2,2496,1696071533.2615933
2,2560,1696071533.2855787
2,2624,1696071533.3066041
2,2688,1696071533.330927
2,2752,1696071533.353744
2,2816,1696071533.3803043
2,2880,1696071533.4000077
2,2944,1696071533.4198334
2,3008,1696071533.4420118
2,3072,1696071533.4667096
2,3136,1696071533.4918458
2,3200,1696071533.5124147
2,3264,1696071533.535542
2,3328,1696071533.5588758
2,3392,1696071533.5837085
2,3456,1696071533.6043785
2,3520,1696071533.629299
2,3584,1696071533.647596
2,3648,1696071533.6694949
2,3712,1696071533.6914392
2,3776,1696071533.7121396
2,3840,1696071533.7319574
2,3904,1696071533.7519686
2,3968,1696071533.7769814
2,4032,1696071533.8008914
2,4096,1696071533.8226092
2,4160,1696071533.848638
2,4224,1696071533.869971
2,4288,1696071533.895904
2,4352,1696071533.9176674
2,4416,1696071533.9445162
2,4480,1696071533.9659016
2,4544,1696071533.9883018
2,4608,1696071534.0093415
2,4672,1696071534.0316036
2,4736,1696071534.0518575
2,4800,1696071534.0776734
2,4864,1696071534.098102
2,4928,1696071534.1190782
2,4992,1696071534.141079
2,5056,1696071534.1638653
2,5120,1696071534.1846857
2,5184,1696071534.207879
2,5248,1696071534.2288244
2,5312,1696071534.2515442
2,5376,1696071534.2726245
2,5440,1696071534.295699
2,5504,1696071534.316804
2,5568,1696071534.3395026
2,5632,1696071534.3608105
2,5696,1696071534.3839965
2,5760,1696071534.4049914
2,5824,1696071534.427776
2,5888,1696071534.448849
2,5952,1696071534.4709613
2,6016,1696071534.4971437
2,6080,1696071534.517794
2,6144,1696071534.540557
2,6208,1696071534.5686204
2,6272,1696071534.5902536
2,6336,1696071534.616718
2,6400,1696071534.637914
2,6464,1696071534.6636767
2,6528,1696071534.6856174
2,6592,1696071534.704827
2,6656,1696071534.726913
2,6720,1696071534.747849
2,6784,1696071534.7766068
2,6848,1696071534.7978823
2,6912,1696071534.8191907
2,6976,1696071534.83958
2,7040,1696071534.8658319
2,7104,1696071534.8872023
2,7168,1696071534.9123662
2,7232,1696071534.9320292
2,7296,1696071534.9502969
2,7360,1696071534.9682548
2,7424,1696071534.9875288
2,7488,1696071535.0077686
2,7552,1696071535.0282667
2,7616,1696071535.0478792
2,7680,1696071535.067633
2,7744,1696071535.087244
2,7808,1696071535.1119435
2,7872,1696071535.1331568
2,7936,1696071535.1572518
2,8000,1696071535.1821346
2,8064,1696071535.208748
2,8128,1696071535.2299373
2,8192,1696071535.2558012
2,8256,1696071535.277833
2,8320,1696071535.3036857
2,8384,1696071535.325889
2,8448,1696071535.3516877
2,8512,1696071535.3741925
2,8576,1696071535.400254
2,8640,1696071535.4221416
2,8704,1696071535.444093
2,8768,1696071535.4626138
2,8832,1696071535.4887545
2,8896,1696071535.5099747
2,8960,1696071535.53574
2,9024,1696071535.558084
2,9088,1696071535.5794628
2,9152,1696071535.6003304
2,9216,1696071535.6232936
2,9280,1696071535.6442127
2,9344,1696071535.6698182
2,9408,1696071535.6926699
2,9472,1696071535.7153125
2,9536,1696071535.7316208
2,9600,1696071535.7515125
2,9664,1696071535.7758408
2,9728,1696071535.797235
2,9792,1696071535.8197482
2,9856,1696071535.840932
2,9920,1696071535.8636754
2,9984,1696071535.884428
2,10048,1696071535.9077852
2,10112,1696071535.9282646
2,10176,1696071535.950411
2,10240,1696071535.9721122
2,10304,1696071535.9958472
2,10368,1696071536.0165043
2,10432,1696071536.0397124
2,10496,1696071536.0616682
2,10560,1696071536.0831766
2,10624,1696071536.1045797
2,10688,1696071536.1267877
2,10752,1696071536.14832
2,10816,1696071536.171747
2,10880,1696071536.1937003
2,10944,1696071536.2153487
2,11008,1696071536.2341342
2,11072,1696071536.2527215
2,11136,1696071536.2739878
2,11200,1696071536.2954412
2,11264,1696071536.3158138
2,11328,1696071536.3404133
2,11392,1696071536.3636587
2,11456,1696071536.3836913
2,11520,1696071536.4098387
2,11584,1696071536.4271636
2,11648,1696071536.4516642
2,11712,1696071536.4672382
2,11776,1696071536.483041
2,11840,1696071536.506975
2,11904,1696071536.5298748
2,11968,1696071536.5559046
2,12032,1696071536.5782294
2,12096,1696071536.6030407
2,12160,1696071536.6262522
2,12224,1696071536.6512406
2,12288,1696071536.6737916
2,12352,1696071536.7000587
2,12416,1696071536.7219
2,12480,1696071536.748532
2,12544,1696071536.7700257
2,12608,1696071536.7947283
2,12672,1696071536.8181906
2,12736,1696071536.8436522
2,12800,1696071536.8685584
2,12864,1696071536.8912296
2,12928,1696071536.9122415
2,12992,1696071536.9343872
2,13056,1696071536.9547243
2,13120,1696071536.9770691
2,13184,1696071536.9994793
2,13248,1696071537.0208569
2,13312,1696071537.0436366
2,13376,1696071537.0644782
2,13440,1696071537.0875611
2,13504,1696071537.1090143
2,13568,1696071537.129642
2,13632,1696071537.147994
2,13696,1696071537.1693878
2,13760,1696071537.1882267
2,13824,1696071537.2078717
2,13888,1696071537.2282329
2,13952,1696071537.2479377
2,14016,1696071537.2675514
2,14080,1696071537.287866
2,14144,1696071537.3080351
2,14208,1696071537.328004
2,14272,1696071537.3478441
2,14336,1696071537.367876
2,14400,1696071537.3878212
2,14464,1696071537.4116614
2,14528,1696071537.4329062
2,14592,1696071537.4544592
2,14656,1696071537.4780798
2,14720,1696071537.502097
2,14784,1696071537.5275915
2,14848,1696071537.5500014
2,14912,1696071537.5768542
2,14976,1696071537.5981262
2,15040,1696071537.6255255
2,15104,1696071537.6459842
2,15168,1696071537.6669579
2,15232,1696071537.689179
2,15296,1696071537.7115402
2,15360,1696071537.732367
2,15424,1696071537.7554576
2,15488,1696071537.777082
2,15552,1696071537.799476
2,15616,1696071537.8210707
2,15680,1696071537.8434741
2,15744,1696071537.8655396
2,15808,1696071537.88751
2,15872,1696071537.9095783
2,15936,1696071537.9313993
2,16000,1696071537.9530652
2,16064,1696071537.9755702
2,16128,1696071537.9976382
2,16192,1696071538.0197537
2,16256,1696071538.040521
2,16320,1696071538.063565
2,16384,1696071538.0851972
2,16448,1696071538.111722
2,16512,1696071538.1330495
2,16576,1696071538.15589
2,16640,1696071538.1764247
2,16704,1696071538.199643
2,16768,1696071538.221187
2,16832,1696071538.2437258
2,16896,1696071538.2647157
2,16960,1696071538.2877462
2,17024,1696071538.3109303
2,17088,1696071538.3338883
2,17152,1696071538.3555524
2,17216,1696071538.376316
2,17280,1696071538.399797
2,17344,1696071538.4207406
2,17408,1696071538.4439723
2,17472,1696071538.464694
2,17536,1696071538.487868
2,17600,1696071538.5109384
2,17664,1696071538.5365312
2,17728,1696071538.5579274
2,17792,1696071538.5835516
2,17856,1696071538.6034722
2,17920,1696071538.6240442
2,17984,1696071538.6476455
2,18048,1696071538.670674
2,18112,1696071538.6942558
2,18176,1696071538.715074
2,18240,1696071538.7361228
2,18304,1696071538.759808
2,18368,1696071538.7813447
2,18432,1696071538.8035965
2,18496,1696071538.8243759
2,18560,1696071538.847759
2,18624,1696071538.8687792
2,18688,1696071538.891805
2,18752,1696071538.912459
2,18816,1696071538.9357836
2,18880,1696071538.9555445
2,18944,1696071538.9819162
2,19008,1696071539.002105
2,19072,1696071539.022892
2,19136,1696071539.043685
2,19200,1696071539.0698278
2,19264,1696071539.0884845
2,19328,1696071539.1160474
2,19392,1696071539.1382692
2,19456,1696071539.1589088
2,19520,1696071539.1810653
2,19584,1696071539.2035093
2,19648,1696071539.2246358
2,19712,1696071539.247911
2,19776,1696071539.2688937
2,19840,1696071539.291562
2,19904,1696071539.312804
2,19968,1696071539.3354244
2,20032,1696071539.3584998
2,20096,1696071539.3827145
2,20160,1696071539.3991253
2,20224,1696071539.4178514
2,20288,1696071539.4404306
2,20352,1696071539.4634833
2,20416,1696071539.4853814
2,20480,1696071539.5075321
2,20544,1696071539.5295272
2,20608,1696071539.5515704
2,20672,1696071539.5734396
2,20736,1696071539.5953212
2,20800,1696071539.6164296
2,20864,1696071539.6397107
2,20928,1696071539.6601386
2,20992,1696071539.6861246
2,21056,1696071539.7058342
2,21120,1696071539.7272975
2,21184,1696071539.7491672
2,21248,1696071539.771707
2,21312,1696071539.7926974
2,21376,1696071539.8127778
2,21440,1696071539.8320134
2,21504,1696071539.8498814
2,21568,1696071539.8694036
2,21632,1696071539.8861115
2,21696,1696071539.9091887
2,21760,1696071539.9305604
2,21824,1696071539.9498787
2,21888,1696071539.9702158
2,21952,1696071539.990288
2,22016,1696071540.0100408
2,22080,1696071540.0304747
2,22144,1696071540.0508204
2,22208,1696071540.0771532
2,22272,1696071540.0963664
2,22336,1696071540.1187406
2,22400,1696071540.1335592
2,22464,1696071540.1570897
2,22528,1696071540.1765304
2,22592,1696071540.1987545
2,22656,1696071540.2134213
2,22720,1696071540.2370143
2,22784,1696071540.2555516
2,22848,1696071540.2813396
2,22912,1696071540.2981164
2,22976,1696071540.3215952
2,23040,1696071540.3441188
2,23104,1696071540.3649511
2,23168,1696071540.3852584
2,23232,1696071540.4046192
2,23296,1696071540.4289062
2,23360,1696071540.450301
2,23424,1696071540.4698715
2,23488,1696071540.4904902
2,23552,1696071540.5100124
2,23616,1696071540.530463
2,23680,1696071540.550113
2,23744,1696071540.5702848
2,23808,1696071540.590149
2,23872,1696071540.609871
2,23936,1696071540.6303666
2,24000,1696071540.6501555
2,24064,1696071540.6703537
2,24128,1696071540.6900866
2,24192,1696071540.7099898
2,24256,1696071540.7304647
2,24320,1696071540.7498517
2,24384,1696071540.7702296
2,24448,1696071540.7900062
2,24512,1696071540.8101707
2,24576,1696071540.830377
2,24640,1696071540.849866
2,24704,1696071540.8702676
2,24768,1696071540.8899136
2,24832,1696071540.9103477
2,24896,1696071540.934416
2,24960,1696071540.9618678
2,25024,1696071540.9887493
2,25088,1696071541.0047238
2,25152,1696071541.0252442
2,25216,1696071541.0433793
2,25280,1696071541.0641062
2,25344,1696071541.0888915
2,25408,1696071541.1109302
2,25472,1696071541.1367524
2,25536,1696071541.1647584
2,25600,1696071541.183659
2,25664,1696071541.2037573
2,25728,1696071541.2240279
2,25792,1696071541.2425478
2,25856,1696071541.259808
2,25920,1696071541.276914
2,25984,1696071541.2995226
2,26048,1696071541.3248599
2,26112,1696071541.3447673
2,26176,1696071541.3652678
2,26240,1696071541.3888192
2,26304,1696071541.410714
2,26368,1696071541.430665
2,26432,1696071541.446617
2,26496,1696071541.4621978
2,26560,1696071541.4843903
2,26624,1696071541.5063355
2,26688,1696071541.5266478
2,26752,1696071541.5450854
2,26816,1696071541.5649395
2,26880,1696071541.5828996
2,26944,1696071541.6011229
2,27008,1696071541.617586
2,27072,1696071541.636355
2,27136,1696071541.660964
2,27200,1696071541.6788929
2,27264,1696071541.6972852
2,27328,1696071541.713147
2,27392,1696071541.7334323
2,27456,1696071541.7506266
2,27520,1696071541.772137
2,27584,1696071541.794562
2,27648,1696071541.8142805
2,27712,1696071541.8401506
2,27776,1696071541.8592508
2,27840,1696071541.8769503
2,27904,1696071541.894717
2,27968,1696071541.9192774
2,28032,1696071541.9398558
2,28096,1696071541.9586465
2,28160,1696071541.9770873
2,28224,1696071541.9929829
2,28288,1696071542.0140898
2,28352,1696071542.034036
2,28416,1696071542.0543864
2,28480,1696071542.074155
2,28544,1696071542.0941632
2,28608,1696071542.1145217
2,28672,1696071542.1342256
2,28736,1696071542.1543558
2,28800,1696071542.1740575
2,28864,1696071542.1944485
2,28928,1696071542.2141287
2,28992,1696071542.2341099
2,29056,1696071542.2541444
2,29120,1696071542.2740178
2,29184,1696071542.2942917
2,29248,1696071542.3141448
2,29312,1696071542.3340292
2,29376,1696071542.354107
2,29440,1696071542.3741148
2,29504,1696071542.394006
2,29568,1696071542.4137847
2,29632,1696071542.4346013
2,29696,1696071542.4610312
2,29760,1696071542.4802778
2,29824,1696071542.505637
2,29888,1696071542.5283747
2,29952,1696071542.5490336
2,30016,1696071542.5691106
2,30080,1696071542.5890985
2,30144,1696071542.6084037
2,30208,1696071542.6337106
2,30272,1696071542.6559496
2,30336,1696071542.6820107
2,30400,1696071542.6974695
2,30464,1696071542.7210965
2,30528,1696071542.7382164
2,30592,1696071542.7605593
2,30656,1696071542.7825487
2,30720,1696071542.802067
2,30784,1696071542.82933
2,30848,1696071542.8471837
2,30912,1696071542.8724096
2,30976,1696071542.8927763
2,31040,1696071542.9130328
2,31104,1696071542.9330673
2,31168,1696071542.9530268
2,31232,1696071542.9761958
2,31296,1696071542.9985037
2,31360,1696071543.0188642
2,31424,1696071543.0398915
2,31488,1696071543.060331
2,31552,1696071543.0855505
2,31616,1696071543.101959
2,31680,1696071543.126619
2,31744,1696071543.1490827
2,31808,1696071543.1704795
2,31872,1696071543.19001
2,31936,1696071543.2051613
2,32000,1696071543.2290974
2,32064,1696071543.2467582
2,32128,1696071543.2645462
2,32192,1696071543.2825263
2,32256,1696071543.2980783
2,32320,1696071543.3201294
2,32384,1696071543.3427022
2,32448,1696071543.3622909
2,32512,1696071543.3776603
2,32576,1696071543.400618
2,32640,1696071543.4207947
2,32704,1696071543.439384
2,32768,1696071543.459122
2,32832,1696071543.4793754
2,32896,1696071543.5029902
2,32960,1696071543.5176387
2,33024,1696071543.541204
2,33088,1696071543.558697
2,33152,1696071543.5766997
2,33216,1696071543.5965075
2,33280,1696071543.6188152
2,33344,1696071543.638492
2,33408,1696071543.6551595
2,33472,1696071543.6766884
2,33536,1696071543.6984947
2,33600,1696071543.7184863
2,33664,1696071543.7338877
2,33728,1696071543.755264
2,33792,1696071543.778774
2,33856,1696071543.793952
2,33920,1696071543.8166468
2,33984,1696071543.8386266
2,34048,1696071543.8583193
2,34112,1696071543.8736444
2,34176,1696071543.897145
2,34240,1696071543.9170299
2,34304,1696071543.9346776
2,34368,1696071543.958742
2,34432,1696071543.979092
2,34496,1696071543.997858
2,34560,1696071544.012393
2,34624,1696071544.0313811
2,34688,1696071544.0522747
2,34752,1696071544.077767
2,34816,1696071544.0998888
2,34880,1696071544.1210616
2,34944,1696071544.1442928
2,35008,1696071544.1645286
2,35072,1696071544.184132
2,35136,1696071544.2060046
2,35200,1696071544.2289712
2,35264,1696071544.2500136
2,35328,1696071544.2701724
2,35392,1696071544.2903082
2,35456,1696071544.3101766
2,35520,1696071544.3303974
2,35584,1696071544.350121
2,35648,1696071544.374444
2,35712,1696071544.3959708
2,35776,1696071544.4172835
2,35840,1696071544.440677
2,35904,1696071544.462149
2,35968,1696071544.4822507
2,36032,1696071544.501935
2,36096,1696071544.5224214
2,36160,1696071544.5424886
2,36224,1696071544.5578864
2,36288,1696071544.5810437
2,36352,1696071544.6026032
2,36416,1696071544.6164074
2,36480,1696071544.6379259
2,36544,1696071544.6599224
2,36608,1696071544.6801853
2,36672,1696071544.7054765
2,36736,1696071544.722162
2,36800,1696071544.7456546
2,36864,1696071544.768318
2,36928,1696071544.7890775
2,36992,1696071544.8125336
2,37056,1696071544.8321846
2,37120,1696071544.8564494
2,37184,1696071544.8782113
2,37248,1696071544.8982136
2,37312,1696071544.917839
2,37376,1696071544.9376667
2,37440,1696071544.958552
2,37504,1696071544.9846215
2,37568,1696071545.0045693
2,37632,1696071545.0253143
2,37696,1696071545.0405915
2,37760,1696071545.0628622
2,37824,1696071545.0780005
2,37888,1696071545.1007257
2,37952,1696071545.12264
2,38016,1696071545.1413574
2,38080,1696071545.1649299
2,38144,1696071545.1860325
2,38208,1696071545.2064407
2,38272,1696071545.2260387
2,38336,1696071545.246277
2,38400,1696071545.266178
2,38464,1696071545.2859972
2,38528,1696071545.3064277
2,38592,1696071545.3260317
2,38656,1696071545.3460183
2,38720,1696071545.3665423
2,38784,1696071545.3867571
2,38848,1696071545.400904
2,38912,1696071545.419727
2,38976,1696071545.4452512
2,39040,1696071545.4625947
2,39104,1696071545.478436
2,39168,1696071545.4980605
2,39232,1696071545.5132923
2,39296,1696071545.5371976
2,39360,1696071545.5546515
2,39424,1696071545.5704627
2,39488,1696071545.5904105
2,39552,1696071545.6106448
2,39616,1696071545.629482
2,39680,1696071545.6532168
2,39744,1696071545.6727526
2,39808,1696071545.6901493
2,39872,1696071545.7129774
2,39936,1696071545.7347713
2,40000,1696071545.753992
2,40064,1696071545.769704
2,40128,1696071545.7935874
2,40192,1696071545.816025
2,40256,1696071545.8370953
2,40320,1696071545.8603523
2,40384,1696071545.8806443
2,40448,1696071545.9046452
2,40512,1696071545.926386
2,40576,1696071545.945808
2,40640,1696071545.9662838
2,40704,1696071545.9860523
2,40768,1696071546.005885
2,40832,1696071546.0262485
2,40896,1696071546.0463696
2,40960,1696071546.0662177
2,41024,1696071546.0862103
2,41088,1696071546.1061406
2,41152,1696071546.1260667
2,41216,1696071546.1463544
2,41280,1696071546.166155
2,41344,1696071546.1860776
2,41408,1696071546.206089
2,41472,1696071546.2263188
2,41536,1696071546.245948
2,41600,1696071546.2664793
2,41664,1696071546.2867954
2,41728,1696071546.302183
2,41792,1696071546.3243947
2,41856,1696071546.3465986
2,41920,1696071546.3611777
2,41984,1696071546.3853648
2,42048,1696071546.4012697
2,42112,1696071546.426003
2,42176,1696071546.4412415
2,42240,1696071546.4624083
2,42304,1696071546.4821167
2,42368,1696071546.502248
2,42432,1696071546.5230684
2,42496,1696071546.5383317
2,42560,1696071546.5600736
2,42624,1696071546.5806565
2,42688,1696071546.6010432
2,42752,1696071546.621186
2,42816,1696071546.6415994
2,42880,1696071546.6586635
2,42944,1696071546.6765387
2,43008,1696071546.6955278
2,43072,1696071546.7148108
2,43136,1696071546.7391844
2,43200,1696071546.7593567
2,43264,1696071546.7804115
2,43328,1696071546.801228
2,43392,1696071546.8203819
2,43456,1696071546.845498
2,43520,1696071546.868359
2,43584,1696071546.889235
2,43648,1696071546.908627
2,43712,1696071546.9325285
2,43776,1696071546.9549108
2,43840,1696071546.969795
2,43904,1696071546.9929838
2,43968,1696071547.014722
2,44032,1696071547.033719
2,44096,1696071547.0589573
2,44160,1696071547.0804365
2,44224,1696071547.100591
2,44288,1696071547.1258109
2,44352,1696071547.1479683
2,44416,1696071547.1689172
2,44480,1696071547.1893036
2,44544,1696071547.2050455
2,44608,1696071547.2258139
2,44672,1696071547.246513
2,44736,1696071547.2659404
2,44800,1696071547.2864108
2,44864,1696071547.3060951
2,44928,1696071547.3252645
2,44992,1696071547.3486035
2,45056,1696071547.3703597
2,45120,1696071547.3902636
2,45184,1696071547.4108522
2,45248,1696071547.426261
2,45312,1696071547.4455504
2,45376,1696071547.4667602
2,45440,1696071547.4857736
2,45504,1696071547.5073652
2,45568,1696071547.5329583
2,45632,1696071547.5527146
2,45696,1696071547.5733633
2,45760,1696071547.5888598
2,45824,1696071547.6097114
2,45888,1696071547.630943
2,45952,1696071547.6499245
2,46016,1696071547.6708941
2,46080,1696071547.6860669
2,46144,1696071547.7049565
2,46208,1696071547.723258
2,46272,1696071547.7440023
2,46336,1696071547.7664397
2,46400,1696071547.7862203
2,46464,1696071547.8060453
2,46528,1696071547.82632
2,46592,1696071547.845986
2,46656,1696071547.866236
2,46720,1696071547.8862143
2,46784,1696071547.906218
2,46848,1696071547.9258626
2,46912,1696071547.949225
2,46976,1696071547.9704912
2,47040,1696071547.990209
2,47104,1696071548.0106452
2,47168,1696071548.0303245
2,47232,1696071548.0458465
2,47296,1696071548.069634
2,47360,1696071548.0894358
2,47424,1696071548.112349
2,47488,1696071548.1348784
2,47552,1696071548.1542017
2,47616,1696071548.1695504
2,47680,1696071548.1938426
2,47744,1696071548.2162952
2,47808,1696071548.2373269
2,47872,1696071548.2615385
2,47936,1696071548.2815192
2,48000,1696071548.304491
2,48064,1696071548.3264759
2,48128,1696071548.3463185
2,48192,1696071548.3663747
2,48256,1696071548.3859565
2,48320,1696071548.4066331
2,48384,1696071548.4217288
2,48448,1696071548.44551
2,48512,1696071548.4678917
2,48576,1696071548.4888136
2,48640,1696071548.5093706
2,48704,1696071548.5323167
2,48768,1696071548.55459
2,48832,1696071548.5748858
2,48896,1696071548.5979748
2,48960,1696071548.613643
2,49024,1696071548.6369646
2,49088,1696071548.658546
2,49152,1696071548.6731455
2,49216,1696071548.69453
2,49280,1696071548.7094352
2,49344,1696071548.7333083
2,49408,1696071548.7562966
2,49472,1696071548.7768726
2,49536,1696071548.802901
2,49600,1696071548.820786
2,49664,1696071548.8387253
2,49728,1696071548.8585842
2,49792,1696071548.8772283
2,49856,1696071548.8965244
2,49920,1696071548.9165504
2,49984,1696071548.936651
2,50000,1696071548.9568522
3,64,1696071549.2998095
3,128,1696071549.3172977
3,192,1696071549.3373935
3,256,1696071549.357888
3,320,1696071549.3831642
3,384,1696071549.4035192
3,448,1696071549.4256334
3,512,1696071549.4464505
3,576,1696071549.4663477
3,640,1696071549.4913774
3,704,1696071549.5141666
3,768,1696071549.534446
3,832,1696071549.5549474
3,896,1696071549.5705922
3,960,1696071549.5916183
3,1024,1696071549.614669
3,1088,1696071549.6298218
3,1152,1696071549.6529365
3,1216,1696071549.6747315
3,1280,1696071549.693412
3,1344,1696071549.7161849
3,1408,1696071549.7388906
3,1472,1696071549.7586222
3,1536,1696071549.7809954
3,1600,1696071549.7962806
3,1664,1696071549.8220644
3,1728,1696071549.8387723
3,1792,1696071549.8561902
3,1856,1696071549.8762176
3,1920,1696071549.8931978
3,1984,1696071549.9111686
3,2048,1696071549.9273431
3,2112,1696071549.9474223
3,2176,1696071549.970836
3,2240,1696071549.9908679
3,2304,1696071550.0102465
3,2368,1696071550.0338914
3,2432,1696071550.0495968
3,2496,1696071550.072944
3,2560,1696071550.094565
3,2624,1696071550.11379
3,2688,1696071550.1371164
3,2752,1696071550.158474
3,2816,1696071550.1782875
3,2880,1696071550.1980798
3,2944,1696071550.2179143
3,3008,1696071550.237628
3,3072,1696071550.2578104
3,3136,1696071550.283902
3,3200,1696071550.3050141
3,3264,1696071550.3263965
3,3328,1696071550.3402784
3,3392,1696071550.365369
3,3456,1696071550.382492
3,3520,1696071550.4073417
3,3584,1696071550.428908
3,3648,1696071550.4506867
3,3712,1696071550.4706552
3,3776,1696071550.494817
3,3840,1696071550.5097249
3,3904,1696071550.5321383
3,3968,1696071550.5544622
3,4032,1696071550.5740693
3,4096,1696071550.5942874
3,4160,1696071550.6140814
3,4224,1696071550.6342967
3,4288,1696071550.6539063
3,4352,1696071550.6744702
3,4416,1696071550.6942148
3,4480,1696071550.711973
3,4544,1696071550.7355976
3,4608,1696071550.758754
3,4672,1696071550.7783005
3,4736,1696071550.7924395
3,4800,1696071550.8125641
3,4864,1696071550.8374486
3,4928,1696071550.8605912
3,4992,1696071550.8812754
3,5056,1696071550.9027739
3,5120,1696071550.9265704
3,5184,1696071550.9415998
3,5248,1696071550.963783
3,5312,1696071550.9865186
3,5376,1696071551.0074394
3,5440,1696071551.0285366
3,5504,1696071551.0483985
3,5568,1696071551.073188
3,5632,1696071551.089627
3,5696,1696071551.1128712
3,5760,1696071551.1331873
3,5824,1696071551.1505775
3,5888,1696071551.1661692
3,5952,1696071551.1881576
3,6016,1696071551.2106261
3,6080,1696071551.2253199
3,6144,1696071551.2460613
3,6208,1696071551.2663143
3,6272,1696071551.2861154
3,6336,1696071551.3058817
3,6400,1696071551.329341
3,6464,1696071551.3507962
3,6528,1696071551.3696542
3,6592,1696071551.386926
3,6656,1696071551.4026637
3,6720,1696071551.4238107
3,6784,1696071551.4466815
3,6848,1696071551.4614294
3,6912,1696071551.4849772
3,6976,1696071551.506487
3,7040,1696071551.5206816
3,7104,1696071551.5425906
3,7168,1696071551.5646434
3,7232,1696071551.5852516
3,7296,1696071551.6084485
3,7360,1696071551.630287
3,7424,1696071551.6502526
3,7488,1696071551.6701791
3,7552,1696071551.6902454
3,7616,1696071551.7101398
3,7680,1696071551.73
3,7744,1696071551.7503593
3,7808,1696071551.7704885
3,7872,1696071551.7867627
3,7936,1696071551.8049734
3,8000,1696071551.8228195
3,8064,1696071551.8396103
3,8128,1696071551.8564098
3,8192,1696071551.8737478
3,8256,1696071551.8905394
3,8320,1696071551.9078636
3,8384,1696071551.9246006
3,8448,1696071551.9412718
3,8512,1696071551.9588156
3,8576,1696071551.97629
3,8640,1696071551.993654
3,8704,1696071552.0100374
3,8768,1696071552.029178
3,8832,1696071552.0470827
3,8896,1696071552.0680501
3,8960,1696071552.0907116
3,9024,1696071552.1108902
3,9088,1696071552.1332045
3,9152,1696071552.154321
3,9216,1696071552.1743894
3,9280,1696071552.1941264
3,9344,1696071552.2143795
3,9408,1696071552.2339242
3,9472,1696071552.2543652
3,9536,1696071552.274144
3,9600,1696071552.2940462
3,9664,1696071552.3144019
3,9728,1696071552.334068
3,9792,1696071552.3544114
3,9856,1696071552.373534
3,9920,1696071552.3966901
3,9984,1696071552.4183931
3,10048,1696071552.4379077
3,10112,1696071552.458327
3,10176,1696071552.4773695
3,10240,1696071552.4971712
3,10304,1696071552.5170083
3,10368,1696071552.5364761
3,10432,1696071552.5618715
3,10496,1696071552.5839217
3,10560,1696071552.599889
3,10624,1696071552.618995
3,10688,1696071552.6429627
3,10752,1696071552.663441
3,10816,1696071552.6791072
3,10880,1696071552.699364
3,10944,1696071552.7227733
3,11008,1696071552.743076
3,11072,1696071552.7642512
3,11136,1696071552.7851212
3,11200,1696071552.8084042
3,11264,1696071552.8288162
3,11328,1696071552.8524234
3,11392,1696071552.8744466
3,11456,1696071552.8941615
3,11520,1696071552.914374
3,11584,1696071552.9342856
3,11648,1696071552.9542973
3,11712,1696071552.9743395
3,11776,1696071552.994169
3,11840,1696071553.0136101
3,11904,1696071553.034166
3,11968,1696071553.0542333
3,12032,1696071553.0735323
3,12096,1696071553.092952
3,12160,1696071553.1133635
3,12224,1696071553.1293325
3,12288,1696071553.147705
3,12352,1696071553.168754
3,12416,1696071553.1906497
3,12480,1696071553.2042663
3,12544,1696071553.2242093
3,12608,1696071553.2494683
3,12672,1696071553.2682984
3,12736,1696071553.290766
3,12800,1696071553.3107474
3,12864,1696071553.3265734
3,12928,1696071553.3427718
3,12992,1696071553.363889
3,13056,1696071553.3868167
3,13120,1696071553.4065688
3,13184,1696071553.4283257
3,13248,1696071553.4443853
3,13312,1696071553.4604454
3,13376,1696071553.4786475
3,13440,1696071553.4961298
3,13504,1696071553.51256
3,13568,1696071553.5297644
3,13632,1696071553.5470135
3,13696,1696071553.5637805
3,13760,1696071553.580524
3,13824,1696071553.5972571
3,13888,1696071553.6149955
3,13952,1696071553.6337237
3,14016,1696071553.6521707
3,14080,1696071553.670775
3,14144,1696071553.6879506
3,14208,1696071553.7046156
3,14272,1696071553.7218244
3,14336,1696071553.7386818
3,14400,1696071553.7557216
3,14464,1696071553.7723858
3,14528,1696071553.7890532
3,14592,1696071553.807307
3,14656,1696071553.8241026
3,14720,1696071553.8438575
3,14784,1696071553.862717
3,14848,1696071553.8820462
3,14912,1696071553.9025073
3,14976,1696071553.920305
3,15040,1696071553.9368262
3,15104,1696071553.9528973
3,15168,1696071553.9708686
3,15232,1696071553.9877894
3,15296,1696071554.0044274
3,15360,1696071554.021987
3,15424,1696071554.0386822
3,15488,1696071554.0584793
3,15552,1696071554.0781822
3,15616,1696071554.098296
3,15680,1696071554.118223
3,15744,1696071554.136222
3,15808,1696071554.1528316
3,15872,1696071554.1684186
3,15936,1696071554.185021
3,16000,1696071554.2025096
3,16064,1696071554.2188466
3,16128,1696071554.2358873
3,16192,1696071554.2525575
3,16256,1696071554.2694561
3,16320,1696071554.2873304
3,16384,1696071554.3041492
3,16448,1696071554.3207667
3,16512,1696071554.3373456
3,16576,1696071554.3548198
3,16640,1696071554.3719475
3,16704,1696071554.3975666
3,16768,1696071554.417193
3,16832,1696071554.4386127
3,16896,1696071554.4587994
3,16960,1696071554.4800696
3,17024,1696071554.5009036
3,17088,1696071554.5216002
3,17152,1696071554.5451136
3,17216,1696071554.5662003
3,17280,1696071554.586228
3,17344,1696071554.6062613
3,17408,1696071554.626152
3,17472,1696071554.6464067
3,17536,1696071554.6661232
3,17600,1696071554.686356
3,17664,1696071554.7063377
3,17728,1696071554.726113
3,17792,1696071554.746034
3,17856,1696071554.7666423
3,17920,1696071554.7873287
3,17984,1696071554.811166
3,18048,1696071554.8322082
3,18112,1696071554.8588943
3,18176,1696071554.8737829
3,18240,1696071554.8969088
3,18304,1696071554.9164464
3,18368,1696071554.9371314
3,18432,1696071554.9569533
3,18496,1696071554.9859998
3,18560,1696071555.008132
3,18624,1696071555.0306387
3,18688,1696071555.0455003
3,18752,1696071555.068932
3,18816,1696071555.0886457
3,18880,1696071555.1091049
3,18944,1696071555.1287463
3,19008,1696071555.1530983
3,19072,1696071555.1745648
3,19136,1696071555.1885378
3,19200,1696071555.2081559
3,19264,1696071555.2334712
3,19328,1696071555.2522755
3,19392,1696071555.2734213
3,19456,1696071555.2974036
3,19520,1696071555.3185306
3,19584,1696071555.33792
3,19648,1696071555.3585575
3,19712,1696071555.378267
3,19776,1696071555.3981807
3,19840,1696071555.4182186
3,19904,1696071555.4380612
3,19968,1696071555.458377
3,20032,1696071555.4782336
3,20096,1696071555.4982605
3,20160,1696071555.5204115
3,20224,1696071555.54108
3,20288,1696071555.56046
3,20352,1696071555.5856433
3,20416,1696071555.6071243
3,20480,1696071555.6230786
3,20544,1696071555.6394544
3,20608,1696071555.6576061
3,20672,1696071555.675076
3,20736,1696071555.6942508
3,20800,1696071555.7124255
3,20864,1696071555.729111
3,20928,1696071555.7467892
3,20992,1696071555.7635424
3,21056,1696071555.7831593
3,21120,1696071555.8056824
3,21184,1696071555.8273563
3,21248,1696071555.8475585
3,21312,1696071555.867048
3,21376,1696071555.8827982
3,21440,1696071555.8994272
3,21504,1696071555.91615
3,21568,1696071555.9323938
3,21632,1696071555.9502168
3,21696,1696071555.9665449
3,21760,1696071555.9839478
3,21824,1696071556.0007422
3,21888,1696071556.01744
3,21952,1696071556.0349283
3,22016,1696071556.0518725
3,22080,1696071556.0685432
3,22144,1696071556.085356
3,22208,1696071556.1028423
3,22272,1696071556.1200895
3,22336,1696071556.1368976
3,22400,1696071556.1538467
3,22464,1696071556.1711617
3,22528,1696071556.1900606
3,22592,1696071556.2084377
3,22656,1696071556.225125
3,22720,1696071556.2429385
3,22784,1696071556.2596703
3,22848,1696071556.2759054
3,22912,1696071556.2926407
3,22976,1696071556.3098829
3,23040,1696071556.32687
3,23104,1696071556.3437545
3,23168,1696071556.3606803
3,23232,1696071556.3776677
3,23296,1696071556.3945045
3,23360,1696071556.4144847
3,23424,1696071556.4346254
3,23488,1696071556.4545665
3,23552,1696071556.4746304
3,23616,1696071556.491395
3,23680,1696071556.5077891
3,23744,1696071556.524447
3,23808,1696071556.542111
3,23872,1696071556.5586073
3,23936,1696071556.5773118
3,24000,1696071556.594784
3,24064,1696071556.6118317
3,24128,1696071556.6284573
3,24192,1696071556.6452045
3,24256,1696071556.6629395
3,24320,1696071556.6799183
3,24384,1696071556.7025456
3,24448,1696071556.7220297
3,24512,1696071556.7421458
3,24576,1696071556.7626395
3,24640,1696071556.7822306
3,24704,1696071556.8024821
3,24768,1696071556.8220017
3,24832,1696071556.842576
3,24896,1696071556.8601172
3,24960,1696071556.8767416
3,25024,1696071556.8935282
3,25088,1696071556.9110224
3,25152,1696071556.9276564
3,25216,1696071556.9442892
3,25280,1696071556.9606874
3,25344,1696071556.9793231
3,25408,1696071556.995969
3,25472,1696071557.012504
3,25536,1696071557.0290682
3,25600,1696071557.0458527
3,25664,1696071557.0630429
3,25728,1696071557.0816379
3,25792,1696071557.0988438
3,25856,1696071557.1158316
3,25920,1696071557.1327312
3,25984,1696071557.1495783
3,26048,1696071557.1668825
3,26112,1696071557.1853757
3,26176,1696071557.2032967
3,26240,1696071557.2198815
3,26304,1696071557.2365024
3,26368,1696071557.2532618
3,26432,1696071557.271046
3,26496,1696071557.287733
3,26560,1696071557.3044243
3,26624,1696071557.3209958
3,26688,1696071557.3385768
3,26752,1696071557.357439
3,26816,1696071557.3750508
3,26880,1696071557.3918939
3,26944,1696071557.4084415
3,27008,1696071557.4249766
3,27072,1696071557.442206
3,27136,1696071557.458759
3,27200,1696071557.4769049
3,27264,1696071557.4947846
3,27328,1696071557.5116198
3,27392,1696071557.5284157
3,27456,1696071557.5443058
3,27520,1696071557.563394
3,27584,1696071557.579932
3,27648,1696071557.5967107
3,27712,1696071557.6127365
3,27776,1696071557.6307845
3,27840,1696071557.6496043
3,27904,1696071557.667139
3,27968,1696071557.6837847
3,28032,1696071557.7004173
3,28096,1696071557.7167494
3,28160,1696071557.7348843
3,28224,1696071557.7518735
3,28288,1696071557.7684953
3,28352,1696071557.7839878
3,28416,1696071557.8073308
3,28480,1696071557.8282743
3,28544,1696071557.8502362
3,28608,1696071557.8750458
3,28672,1696071557.896664
3,28736,1696071557.9186845
3,28800,1696071557.9379656
3,28864,1696071557.958606
3,28928,1696071557.978354
3,28992,1696071557.9979239
3,29056,1696071558.0182812
3,29120,1696071558.0377147
3,29184,1696071558.0579693
3,29248,1696071558.0747588
3,29312,1696071558.0910275
3,29376,1696071558.1091256
3,29440,1696071558.1272552
3,29504,1696071558.14395
3,29568,1696071558.1604757
3,29632,1696071558.1770203
3,29696,1696071558.1952503
3,29760,1696071558.2119992
3,29824,1696071558.2285535
3,29888,1696071558.244957
3,29952,1696071558.264026
3,30016,1696071558.2802315
3,30080,1696071558.296524
3,30144,1696071558.311921
3,30208,1696071558.3319063
3,30272,1696071558.354315
3,30336,1696071558.3744025
3,30400,1696071558.3942103
3,30464,1696071558.4143288
3,30528,1696071558.4338615
3,30592,1696071558.454332
3,30656,1696071558.4742603
3,30720,1696071558.4944682
3,30784,1696071558.5141234
3,30848,1696071558.5343394
3,30912,1696071558.554296
3,30976,1696071558.5746043
3,31040,1696071558.5943375
3,31104,1696071558.6142316
3,31168,1696071558.6341703
3,31232,1696071558.6546543
3,31296,1696071558.6698272
3,31360,1696071558.6929317
3,31424,1696071558.7124252
3,31488,1696071558.7334886
3,31552,1696071558.7486813
3,31616,1696071558.769789
3,31680,1696071558.7904425
3,31744,1696071558.8100626
3,31808,1696071558.8304098
3,31872,1696071558.8500147
3,31936,1696071558.8704169
3,32000,1696071558.8902023
3,32064,1696071558.9102201
3,32128,1696071558.9303315
3,32192,1696071558.9501367
3,32256,1696071558.9703155
3,32320,1696071558.9899902
3,32384,1696071559.0101528
3,32448,1696071559.0304472
3,32512,1696071559.0503898
3,32576,1696071559.070104
3,32640,1696071559.0905068
3,32704,1696071559.1102743
3,32768,1696071559.13017
3,32832,1696071559.1505024
3,32896,1696071559.1700923
3,32960,1696071559.1906884
3,33024,1696071559.2097735
3,33088,1696071559.2317948
3,33152,1696071559.257039
3,33216,1696071559.2759671
3,33280,1696071559.2985384
3,33344,1696071559.3180895
3,33408,1696071559.3382025
3,33472,1696071559.3582394
3,33536,1696071559.3783772
3,33600,1696071559.39798
3,33664,1696071559.4182298
3,33728,1696071559.4381583
3,33792,1696071559.4583251
3,33856,1696071559.478266
3,33920,1696071559.4980915
3,33984,1696071559.5176246
3,34048,1696071559.5334918
3,34112,1696071559.5530276
3,34176,1696071559.574633
3,34240,1696071559.594104
3,34304,1696071559.6143503
3,34368,1696071559.6340249
3,34432,1696071559.654284
3,34496,1696071559.6740365
3,34560,1696071559.6945388
3,34624,1696071559.7141383
3,34688,1696071559.7343922
3,34752,1696071559.7540321
3,34816,1696071559.7746928
3,34880,1696071559.7939787
3,34944,1696071559.8146424
3,35008,1696071559.8339596
3,35072,1696071559.8545647
3,35136,1696071559.8741262
3,35200,1696071559.8943226
3,35264,1696071559.9140835
3,35328,1696071559.9344757
3,35392,1696071559.9552383
3,35456,1696071559.9762342
3,35520,1696071559.997208
3,35584,1696071560.020833
3,35648,1696071560.0424287
3,35712,1696071560.061682
3,35776,1696071560.082159
3,35840,1696071560.1020572
3,35904,1696071560.122223
3,35968,1696071560.1426318
3,36032,1696071560.1622164
3,36096,1696071560.1825173
3,36160,1696071560.2020326
3,36224,1696071560.222218
3,36288,1696071560.2421966
3,36352,1696071560.2624412
3,36416,1696071560.2820408
3,36480,1696071560.302405
3,36544,1696071560.3221896
3,36608,1696071560.342355
3,36672,1696071560.3626683
3,36736,1696071560.382665
3,36800,1696071560.400424
3,36864,1696071560.4202302
3,36928,1696071560.4383345
3,36992,1696071560.4568505
3,37056,1696071560.4748309
3,37120,1696071560.4945557
3,37184,1696071560.5143554
3,37248,1696071560.5344055
3,37312,1696071560.5545793
3,37376,1696071560.5745928
3,37440,1696071560.5921495
3,37504,1696071560.6086993
3,37568,1696071560.6245732
3,37632,1696071560.643052
3,37696,1696071560.6621559
3,37760,1696071560.6801834
3,37824,1696071560.6966848
3,37888,1696071560.713579
3,37952,1696071560.7332337
3,38016,1696071560.7513719
3,38080,1696071560.7685132
3,38144,1696071560.7935224
3,38208,1696071560.8117738
3,38272,1696071560.8325677
3,38336,1696071560.8529277
3,38400,1696071560.8733351
3,38464,1696071560.8963296
3,38528,1696071560.9181263
3,38592,1696071560.938195
3,38656,1696071560.9581323
3,38720,1696071560.9783914
3,38784,1696071560.9978936
3,38848,1696071561.0183716
3,38912,1696071561.0382042
3,38976,1696071561.058105
3,39040,1696071561.0784013
3,39104,1696071561.0980237
3,39168,1696071561.1181183
3,39232,1696071561.1386235
3,39296,1696071561.1582334
3,39360,1696071561.1743479
3,39424,1696071561.194068
3,39488,1696071561.2106934
3,39552,1696071561.2325828
3,39616,1696071561.2551134
3,39680,1696071561.2754102
3,39744,1696071561.2962751
3,39808,1696071561.3205867
3,39872,1696071561.3429942
3,39936,1696071561.3662302
3,40000,1696071561.389725
3,40064,1696071561.4142537
3,40128,1696071561.4336612
3,40192,1696071561.4589453
3,40256,1696071561.4818404
3,40320,1696071561.5075672
3,40384,1696071561.5297463
3,40448,1696071561.5474584
3,40512,1696071561.573543
3,40576,1696071561.593543
