epoch,trained_sample,time
1,0,1695609017.9808924
1,32,1695609019.2587442
1,64,1695609019.2745082
1,96,1695609019.2884133
1,128,1695609019.301554
1,160,1695609019.3165276
1,192,1695609019.3291297
1,224,1695609019.3412306
1,256,1695609019.3559346
1,288,1695609019.3680298
1,320,1695609019.3823276
1,352,1695609019.3951597
1,384,1695609019.4089382
1,416,1695609019.421237
1,448,1695609019.4351695
1,480,1695609019.4478683
1,512,1695609019.4597528
1,544,1695609019.4726105
1,576,1695609019.4854195
1,608,1695609019.4985325
1,640,1695609019.512257
1,672,1695609019.5237012
1,704,1695609019.5362942
1,736,1695609019.5520244
1,768,1695609019.5654418
1,800,1695609019.5781891
1,832,1695609019.590451
1,864,1695609019.6036186
1,896,1695609019.616314
1,928,1695609019.6300616
1,960,1695609019.642387
1,992,1695609019.6556122
1,1024,1695609019.696772
1,1056,1695609019.714511
1,1088,1695609019.7813497
1,1120,1695609019.8003013
1,1152,1695609019.8848593
1,1184,1695609019.8983808
1,1216,1695609019.9147532
1,1248,1695609019.927361
1,1280,1695609019.9402046
1,1312,1695609019.9545422
1,1344,1695609019.9679832
1,1376,1695609019.979553
1,1408,1695609019.991356
1,1440,1695609020.0089245
1,1472,1695609020.026552
1,1504,1695609020.0417557
1,1536,1695609020.0549376
1,1568,1695609020.0683322
1,1600,1695609020.0809195
1,1632,1695609020.0928762
1,1664,1695609020.1070156
1,1696,1695609020.1198957
1,1728,1695609020.1333473
1,1760,1695609020.145951
1,1792,1695609020.1593993
1,1824,1695609020.1719544
1,1856,1695609020.1855428
1,1888,1695609020.1978762
1,1920,1695609020.2110481
1,1952,1695609020.2251596
1,1984,1695609020.23885
1,2016,1695609020.2515235
1,2048,1695609020.264717
1,2080,1695609020.2778914
1,2112,1695609020.2919128
1,2144,1695609020.303565
1,2176,1695609020.3214436
1,2208,1695609020.3381095
1,2240,1695609020.351968
1,2272,1695609020.3638346
1,2304,1695609020.3776712
1,2336,1695609020.390222
1,2368,1695609020.4036129
1,2400,1695609020.416122
1,2432,1695609020.4279923
1,2464,1695609020.441761
1,2496,1695609020.4541698
1,2528,1695609020.467721
1,2560,1695609020.480455
1,2592,1695609020.4922605
1,2624,1695609020.5058608
1,2656,1695609020.5180953
1,2688,1695609020.531304
1,2720,1695609020.5447574
1,2752,1695609020.559249
1,2784,1695609020.5720122
1,2816,1695609020.5860162
1,2848,1695609020.598777
1,2880,1695609020.6114278
1,2912,1695609020.6243956
1,2944,1695609020.6370041
1,2976,1695609020.6508303
1,3008,1695609020.663439
1,3040,1695609020.676608
1,3072,1695609020.6896517
1,3104,1695609020.7065604
1,3136,1695609020.7194083
1,3168,1695609020.7332823
1,3200,1695609020.7456052
1,3232,1695609020.7656088
1,3264,1695609020.7850683
1,3296,1695609020.805106
1,3328,1695609020.8185499
1,3360,1695609020.8328464
1,3392,1695609020.8453627
1,3424,1695609020.8596225
1,3456,1695609020.8727088
1,3488,1695609020.8852923
1,3520,1695609020.8996918
1,3552,1695609020.91683
1,3584,1695609020.9307377
1,3616,1695609020.9439094
1,3648,1695609020.9574099
1,3680,1695609020.970387
1,3712,1695609020.9841816
1,3744,1695609020.9973986
1,3776,1695609021.0115638
1,3808,1695609021.0252497
1,3840,1695609021.0402594
1,3872,1695609021.0546815
1,3904,1695609021.0673344
1,3936,1695609021.0808284
1,3968,1695609021.0972073
1,4000,1695609021.1130161
1,4032,1695609021.128277
1,4064,1695609021.1412494
1,4096,1695609021.1543856
1,4128,1695609021.168855
1,4160,1695609021.1827364
1,4192,1695609021.1976447
1,4224,1695609021.2133281
1,4256,1695609021.228451
1,4288,1695609021.242472
1,4320,1695609021.2547827
1,4352,1695609021.268273
1,4384,1695609021.281771
1,4416,1695609021.2943935
1,4448,1695609021.308102
1,4480,1695609021.3211524
1,4512,1695609021.3368757
1,4544,1695609021.349372
1,4576,1695609021.365931
1,4608,1695609021.3809218
1,4640,1695609021.394707
1,4672,1695609021.4081616
1,4704,1695609021.4222517
1,4736,1695609021.4364872
1,4768,1695609021.451465
1,4800,1695609021.4656112
1,4832,1695609021.4780612
1,4864,1695609021.491431
1,4896,1695609021.5044222
1,4928,1695609021.5205724
1,4960,1695609021.5355127
1,4992,1695609021.555472
1,5024,1695609021.5739202
1,5056,1695609021.5909913
1,5088,1695609021.6048162
1,5120,1695609021.6172304
1,5152,1695609021.633534
1,5184,1695609021.6458473
1,5216,1695609021.6595132
1,5248,1695609021.6714692
1,5280,1695609021.6841147
1,5312,1695609021.6975927
1,5344,1695609021.7095158
1,5376,1695609021.7234335
1,5408,1695609021.7358556
1,5440,1695609021.7487175
1,5472,1695609021.7615666
1,5504,1695609021.7748032
1,5536,1695609021.7887099
1,5568,1695609021.801028
1,5600,1695609021.818528
1,5632,1695609021.831857
1,5664,1695609021.8442662
1,5696,1695609021.8595307
1,5728,1695609021.872185
1,5760,1695609021.8850884
1,5792,1695609021.8989441
1,5824,1695609021.9164884
1,5856,1695609021.9339545
1,5888,1695609021.9489362
1,5920,1695609021.9630256
1,5952,1695609021.9760091
1,5984,1695609021.9890347
1,6016,1695609022.001304
1,6048,1695609022.0155206
1,6080,1695609022.0277622
1,6112,1695609022.0439324
1,6144,1695609022.056862
1,6176,1695609022.0704246
1,6208,1695609022.0829787
1,6240,1695609022.09573
1,6272,1695609022.1087096
1,6304,1695609022.1207132
1,6336,1695609022.134751
1,6368,1695609022.1474175
1,6400,1695609022.1598558
1,6432,1695609022.1834524
1,6464,1695609022.1985326
1,6496,1695609022.2182477
1,6528,1695609022.2354345
1,6560,1695609022.2534928
1,6592,1695609022.2728243
1,6624,1695609022.2947142
1,6656,1695609022.3152685
1,6688,1695609022.335122
1,6720,1695609022.3553777
1,6752,1695609022.3752372
1,6784,1695609022.3994553
1,6816,1695609022.4170766
1,6848,1695609022.4358528
1,6880,1695609022.4556875
1,6912,1695609022.4747834
1,6944,1695609022.493152
1,6976,1695609022.514262
1,7008,1695609022.5326197
1,7040,1695609022.5512092
1,7072,1695609022.5688016
1,7104,1695609022.5862758
1,7136,1695609022.6009214
1,7168,1695609022.6150484
1,7200,1695609022.6277905
1,7232,1695609022.6411536
1,7264,1695609022.6539276
1,7296,1695609022.6671653
1,7328,1695609022.6812482
1,7360,1695609022.695728
1,7392,1695609022.711214
1,7424,1695609022.7254407
1,7456,1695609022.739262
1,7488,1695609022.751981
1,7520,1695609022.7659392
1,7552,1695609022.778837
1,7584,1695609022.7917778
1,7616,1695609022.8047867
1,7648,1695609022.8177006
1,7680,1695609022.8317184
1,7712,1695609022.8442154
1,7744,1695609022.8560264
1,7776,1695609022.8711371
1,7808,1695609022.8903031
1,7840,1695609022.9077613
1,7872,1695609022.9264967
1,7904,1695609022.9465613
1,7936,1695609022.9668818
1,7968,1695609022.9870038
1,8000,1695609023.0066333
1,8032,1695609023.020629
1,8064,1695609023.0350835
1,8096,1695609023.0516937
1,8128,1695609023.0654454
1,8160,1695609023.0778425
1,8192,1695609023.0914974
1,8224,1695609023.1042233
1,8256,1695609023.116041
1,8288,1695609023.1301749
1,8320,1695609023.143087
1,8352,1695609023.1563046
1,8384,1695609023.1700363
1,8416,1695609023.1822786
1,8448,1695609023.1957839
1,8480,1695609023.208571
1,8512,1695609023.2221613
1,8544,1695609023.2345512
1,8576,1695609023.247913
1,8608,1695609023.2607744
1,8640,1695609023.2747183
1,8672,1695609023.2878811
1,8704,1695609023.3016977
1,8736,1695609023.3139837
1,8768,1695609023.3268375
1,8800,1695609023.3404071
1,8832,1695609023.3528059
1,8864,1695609023.3663626
1,8896,1695609023.3800156
1,8928,1695609023.3940165
1,8960,1695609023.4075177
1,8992,1695609023.4223263
1,9024,1695609023.434688
1,9056,1695609023.452788
1,9088,1695609023.471169
1,9120,1695609023.4896917
1,9152,1695609023.5100746
1,9184,1695609023.52982
1,9216,1695609023.54211
1,9248,1695609023.5568528
1,9280,1695609023.5748534
1,9312,1695609023.5912888
1,9344,1695609023.6047444
1,9376,1695609023.6166553
1,9408,1695609023.6361527
1,9440,1695609023.6538203
1,9472,1695609023.669597
1,9504,1695609023.6827214
1,9536,1695609023.7024004
1,9568,1695609023.7207494
1,9600,1695609023.7378216
1,9632,1695609023.7584245
1,9664,1695609023.778074
1,9696,1695609023.795387
1,9728,1695609023.8193378
1,9760,1695609023.8397677
1,9792,1695609023.858109
1,9824,1695609023.8802605
1,9856,1695609023.896821
1,9888,1695609023.912208
1,9920,1695609023.924222
1,9952,1695609023.936155
1,9984,1695609023.9577034
1,10016,1695609023.9790254
1,10048,1695609024.0000453
1,10080,1695609024.0265868
1,10112,1695609024.0443976
1,10144,1695609024.0583816
1,10176,1695609024.0771117
1,10208,1695609024.0918937
1,10240,1695609024.1097512
1,10272,1695609024.1245997
1,10304,1695609024.1370902
1,10336,1695609024.1507607
1,10368,1695609024.1636384
1,10400,1695609024.1815965
1,10432,1695609024.1994894
1,10464,1695609024.2116227
1,10496,1695609024.2255425
1,10528,1695609024.243332
1,10560,1695609024.2667863
1,10592,1695609024.2858984
1,10624,1695609024.309158
1,10656,1695609024.3241832
1,10688,1695609024.3383045
1,10720,1695609024.3513181
1,10752,1695609024.3648343
1,10784,1695609024.3806424
1,10816,1695609024.3993118
1,10848,1695609024.4192748
1,10880,1695609024.437494
1,10912,1695609024.4620538
1,10944,1695609024.4857953
1,10976,1695609024.5055141
1,11008,1695609024.5261838
1,11040,1695609024.546116
1,11072,1695609024.5686638
1,11104,1695609024.5884151
1,11136,1695609024.6094358
1,11168,1695609024.6287577
1,11200,1695609024.6475356
1,11232,1695609024.665576
1,11264,1695609024.684818
1,11296,1695609024.7005537
1,11328,1695609024.714822
1,11360,1695609024.7302957
1,11392,1695609024.7431545
1,11424,1695609024.763262
1,11456,1695609024.777823
1,11488,1695609024.7901816
1,11520,1695609024.8038151
1,11552,1695609024.8166296
1,11584,1695609024.830765
1,11616,1695609024.8434703
1,11648,1695609024.8566287
1,11680,1695609024.8695908
1,11712,1695609024.8837092
1,11744,1695609024.896137
1,11776,1695609024.910302
1,11808,1695609024.9249277
1,11840,1695609024.9372606
1,11872,1695609024.9512057
1,11904,1695609024.9642913
1,11936,1695609024.9764285
1,11968,1695609024.9906497
1,12000,1695609025.0034702
1,12032,1695609025.0168102
1,12064,1695609025.0293653
1,12096,1695609025.0468757
1,12128,1695609025.0612936
1,12160,1695609025.0750878
1,12192,1695609025.088795
1,12224,1695609025.1022825
1,12256,1695609025.1155438
1,12288,1695609025.1295938
1,12320,1695609025.1423106
1,12352,1695609025.1566367
1,12384,1695609025.1714587
1,12416,1695609025.1843393
1,12448,1695609025.1982958
1,12480,1695609025.2111342
1,12512,1695609025.2245164
1,12544,1695609025.2373793
1,12576,1695609025.2516043
1,12608,1695609025.2643301
1,12640,1695609025.2765467
1,12672,1695609025.290526
1,12704,1695609025.3037345
1,12736,1695609025.3171573
1,12768,1695609025.332953
1,12800,1695609025.3467073
1,12832,1695609025.3603902
1,12864,1695609025.3749688
1,12896,1695609025.3885014
1,12928,1695609025.4017942
1,12960,1695609025.4210784
1,12992,1695609025.436544
1,13024,1695609025.4509826
1,13056,1695609025.4672246
1,13088,1695609025.4839244
1,13120,1695609025.4988508
1,13152,1695609025.5151818
1,13184,1695609025.5385227
1,13216,1695609025.5545745
1,13248,1695609025.5690491
1,13280,1695609025.5814137
1,13312,1695609025.595258
1,13344,1695609025.6139262
1,13376,1695609025.6266763
1,13408,1695609025.6398137
1,13440,1695609025.6530118
1,13472,1695609025.6758008
1,13504,1695609025.6915648
1,13536,1695609025.7072473
1,13568,1695609025.7291214
1,13600,1695609025.7439384
1,13632,1695609025.7596428
1,13664,1695609025.776783
1,13696,1695609025.7909706
1,13728,1695609025.8065932
1,13760,1695609025.8232706
1,13792,1695609025.8406556
1,13824,1695609025.8553813
1,13856,1695609025.8716516
1,13888,1695609025.8870215
1,13920,1695609025.902263
1,13952,1695609025.9219549
1,13984,1695609025.938354
1,14016,1695609025.9571147
1,14048,1695609025.974716
1,14080,1695609025.9919856
1,14112,1695609026.009825
1,14144,1695609026.02702
1,14176,1695609026.044374
1,14208,1695609026.061561
1,14240,1695609026.0776916
1,14272,1695609026.0930414
1,14304,1695609026.1091588
1,14336,1695609026.1247556
1,14368,1695609026.143028
1,14400,1695609026.16283
1,14432,1695609026.181888
1,14464,1695609026.1983955
1,14496,1695609026.2153924
1,14528,1695609026.2314978
1,14560,1695609026.2481887
1,14592,1695609026.265156
1,14624,1695609026.283666
1,14656,1695609026.301862
1,14688,1695609026.317231
1,14720,1695609026.332826
1,14752,1695609026.348758
1,14784,1695609026.3646114
1,14816,1695609026.380616
1,14848,1695609026.3973966
1,14880,1695609026.4135013
1,14912,1695609026.430574
1,14944,1695609026.4470868
1,14976,1695609026.4643793
1,15008,1695609026.4817562
1,15040,1695609026.5005596
1,15072,1695609026.5187376
1,15104,1695609026.5347733
1,15136,1695609026.5509648
1,15168,1695609026.568434
1,15200,1695609026.5842156
1,15232,1695609026.6022532
1,15264,1695609026.6186686
1,15296,1695609026.6316843
1,15328,1695609026.6482356
1,15360,1695609026.6660092
1,15392,1695609026.6807263
1,15424,1695609026.6987023
1,15456,1695609026.7152379
1,15488,1695609026.7309628
1,15520,1695609026.7493708
1,15552,1695609026.7670567
1,15584,1695609026.7854679
1,15616,1695609026.8035169
1,15648,1695609026.8196716
1,15680,1695609026.8365896
1,15712,1695609026.8523266
1,15744,1695609026.870077
1,15776,1695609026.8889425
1,15808,1695609026.9057136
1,15840,1695609026.9204772
1,15872,1695609026.9379132
1,15904,1695609026.9614606
1,15936,1695609026.9772785
1,15968,1695609026.9947872
1,16000,1695609027.0127113
1,16032,1695609027.0307326
1,16064,1695609027.052061
1,16096,1695609027.065845
1,16128,1695609027.0822456
1,16160,1695609027.0985093
1,16192,1695609027.1162605
1,16224,1695609027.131129
1,16256,1695609027.1476426
1,16288,1695609027.1629195
1,16320,1695609027.1798246
1,16352,1695609027.1968944
1,16384,1695609027.2139292
1,16416,1695609027.2292514
1,16448,1695609027.2517407
1,16480,1695609027.2701173
1,16512,1695609027.28728
1,16544,1695609027.30329
1,16576,1695609027.3211825
1,16608,1695609027.3386571
1,16640,1695609027.3553808
1,16672,1695609027.3744078
1,16704,1695609027.3909616
1,16736,1695609027.4105399
1,16768,1695609027.4243097
1,16800,1695609027.4419365
1,16832,1695609027.4578364
1,16864,1695609027.4725156
1,16896,1695609027.4900792
1,16928,1695609027.5051582
1,16960,1695609027.523746
1,16992,1695609027.5401256
1,17024,1695609027.55868
1,17056,1695609027.5739348
1,17088,1695609027.5886335
1,17120,1695609027.603537
1,17152,1695609027.6208732
1,17184,1695609027.6406858
1,17216,1695609027.6571574
1,17248,1695609027.678484
1,17280,1695609027.695067
1,17312,1695609027.713324
1,17344,1695609027.7305365
1,17376,1695609027.7456656
1,17408,1695609027.7614446
1,17440,1695609027.7807417
1,17472,1695609027.7970297
1,17504,1695609027.8174
1,17536,1695609027.83372
1,17568,1695609027.852927
1,17600,1695609027.8702085
1,17632,1695609027.887348
1,17664,1695609027.903357
1,17696,1695609027.9210274
1,17728,1695609027.9379945
1,17760,1695609027.959004
1,17792,1695609027.977951
1,17824,1695609027.9967005
1,17856,1695609028.011669
1,17888,1695609028.025515
1,17920,1695609028.0398185
1,17952,1695609028.0557296
1,17984,1695609028.0686107
1,18016,1695609028.088123
1,18048,1695609028.1061711
1,18080,1695609028.1234055
1,18112,1695609028.141291
1,18144,1695609028.157247
1,18176,1695609028.1752236
1,18208,1695609028.1916459
1,18240,1695609028.2104886
1,18272,1695609028.2265456
1,18304,1695609028.2426744
1,18336,1695609028.2569916
1,18368,1695609028.2766325
1,18400,1695609028.2901847
1,18432,1695609028.307035
1,18464,1695609028.322988
1,18496,1695609028.3369193
1,18528,1695609028.3523183
1,18560,1695609028.3676908
1,18592,1695609028.389544
1,18624,1695609028.4048638
1,18656,1695609028.422244
1,18688,1695609028.4383652
1,18720,1695609028.453894
1,18752,1695609028.4692948
1,18784,1695609028.4838676
1,18816,1695609028.5014145
1,18848,1695609028.5179098
1,18880,1695609028.5344534
1,18912,1695609028.5496483
1,18944,1695609028.5731173
1,18976,1695609028.5935938
1,19008,1695609028.610271
1,19040,1695609028.628695
1,19072,1695609028.6483712
1,19104,1695609028.66429
1,19136,1695609028.6792574
1,19168,1695609028.6968126
1,19200,1695609028.7125235
1,19232,1695609028.727935
1,19264,1695609028.7464623
1,19296,1695609028.7642698
1,19328,1695609028.779842
1,19360,1695609028.794724
1,19392,1695609028.8152854
1,19424,1695609028.8350418
1,19456,1695609028.855808
1,19488,1695609028.8778884
1,19520,1695609028.8966978
1,19552,1695609028.9140778
1,19584,1695609028.934481
1,19616,1695609028.9555497
1,19648,1695609028.9757252
1,19680,1695609028.994858
1,19712,1695609029.0151546
1,19744,1695609029.0356612
1,19776,1695609029.0553126
1,19808,1695609029.0750923
1,19840,1695609029.0960457
1,19872,1695609029.1156416
1,19904,1695609029.135601
1,19936,1695609029.1539183
1,19968,1695609029.1713712
1,20000,1695609029.1939652
1,20032,1695609029.2141707
1,20064,1695609029.2390594
1,20096,1695609029.258589
1,20128,1695609029.2817492
1,20160,1695609029.3021328
1,20192,1695609029.3176203
1,20224,1695609029.336041
1,20256,1695609029.3543403
1,20288,1695609029.3736343
1,20320,1695609029.3905969
1,20352,1695609029.407702
1,20384,1695609029.424315
1,20416,1695609029.4410803
1,20448,1695609029.4598787
1,20480,1695609029.4773562
1,20512,1695609029.4958167
1,20544,1695609029.5211058
1,20576,1695609029.5390377
1,20608,1695609029.5637345
1,20640,1695609029.5833964
1,20672,1695609029.6089592
1,20704,1695609029.6279132
1,20736,1695609029.6486976
1,20768,1695609029.667938
1,20800,1695609029.6856778
1,20832,1695609029.7025309
1,20864,1695609029.7219396
1,20896,1695609029.7410042
1,20928,1695609029.759875
1,20960,1695609029.7770128
1,20992,1695609029.7945812
1,21024,1695609029.810497
1,21056,1695609029.8284757
1,21088,1695609029.847905
1,21120,1695609029.864379
1,21152,1695609029.882762
1,21184,1695609029.9001126
1,21216,1695609029.9151459
1,21248,1695609029.930932
1,21280,1695609029.94704
1,21312,1695609029.9627833
1,21344,1695609029.9833333
1,21376,1695609029.999895
1,21408,1695609030.0153644
1,21440,1695609030.0316725
1,21472,1695609030.045099
1,21504,1695609030.0638175
1,21536,1695609030.0826292
1,21568,1695609030.101393
1,21600,1695609030.1227024
1,21632,1695609030.1447551
1,21664,1695609030.168533
1,21696,1695609030.1883907
1,21728,1695609030.206562
1,21760,1695609030.2257743
1,21792,1695609030.2467985
1,21824,1695609030.26713
1,21856,1695609030.2876513
1,21888,1695609030.3075438
1,21920,1695609030.326798
1,21952,1695609030.3489995
1,21984,1695609030.3675795
1,22016,1695609030.3873677
1,22048,1695609030.4076688
1,22080,1695609030.4274297
1,22112,1695609030.447718
1,22144,1695609030.4676335
1,22176,1695609030.4873066
1,22208,1695609030.5078604
1,22240,1695609030.5274837
1,22272,1695609030.5476403
1,22304,1695609030.5675597
1,22336,1695609030.5873346
1,22368,1695609030.607018
1,22400,1695609030.627822
1,22432,1695609030.6474726
1,22464,1695609030.6677911
1,22496,1695609030.6874697
1,22528,1695609030.7070978
1,22560,1695609030.7270546
1,22592,1695609030.7489426
1,22624,1695609030.7678614
1,22656,1695609030.780631
1,22688,1695609030.799759
1,22720,1695609030.8141747
1,22752,1695609030.835156
1,22784,1695609030.855415
1,22816,1695609030.8754137
1,22848,1695609030.8953125
1,22880,1695609030.9156663
1,22912,1695609030.9356303
1,22944,1695609030.955625
1,22976,1695609030.9748695
1,23008,1695609030.9948251
1,23040,1695609031.0147092
1,23072,1695609031.034632
1,23104,1695609031.0553095
1,23136,1695609031.0695841
1,23168,1695609031.0845273
1,23200,1695609031.0997596
1,23232,1695609031.1143432
1,23264,1695609031.1299467
1,23296,1695609031.145409
1,23328,1695609031.1628277
1,23360,1695609031.1791403
1,23392,1695609031.1953013
1,23424,1695609031.2124298
1,23456,1695609031.2342415
1,23488,1695609031.2552288
1,23520,1695609031.2762558
1,23552,1695609031.2948234
1,23584,1695609031.3156703
1,23616,1695609031.335339
1,23648,1695609031.3553672
1,23680,1695609031.3757865
1,23712,1695609031.395837
1,23744,1695609031.415046
1,23776,1695609031.4353087
1,23808,1695609031.4555054
1,23840,1695609031.4753969
1,23872,1695609031.4951508
1,23904,1695609031.5149422
1,23936,1695609031.5354378
1,23968,1695609031.5555773
1,24000,1695609031.5755298
1,24032,1695609031.5953994
1,24064,1695609031.6155915
1,24096,1695609031.6356943
1,24128,1695609031.6552453
1,24160,1695609031.6752844
1,24192,1695609031.6953127
1,24224,1695609031.7167578
1,24256,1695609031.734568
1,24288,1695609031.7549915
1,24320,1695609031.772823
1,24352,1695609031.7911265
1,24384,1695609031.8048491
1,24416,1695609031.8205538
1,24448,1695609031.8331642
1,24480,1695609031.8469975
1,24512,1695609031.8631313
1,24544,1695609031.8788128
1,24576,1695609031.8956103
1,24608,1695609031.9104867
1,24640,1695609031.9249485
1,24672,1695609031.9419315
1,24704,1695609031.9558306
1,24736,1695609031.9726446
1,24768,1695609031.9879792
1,24800,1695609032.0032105
1,24832,1695609032.0177822
1,24864,1695609032.0333853
1,24896,1695609032.0501196
1,24928,1695609032.066432
1,24960,1695609032.0810142
1,24992,1695609032.0962064
1,25024,1695609032.1128757
1,25056,1695609032.130486
1,25088,1695609032.1459126
1,25120,1695609032.1590383
1,25152,1695609032.1767588
1,25184,1695609032.194208
1,25216,1695609032.2091546
1,25248,1695609032.2246964
1,25280,1695609032.244996
1,25312,1695609032.2611074
1,25344,1695609032.2768016
1,25376,1695609032.2928317
1,25408,1695609032.3083084
1,25440,1695609032.3253465
1,25472,1695609032.3424575
1,25504,1695609032.3588638
1,25536,1695609032.3756943
1,25568,1695609032.3912976
1,25600,1695609032.4077604
1,25632,1695609032.4256837
1,25664,1695609032.4418697
1,25696,1695609032.4574602
1,25728,1695609032.4730318
1,25760,1695609032.4893599
1,25792,1695609032.5048876
1,25824,1695609032.5216825
1,25856,1695609032.5380504
1,25888,1695609032.5540147
1,25920,1695609032.5700731
1,25952,1695609032.5843425
1,25984,1695609032.6017935
1,26016,1695609032.6193018
1,26048,1695609032.6372044
1,26080,1695609032.653486
1,26112,1695609032.669054
1,26144,1695609032.6848266
1,26176,1695609032.6996455
1,26208,1695609032.7159033
1,26240,1695609032.7308433
1,26272,1695609032.7460246
1,26304,1695609032.763011
1,26336,1695609032.7787015
1,26368,1695609032.7950628
1,26400,1695609032.809448
1,26432,1695609032.8312395
1,26464,1695609032.854517
1,26496,1695609032.8750126
1,26528,1695609032.896479
1,26560,1695609032.9163182
1,26592,1695609032.9351277
1,26624,1695609032.9550266
1,26656,1695609032.9753947
1,26688,1695609032.9960222
1,26720,1695609033.0155349
1,26752,1695609033.0357394
1,26784,1695609033.055705
1,26816,1695609033.075303
1,26848,1695609033.0954182
1,26880,1695609033.115182
1,26912,1695609033.1360962
1,26944,1695609033.1535983
1,26976,1695609033.173205
1,27008,1695609033.1893597
1,27040,1695609033.2048004
1,27072,1695609033.2213516
1,27104,1695609033.2371557
1,27136,1695609033.254336
1,27168,1695609033.2691398
1,27200,1695609033.2843392
1,27232,1695609033.2985468
1,27264,1695609033.316146
1,27296,1695609033.331731
1,27328,1695609033.3486004
1,27360,1695609033.365703
1,27392,1695609033.383307
1,27424,1695609033.3989346
1,27456,1695609033.4124908
1,27488,1695609033.4309988
1,27520,1695609033.4474201
1,27552,1695609033.4621387
1,27584,1695609033.4771683
1,27616,1695609033.4934564
1,27648,1695609033.511213
1,27680,1695609033.5279343
1,27712,1695609033.5398512
1,27744,1695609033.5663493
1,27776,1695609033.5841775
1,27808,1695609033.603189
1,27840,1695609033.6234205
1,27872,1695609033.6437104
1,27904,1695609033.6636524
1,27936,1695609033.6827261
1,27968,1695609033.7034376
1,28000,1695609033.7250164
1,28032,1695609033.744516
1,28064,1695609033.762868
1,28096,1695609033.7830625
1,28128,1695609033.8032105
1,28160,1695609033.8236845
1,28192,1695609033.8431907
1,28224,1695609033.862694
1,28256,1695609033.8832638
1,28288,1695609033.9029293
1,28320,1695609033.923165
1,28352,1695609033.9430685
1,28384,1695609033.9630108
1,28416,1695609033.983442
1,28448,1695609034.003518
1,28480,1695609034.0234876
1,28512,1695609034.0426786
1,28544,1695609034.063061
1,28576,1695609034.082828
1,28608,1695609034.1034005
1,28640,1695609034.1239297
1,28672,1695609034.1434577
1,28704,1695609034.1635442
1,28736,1695609034.1829383
1,28768,1695609034.2028081
1,28800,1695609034.2206297
1,28832,1695609034.2382634
1,28864,1695609034.2532382
1,28896,1695609034.270595
1,28928,1695609034.2880354
1,28960,1695609034.3030488
1,28992,1695609034.3176727
1,29024,1695609034.3338728
1,29056,1695609034.3494077
1,29088,1695609034.3672872
1,29120,1695609034.3810515
1,29152,1695609034.3969584
1,29184,1695609034.4095783
1,29216,1695609034.4272108
1,29248,1695609034.4450362
1,29280,1695609034.4606733
1,29312,1695609034.477449
1,29344,1695609034.492564
1,29376,1695609034.5078316
1,29408,1695609034.5278223
1,29440,1695609034.5492485
1,29472,1695609034.5666845
1,29504,1695609034.584512
1,29536,1695609034.5991411
1,29568,1695609034.6149569
1,29600,1695609034.6292784
1,29632,1695609034.6451945
1,29664,1695609034.6607094
1,29696,1695609034.6748526
1,29728,1695609034.69192
1,29760,1695609034.7089639
1,29792,1695609034.7257078
1,29824,1695609034.7419586
1,29856,1695609034.7584858
1,29888,1695609034.7745237
1,29920,1695609034.7906513
1,29952,1695609034.8063796
1,29984,1695609034.8223422
1,30016,1695609034.8381858
1,30048,1695609034.8529134
1,30080,1695609034.8687158
1,30112,1695609034.8844857
1,30144,1695609034.9024189
1,30176,1695609034.917669
1,30208,1695609034.9354203
1,30240,1695609034.950183
1,30272,1695609034.9659
1,30304,1695609034.9812686
1,30336,1695609034.9990628
1,30368,1695609035.0147913
1,30400,1695609035.0307765
1,30432,1695609035.044017
1,30464,1695609035.0604916
1,30496,1695609035.0729053
1,30528,1695609035.0876777
1,30560,1695609035.1028352
1,30592,1695609035.1190526
1,30624,1695609035.1359737
1,30656,1695609035.1534538
1,30688,1695609035.1719606
1,30720,1695609035.1883042
1,30752,1695609035.2014155
1,30784,1695609035.2187202
1,30816,1695609035.2349362
1,30848,1695609035.250849
1,30880,1695609035.2671223
1,30912,1695609035.2826781
1,30944,1695609035.2964306
1,30976,1695609035.3130724
1,31008,1695609035.329622
1,31040,1695609035.345949
1,31072,1695609035.360075
1,31104,1695609035.3766327
1,31136,1695609035.3961868
1,31168,1695609035.4133663
1,31200,1695609035.4277914
1,31232,1695609035.4427848
1,31264,1695609035.4600277
1,31296,1695609035.4749773
1,31328,1695609035.4923751
1,31360,1695609035.5089488
1,31392,1695609035.5260713
1,31424,1695609035.5419533
1,31456,1695609035.5544043
1,31488,1695609035.5725741
1,31520,1695609035.5890002
1,31552,1695609035.6077538
1,31584,1695609035.6232684
1,31616,1695609035.6384208
1,31648,1695609035.655981
1,31680,1695609035.6705403
1,31712,1695609035.6855187
1,31744,1695609035.7013202
1,31776,1695609035.715633
1,31808,1695609035.7336075
1,31840,1695609035.7484424
1,31872,1695609035.7646687
1,31904,1695609035.786064
1,31936,1695609035.8071785
1,31968,1695609035.8272178
1,32000,1695609035.8471134
1,32032,1695609035.8670125
1,32064,1695609035.887543
1,32096,1695609035.9070745
1,32128,1695609035.9220133
1,32160,1695609035.9402194
1,32192,1695609035.9564326
1,32224,1695609035.9733162
1,32256,1695609035.9877071
1,32288,1695609036.005445
1,32320,1695609036.0182862
1,32352,1695609036.035275
1,32384,1695609036.0501747
1,32416,1695609036.066981
1,32448,1695609036.086872
1,32480,1695609036.1006248
1,32512,1695609036.1202629
1,32544,1695609036.1348412
1,32576,1695609036.1516047
1,32608,1695609036.1669338
1,32640,1695609036.184626
1,32672,1695609036.2012668
1,32704,1695609036.2193663
1,32736,1695609036.2362564
1,32768,1695609036.2510817
1,32800,1695609036.2675796
1,32832,1695609036.2825313
1,32864,1695609036.2983859
1,32896,1695609036.3149283
1,32928,1695609036.3320944
1,32960,1695609036.3480723
1,32992,1695609036.3622622
1,33024,1695609036.3760152
1,33056,1695609036.3964474
1,33088,1695609036.4151654
1,33120,1695609036.4351723
1,33152,1695609036.4559104
1,33184,1695609036.4752154
1,33216,1695609036.4947963
1,33248,1695609036.5152755
1,33280,1695609036.5353322
1,33312,1695609036.5557592
1,33344,1695609036.5750144
1,33376,1695609036.5945313
1,33408,1695609036.6154723
1,33440,1695609036.635529
1,33472,1695609036.6557667
1,33504,1695609036.6753726
1,33536,1695609036.6957572
1,33568,1695609036.7147245
1,33600,1695609036.7350621
1,33632,1695609036.7547913
1,33664,1695609036.7749476
1,33696,1695609036.7948895
1,33728,1695609036.8149958
1,33760,1695609036.8355577
1,33792,1695609036.8555403
1,33824,1695609036.875767
1,33856,1695609036.8953311
1,33888,1695609036.915283
1,33920,1695609036.935031
1,33952,1695609036.9550488
1,33984,1695609036.9751475
1,34016,1695609036.9951642
1,34048,1695609037.0157623
1,34080,1695609037.0354612
1,34112,1695609037.0556428
1,34144,1695609037.0752225
1,34176,1695609037.0952904
1,34208,1695609037.1154842
1,34240,1695609037.135789
1,34272,1695609037.15397
1,34304,1695609037.173154
1,34336,1695609037.189183
1,34368,1695609037.2043774
1,34400,1695609037.2176154
1,34432,1695609037.2358582
1,34464,1695609037.2531528
1,34496,1695609037.2699149
1,34528,1695609037.2821379
1,34560,1695609037.2996216
1,34592,1695609037.3134384
1,34624,1695609037.3317707
1,34656,1695609037.3470948
1,34688,1695609037.3623383
1,34720,1695609037.378551
1,34752,1695609037.4020724
1,34784,1695609037.4229496
1,34816,1695609037.4429667
1,34848,1695609037.4634748
1,34880,1695609037.4833438
1,34912,1695609037.5037172
1,34944,1695609037.5237288
1,34976,1695609037.5432477
1,35008,1695609037.5636144
1,35040,1695609037.5828626
1,35072,1695609037.6029532
1,35104,1695609037.6231077
1,35136,1695609037.64358
1,35168,1695609037.6628113
1,35200,1695609037.682842
1,35232,1695609037.7027543
1,35264,1695609037.7233005
1,35296,1695609037.7431905
1,35328,1695609037.7631788
1,35360,1695609037.783356
1,35392,1695609037.8033953
1,35424,1695609037.8232367
1,35456,1695609037.8431063
1,35488,1695609037.8635345
1,35520,1695609037.883719
1,35552,1695609037.9035022
1,35584,1695609037.923065
1,35616,1695609037.9428813
1,35648,1695609037.9631793
1,35680,1695609037.9826846
1,35712,1695609038.003425
1,35744,1695609038.0218754
1,35776,1695609038.0409515
1,35808,1695609038.0574157
1,35840,1695609038.071961
1,35872,1695609038.0880384
1,35904,1695609038.105309
1,35936,1695609038.1208413
1,35968,1695609038.1379752
1,36000,1695609038.1578143
1,36032,1695609038.1722875
1,36064,1695609038.1897688
1,36096,1695609038.2065535
1,36128,1695609038.2234848
1,36160,1695609038.2382524
1,36192,1695609038.2549179
1,36224,1695609038.2695508
1,36256,1695609038.287265
1,36288,1695609038.3028655
1,36320,1695609038.3178904
1,36352,1695609038.3324728
1,36384,1695609038.346237
1,36416,1695609038.3636925
1,36448,1695609038.3794384
1,36480,1695609038.3986306
1,36512,1695609038.4196708
1,36544,1695609038.4395013
1,36576,1695609038.460134
1,36608,1695609038.480335
1,36640,1695609038.4998622
1,36672,1695609038.5202086
1,36704,1695609038.5397696
1,36736,1695609038.5594938
1,36768,1695609038.5741727
1,36800,1695609038.5899348
1,36832,1695609038.6058226
1,36864,1695609038.6206486
1,36896,1695609038.6353614
1,36928,1695609038.6520083
1,36960,1695609038.6668978
1,36992,1695609038.6827092
1,37024,1695609038.698693
1,37056,1695609038.7139475
1,37088,1695609038.7303205
1,37120,1695609038.7467744
1,37152,1695609038.7605095
1,37184,1695609038.7774215
1,37216,1695609038.7950776
1,37248,1695609038.810679
1,37280,1695609038.8248138
1,37312,1695609038.8398037
1,37344,1695609038.8566315
1,37376,1695609038.8739727
1,37408,1695609038.8911803
1,37440,1695609038.9067464
1,37472,1695609038.9232647
1,37504,1695609038.9388113
1,37536,1695609038.9549568
1,37568,1695609038.9686763
1,37600,1695609038.9871397
1,37632,1695609039.0032637
1,37664,1695609039.0172818
1,37696,1695609039.0318573
1,37728,1695609039.047662
1,37760,1695609039.0625532
1,37792,1695609039.0790553
1,37824,1695609039.095222
1,37856,1695609039.1157079
1,37888,1695609039.1333966
1,37920,1695609039.151585
1,37952,1695609039.1713004
1,37984,1695609039.1914349
1,38016,1695609039.2116747
1,38048,1695609039.2317815
1,38080,1695609039.2512045
1,38112,1695609039.271215
1,38144,1695609039.2886155
1,38176,1695609039.3076453
1,38208,1695609039.3273857
1,38240,1695609039.3476455
1,38272,1695609039.3673954
1,38304,1695609039.3875308
1,38336,1695609039.407576
1,38368,1695609039.4270825
1,38400,1695609039.4471624
1,38432,1695609039.4686723
1,38464,1695609039.4875653
1,38496,1695609039.5076666
1,38528,1695609039.527319
1,38560,1695609039.5475125
1,38592,1695609039.566461
1,38624,1695609039.5844066
1,38656,1695609039.6030977
1,38688,1695609039.623167
1,38720,1695609039.6441443
1,38752,1695609039.6637535
1,38784,1695609039.6836576
1,38816,1695609039.702865
1,38848,1695609039.7236388
1,38880,1695609039.743266
1,38912,1695609039.7633927
1,38944,1695609039.782803
1,38976,1695609039.802982
1,39008,1695609039.823211
1,39040,1695609039.8435364
1,39072,1695609039.8634522
1,39104,1695609039.8830051
1,39136,1695609039.903095
1,39168,1695609039.9231787
1,39200,1695609039.943482
1,39232,1695609039.9635437
1,39264,1695609039.98312
1,39296,1695609040.0028327
1,39328,1695609040.023826
1,39360,1695609040.044009
1,39392,1695609040.063268
1,39424,1695609040.0837011
1,39456,1695609040.1035438
1,39488,1695609040.1237721
1,39520,1695609040.1430886
1,39552,1695609040.163042
1,39584,1695609040.1825953
1,39616,1695609040.2031195
1,39648,1695609040.2236693
1,39680,1695609040.2442286
1,39712,1695609040.2635145
1,39744,1695609040.2840135
1,39776,1695609040.304286
1,39808,1695609040.3235629
1,39840,1695609040.3421934
1,39872,1695609040.3623831
1,39904,1695609040.3819473
1,39936,1695609040.3987675
1,39968,1695609040.4135647
1,40000,1695609040.4303823
1,40032,1695609040.4429502
1,40064,1695609040.460554
1,40096,1695609040.4772503
1,40128,1695609040.493934
1,40160,1695609040.5077624
1,40192,1695609040.5238333
1,40224,1695609040.5402055
1,40256,1695609040.558214
1,40288,1695609040.5735676
1,40320,1695609040.5858948
1,40352,1695609040.6043756
1,40384,1695609040.621284
1,40416,1695609040.6364818
1,40448,1695609040.6528347
1,40480,1695609040.6698148
1,40512,1695609040.685827
1,40544,1695609040.702543
1,40576,1695609040.715682
1,40608,1695609040.7327378
1,40640,1695609040.7503874
1,40672,1695609040.766071
1,40704,1695609040.781688
1,40736,1695609040.7948225
1,40768,1695609040.8119333
1,40800,1695609040.828083
1,40832,1695609040.8436918
1,40864,1695609040.859846
1,40896,1695609040.875277
1,40928,1695609040.8925846
1,40960,1695609040.9088414
1,40992,1695609040.9222987
1,41024,1695609040.9396002
1,41056,1695609040.9561515
1,41088,1695609040.9715052
1,41120,1695609040.9861438
1,41152,1695609041.0025942
1,41184,1695609041.0163226
1,41216,1695609041.034122
1,41248,1695609041.050244
1,41280,1695609041.0650296
1,41312,1695609041.0805771
1,41344,1695609041.0973375
1,41376,1695609041.1122158
1,41408,1695609041.1283848
1,41440,1695609041.1489835
1,41472,1695609041.1649873
1,41504,1695609041.1804712
1,41536,1695609041.1963248
1,41568,1695609041.2110286
1,41600,1695609041.2283072
1,41632,1695609041.2434897
1,41664,1695609041.2595909
1,41696,1695609041.275182
1,41728,1695609041.2911618
1,41760,1695609041.307354
1,41792,1695609041.3221538
1,41824,1695609041.3374677
1,41856,1695609041.3536665
1,41888,1695609041.3706818
1,41920,1695609041.3862867
1,41952,1695609041.40182
1,41984,1695609041.4172819
1,42016,1695609041.4329402
1,42048,1695609041.4509175
1,42080,1695609041.4674087
1,42112,1695609041.4843144
1,42144,1695609041.4999385
1,42176,1695609041.5176468
1,42208,1695609041.5338686
1,42240,1695609041.5512202
1,42272,1695609041.574098
1,42304,1695609041.592135
1,42336,1695609041.6117837
1,42368,1695609041.631531
1,42400,1695609041.651771
1,42432,1695609041.6713514
1,42464,1695609041.6911857
1,42496,1695609041.7111998
1,42528,1695609041.7318356
1,42560,1695609041.7512732
1,42592,1695609041.7710536
1,42624,1695609041.79142
1,42656,1695609041.8114848
1,42688,1695609041.8312547
1,42720,1695609041.8509827
1,42752,1695609041.8694918
1,42784,1695609041.8875675
1,42816,1695609041.908252
1,42848,1695609041.9272013
1,42880,1695609041.942849
1,42912,1695609041.9606152
1,42944,1695609041.9844031
1,42976,1695609042.003414
1,43008,1695609042.0240533
1,43040,1695609042.0435002
1,43072,1695609042.0639699
1,43104,1695609042.0837855
1,43136,1695609042.1033587
1,43168,1695609042.1225984
1,43200,1695609042.1424983
1,43232,1695609042.1631732
1,43264,1695609042.1841495
1,43296,1695609042.2009864
1,43328,1695609042.2206001
1,43360,1695609042.2350056
1,43392,1695609042.2499316
1,43424,1695609042.2657154
1,43456,1695609042.2824957
1,43488,1695609042.297435
1,43520,1695609042.3140776
1,43552,1695609042.3305519
1,43584,1695609042.3449786
1,43616,1695609042.361893
1,43648,1695609042.3781934
1,43680,1695609042.3930783
1,43712,1695609042.4103754
1,43744,1695609042.4253192
1,43776,1695609042.4407969
1,43808,1695609042.4554217
1,43840,1695609042.472925
1,43872,1695609042.4887588
1,43904,1695609042.5039442
1,43936,1695609042.5204241
1,43968,1695609042.5407035
1,44000,1695609042.5554645
1,44032,1695609042.5691736
1,44064,1695609042.5875607
1,44096,1695609042.6042595
1,44128,1695609042.6203537
1,44160,1695609042.6373906
1,44192,1695609042.6536732
1,44224,1695609042.6684725
1,44256,1695609042.6854017
1,44288,1695609042.7018275
1,44320,1695609042.7194974
1,44352,1695609042.7358108
1,44384,1695609042.7521253
1,44416,1695609042.7686093
1,44448,1695609042.7828286
1,44480,1695609042.7997475
1,44512,1695609042.815573
1,44544,1695609042.8324966
1,44576,1695609042.8483953
1,44608,1695609042.8646572
1,44640,1695609042.8812075
1,44672,1695609042.8969133
1,44704,1695609042.913088
1,44736,1695609042.9290564
1,44768,1695609042.9431477
1,44800,1695609042.9611483
1,44832,1695609042.9765844
1,44864,1695609042.9918978
1,44896,1695609043.0078456
1,44928,1695609043.0254884
1,44960,1695609043.0432014
1,44992,1695609043.0586567
1,45024,1695609043.0755217
1,45056,1695609043.089973
1,45088,1695609043.1078255
1,45120,1695609043.1250784
1,45152,1695609043.1431193
1,45184,1695609043.1595712
1,45216,1695609043.1777768
1,45248,1695609043.1937437
1,45280,1695609043.2089086
1,45312,1695609043.2233362
1,45344,1695609043.2398715
1,45376,1695609043.2630384
1,45408,1695609043.2834675
1,45440,1695609043.3039994
1,45472,1695609043.3232956
1,45504,1695609043.3440452
1,45536,1695609043.3635836
1,45568,1695609043.3836129
1,45600,1695609043.403535
1,45632,1695609043.4233968
1,45664,1695609043.4435978
1,45696,1695609043.4631112
1,45728,1695609043.4829552
1,45760,1695609043.502673
1,45792,1695609043.5232117
1,45824,1695609043.5430646
1,45856,1695609043.563721
1,45888,1695609043.5836442
1,45920,1695609043.6041386
1,45952,1695609043.6237254
1,45984,1695609043.6434412
1,46016,1695609043.6633236
1,46048,1695609043.6836576
1,46080,1695609043.7028594
1,46112,1695609043.7225387
1,46144,1695609043.7434263
1,46176,1695609043.7632885
1,46208,1695609043.7813401
1,46240,1695609043.8010914
1,46272,1695609043.822574
1,46304,1695609043.8423314
1,46336,1695609043.8634202
1,46368,1695609043.8834875
1,46400,1695609043.9033227
1,46432,1695609043.9235442
1,46464,1695609043.9432127
1,46496,1695609043.963017
1,46528,1695609043.9840462
1,46560,1695609044.0043287
1,46592,1695609044.0264406
1,46624,1695609044.043558
1,46656,1695609044.063791
1,46688,1695609044.0833688
1,46720,1695609044.103817
1,46752,1695609044.1234853
1,46784,1695609044.143331
1,46816,1695609044.1622162
1,46848,1695609044.1829746
1,46880,1695609044.2059438
1,46912,1695609044.2237213
1,46944,1695609044.24337
1,46976,1695609044.263202
1,47008,1695609044.2833045
1,47040,1695609044.3038392
1,47072,1695609044.3240063
1,47104,1695609044.3438537
1,47136,1695609044.3636055
1,47168,1695609044.3830876
1,47200,1695609044.4034798
1,47232,1695609044.423336
1,47264,1695609044.4431329
1,47296,1695609044.4634256
1,47328,1695609044.483328
1,47360,1695609044.503531
1,47392,1695609044.5218105
1,47424,1695609044.539566
1,47456,1695609044.554708
1,47488,1695609044.5717638
1,47520,1695609044.5883367
1,47552,1695609044.6004505
1,47584,1695609044.620038
1,47616,1695609044.64213
1,47648,1695609044.6615872
1,47680,1695609044.6834629
1,47712,1695609044.703257
1,47744,1695609044.7231407
1,47776,1695609044.7433321
1,47808,1695609044.7639813
1,47840,1695609044.7836244
1,47872,1695609044.8038504
1,47904,1695609044.8231463
1,47936,1695609044.8433235
1,47968,1695609044.8580308
1,48000,1695609044.8738995
1,48032,1695609044.889424
1,48064,1695609044.9051075
1,48096,1695609044.9227972
1,48128,1695609044.9433024
1,48160,1695609044.9631577
1,48192,1695609044.9842184
1,48224,1695609045.0029466
1,48256,1695609045.0233011
1,48288,1695609045.0434678
1,48320,1695609045.06166
1,48352,1695609045.0743306
1,48384,1695609045.0915704
1,48416,1695609045.1136556
1,48448,1695609045.1355178
1,48480,1695609045.1572413
1,48512,1695609045.175184
1,48544,1695609045.1891863
1,48576,1695609045.2058635
1,48608,1695609045.2203894
1,48640,1695609045.2362149
1,48672,1695609045.2525573
1,48704,1695609045.2706556
1,48736,1695609045.2862082
1,48768,1695609045.3026626
1,48800,1695609045.3191123
1,48832,1695609045.335113
1,48864,1695609045.3505294
1,48896,1695609045.3679347
1,48928,1695609045.3841703
1,48960,1695609045.397263
1,48992,1695609045.4155223
1,49024,1695609045.4323626
1,49056,1695609045.4477124
1,49088,1695609045.4623218
1,49120,1695609045.4773703
1,49152,1695609045.4932745
1,49184,1695609045.5135345
1,49216,1695609045.529439
1,49248,1695609045.5436804
1,49280,1695609045.559041
1,49312,1695609045.5752974
1,49344,1695609045.592627
1,49376,1695609045.6084335
1,49408,1695609045.624098
1,49440,1695609045.6399016
1,49472,1695609045.6567657
1,49504,1695609045.6723678
1,49536,1695609045.6888607
1,49568,1695609045.7050545
1,49600,1695609045.7209034
1,49632,1695609045.7376077
1,49664,1695609045.7531354
1,49696,1695609045.767354
1,49728,1695609045.7842796
1,49760,1695609045.805071
1,49792,1695609045.8221335
1,49824,1695609045.839542
1,49856,1695609045.856923
1,49888,1695609045.8735871
1,49920,1695609045.8948035
1,49952,1695609045.915475
1,49984,1695609045.9364505
1,50000,1695609045.963839
2,32,1695609046.3023748
2,64,1695609046.3193147
2,96,1695609046.3348134
2,128,1695609046.3566475
2,160,1695609046.3763082
2,192,1695609046.3954792
2,224,1695609046.4149046
2,256,1695609046.4349456
2,288,1695609046.4495907
2,320,1695609046.4658592
2,352,1695609046.4870675
2,384,1695609046.5077019
2,416,1695609046.5277498
2,448,1695609046.5475924
2,480,1695609046.5664682
2,512,1695609046.583395
2,544,1695609046.6041305
2,576,1695609046.6239321
2,608,1695609046.6438951
2,640,1695609046.6637688
2,672,1695609046.6831892
2,704,1695609046.7032886
2,736,1695609046.7235298
2,768,1695609046.7417452
2,800,1695609046.76366
2,832,1695609046.7835124
2,864,1695609046.8036163
2,896,1695609046.8233802
2,928,1695609046.843411
2,960,1695609046.8631024
2,992,1695609046.883442
2,1024,1695609046.9029384
2,1056,1695609046.922847
2,1088,1695609046.943205
2,1120,1695609046.9632168
2,1152,1695609046.9828856
2,1184,1695609047.0035353
2,1216,1695609047.0236442
2,1248,1695609047.0430915
2,1280,1695609047.063487
2,1312,1695609047.083065
2,1344,1695609047.103376
2,1376,1695609047.123469
2,1408,1695609047.1435168
2,1440,1695609047.1633408
2,1472,1695609047.1834085
2,1504,1695609047.2032442
2,1536,1695609047.2231357
2,1568,1695609047.243054
2,1600,1695609047.2634392
2,1632,1695609047.2827668
2,1664,1695609047.3035154
2,1696,1695609047.3232121
2,1728,1695609047.3440082
2,1760,1695609047.3634782
2,1792,1695609047.3836756
2,1824,1695609047.4039667
2,1856,1695609047.4219635
2,1888,1695609047.4394603
2,1920,1695609047.4548457
2,1952,1695609047.4694285
2,1984,1695609047.4853902
2,2016,1695609047.500555
2,2048,1695609047.5150235
2,2080,1695609047.5297832
2,2112,1695609047.5459962
2,2144,1695609047.5622792
2,2176,1695609047.577943
2,2208,1695609047.5935516
2,2240,1695609047.609309
2,2272,1695609047.6251717
2,2304,1695609047.642918
2,2336,1695609047.6580331
2,2368,1695609047.6710577
2,2400,1695609047.6857073
2,2432,1695609047.69987
2,2464,1695609047.714623
2,2496,1695609047.7294888
2,2528,1695609047.7447865
2,2560,1695609047.7602918
2,2592,1695609047.7760184
2,2624,1695609047.792852
2,2656,1695609047.806985
2,2688,1695609047.823425
2,2720,1695609047.8399081
2,2752,1695609047.855842
2,2784,1695609047.8715682
2,2816,1695609047.888229
2,2848,1695609047.9055862
2,2880,1695609047.9247746
2,2912,1695609047.9416435
2,2944,1695609047.9552207
2,2976,1695609047.9712265
2,3008,1695609047.9886465
2,3040,1695609048.0027242
2,3072,1695609048.0181918
2,3104,1695609048.0340874
2,3136,1695609048.0471797
2,3168,1695609048.0647585
2,3200,1695609048.0850694
2,3232,1695609048.101098
2,3264,1695609048.1167607
2,3296,1695609048.133297
2,3328,1695609048.1508548
2,3360,1695609048.1657627
2,3392,1695609048.1793072
2,3424,1695609048.196975
2,3456,1695609048.212981
2,3488,1695609048.2297556
2,3520,1695609048.2433167
2,3552,1695609048.259793
2,3584,1695609048.2758644
2,3616,1695609048.2929227
2,3648,1695609048.3082561
2,3680,1695609048.3250105
2,3712,1695609048.342891
2,3744,1695609048.360407
2,3776,1695609048.3774009
2,3808,1695609048.3940048
2,3840,1695609048.4107814
2,3872,1695609048.4267979
2,3904,1695609048.4400506
2,3936,1695609048.4568822
2,3968,1695609048.4727218
2,4000,1695609048.4870825
2,4032,1695609048.5074663
2,4064,1695609048.523049
2,4096,1695609048.5371375
2,4128,1695609048.5510538
2,4160,1695609048.5685248
2,4192,1695609048.5850408
2,4224,1695609048.6012766
2,4256,1695609048.6136703
2,4288,1695609048.630895
2,4320,1695609048.646832
2,4352,1695609048.6629996
2,4384,1695609048.6784403
2,4416,1695609048.695051
2,4448,1695609048.7114289
2,4480,1695609048.7293663
2,4512,1695609048.745307
2,4544,1695609048.7665703
2,4576,1695609048.7811837
2,4608,1695609048.7963133
2,4640,1695609048.8137493
2,4672,1695609048.8304396
2,4704,1695609048.847227
2,4736,1695609048.8614252
2,4768,1695609048.8780077
2,4800,1695609048.894948
2,4832,1695609048.9096508
2,4864,1695609048.9247112
2,4896,1695609048.941546
2,4928,1695609048.9559565
2,4960,1695609048.9715056
2,4992,1695609048.9862292
2,5024,1695609049.0036795
2,5056,1695609049.0236304
2,5088,1695609049.0388048
2,5120,1695609049.0541523
2,5152,1695609049.070679
2,5184,1695609049.0854805
2,5216,1695609049.1018274
2,5248,1695609049.1155484
2,5280,1695609049.132189
2,5312,1695609049.1479623
2,5344,1695609049.163598
2,5376,1695609049.179335
2,5408,1695609049.1957874
2,5440,1695609049.2115247
2,5472,1695609049.228603
2,5504,1695609049.243077
2,5536,1695609049.2596438
2,5568,1695609049.2743986
2,5600,1695609049.2902803
2,5632,1695609049.3059402
2,5664,1695609049.3225813
2,5696,1695609049.3374174
2,5728,1695609049.3530855
2,5760,1695609049.3665035
2,5792,1695609049.3838964
2,5824,1695609049.400512
2,5856,1695609049.4155936
2,5888,1695609049.4314783
2,5920,1695609049.4458857
2,5952,1695609049.463082
2,5984,1695609049.479081
2,6016,1695609049.4959939
2,6048,1695609049.5121958
2,6080,1695609049.5280826
2,6112,1695609049.544505
2,6144,1695609049.5604923
2,6176,1695609049.5764413
2,6208,1695609049.5921223
2,6240,1695609049.6062455
2,6272,1695609049.6198778
2,6304,1695609049.6353958
2,6336,1695609049.649084
2,6368,1695609049.6668055
2,6400,1695609049.6835155
2,6432,1695609049.698779
2,6464,1695609049.711282
2,6496,1695609049.7290425
2,6528,1695609049.745504
2,6560,1695609049.7636454
2,6592,1695609049.7798285
2,6624,1695609049.7965715
2,6656,1695609049.8133068
2,6688,1695609049.8290021
2,6720,1695609049.848879
2,6752,1695609049.8681517
2,6784,1695609049.8850439
2,6816,1695609049.901913
2,6848,1695609049.917841
2,6880,1695609049.9319668
2,6912,1695609049.948576
2,6944,1695609049.9656978
2,6976,1695609049.9816256
2,7008,1695609049.9976418
2,7040,1695609050.0115643
2,7072,1695609050.0277705
2,7104,1695609050.0445828
2,7136,1695609050.0623062
2,7168,1695609050.0764387
2,7200,1695609050.0971594
2,7232,1695609050.1164894
2,7264,1695609050.134665
2,7296,1695609050.155172
2,7328,1695609050.17501
2,7360,1695609050.1953635
2,7392,1695609050.2151005
2,7424,1695609050.235418
2,7456,1695609050.2558587
2,7488,1695609050.2757807
2,7520,1695609050.2957802
2,7552,1695609050.3154323
2,7584,1695609050.3361707
2,7616,1695609050.355273
2,7648,1695609050.3750443
2,7680,1695609050.3952076
2,7712,1695609050.4155676
2,7744,1695609050.4354272
2,7776,1695609050.4557765
2,7808,1695609050.475775
2,7840,1695609050.4949963
2,7872,1695609050.5155892
2,7904,1695609050.5351043
2,7936,1695609050.5550866
2,7968,1695609050.5754166
2,8000,1695609050.5958142
2,8032,1695609050.615772
2,8064,1695609050.6355045
2,8096,1695609050.6554885
2,8128,1695609050.6756752
2,8160,1695609050.695202
2,8192,1695609050.7153096
2,8224,1695609050.7352724
2,8256,1695609050.755685
2,8288,1695609050.7757406
2,8320,1695609050.7957594
2,8352,1695609050.8150382
2,8384,1695609050.8360357
2,8416,1695609050.8553305
2,8448,1695609050.8762867
2,8480,1695609050.8955998
2,8512,1695609050.915038
2,8544,1695609050.9355392
2,8576,1695609050.9561093
2,8608,1695609050.9756448
2,8640,1695609050.9953668
2,8672,1695609051.0156364
2,8704,1695609051.0353138
2,8736,1695609051.0549679
2,8768,1695609051.0752592
2,8800,1695609051.0952594
2,8832,1695609051.1154711
2,8864,1695609051.135291
2,8896,1695609051.1552176
2,8928,1695609051.174819
2,8960,1695609051.1956084
2,8992,1695609051.2148976
2,9024,1695609051.237223
2,9056,1695609051.2581277
2,9088,1695609051.2740872
2,9120,1695609051.2895088
2,9152,1695609051.3026001
2,9184,1695609051.3200264
2,9216,1695609051.337715
2,9248,1695609051.3529322
2,9280,1695609051.36983
2,9312,1695609051.3863437
2,9344,1695609051.4030762
2,9376,1695609051.418679
2,9408,1695609051.4351773
2,9440,1695609051.4487224
2,9472,1695609051.4663844
2,9504,1695609051.482573
2,9536,1695609051.4988234
2,9568,1695609051.515272
2,9600,1695609051.5305488
2,9632,1695609051.547927
2,9664,1695609051.5628836
2,9696,1695609051.5773745
2,9728,1695609051.5933049
2,9760,1695609051.607156
2,9792,1695609051.6224496
2,9824,1695609051.639029
2,9856,1695609051.6556675
2,9888,1695609051.6710422
2,9920,1695609051.6874444
2,9952,1695609051.7036567
2,9984,1695609051.7208483
2,10016,1695609051.7374709
2,10048,1695609051.7521322
2,10080,1695609051.7683096
2,10112,1695609051.785156
2,10144,1695609051.8012385
2,10176,1695609051.8158038
2,10208,1695609051.83194
2,10240,1695609051.8468437
2,10272,1695609051.8641956
2,10304,1695609051.878318
2,10336,1695609051.8952394
2,10368,1695609051.9109464
2,10400,1695609051.9281456
2,10432,1695609051.9450462
2,10464,1695609051.9598632
2,10496,1695609051.9767704
2,10528,1695609051.992751
2,10560,1695609052.0091214
2,10592,1695609052.0252984
2,10624,1695609052.040681
2,10656,1695609052.0570028
2,10688,1695609052.0710306
2,10720,1695609052.0861287
2,10752,1695609052.102669
2,10784,1695609052.1170087
2,10816,1695609052.1354792
2,10848,1695609052.15295
2,10880,1695609052.171141
2,10912,1695609052.1863806
2,10944,1695609052.202117
2,10976,1695609052.2174447
2,11008,1695609052.234149
2,11040,1695609052.249098
2,11072,1695609052.265331
2,11104,1695609052.2824016
2,11136,1695609052.3002038
2,11168,1695609052.3157833
2,11200,1695609052.3294091
2,11232,1695609052.3442738
2,11264,1695609052.3610086
2,11296,1695609052.377139
2,11328,1695609052.3956196
2,11360,1695609052.4101794
2,11392,1695609052.4265456
2,11424,1695609052.442727
2,11456,1695609052.4591658
2,11488,1695609052.475648
2,11520,1695609052.4901128
2,11552,1695609052.504742
2,11584,1695609052.5225708
2,11616,1695609052.5366247
2,11648,1695609052.551228
2,11680,1695609052.5681314
2,11712,1695609052.5843613
2,11744,1695609052.599392
2,11776,1695609052.6166608
2,11808,1695609052.6335087
2,11840,1695609052.6492255
2,11872,1695609052.663948
2,11904,1695609052.6813388
2,11936,1695609052.6966457
2,11968,1695609052.7111697
2,12000,1695609052.7272923
2,12032,1695609052.742812
2,12064,1695609052.7590158
2,12096,1695609052.7733378
2,12128,1695609052.7893984
2,12160,1695609052.8018973
2,12192,1695609052.8199773
2,12224,1695609052.837841
2,12256,1695609052.85398
2,12288,1695609052.869079
2,12320,1695609052.8846245
2,12352,1695609052.900596
2,12384,1695609052.9166853
2,12416,1695609052.9367297
2,12448,1695609052.9593682
2,12480,1695609052.9792721
2,12512,1695609052.9995284
2,12544,1695609053.0192606
2,12576,1695609053.039632
2,12608,1695609053.0594661
2,12640,1695609053.0797932
2,12672,1695609053.0994973
2,12704,1695609053.1190934
2,12736,1695609053.1399693
2,12768,1695609053.1591423
2,12800,1695609053.1789603
2,12832,1695609053.198834
2,12864,1695609053.2188365
2,12896,1695609053.2392144
2,12928,1695609053.2595754
2,12960,1695609053.279004
2,12992,1695609053.2998095
2,13024,1695609053.3188126
2,13056,1695609053.3396697
2,13088,1695609053.359265
2,13120,1695609053.3795192
2,13152,1695609053.3994064
2,13184,1695609053.4195552
2,13216,1695609053.439051
2,13248,1695609053.4621499
2,13280,1695609053.480289
2,13312,1695609053.4992769
2,13344,1695609053.5195494
2,13376,1695609053.5397043
2,13408,1695609053.5594225
2,13440,1695609053.5791333
2,13472,1695609053.5990417
2,13504,1695609053.6198027
2,13536,1695609053.639214
2,13568,1695609053.659722
2,13600,1695609053.6800156
2,13632,1695609053.699741
2,13664,1695609053.719558
2,13696,1695609053.7393577
2,13728,1695609053.7595913
2,13760,1695609053.779305
2,13792,1695609053.7939417
2,13824,1695609053.8095767
2,13856,1695609053.824994
2,13888,1695609053.840928
2,13920,1695609053.8589904
2,13952,1695609053.8725996
2,13984,1695609053.8894682
2,14016,1695609053.9063928
2,14048,1695609053.9231243
2,14080,1695609053.9372954
2,14112,1695609053.950282
2,14144,1695609053.9678934
2,14176,1695609053.985679
2,14208,1695609054.0001335
2,14240,1695609054.0123177
2,14272,1695609054.0260355
2,14304,1695609054.03862
2,14336,1695609054.0521467
2,14368,1695609054.0645885
2,14400,1695609054.0788915
2,14432,1695609054.0917313
2,14464,1695609054.1057906
2,14496,1695609054.118519
2,14528,1695609054.13334
2,14560,1695609054.1480875
2,14592,1695609054.1621127
2,14624,1695609054.1746867
2,14656,1695609054.1881604
2,14688,1695609054.200635
2,14720,1695609054.2126844
2,14752,1695609054.2283878
2,14784,1695609054.2408917
2,14816,1695609054.252836
2,14848,1695609054.2688293
2,14880,1695609054.2817981
2,14912,1695609054.2952807
2,14944,1695609054.308633
2,14976,1695609054.3211827
2,15008,1695609054.333837
2,15040,1695609054.3491783
2,15072,1695609054.3614597
2,15104,1695609054.3749728
2,15136,1695609054.388156
2,15168,1695609054.401913
2,15200,1695609054.4146912
2,15232,1695609054.4288185
2,15264,1695609054.4411397
2,15296,1695609054.4552767
2,15328,1695609054.4681737
2,15360,1695609054.4803448
2,15392,1695609054.4941707
2,15424,1695609054.5066578
2,15456,1695609054.5196493
2,15488,1695609054.5385838
2,15520,1695609054.5598702
2,15552,1695609054.5794125
2,15584,1695609054.5995452
2,15616,1695609054.6195657
2,15648,1695609054.6396341
2,15680,1695609054.659427
2,15712,1695609054.679589
2,15744,1695609054.6995175
2,15776,1695609054.71973
2,15808,1695609054.738821
2,15840,1695609054.7586331
2,15872,1695609054.7792315
2,15904,1695609054.7995574
2,15936,1695609054.819247
2,15968,1695609054.83934
2,16000,1695609054.8594823
2,16032,1695609054.8793201
2,16064,1695609054.898707
2,16096,1695609054.9185376
2,16128,1695609054.9395819
2,16160,1695609054.9595592
2,16192,1695609054.9794104
2,16224,1695609054.9993563
2,16256,1695609055.0196502
2,16288,1695609055.0399244
2,16320,1695609055.0597634
2,16352,1695609055.0776482
2,16384,1695609055.097234
2,16416,1695609055.1133795
2,16448,1695609055.1276102
2,16480,1695609055.1463332
2,16512,1695609055.16661
2,16544,1695609055.1868305
2,16576,1695609055.207453
2,16608,1695609055.227511
2,16640,1695609055.2472205
2,16672,1695609055.2672718
2,16704,1695609055.2869515
2,16736,1695609055.3074431
2,16768,1695609055.3273146
2,16800,1695609055.3473756
2,16832,1695609055.3672993
2,16864,1695609055.387481
2,16896,1695609055.406897
2,16928,1695609055.426974
2,16960,1695609055.4468365
2,16992,1695609055.4673882
2,17024,1695609055.4846103
2,17056,1695609055.5015845
2,17088,1695609055.5165808
2,17120,1695609055.5289092
2,17152,1695609055.544824
2,17184,1695609055.557429
2,17216,1695609055.5710876
2,17248,1695609055.583952
2,17280,1695609055.59593
2,17312,1695609055.61009
2,17344,1695609055.6223555
2,17376,1695609055.6358876
2,17408,1695609055.6488671
2,17440,1695609055.6610284
2,17472,1695609055.6769438
2,17504,1695609055.689809
2,17536,1695609055.7032948
2,17568,1695609055.7178955
2,17600,1695609055.7323463
2,17632,1695609055.7444377
2,17664,1695609055.759057
2,17696,1695609055.7788439
2,17728,1695609055.7971382
2,17760,1695609055.8157747
2,17792,1695609055.8331661
2,17824,1695609055.8516355
2,17856,1695609055.870893
2,17888,1695609055.890916
2,17920,1695609055.911181
2,17952,1695609055.9317682
2,17984,1695609055.9508982
2,18016,1695609055.9711664
2,18048,1695609055.9911704
2,18080,1695609056.0115874
2,18112,1695609056.0315108
2,18144,1695609056.0514266
2,18176,1695609056.0710452
2,18208,1695609056.0917046
2,18240,1695609056.1115422
2,18272,1695609056.131374
2,18304,1695609056.15129
2,18336,1695609056.17149
2,18368,1695609056.1915345
2,18400,1695609056.2109828
2,18432,1695609056.231567
2,18464,1695609056.2510128
2,18496,1695609056.2704384
2,18528,1695609056.2911997
2,18560,1695609056.311258
2,18592,1695609056.331245
2,18624,1695609056.3517747
2,18656,1695609056.3716445
2,18688,1695609056.3900902
2,18720,1695609056.406098
2,18752,1695609056.4208946
2,18784,1695609056.4333134
2,18816,1695609056.4512753
2,18848,1695609056.4659956
2,18880,1695609056.4782026
2,18912,1695609056.4917321
2,18944,1695609056.504627
2,18976,1695609056.519317
2,19008,1695609056.5347538
2,19040,1695609056.5481188
2,19072,1695609056.5614169
2,19104,1695609056.5754938
2,19136,1695609056.5880752
2,19168,1695609056.60219
2,19200,1695609056.6151242
2,19232,1695609056.6294022
2,19264,1695609056.6431055
2,19296,1695609056.6547747
2,19328,1695609056.6662712
2,19360,1695609056.6778646
2,19392,1695609056.6896138
2,19424,1695609056.7011104
2,19456,1695609056.7128115
2,19488,1695609056.7242508
2,19520,1695609056.7370644
2,19552,1695609056.748489
2,19584,1695609056.760486
2,19616,1695609056.772589
2,19648,1695609056.7859628
2,19680,1695609056.7982197
2,19712,1695609056.8115778
2,19744,1695609056.8240802
2,19776,1695609056.8377008
2,19808,1695609056.8501222
2,19840,1695609056.8634984
2,19872,1695609056.8760488
2,19904,1695609056.889744
2,19936,1695609056.9027586
2,19968,1695609056.9160802
2,20000,1695609056.929175
2,20032,1695609056.9428086
2,20064,1695609056.9554543
2,20096,1695609056.968585
2,20128,1695609056.9809933
2,20160,1695609056.9950125
2,20192,1695609057.007791
2,20224,1695609057.0211084
2,20256,1695609057.0355523
2,20288,1695609057.0488985
2,20320,1695609057.06107
2,20352,1695609057.075028
2,20384,1695609057.0875223
2,20416,1695609057.1007407
2,20448,1695609057.1140034
2,20480,1695609057.1265745
2,20512,1695609057.1402178
2,20544,1695609057.1521637
2,20576,1695609057.1663015
2,20608,1695609057.1793244
2,20640,1695609057.1926405
2,20672,1695609057.205714
2,20704,1695609057.217983
2,20736,1695609057.231869
2,20768,1695609057.2440336
2,20800,1695609057.2559106
2,20832,1695609057.2691355
2,20864,1695609057.2828546
2,20896,1695609057.2962687
2,20928,1695609057.3088317
2,20960,1695609057.3231282
2,20992,1695609057.3359122
2,21024,1695609057.3494442
2,21056,1695609057.3637908
2,21088,1695609057.3771973
2,21120,1695609057.390157
2,21152,1695609057.402614
2,21184,1695609057.4158616
2,21216,1695609057.4284544
2,21248,1695609057.4405103
2,21280,1695609057.4538462
2,21312,1695609057.4677374
2,21344,1695609057.47997
2,21376,1695609057.4935389
2,21408,1695609057.5058873
2,21440,1695609057.5191858
2,21472,1695609057.5313041
2,21504,1695609057.5447829
2,21536,1695609057.5580025
2,21568,1695609057.570945
2,21600,1695609057.5850418
2,21632,1695609057.5971262
2,21664,1695609057.6108804
2,21696,1695609057.6235507
2,21728,1695609057.635904
2,21760,1695609057.649017
2,21792,1695609057.6612446
2,21824,1695609057.6761885
2,21856,1695609057.6887631
2,21888,1695609057.7023776
2,21920,1695609057.7145288
2,21952,1695609057.728285
2,21984,1695609057.7408829
2,22016,1695609057.754952
2,22048,1695609057.767637
2,22080,1695609057.7808704
2,22112,1695609057.793826
2,22144,1695609057.8061326
2,22176,1695609057.8200197
2,22208,1695609057.831785
2,22240,1695609057.8455172
2,22272,1695609057.8578649
2,22304,1695609057.8717215
2,22336,1695609057.8841352
2,22368,1695609057.8960226
2,22400,1695609057.9098628
2,22432,1695609057.9226918
2,22464,1695609057.9357626
2,22496,1695609057.9492
2,22528,1695609057.963443
2,22560,1695609057.9757924
2,22592,1695609057.9895153
2,22624,1695609058.0025856
2,22656,1695609058.0157137
2,22688,1695609058.0294914
2,22720,1695609058.041733
2,22752,1695609058.0550888
2,22784,1695609058.0690372
2,22816,1695609058.0826724
2,22848,1695609058.0958464
2,22880,1695609058.1085598
2,22912,1695609058.1228101
2,22944,1695609058.1358256
2,22976,1695609058.1490057
2,23008,1695609058.161726
2,23040,1695609058.1755123
2,23072,1695609058.189087
2,23104,1695609058.2021213
2,23136,1695609058.2163196
2,23168,1695609058.2288873
2,23200,1695609058.2403474
2,23232,1695609058.2538753
2,23264,1695609058.2677317
2,23296,1695609058.282011
2,23328,1695609058.2943127
2,23360,1695609058.307592
2,23392,1695609058.3216066
2,23424,1695609058.3337579
2,23456,1695609058.346525
2,23488,1695609058.360416
2,23520,1695609058.3746252
2,23552,1695609058.3873827
2,23584,1695609058.3992708
2,23616,1695609058.4127877
2,23648,1695609058.425266
2,23680,1695609058.4404876
2,23712,1695609058.4528024
2,23744,1695609058.4666984
2,23776,1695609058.4795296
2,23808,1695609058.49277
2,23840,1695609058.5058258
2,23872,1695609058.5181398
2,23904,1695609058.5321274
2,23936,1695609058.5436587
2,23968,1695609058.5564284
2,24000,1695609058.5714614
2,24032,1695609058.584711
2,24064,1695609058.5979176
2,24096,1695609058.61053
2,24128,1695609058.6241467
2,24160,1695609058.635503
2,24192,1695609058.649646
2,24224,1695609058.6622438
2,24256,1695609058.675665
2,24288,1695609058.6883214
2,24320,1695609058.700305
2,24352,1695609058.7143548
2,24384,1695609058.726923
2,24416,1695609058.7398648
2,24448,1695609058.75301
2,24480,1695609058.765326
2,24512,1695609058.7789905
2,24544,1695609058.7918584
2,24576,1695609058.8056183
2,24608,1695609058.8180003
2,24640,1695609058.8318408
2,24672,1695609058.8443496
2,24704,1695609058.8578224
2,24736,1695609058.8712964
2,24768,1695609058.8849375
2,24800,1695609058.8985364
2,24832,1695609058.9117017
2,24864,1695609058.924111
2,24896,1695609058.939134
2,24928,1695609058.9536188
2,24960,1695609058.9716961
2,24992,1695609058.9910183
2,25024,1695609059.0131721
2,25056,1695609059.0304887
2,25088,1695609059.0501945
2,25120,1695609059.07107
2,25152,1695609059.091661
2,25184,1695609059.1113029
2,25216,1695609059.1310318
2,25248,1695609059.1509597
2,25280,1695609059.1667008
2,25312,1695609059.1812541
2,25344,1695609059.1948967
2,25376,1695609059.2081249
2,25408,1695609059.2238653
2,25440,1695609059.238677
2,25472,1695609059.251994
2,25504,1695609059.2644866
2,25536,1695609059.2783294
2,25568,1695609059.2906988
2,25600,1695609059.3039775
2,25632,1695609059.3165157
2,25664,1695609059.3300667
2,25696,1695609059.3449097
2,25728,1695609059.356805
2,25760,1695609059.370251
2,25792,1695609059.3825722
2,25824,1695609059.396139
2,25856,1695609059.4086199
2,25888,1695609059.420551
2,25920,1695609059.4356775
2,25952,1695609059.4478393
2,25984,1695609059.4614444
2,26016,1695609059.4743428
2,26048,1695609059.486725
2,26080,1695609059.500072
2,26112,1695609059.5125933
2,26144,1695609059.5276735
2,26176,1695609059.54128
2,26208,1695609059.554043
2,26240,1695609059.5671346
2,26272,1695609059.580473
2,26304,1695609059.5929987
2,26336,1695609059.6071312
2,26368,1695609059.6198468
2,26400,1695609059.6334217
2,26432,1695609059.6464093
2,26464,1695609059.659514
2,26496,1695609059.673432
2,26528,1695609059.6866007
2,26560,1695609059.7010686
2,26592,1695609059.7134347
2,26624,1695609059.727128
2,26656,1695609059.740215
2,26688,1695609059.753935
2,26720,1695609059.7665577
2,26752,1695609059.7795575
2,26784,1695609059.792728
2,26816,1695609059.8049262
2,26848,1695609059.818374
2,26880,1695609059.8328125
2,26912,1695609059.845105
2,26944,1695609059.8571758
2,26976,1695609059.8706355
2,27008,1695609059.8832119
2,27040,1695609059.89648
2,27072,1695609059.9088955
2,27104,1695609059.921054
2,27136,1695609059.935337
2,27168,1695609059.9478197
2,27200,1695609059.9613497
2,27232,1695609059.9756944
2,27264,1695609059.9901366
2,27296,1695609060.0024502
2,27328,1695609060.015956
2,27360,1695609060.0286279
2,27392,1695609060.0405807
2,27424,1695609060.0541692
2,27456,1695609060.066929
2,27488,1695609060.0802927
2,27520,1695609060.0928745
2,27552,1695609060.1048555
2,27584,1695609060.1192067
2,27616,1695609060.1322029
2,27648,1695609060.1460962
2,27680,1695609060.158542
2,27712,1695609060.1723094
2,27744,1695609060.185154
2,27776,1695609060.1987746
2,27808,1695609060.2127001
2,27840,1695609060.22495
2,27872,1695609060.2368243
2,27904,1695609060.2523658
2,27936,1695609060.2651005
2,27968,1695609060.2780309
2,28000,1695609060.2910573
2,28032,1695609060.3046303
2,28064,1695609060.3175454
2,28096,1695609060.3315566
2,28128,1695609060.3443801
2,28160,1695609060.3565123
2,28192,1695609060.3702564
2,28224,1695609060.3828053
2,28256,1695609060.3961942
2,28288,1695609060.408989
2,28320,1695609060.4230592
2,28352,1695609060.4352024
2,28384,1695609060.448013
2,28416,1695609060.464017
2,28448,1695609060.478093
2,28480,1695609060.491597
2,28512,1695609060.5056384
2,28544,1695609060.5180843
2,28576,1695609060.531184
2,28608,1695609060.5453317
2,28640,1695609060.557606
2,28672,1695609060.5717924
2,28704,1695609060.5842574
2,28736,1695609060.5964158
2,28768,1695609060.6100695
2,28800,1695609060.6223872
2,28832,1695609060.635903
2,28864,1695609060.648692
2,28896,1695609060.6607697
2,28928,1695609060.6746473
2,28960,1695609060.6871762
2,28992,1695609060.7004783
2,29024,1695609060.7133148
2,29056,1695609060.7274034
2,29088,1695609060.7401116
2,29120,1695609060.7520673
2,29152,1695609060.7652347
2,29184,1695609060.7788265
2,29216,1695609060.7925944
2,29248,1695609060.8053339
2,29280,1695609060.8196585
2,29312,1695609060.8319926
2,29344,1695609060.845682
2,29376,1695609060.8581655
2,29408,1695609060.8717992
2,29440,1695609060.8844302
2,29472,1695609060.896314
2,29504,1695609060.9097981
2,29536,1695609060.9222243
2,29568,1695609060.9358869
2,29600,1695609060.9485507
2,29632,1695609060.9605625
2,29664,1695609060.9745831
2,29696,1695609060.9871635
2,29728,1695609061.000418
2,29760,1695609061.0128999
2,29792,1695609061.0286655
2,29824,1695609061.042195
2,29856,1695609061.05506
2,29888,1695609061.0692441
2,29920,1695609061.0815427
2,29952,1695609061.0955784
2,29984,1695609061.108358
2,30016,1695609061.1204503
2,30048,1695609061.1350813
2,30080,1695609061.1480722
2,30112,1695609061.1619587
2,30144,1695609061.1746216
2,30176,1695609061.1883893
2,30208,1695609061.2007048
2,30240,1695609061.218584
2,30272,1695609061.2325404
2,30304,1695609061.2453284
2,30336,1695609061.2591133
2,30368,1695609061.2714105
2,30400,1695609061.2846577
2,30432,1695609061.3028092
2,30464,1695609061.316745
2,30496,1695609061.3275857
2,30528,1695609061.339905
2,30560,1695609061.3533123
2,30592,1695609061.3656013
2,30624,1695609061.3793375
2,30656,1695609061.3924205
2,30688,1695609061.4044933
2,30720,1695609061.4227116
2,30752,1695609061.4356859
2,30784,1695609061.451043
2,30816,1695609061.4640024
2,30848,1695609061.4772077
2,30880,1695609061.4908915
2,30912,1695609061.5042365
2,30944,1695609061.5167003
2,30976,1695609061.5287628
2,31008,1695609061.5427153
2,31040,1695609061.5555038
2,31072,1695609061.5675256
2,31104,1695609061.5816877
2,31136,1695609061.5941114
2,31168,1695609061.6076875
2,31200,1695609061.620436
2,31232,1695609061.6325688
2,31264,1695609061.6469803
2,31296,1695609061.6600819
2,31328,1695609061.673023
2,31360,1695609061.6855264
2,31392,1695609061.7006094
2,31424,1695609061.7129288
2,31456,1695609061.725254
2,31488,1695609061.7395213
2,31520,1695609061.755312
2,31552,1695609061.773039
2,31584,1695609061.7897274
2,31616,1695609061.802092
2,31648,1695609061.81569
2,31680,1695609061.828289
2,31712,1695609061.8403926
2,31744,1695609061.8543954
2,31776,1695609061.867495
2,31808,1695609061.8810878
2,31840,1695609061.893574
2,31872,1695609061.9060857
2,31904,1695609061.9213233
2,31936,1695609061.933672
2,31968,1695609061.947587
2,32000,1695609061.9600954
2,32032,1695609061.9741197
2,32064,1695609061.9871438
2,32096,1695609062.0015192
2,32128,1695609062.0151381
2,32160,1695609062.0291402
2,32192,1695609062.041628
2,32224,1695609062.0554378
2,32256,1695609062.0682366
2,32288,1695609062.0802903
2,32320,1695609062.094356
2,32352,1695609062.107016
2,32384,1695609062.1204636
2,32416,1695609062.1334302
2,32448,1695609062.1474447
2,32480,1695609062.1594467
2,32512,1695609062.1730762
2,32544,1695609062.1862998
2,32576,1695609062.1991107
2,32608,1695609062.213047
2,32640,1695609062.2254226
2,32672,1695609062.239764
2,32704,1695609062.2526712
2,32736,1695609062.2647219
2,32768,1695609062.2788944
2,32800,1695609062.2917447
2,32832,1695609062.305195
2,32864,1695609062.3179429
2,32896,1695609062.3319662
2,32928,1695609062.3444152
2,32960,1695609062.358345
2,32992,1695609062.370414
2,33024,1695609062.3826745
2,33056,1695609062.3957593
2,33088,1695609062.407601
2,33120,1695609062.4195077
2,33152,1695609062.432485
2,33184,1695609062.444529
2,33216,1695609062.456388
2,33248,1695609062.469597
2,33280,1695609062.481775
2,33312,1695609062.4937603
2,33344,1695609062.5068839
2,33376,1695609062.519046
2,33408,1695609062.5316842
2,33440,1695609062.5441191
2,33472,1695609062.555941
2,33504,1695609062.5690916
2,33536,1695609062.581585
2,33568,1695609062.5935783
2,33600,1695609062.6070359
2,33632,1695609062.6191537
2,33664,1695609062.632218
2,33696,1695609062.644878
2,33728,1695609062.6566117
2,33760,1695609062.6699045
2,33792,1695609062.682338
2,33824,1695609062.6944575
2,33856,1695609062.7073836
2,33888,1695609062.719652
2,33920,1695609062.73272
2,33952,1695609062.7454357
2,33984,1695609062.7574413
2,34016,1695609062.7705665
2,34048,1695609062.7827728
2,34080,1695609062.7955117
2,34112,1695609062.8077586
2,34144,1695609062.8208692
2,34176,1695609062.8333406
2,34208,1695609062.8450954
2,34240,1695609062.8583658
2,34272,1695609062.8706236
2,34304,1695609062.8834827
2,34336,1695609062.8955958
2,34368,1695609062.9087207
2,34400,1695609062.9210079
2,34432,1695609062.93283
2,34464,1695609062.9462047
2,34496,1695609062.9586394
2,34528,1695609062.9711478
2,34560,1695609062.9842646
2,34592,1695609062.9962823
2,34624,1695609063.0082755
2,34656,1695609063.0201747
2,34688,1695609063.0332468
2,34720,1695609063.0454526
2,34752,1695609063.058634
2,34784,1695609063.0710638
2,34816,1695609063.0835893
2,34848,1695609063.0960662
2,34880,1695609063.1131334
2,34912,1695609063.1353426
2,34944,1695609063.1557844
2,34976,1695609063.1754568
2,35008,1695609063.1955628
2,35040,1695609063.2159455
2,35072,1695609063.2346475
2,35104,1695609063.2549486
2,35136,1695609063.2755518
2,35168,1695609063.2951958
2,35200,1695609063.3151987
2,35232,1695609063.3351884
2,35264,1695609063.3557012
2,35296,1695609063.3754268
2,35328,1695609063.3955128
2,35360,1695609063.4155498
2,35392,1695609063.4353209
2,35424,1695609063.4553585
2,35456,1695609063.4755914
2,35488,1695609063.4949005
2,35520,1695609063.5151644
2,35552,1695609063.535529
2,35584,1695609063.5557954
2,35616,1695609063.5758793
2,35648,1695609063.595878
2,35680,1695609063.6155243
2,35712,1695609063.6344852
2,35744,1695609063.655819
2,35776,1695609063.6753628
2,35808,1695609063.6952019
2,35840,1695609063.714969
2,35872,1695609063.735438
2,35904,1695609063.7555864
2,35936,1695609063.7756193
2,35968,1695609063.7956538
2,36000,1695609063.8156288
2,36032,1695609063.8350902
2,36064,1695609063.8552973
2,36096,1695609063.8753204
2,36128,1695609063.8954291
2,36160,1695609063.9153967
2,36192,1695609063.9335394
2,36224,1695609063.9577973
2,36256,1695609063.976708
2,36288,1695609063.9949415
2,36320,1695609064.01545
2,36352,1695609064.0363882
