epoch,trained_sample,time
1,0,1695609078.224275
1,32,1695609079.4420884
1,64,1695609079.4535234
1,96,1695609079.4653628
1,128,1695609079.4773974
1,160,1695609079.4910233
1,192,1695609079.503144
1,224,1695609079.5157297
1,256,1695609079.5281188
1,288,1695609079.5402365
1,320,1695609079.5556
1,352,1695609079.5682259
1,384,1695609079.580301
1,416,1695609079.5922863
1,448,1695609079.6038575
1,480,1695609079.6175447
1,512,1695609079.630076
1,544,1695609079.641941
1,576,1695609079.6530466
1,608,1695609079.6641397
1,640,1695609079.6766367
1,672,1695609079.6930504
1,704,1695609079.7041564
1,736,1695609079.715367
1,768,1695609079.7265372
1,800,1695609079.7378018
1,832,1695609079.748852
1,864,1695609079.76007
1,896,1695609079.771135
1,928,1695609079.7823443
1,960,1695609079.7935812
1,992,1695609079.8049045
1,1024,1695609079.8707957
1,1056,1695609079.8823087
1,1088,1695609079.893646
1,1120,1695609079.904815
1,1152,1695609080.0096898
1,1184,1695609080.0209515
1,1216,1695609080.0321894
1,1248,1695609080.0433023
1,1280,1695609080.0545166
1,1312,1695609080.0669806
1,1344,1695609080.0780861
1,1376,1695609080.0893414
1,1408,1695609080.100381
1,1440,1695609080.1116202
1,1472,1695609080.1227307
1,1504,1695609080.133957
1,1536,1695609080.1450732
1,1568,1695609080.1563008
1,1600,1695609080.1673613
1,1632,1695609080.1786041
1,1664,1695609080.1898267
1,1696,1695609080.201038
1,1728,1695609080.2122273
1,1760,1695609080.2234116
1,1792,1695609080.2345092
1,1824,1695609080.2457037
1,1856,1695609080.258221
1,1888,1695609080.2705314
1,1920,1695609080.282306
1,1952,1695609080.2955863
1,1984,1695609080.3076067
1,2016,1695609080.3210034
1,2048,1695609080.3336532
1,2080,1695609080.3457892
1,2112,1695609080.3591743
1,2144,1695609080.3714554
1,2176,1695609080.3844044
1,2208,1695609080.3970451
1,2240,1695609080.4087903
1,2272,1695609080.4242864
1,2304,1695609080.4364092
1,2336,1695609080.4479063
1,2368,1695609080.461546
1,2400,1695609080.4735072
1,2432,1695609080.4866784
1,2464,1695609080.4990015
1,2496,1695609080.5115988
1,2528,1695609080.5242765
1,2560,1695609080.536471
1,2592,1695609080.547981
1,2624,1695609080.5617013
1,2656,1695609080.5734823
1,2688,1695609080.5850766
1,2720,1695609080.5997252
1,2752,1695609080.6119597
1,2784,1695609080.6256666
1,2816,1695609080.638093
1,2848,1695609080.6553843
1,2880,1695609080.668384
1,2912,1695609080.6811883
1,2944,1695609080.692882
1,2976,1695609080.70614
1,3008,1695609080.7186236
1,3040,1695609080.730819
1,3072,1695609080.743809
1,3104,1695609080.7565248
1,3136,1695609080.7682965
1,3168,1695609080.7800477
1,3200,1695609080.7931404
1,3232,1695609080.8051138
1,3264,1695609080.818425
1,3296,1695609080.8308983
1,3328,1695609080.8423991
1,3360,1695609080.8553963
1,3392,1695609080.8685997
1,3424,1695609080.8796523
1,3456,1695609080.8935187
1,3488,1695609080.9063907
1,3520,1695609080.9188902
1,3552,1695609080.9323673
1,3584,1695609080.9442244
1,3616,1695609080.9572802
1,3648,1695609080.971017
1,3680,1695609080.983603
1,3712,1695609080.9962215
1,3744,1695609081.0082922
1,3776,1695609081.0216513
1,3808,1695609081.0334992
1,3840,1695609081.0456145
1,3872,1695609081.0589123
1,3904,1695609081.0711646
1,3936,1695609081.0841134
1,3968,1695609081.0965602
1,4000,1695609081.1095467
1,4032,1695609081.1237025
1,4064,1695609081.1352077
1,4096,1695609081.1482353
1,4128,1695609081.1667788
1,4160,1695609081.187013
1,4192,1695609081.2074032
1,4224,1695609081.2265205
1,4256,1695609081.2414455
1,4288,1695609081.2548113
1,4320,1695609081.267268
1,4352,1695609081.2800393
1,4384,1695609081.292477
1,4416,1695609081.3041234
1,4448,1695609081.3169274
1,4480,1695609081.329879
1,4512,1695609081.3436205
1,4544,1695609081.3557203
1,4576,1695609081.3690212
1,4608,1695609081.3816602
1,4640,1695609081.3937156
1,4672,1695609081.4070652
1,4704,1695609081.4193106
1,4736,1695609081.432231
1,4768,1695609081.4451187
1,4800,1695609081.456804
1,4832,1695609081.4705138
1,4864,1695609081.4828508
1,4896,1695609081.495227
1,4928,1695609081.5079734
1,4960,1695609081.520138
1,4992,1695609081.533007
1,5024,1695609081.5461373
1,5056,1695609081.559944
1,5088,1695609081.5724745
1,5120,1695609081.584313
1,5152,1695609081.597595
1,5184,1695609081.609657
1,5216,1695609081.6230195
1,5248,1695609081.635337
1,5280,1695609081.6482856
1,5312,1695609081.660871
1,5344,1695609081.6726384
1,5376,1695609081.6877613
1,5408,1695609081.7000234
1,5440,1695609081.7129607
1,5472,1695609081.7247665
1,5504,1695609081.738154
1,5536,1695609081.7506776
1,5568,1695609081.7630062
1,5600,1695609081.775826
1,5632,1695609081.7881184
1,5664,1695609081.799664
1,5696,1695609081.812984
1,5728,1695609081.8256438
1,5760,1695609081.8374383
1,5792,1695609081.8506782
1,5824,1695609081.8629746
1,5856,1695609081.8755865
1,5888,1695609081.888222
1,5920,1695609081.9003553
1,5952,1695609081.9119654
1,5984,1695609081.9254332
1,6016,1695609081.9379685
1,6048,1695609081.9501219
1,6080,1695609081.9635324
1,6112,1695609081.9758263
1,6144,1695609081.987368
1,6176,1695609082.0006304
1,6208,1695609082.0132058
1,6240,1695609082.0248263
1,6272,1695609082.0386062
1,6304,1695609082.0509129
1,6336,1695609082.0633757
1,6368,1695609082.0761616
1,6400,1695609082.0883958
1,6432,1695609082.0999172
1,6464,1695609082.112795
1,6496,1695609082.1249466
1,6528,1695609082.1367838
1,6560,1695609082.1519847
1,6592,1695609082.1642537
1,6624,1695609082.1757655
1,6656,1695609082.1889772
1,6688,1695609082.20159
1,6720,1695609082.2134056
1,6752,1695609082.2267153
1,6784,1695609082.2389722
1,6816,1695609082.251626
1,6848,1695609082.2644408
1,6880,1695609082.2764242
1,6912,1695609082.291205
1,6944,1695609082.3040195
1,6976,1695609082.316986
1,7008,1695609082.3287187
1,7040,1695609082.342147
1,7072,1695609082.3542902
1,7104,1695609082.3665593
1,7136,1695609082.379734
1,7168,1695609082.3913374
1,7200,1695609082.4043224
1,7232,1695609082.4171083
1,7264,1695609082.428771
1,7296,1695609082.4399786
1,7328,1695609082.4510553
1,7360,1695609082.4622731
1,7392,1695609082.4735181
1,7424,1695609082.484573
1,7456,1695609082.4979353
1,7488,1695609082.5104208
1,7520,1695609082.5224528
1,7552,1695609082.5355847
1,7584,1695609082.550337
1,7616,1695609082.5646446
1,7648,1695609082.5787482
1,7680,1695609082.5911758
1,7712,1695609082.604141
1,7744,1695609082.6167324
1,7776,1695609082.6284332
1,7808,1695609082.6419454
1,7840,1695609082.6566298
1,7872,1695609082.6701362
1,7904,1695609082.6818826
1,7936,1695609082.6943219
1,7968,1695609082.7081115
1,8000,1695609082.7204556
1,8032,1695609082.732155
1,8064,1695609082.7439437
1,8096,1695609082.7579627
1,8128,1695609082.770678
1,8160,1695609082.7835255
1,8192,1695609082.7969124
1,8224,1695609082.8088002
1,8256,1695609082.8206701
1,8288,1695609082.834113
1,8320,1695609082.8464732
1,8352,1695609082.8587253
1,8384,1695609082.8716004
1,8416,1695609082.8838782
1,8448,1695609082.895472
1,8480,1695609082.9086719
1,8512,1695609082.9209826
1,8544,1695609082.9325926
1,8576,1695609082.9460163
1,8608,1695609082.958433
1,8640,1695609082.9733284
1,8672,1695609082.9861078
1,8704,1695609082.9979343
1,8736,1695609083.0111523
1,8768,1695609083.023423
1,8800,1695609083.036329
1,8832,1695609083.0488706
1,8864,1695609083.0611057
1,8896,1695609083.074628
1,8928,1695609083.0869124
1,8960,1695609083.0984135
1,8992,1695609083.1115012
1,9024,1695609083.124501
1,9056,1695609083.1382768
1,9088,1695609083.1505995
1,9120,1695609083.16328
1,9152,1695609083.176293
1,9184,1695609083.1878915
1,9216,1695609083.201206
1,9248,1695609083.2138488
1,9280,1695609083.2256784
1,9312,1695609083.2390141
1,9344,1695609083.2512696
1,9376,1695609083.2641323
1,9408,1695609083.2771559
1,9440,1695609083.2888768
1,9472,1695609083.3022184
1,9504,1695609083.3143444
1,9536,1695609083.3273926
1,9568,1695609083.3398232
1,9600,1695609083.3529608
1,9632,1695609083.3651526
1,9664,1695609083.3774774
1,9696,1695609083.3891618
1,9728,1695609083.401191
1,9760,1695609083.4145818
1,9792,1695609083.4269085
1,9824,1695609083.439852
1,9856,1695609083.4523642
1,9888,1695609083.4662375
1,9920,1695609083.4802375
1,9952,1695609083.4922073
1,9984,1695609083.5037873
1,10016,1695609083.5166783
1,10048,1695609083.5301902
1,10080,1695609083.544192
1,10112,1695609083.5565984
1,10144,1695609083.5689278
1,10176,1695609083.5805588
1,10208,1695609083.5938778
1,10240,1695609083.6063704
1,10272,1695609083.6184113
1,10304,1695609083.6313007
1,10336,1695609083.643724
1,10368,1695609083.6568816
1,10400,1695609083.6713536
1,10432,1695609083.6840608
1,10464,1695609083.6965356
1,10496,1695609083.7087586
1,10528,1695609083.7226145
1,10560,1695609083.7349515
1,10592,1695609083.7474546
1,10624,1695609083.7601364
1,10656,1695609083.772332
1,10688,1695609083.7838645
1,10720,1695609083.7966352
1,10752,1695609083.810108
1,10784,1695609083.8241436
1,10816,1695609083.8358731
1,10848,1695609083.8514783
1,10880,1695609083.8638499
1,10912,1695609083.8797228
1,10944,1695609083.8923988
1,10976,1695609083.9038699
1,11008,1695609083.91666
1,11040,1695609083.931203
1,11072,1695609083.9437408
1,11104,1695609083.955659
1,11136,1695609083.970717
1,11168,1695609083.9853075
1,11200,1695609083.996384
1,11232,1695609084.0075874
1,11264,1695609084.0186636
1,11296,1695609084.029836
1,11328,1695609084.040895
1,11360,1695609084.0521252
1,11392,1695609084.0631793
1,11424,1695609084.074506
1,11456,1695609084.0856209
1,11488,1695609084.0968251
1,11520,1695609084.107894
1,11552,1695609084.1191084
1,11584,1695609084.1301825
1,11616,1695609084.1414351
1,11648,1695609084.1524918
1,11680,1695609084.1637213
1,11712,1695609084.1782663
1,11744,1695609084.1892838
1,11776,1695609084.2013874
1,11808,1695609084.21249
1,11840,1695609084.2232223
1,11872,1695609084.2344754
1,11904,1695609084.2457418
1,11936,1695609084.2576418
1,11968,1695609084.2687957
1,12000,1695609084.2798438
1,12032,1695609084.2921011
1,12064,1695609084.3033152
1,12096,1695609084.3143814
1,12128,1695609084.3258271
1,12160,1695609084.336934
1,12192,1695609084.348677
1,12224,1695609084.3606932
1,12256,1695609084.3743215
1,12288,1695609084.3866415
1,12320,1695609084.398995
1,12352,1695609084.411744
1,12384,1695609084.4240837
1,12416,1695609084.4356503
1,12448,1695609084.4487617
1,12480,1695609084.460987
1,12512,1695609084.4729125
1,12544,1695609084.4869843
1,12576,1695609084.4994028
1,12608,1695609084.512691
1,12640,1695609084.5253792
1,12672,1695609084.5373218
1,12704,1695609084.5510771
1,12736,1695609084.5635226
1,12768,1695609084.5765648
1,12800,1695609084.5892632
1,12832,1695609084.601127
1,12864,1695609084.6147819
1,12896,1695609084.6273324
1,12928,1695609084.6403172
1,12960,1695609084.6531525
1,12992,1695609084.6652935
1,13024,1695609084.6788797
1,13056,1695609084.6911168
1,13088,1695609084.7041209
1,13120,1695609084.7168674
1,13152,1695609084.7288587
1,13184,1695609084.7422926
1,13216,1695609084.7547536
1,13248,1695609084.767286
1,13280,1695609084.7794788
1,13312,1695609084.7940927
1,13344,1695609084.8125975
1,13376,1695609084.826157
1,13408,1695609084.8384054
1,13440,1695609084.850139
1,13472,1695609084.8632846
1,13504,1695609084.8768008
1,13536,1695609084.8885925
1,13568,1695609084.900474
1,13600,1695609084.914066
1,13632,1695609084.9264822
1,13664,1695609084.9388661
1,13696,1695609084.95188
1,13728,1695609084.9642882
1,13760,1695609084.9758935
1,13792,1695609084.9893606
1,13824,1695609085.0020201
1,13856,1695609085.0163803
1,13888,1695609085.032265
1,13920,1695609085.0434387
1,13952,1695609085.054701
1,13984,1695609085.0660267
1,14016,1695609085.0772772
1,14048,1695609085.08851
1,14080,1695609085.0995724
1,14112,1695609085.1108334
1,14144,1695609085.1223526
1,14176,1695609085.1337438
1,14208,1695609085.1449964
1,14240,1695609085.1561255
1,14272,1695609085.1674125
1,14304,1695609085.1785939
1,14336,1695609085.1898713
1,14368,1695609085.2012227
1,14400,1695609085.212294
1,14432,1695609085.2236211
1,14464,1695609085.2349257
1,14496,1695609085.2461982
1,14528,1695609085.2574937
1,14560,1695609085.2688618
1,14592,1695609085.2802706
1,14624,1695609085.2915163
1,14656,1695609085.3029008
1,14688,1695609085.3142989
1,14720,1695609085.325636
1,14752,1695609085.336914
1,14784,1695609085.348234
1,14816,1695609085.3596373
1,14848,1695609085.371001
1,14880,1695609085.3823895
1,14912,1695609085.3936965
1,14944,1695609085.4050405
1,14976,1695609085.4161339
1,15008,1695609085.4285936
1,15040,1695609085.4399154
1,15072,1695609085.4513273
1,15104,1695609085.462448
1,15136,1695609085.4737515
1,15168,1695609085.485045
1,15200,1695609085.498594
1,15232,1695609085.510941
1,15264,1695609085.5235624
1,15296,1695609085.5355685
1,15328,1695609085.5484421
1,15360,1695609085.560126
1,15392,1695609085.573601
1,15424,1695609085.5855236
1,15456,1695609085.599023
1,15488,1695609085.611402
1,15520,1695609085.624728
1,15552,1695609085.6374013
1,15584,1695609085.6493378
1,15616,1695609085.6624963
1,15648,1695609085.6750479
1,15680,1695609085.6879535
1,15712,1695609085.7004387
1,15744,1695609085.7121155
1,15776,1695609085.7256742
1,15808,1695609085.7377288
1,15840,1695609085.751207
1,15872,1695609085.7636006
1,15904,1695609085.7766376
1,15936,1695609085.7893584
1,15968,1695609085.8012002
1,16000,1695609085.8151183
1,16032,1695609085.827515
1,16064,1695609085.8407285
1,16096,1695609085.8529186
1,16128,1695609085.866528
1,16160,1695609085.879189
1,16192,1695609085.8921804
1,16224,1695609085.9045587
1,16256,1695609085.9186254
1,16288,1695609085.9325566
1,16320,1695609085.9445846
1,16352,1695609085.956507
1,16384,1695609085.970025
1,16416,1695609085.9825096
1,16448,1695609085.9948661
1,16480,1695609086.0082028
1,16512,1695609086.0222087
1,16544,1695609086.0346715
1,16576,1695609086.0471325
1,16608,1695609086.0599961
1,16640,1695609086.0722454
1,16672,1695609086.0852883
1,16704,1695609086.099069
1,16736,1695609086.1119382
1,16768,1695609086.12498
1,16800,1695609086.136759
1,16832,1695609086.1501632
1,16864,1695609086.1640918
1,16896,1695609086.180398
1,16928,1695609086.198726
1,16960,1695609086.218866
1,16992,1695609086.2387702
1,17024,1695609086.2584264
1,17056,1695609086.2784016
1,17088,1695609086.2979486
1,17120,1695609086.314914
1,17152,1695609086.3350966
1,17184,1695609086.3553748
1,17216,1695609086.3770714
1,17248,1695609086.3950644
1,17280,1695609086.4176316
1,17312,1695609086.438661
1,17344,1695609086.459293
1,17376,1695609086.478956
1,17408,1695609086.4991882
1,17440,1695609086.5181417
1,17472,1695609086.5387335
1,17504,1695609086.5646951
1,17536,1695609086.581783
1,17568,1695609086.605687
1,17600,1695609086.6262407
1,17632,1695609086.6471283
1,17664,1695609086.6669447
1,17696,1695609086.6869607
1,17728,1695609086.7069898
1,17760,1695609086.7255921
1,17792,1695609086.7430074
1,17824,1695609086.7660234
1,17856,1695609086.7841039
1,17888,1695609086.8049026
1,17920,1695609086.8251536
1,17952,1695609086.8414414
1,17984,1695609086.8614008
1,18016,1695609086.881315
1,18048,1695609086.9009736
1,18080,1695609086.9216754
1,18112,1695609086.9397013
1,18144,1695609086.9597204
1,18176,1695609086.9790006
1,18208,1695609086.999259
1,18240,1695609087.0192726
1,18272,1695609087.0380454
1,18304,1695609087.05784
1,18336,1695609087.0779486
1,18368,1695609087.098119
1,18400,1695609087.1175792
1,18432,1695609087.13737
1,18464,1695609087.1571317
1,18496,1695609087.1766958
1,18528,1695609087.1947532
1,18560,1695609087.2146645
1,18592,1695609087.2352393
1,18624,1695609087.2556357
1,18656,1695609087.2743301
1,18688,1695609087.2940898
1,18720,1695609087.314057
1,18752,1695609087.3340063
1,18784,1695609087.3537066
1,18816,1695609087.3736744
1,18848,1695609087.3933842
1,18880,1695609087.4131248
1,18912,1695609087.4326503
1,18944,1695609087.4494963
1,18976,1695609087.4691408
1,19008,1695609087.4893906
1,19040,1695609087.5100265
1,19072,1695609087.5291135
1,19104,1695609087.5503306
1,19136,1695609087.568803
1,19168,1695609087.590175
1,19200,1695609087.6101427
1,19232,1695609087.629676
1,19264,1695609087.649715
1,19296,1695609087.6691573
1,19328,1695609087.6894279
1,19360,1695609087.7091205
1,19392,1695609087.729893
1,19424,1695609087.7489672
1,19456,1695609087.7688856
1,19488,1695609087.7884126
1,19520,1695609087.8071063
1,19552,1695609087.8272724
1,19584,1695609087.846945
1,19616,1695609087.866109
1,19648,1695609087.8859737
1,19680,1695609087.9058328
1,19712,1695609087.9266298
1,19744,1695609087.9471953
1,19776,1695609087.966545
1,19808,1695609087.9855661
1,19840,1695609088.006229
1,19872,1695609088.0260537
1,19904,1695609088.0454369
1,19936,1695609088.0630913
1,19968,1695609088.0831313
1,20000,1695609088.1046004
1,20032,1695609088.1245031
1,20064,1695609088.1442683
1,20096,1695609088.164191
1,20128,1695609088.183155
1,20160,1695609088.2028205
1,20192,1695609088.2236373
1,20224,1695609088.2434454
1,20256,1695609088.2624745
1,20288,1695609088.2825644
1,20320,1695609088.302301
1,20352,1695609088.3215485
1,20384,1695609088.3418899
1,20416,1695609088.3620224
1,20448,1695609088.3803809
1,20480,1695609088.4003696
1,20512,1695609088.4205515
1,20544,1695609088.4402792
1,20576,1695609088.4586644
1,20608,1695609088.4785078
1,20640,1695609088.4990742
1,20672,1695609088.5196376
1,20704,1695609088.5393293
1,20736,1695609088.5592585
1,20768,1695609088.5791585
1,20800,1695609088.5985315
1,20832,1695609088.618127
1,20864,1695609088.638169
1,20896,1695609088.6576238
1,20928,1695609088.6770217
1,20960,1695609088.698705
1,20992,1695609088.7161908
1,21024,1695609088.736076
1,21056,1695609088.7553897
1,21088,1695609088.7748175
1,21120,1695609088.7948294
1,21152,1695609088.8149378
1,21184,1695609088.8346903
1,21216,1695609088.8542113
1,21248,1695609088.8751056
1,21280,1695609088.8949733
1,21312,1695609088.9144604
1,21344,1695609088.933815
1,21376,1695609088.9539955
1,21408,1695609088.973741
1,21440,1695609088.9939992
1,21472,1695609089.0135634
1,21504,1695609089.03338
1,21536,1695609089.0533373
1,21568,1695609089.0722148
1,21600,1695609089.090576
1,21632,1695609089.1106133
1,21664,1695609089.1312492
1,21696,1695609089.1508677
1,21728,1695609089.1698074
1,21760,1695609089.1906278
1,21792,1695609089.2100904
1,21824,1695609089.229751
1,21856,1695609089.24935
1,21888,1695609089.2689452
1,21920,1695609089.2894108
1,21952,1695609089.3077695
1,21984,1695609089.3267138
1,22016,1695609089.3465703
1,22048,1695609089.3672693
1,22080,1695609089.3867288
1,22112,1695609089.4059765
1,22144,1695609089.4267542
1,22176,1695609089.4464197
1,22208,1695609089.466161
1,22240,1695609089.484785
1,22272,1695609089.5074246
1,22304,1695609089.529855
1,22336,1695609089.549839
1,22368,1695609089.5693796
1,22400,1695609089.5856884
1,22432,1695609089.6052969
1,22464,1695609089.6252255
1,22496,1695609089.650465
1,22528,1695609089.6714103
1,22560,1695609089.6902533
1,22592,1695609089.7111275
1,22624,1695609089.7312572
1,22656,1695609089.7510083
1,22688,1695609089.775174
1,22720,1695609089.7875156
1,22752,1695609089.811166
1,22784,1695609089.8319693
1,22816,1695609089.851274
1,22848,1695609089.871369
1,22880,1695609089.8908658
1,22912,1695609089.910505
1,22944,1695609089.9317489
1,22976,1695609089.9514146
1,23008,1695609089.9708166
1,23040,1695609089.9914453
1,23072,1695609090.0115879
1,23104,1695609090.03078
1,23136,1695609090.0509508
1,23168,1695609090.070664
1,23200,1695609090.090978
1,23232,1695609090.1111724
1,23264,1695609090.1309676
1,23296,1695609090.1516058
1,23328,1695609090.1709867
1,23360,1695609090.191027
1,23392,1695609090.2110224
1,23424,1695609090.2313113
1,23456,1695609090.2510781
1,23488,1695609090.2709627
1,23520,1695609090.2902672
1,23552,1695609090.3108144
1,23584,1695609090.3310776
1,23616,1695609090.3514977
1,23648,1695609090.3711312
1,23680,1695609090.3907506
1,23712,1695609090.410757
1,23744,1695609090.4314501
1,23776,1695609090.4514563
1,23808,1695609090.4711967
1,23840,1695609090.490724
1,23872,1695609090.5108252
1,23904,1695609090.5308113
1,23936,1695609090.5515525
1,23968,1695609090.5705721
1,24000,1695609090.5915322
1,24032,1695609090.6109757
1,24064,1695609090.6306643
1,24096,1695609090.650652
1,24128,1695609090.671222
1,24160,1695609090.6913002
1,24192,1695609090.711398
1,24224,1695609090.731254
1,24256,1695609090.7509112
1,24288,1695609090.7707481
1,24320,1695609090.7907224
1,24352,1695609090.8105114
1,24384,1695609090.8306537
1,24416,1695609090.8514197
1,24448,1695609090.8705351
1,24480,1695609090.890367
1,24512,1695609090.9105089
1,24544,1695609090.9308417
1,24576,1695609090.9509964
1,24608,1695609090.971479
1,24640,1695609090.9910357
1,24672,1695609091.0109842
1,24704,1695609091.0310054
1,24736,1695609091.0514936
1,24768,1695609091.0709062
1,24800,1695609091.0907886
1,24832,1695609091.111321
1,24864,1695609091.1308658
1,24896,1695609091.1516094
1,24928,1695609091.1712224
1,24960,1695609091.1912587
1,24992,1695609091.2110538
1,25024,1695609091.2311006
1,25056,1695609091.251296
1,25088,1695609091.2715871
1,25120,1695609091.2911751
1,25152,1695609091.3116295
1,25184,1695609091.3311675
1,25216,1695609091.3509235
1,25248,1695609091.3710253
1,25280,1695609091.39059
1,25312,1695609091.410963
1,25344,1695609091.4304235
1,25376,1695609091.4510963
1,25408,1695609091.47106
1,25440,1695609091.4900951
1,25472,1695609091.5094962
1,25504,1695609091.5296383
1,25536,1695609091.5505574
1,25568,1695609091.5701854
1,25600,1695609091.5893369
1,25632,1695609091.6088364
1,25664,1695609091.6260874
1,25696,1695609091.6443443
1,25728,1695609091.6648514
1,25760,1695609091.6869707
1,25792,1695609091.7104893
1,25824,1695609091.730553
1,25856,1695609091.7497349
1,25888,1695609091.7672617
1,25920,1695609091.7863896
1,25952,1695609091.8106408
1,25984,1695609091.8312032
1,26016,1695609091.8508904
1,26048,1695609091.87246
1,26080,1695609091.889122
1,26112,1695609091.9106066
1,26144,1695609091.9310176
1,26176,1695609091.9512937
1,26208,1695609091.970207
1,26240,1695609091.9896035
1,26272,1695609092.008788
1,26304,1695609092.0253134
1,26336,1695609092.0511081
1,26368,1695609092.0693886
1,26400,1695609092.0893407
1,26432,1695609092.1063561
1,26464,1695609092.1303678
1,26496,1695609092.1496503
1,26528,1695609092.1697063
1,26560,1695609092.1865354
1,26592,1695609092.2105246
1,26624,1695609092.229843
1,26656,1695609092.2469711
1,26688,1695609092.2656226
1,26720,1695609092.2854385
1,26752,1695609092.3109353
1,26784,1695609092.3308754
1,26816,1695609092.3510249
1,26848,1695609092.3699036
1,26880,1695609092.3898137
1,26912,1695609092.4088402
1,26944,1695609092.4250903
1,26976,1695609092.450553
1,27008,1695609092.4695523
1,27040,1695609092.4895616
1,27072,1695609092.5065982
1,27104,1695609092.5312777
1,27136,1695609092.5497344
1,27168,1695609092.56916
1,27200,1695609092.586928
1,27232,1695609092.6098201
1,27264,1695609092.629579
1,27296,1695609092.6489663
1,27328,1695609092.6656597
1,27360,1695609092.691123
1,27392,1695609092.710738
1,27424,1695609092.73119
1,27456,1695609092.7511013
1,27488,1695609092.7703004
1,27520,1695609092.7896688
1,27552,1695609092.8093174
1,27584,1695609092.8257692
1,27616,1695609092.850451
1,27648,1695609092.869694
1,27680,1695609092.8883896
1,27712,1695609092.9055598
1,27744,1695609092.9309833
1,27776,1695609092.9496245
1,27808,1695609092.969355
1,27840,1695609092.9860795
1,27872,1695609093.004839
1,27904,1695609093.0243762
1,27936,1695609093.0459785
1,27968,1695609093.0652504
1,28000,1695609093.081552
1,28032,1695609093.1016963
1,28064,1695609093.123002
1,28096,1695609093.1412933
1,28128,1695609093.1560721
1,28160,1695609093.1784985
1,28192,1695609093.1980424
1,28224,1695609093.2172618
1,28256,1695609093.2389345
1,28288,1695609093.2577806
1,28320,1695609093.27753
1,28352,1695609093.2937176
1,28384,1695609093.3183537
1,28416,1695609093.3380451
1,28448,1695609093.3575866
1,28480,1695609093.378963
1,28512,1695609093.398477
1,28544,1695609093.4195166
1,28576,1695609093.4395967
1,28608,1695609093.4596562
1,28640,1695609093.478808
1,28672,1695609093.49911
1,28704,1695609093.5190423
1,28736,1695609093.5389524
1,28768,1695609093.559755
1,28800,1695609093.5792115
1,28832,1695609093.598955
1,28864,1695609093.6193562
1,28896,1695609093.6393797
1,28928,1695609093.6590316
1,28960,1695609093.6795664
1,28992,1695609093.699812
1,29024,1695609093.7192817
1,29056,1695609093.7388713
1,29088,1695609093.7591412
1,29120,1695609093.7796817
1,29152,1695609093.7988443
1,29184,1695609093.8190572
1,29216,1695609093.8386772
1,29248,1695609093.8593137
1,29280,1695609093.8797507
1,29312,1695609093.8986418
1,29344,1695609093.9187174
1,29376,1695609093.9393454
1,29408,1695609093.9587462
1,29440,1695609093.9789078
1,29472,1695609093.9992983
1,29504,1695609094.019231
1,29536,1695609094.0387645
1,29568,1695609094.059238
1,29600,1695609094.0791442
1,29632,1695609094.09891
1,29664,1695609094.1195564
1,29696,1695609094.1392462
1,29728,1695609094.159343
1,29760,1695609094.179057
1,29792,1695609094.1988273
1,29824,1695609094.2186246
1,29856,1695609094.2395444
1,29888,1695609094.25902
1,29920,1695609094.2793603
1,29952,1695609094.299297
1,29984,1695609094.3193758
1,30016,1695609094.3387535
1,30048,1695609094.3588452
1,30080,1695609094.3788536
1,30112,1695609094.3986971
1,30144,1695609094.4191701
1,30176,1695609094.438672
1,30208,1695609094.458904
1,30240,1695609094.4784126
1,30272,1695609094.50201
1,30304,1695609094.52262
1,30336,1695609094.5426397
1,30368,1695609094.5634916
1,30400,1695609094.5831318
1,30432,1695609094.6028612
1,30464,1695609094.6230316
1,30496,1695609094.6432734
1,30528,1695609094.662978
1,30560,1695609094.6821766
1,30592,1695609094.703046
1,30624,1695609094.723182
1,30656,1695609094.7431152
1,30688,1695609094.7623675
1,30720,1695609094.7836795
1,30752,1695609094.803439
1,30784,1695609094.8230193
1,30816,1695609094.8428097
1,30848,1695609094.8625238
1,30880,1695609094.8828046
1,30912,1695609094.903034
1,30944,1695609094.922164
1,30976,1695609094.9433932
1,31008,1695609094.9631743
1,31040,1695609094.9825273
1,31072,1695609095.002737
1,31104,1695609095.0234976
1,31136,1695609095.0426583
1,31168,1695609095.0628831
1,31200,1695609095.0827157
1,31232,1695609095.10286
1,31264,1695609095.1238444
1,31296,1695609095.1428509
1,31328,1695609095.1620195
1,31360,1695609095.182394
1,31392,1695609095.2029295
1,31424,1695609095.2233634
1,31456,1695609095.2425158
1,31488,1695609095.2625175
1,31520,1695609095.2829435
1,31552,1695609095.3031719
1,31584,1695609095.3228512
1,31616,1695609095.3430543
1,31648,1695609095.363304
1,31680,1695609095.3836155
1,31712,1695609095.402495
1,31744,1695609095.4210424
1,31776,1695609095.4417188
1,31808,1695609095.457904
1,31840,1695609095.4781206
1,31872,1695609095.4986994
1,31904,1695609095.5181935
1,31936,1695609095.53789
1,31968,1695609095.5537431
1,32000,1695609095.578166
1,32032,1695609095.598655
1,32064,1695609095.618556
1,32096,1695609095.637982
1,32128,1695609095.6578896
1,32160,1695609095.6782093
1,32192,1695609095.699067
1,32224,1695609095.7191572
1,32256,1695609095.7390523
1,32288,1695609095.7596257
1,32320,1695609095.7803688
1,32352,1695609095.7968068
1,32384,1695609095.8193743
1,32416,1695609095.8385334
1,32448,1695609095.855457
1,32480,1695609095.8732045
1,32512,1695609095.8968108
1,32544,1695609095.912214
1,32576,1695609095.9323573
1,32608,1695609095.9504168
1,32640,1695609095.9720767
1,32672,1695609095.9914758
1,32704,1695609096.0151832
1,32736,1695609096.0310633
1,32768,1695609096.0518327
1,32800,1695609096.0723183
1,32832,1695609096.0908935
1,32864,1695609096.1100733
1,32896,1695609096.128916
1,32928,1695609096.1476502
1,32960,1695609096.168172
1,32992,1695609096.184584
1,33024,1695609096.2029889
1,33056,1695609096.2285576
1,33088,1695609096.2500837
1,33120,1695609096.2713296
1,33152,1695609096.2910848
1,33184,1695609096.3115478
1,33216,1695609096.329771
1,33248,1695609096.3491106
1,33280,1695609096.3663082
1,33312,1695609096.3900983
1,33344,1695609096.4091678
1,33376,1695609096.428737
1,33408,1695609096.4457998
1,33440,1695609096.4645512
1,33472,1695609096.4834762
1,33504,1695609096.5046952
1,33536,1695609096.5259652
1,33568,1695609096.5459118
1,33600,1695609096.565992
1,33632,1695609096.5886583
1,33664,1695609096.605827
1,33696,1695609096.6243203
1,33728,1695609096.6461282
1,33760,1695609096.6662836
1,33792,1695609096.6837916
1,33824,1695609096.7025363
1,33856,1695609096.7230568
1,33888,1695609096.74487
1,33920,1695609096.7614734
1,33952,1695609096.7804253
1,33984,1695609096.8027625
1,34016,1695609096.8219957
1,34048,1695609096.8432486
1,34080,1695609096.8624763
1,34112,1695609096.8824284
1,34144,1695609096.9052823
1,34176,1695609096.921991
1,34208,1695609096.9421065
1,34240,1695609096.9619544
1,34272,1695609096.9863005
1,34304,1695609097.0071795
1,34336,1695609097.0265758
1,34368,1695609097.047076
1,34400,1695609097.0675316
1,34432,1695609097.0873504
1,34464,1695609097.1067524
1,34496,1695609097.1270843
1,34528,1695609097.1470742
1,34560,1695609097.1666489
1,34592,1695609097.1869564
1,34624,1695609097.2074807
1,34656,1695609097.227182
1,34688,1695609097.246782
1,34720,1695609097.2666404
1,34752,1695609097.286584
1,34784,1695609097.3074787
1,34816,1695609097.3271823
1,34848,1695609097.347236
1,34880,1695609097.3672478
1,34912,1695609097.3870661
1,34944,1695609097.407164
1,34976,1695609097.4268196
1,35008,1695609097.4470093
1,35040,1695609097.4666095
1,35072,1695609097.4870555
1,35104,1695609097.5076094
1,35136,1695609097.5265896
1,35168,1695609097.5467474
1,35200,1695609097.567274
1,35232,1695609097.5875623
1,35264,1695609097.6073093
1,35296,1695609097.6270502
1,35328,1695609097.647086
1,35360,1695609097.6667929
1,35392,1695609097.6868083
1,35424,1695609097.7073271
1,35456,1695609097.7273495
1,35488,1695609097.7471478
1,35520,1695609097.7672782
1,35552,1695609097.7871234
1,35584,1695609097.8066885
1,35616,1695609097.8262465
1,35648,1695609097.8472233
1,35680,1695609097.8669875
1,35712,1695609097.8863223
1,35744,1695609097.9068055
1,35776,1695609097.9264238
1,35808,1695609097.9475315
1,35840,1695609097.9672885
1,35872,1695609097.986974
1,35904,1695609098.0066164
1,35936,1695609098.0265787
1,35968,1695609098.0471103
1,36000,1695609098.067429
1,36032,1695609098.086865
1,36064,1695609098.1072025
1,36096,1695609098.127462
1,36128,1695609098.14679
1,36160,1695609098.1668
1,36192,1695609098.1876523
1,36224,1695609098.207482
1,36256,1695609098.2275617
1,36288,1695609098.2470796
1,36320,1695609098.2675173
1,36352,1695609098.2871637
1,36384,1695609098.3079278
1,36416,1695609098.3274984
1,36448,1695609098.34724
1,36480,1695609098.3668225
1,36512,1695609098.3869936
1,36544,1695609098.4056592
1,36576,1695609098.425177
1,36608,1695609098.4416578
1,36640,1695609098.461268
1,36672,1695609098.48226
1,36704,1695609098.506098
1,36736,1695609098.5267038
1,36768,1695609098.547206
1,36800,1695609098.566817
1,36832,1695609098.5871549
1,36864,1695609098.6068132
1,36896,1695609098.6269758
1,36928,1695609098.6474662
1,36960,1695609098.6672304
1,36992,1695609098.6865911
1,37024,1695609098.7064877
1,37056,1695609098.7269416
1,37088,1695609098.7471364
1,37120,1695609098.7671933
1,37152,1695609098.7871373
1,37184,1695609098.806699
1,37216,1695609098.8274276
1,37248,1695609098.8471568
1,37280,1695609098.8675907
1,37312,1695609098.8874247
1,37344,1695609098.9070535
1,37376,1695609098.9265876
1,37408,1695609098.9499772
1,37440,1695609098.9672022
1,37472,1695609098.9877272
1,37504,1695609099.0077531
1,37536,1695609099.0278304
1,37568,1695609099.047134
1,37600,1695609099.0672097
1,37632,1695609099.0871089
1,37664,1695609099.1067429
1,37696,1695609099.1271381
1,37728,1695609099.147409
1,37760,1695609099.1674001
1,37792,1695609099.1873498
1,37824,1695609099.2070303
1,37856,1695609099.2276258
1,37888,1695609099.2471528
1,37920,1695609099.2663965
1,37952,1695609099.2865648
1,37984,1695609099.3069463
1,38016,1695609099.3272388
1,38048,1695609099.3472815
1,38080,1695609099.3667672
1,38112,1695609099.3867357
1,38144,1695609099.4073544
1,38176,1695609099.4267328
1,38208,1695609099.447078
1,38240,1695609099.4666986
1,38272,1695609099.486891
1,38304,1695609099.5069997
1,38336,1695609099.5271375
1,38368,1695609099.5472136
1,38400,1695609099.5668473
1,38432,1695609099.5862725
1,38464,1695609099.6099994
1,38496,1695609099.6272805
1,38528,1695609099.6444275
1,38560,1695609099.6647928
1,38592,1695609099.6828175
1,38624,1695609099.7074683
1,38656,1695609099.727129
1,38688,1695609099.746937
1,38720,1695609099.7665846
1,38752,1695609099.7868755
1,38784,1695609099.8072064
1,38816,1695609099.8267627
1,38848,1695609099.8469274
1,38880,1695609099.866855
1,38912,1695609099.8869207
1,38944,1695609099.9063504
1,38976,1695609099.9271975
1,39008,1695609099.9469855
1,39040,1695609099.9670389
1,39072,1695609099.989533
1,39104,1695609100.0061004
1,39136,1695609100.027339
1,39168,1695609100.0475833
1,39200,1695609100.0672493
1,39232,1695609100.0875955
1,39264,1695609100.1074405
1,39296,1695609100.1270652
1,39328,1695609100.1476247
1,39360,1695609100.16683
1,39392,1695609100.1874027
1,39424,1695609100.2069876
1,39456,1695609100.2272706
1,39488,1695609100.2472174
1,39520,1695609100.2679868
1,39552,1695609100.2869816
1,39584,1695609100.307515
1,39616,1695609100.3266184
1,39648,1695609100.3461835
1,39680,1695609100.364741
1,39712,1695609100.385857
1,39744,1695609100.402128
1,39776,1695609100.4263458
1,39808,1695609100.4454536
1,39840,1695609100.465858
1,39872,1695609100.4824872
1,39904,1695609100.5074668
1,39936,1695609100.5273836
1,39968,1695609100.5473459
1,40000,1695609100.5665789
1,40032,1695609100.5870771
1,40064,1695609100.6059177
1,40096,1695609100.6258373
1,40128,1695609100.6426606
1,40160,1695609100.6668637
1,40192,1695609100.686724
1,40224,1695609100.7067008
1,40256,1695609100.7266014
1,40288,1695609100.746445
1,40320,1695609100.765841
1,40352,1695609100.7849987
1,40384,1695609100.8022516
1,40416,1695609100.8262455
1,40448,1695609100.8470016
1,40480,1695609100.867269
1,40512,1695609100.886997
1,40544,1695609100.90677
1,40576,1695609100.9254785
1,40608,1695609100.9449465
1,40640,1695609100.9619095
1,40672,1695609100.987079
1,40704,1695609101.006644
1,40736,1695609101.0266223
1,40768,1695609101.0474772
1,40800,1695609101.0665817
1,40832,1695609101.0854897
1,40864,1695609101.1048775
1,40896,1695609101.1215816
1,40928,1695609101.1403575
1,40960,1695609101.1627548
1,40992,1695609101.1869144
1,41024,1695609101.2069592
1,41056,1695609101.2270203
1,41088,1695609101.2454846
1,41120,1695609101.264881
1,41152,1695609101.285871
1,41184,1695609101.3067665
1,41216,1695609101.3273485
1,41248,1695609101.3472712
1,41280,1695609101.3671439
1,41312,1695609101.3865457
1,41344,1695609101.4055529
1,41376,1695609101.425122
1,41408,1695609101.4427583
1,41440,1695609101.4662054
1,41472,1695609101.487271
1,41504,1695609101.5069282
1,41536,1695609101.5269647
1,41568,1695609101.5464385
1,41600,1695609101.5659776
1,41632,1695609101.5847552
1,41664,1695609101.602326
1,41696,1695609101.6257434
1,41728,1695609101.6468363
1,41760,1695609101.6671562
1,41792,1695609101.687252
1,41824,1695609101.7065716
1,41856,1695609101.7255268
1,41888,1695609101.7452006
1,41920,1695609101.7619274
1,41952,1695609101.7802176
1,41984,1695609101.8020885
1,42016,1695609101.821477
1,42048,1695609101.841031
1,42080,1695609101.866069
1,42112,1695609101.88532
1,42144,1695609101.9054444
1,42176,1695609101.9225085
1,42208,1695609101.9471154
1,42240,1695609101.9653916
1,42272,1695609101.988474
1,42304,1695609102.0082216
1,42336,1695609102.0270164
1,42368,1695609102.0459127
1,42400,1695609102.0648866
1,42432,1695609102.082226
1,42464,1695609102.1067584
1,42496,1695609102.126614
1,42528,1695609102.147035
1,42560,1695609102.167531
1,42592,1695609102.185622
1,42624,1695609102.205479
1,42656,1695609102.2256584
1,42688,1695609102.2423189
1,42720,1695609102.267039
1,42752,1695609102.2877
1,42784,1695609102.3073328
1,42816,1695609102.3266015
1,42848,1695609102.3465307
1,42880,1695609102.3670645
1,42912,1695609102.3877716
1,42944,1695609102.4073875
1,42976,1695609102.4265895
1,43008,1695609102.4456415
1,43040,1695609102.464994
1,43072,1695609102.482681
1,43104,1695609102.5071306
1,43136,1695609102.5266626
1,43168,1695609102.5463805
1,43200,1695609102.5667343
1,43232,1695609102.5861344
1,43264,1695609102.6058633
1,43296,1695609102.6231062
1,43328,1695609102.640836
1,43360,1695609102.666618
1,43392,1695609102.6856732
1,43424,1695609102.7048898
1,43456,1695609102.722692
1,43488,1695609102.746975
1,43520,1695609102.766
1,43552,1695609102.788095
1,43584,1695609102.8038065
1,43616,1695609102.828316
1,43648,1695609102.8467672
1,43680,1695609102.8672721
1,43712,1695609102.8872933
1,43744,1695609102.9064682
1,43776,1695609102.9258673
1,43808,1695609102.9468067
1,43840,1695609102.966589
1,43872,1695609102.9864714
1,43904,1695609103.0066075
1,43936,1695609103.0278597
1,43968,1695609103.0470295
1,44000,1695609103.0670614
1,44032,1695609103.0893316
1,44064,1695609103.110049
1,44096,1695609103.1317403
1,44128,1695609103.150573
1,44160,1695609103.171058
1,44192,1695609103.1907408
1,44224,1695609103.2106936
1,44256,1695609103.2315028
1,44288,1695609103.2512152
1,44320,1695609103.2713652
1,44352,1695609103.2907412
1,44384,1695609103.3107913
1,44416,1695609103.3310237
1,44448,1695609103.3509371
1,44480,1695609103.3709881
1,44512,1695609103.390867
1,44544,1695609103.410914
1,44576,1695609103.4306607
1,44608,1695609103.4504678
1,44640,1695609103.470703
1,44672,1695609103.4901588
1,44704,1695609103.510296
1,44736,1695609103.5314817
1,44768,1695609103.5510988
1,44800,1695609103.5657592
1,44832,1695609103.585127
1,44864,1695609103.6058016
1,44896,1695609103.6308305
1,44928,1695609103.6510806
1,44960,1695609103.6709394
1,44992,1695609103.6911154
1,45024,1695609103.710649
1,45056,1695609103.731019
1,45088,1695609103.7509842
1,45120,1695609103.771209
1,45152,1695609103.7914665
1,45184,1695609103.8112164
1,45216,1695609103.8318338
1,45248,1695609103.8509505
1,45280,1695609103.8711274
1,45312,1695609103.8909466
1,45344,1695609103.911392
1,45376,1695609103.930807
1,45408,1695609103.9503956
1,45440,1695609103.970595
1,45472,1695609103.9911287
1,45504,1695609104.0094912
1,45536,1695609104.0295172
1,45568,1695609104.0460505
1,45600,1695609104.0664203
1,45632,1695609104.086604
1,45664,1695609104.1104193
1,45696,1695609104.1312091
1,45728,1695609104.1517735
1,45760,1695609104.1716206
1,45792,1695609104.1901393
1,45824,1695609104.2106445
1,45856,1695609104.2310145
1,45888,1695609104.2506835
1,45920,1695609104.2710617
1,45952,1695609104.2904978
1,45984,1695609104.3106654
1,46016,1695609104.3309608
1,46048,1695609104.3515787
1,46080,1695609104.3696015
1,46112,1695609104.3906446
1,46144,1695609104.4109662
1,46176,1695609104.430809
1,46208,1695609104.450662
1,46240,1695609104.4710467
1,46272,1695609104.4912715
1,46304,1695609104.5106678
1,46336,1695609104.5307484
1,46368,1695609104.5510728
1,46400,1695609104.5709054
1,46432,1695609104.5912304
1,46464,1695609104.61155
1,46496,1695609104.631744
1,46528,1695609104.650998
1,46560,1695609104.6707835
1,46592,1695609104.691292
1,46624,1695609104.7113268
1,46656,1695609104.7354705
1,46688,1695609104.758036
1,46720,1695609104.775639
1,46752,1695609104.7958713
1,46784,1695609104.8162088
1,46816,1695609104.8395236
1,46848,1695609104.8599944
1,46880,1695609104.8789554
1,46912,1695609104.8991988
1,46944,1695609104.9191537
1,46976,1695609104.9393492
1,47008,1695609104.9608593
1,47040,1695609104.9767854
1,47072,1695609105.0005867
1,47104,1695609105.0226877
1,47136,1695609105.040314
1,47168,1695609105.0600326
1,47200,1695609105.0832446
1,47232,1695609105.1029427
1,47264,1695609105.12335
1,47296,1695609105.1425288
1,47328,1695609105.1632779
1,47360,1695609105.1829047
1,47392,1695609105.2024317
1,47424,1695609105.222259
1,47456,1695609105.243414
1,47488,1695609105.2632186
1,47520,1695609105.2824826
1,47552,1695609105.3024886
1,47584,1695609105.3226547
1,47616,1695609105.342325
1,47648,1695609105.3625803
1,47680,1695609105.3832521
1,47712,1695609105.4028175
1,47744,1695609105.4230835
1,47776,1695609105.4432573
1,47808,1695609105.4656188
1,47840,1695609105.4875515
1,47872,1695609105.5049212
1,47904,1695609105.5220802
1,47936,1695609105.542347
1,47968,1695609105.5660057
1,48000,1695609105.5859914
1,48032,1695609105.6054246
1,48064,1695609105.6256642
1,48096,1695609105.6467872
1,48128,1695609105.6666887
1,48160,1695609105.6863933
1,48192,1695609105.7072842
1,48224,1695609105.7271185
1,48256,1695609105.7466278
1,48288,1695609105.7668478
1,48320,1695609105.7869437
1,48352,1695609105.8067544
1,48384,1695609105.82754
1,48416,1695609105.8475764
1,48448,1695609105.867029
1,48480,1695609105.8872912
1,48512,1695609105.907271
1,48544,1695609105.9276447
1,48576,1695609105.9473238
1,48608,1695609105.9675531
1,48640,1695609105.986807
1,48672,1695609106.0069616
1,48704,1695609106.0271547
1,48736,1695609106.0472784
1,48768,1695609106.0667896
1,48800,1695609106.0870588
1,48832,1695609106.1064906
1,48864,1695609106.1263802
1,48896,1695609106.1469123
1,48928,1695609106.1675498
1,48960,1695609106.1871636
1,48992,1695609106.2075255
1,49024,1695609106.2270563
1,49056,1695609106.2469406
1,49088,1695609106.266686
1,49120,1695609106.286546
1,49152,1695609106.306387
1,49184,1695609106.3262396
1,49216,1695609106.347356
1,49248,1695609106.3673165
1,49280,1695609106.386553
1,49312,1695609106.4071987
1,49344,1695609106.427211
1,49376,1695609106.4468246
1,49408,1695609106.4673574
1,49440,1695609106.486935
1,49472,1695609106.5065289
1,49504,1695609106.5273347
1,49536,1695609106.5466914
1,49568,1695609106.567082
1,49600,1695609106.5864325
1,49632,1695609106.6064122
1,49664,1695609106.6268587
1,49696,1695609106.6471667
1,49728,1695609106.6667645
1,49760,1695609106.6865106
1,49792,1695609106.704575
1,49824,1695609106.7231228
1,49856,1695609106.7425647
1,49888,1695609106.7621944
1,49920,1695609106.7824316
1,49952,1695609106.8018868
1,49984,1695609106.8223658
1,50000,1695609106.84834
2,32,1695609107.1593833
2,64,1695609107.174756
2,96,1695609107.194108
2,128,1695609107.2135537
2,160,1695609107.2309163
2,192,1695609107.251815
2,224,1695609107.2717714
2,256,1695609107.2905579
2,288,1695609107.3093956
2,320,1695609107.3278298
2,352,1695609107.34774
2,384,1695609107.3664114
2,416,1695609107.3925805
2,448,1695609107.4128072
2,480,1695609107.430225
2,512,1695609107.4486725
2,544,1695609107.4663363
2,576,1695609107.4882455
2,608,1695609107.5064533
2,640,1695609107.5266092
2,672,1695609107.5467877
2,704,1695609107.566562
2,736,1695609107.5857463
2,768,1695609107.6055796
2,800,1695609107.6244202
2,832,1695609107.6449869
2,864,1695609107.6650233
2,896,1695609107.6838524
2,928,1695609107.7024965
2,960,1695609107.722596
2,992,1695609107.7434728
2,1024,1695609107.7627819
2,1056,1695609107.7827272
2,1088,1695609107.8028815
2,1120,1695609107.8228946
2,1152,1695609107.842001
2,1184,1695609107.8614483
2,1216,1695609107.8815956
2,1248,1695609107.9006884
2,1280,1695609107.9206085
2,1312,1695609107.9403841
2,1344,1695609107.9579647
2,1376,1695609107.9780686
2,1408,1695609107.9982665
2,1440,1695609108.0180864
2,1472,1695609108.0375695
2,1504,1695609108.057841
2,1536,1695609108.077439
2,1568,1695609108.0971727
2,1600,1695609108.1169424
2,1632,1695609108.135384
2,1664,1695609108.1552417
2,1696,1695609108.175763
2,1728,1695609108.1946812
2,1760,1695609108.2149005
2,1792,1695609108.2349648
2,1824,1695609108.2549064
2,1856,1695609108.274605
2,1888,1695609108.2955136
2,1920,1695609108.3149202
2,1952,1695609108.3350844
2,1984,1695609108.3546295
2,2016,1695609108.374573
2,2048,1695609108.3944843
2,2080,1695609108.414242
2,2112,1695609108.4345508
2,2144,1695609108.454051
2,2176,1695609108.4735732
2,2208,1695609108.4922931
2,2240,1695609108.5121593
2,2272,1695609108.531389
2,2304,1695609108.5555067
2,2336,1695609108.5752892
2,2368,1695609108.5951767
2,2400,1695609108.6151245
2,2432,1695609108.6348917
2,2464,1695609108.6548984
2,2496,1695609108.6745815
2,2528,1695609108.694681
2,2560,1695609108.7146757
2,2592,1695609108.735217
2,2624,1695609108.7551813
2,2656,1695609108.7748373
2,2688,1695609108.794792
2,2720,1695609108.8175132
2,2752,1695609108.8346286
2,2784,1695609108.855304
2,2816,1695609108.8755648
2,2848,1695609108.8948822
2,2880,1695609108.9148993
2,2912,1695609108.9350505
2,2944,1695609108.9546132
2,2976,1695609108.9747329
2,3008,1695609108.9946826
2,3040,1695609109.0146828
2,3072,1695609109.0351768
2,3104,1695609109.0554605
2,3136,1695609109.0749586
2,3168,1695609109.0951393
2,3200,1695609109.1145802
2,3232,1695609109.1345448
2,3264,1695609109.158766
2,3296,1695609109.1777337
2,3328,1695609109.1965222
2,3360,1695609109.2165647
2,3392,1695609109.2371001
2,3424,1695609109.2579005
2,3456,1695609109.2773354
2,3488,1695609109.2978604
2,3520,1695609109.3178008
2,3552,1695609109.3387392
2,3584,1695609109.3603737
2,3616,1695609109.3814447
2,3648,1695609109.401974
2,3680,1695609109.4216204
2,3712,1695609109.4409223
2,3744,1695609109.4612658
2,3776,1695609109.4849243
2,3808,1695609109.5064955
2,3840,1695609109.5284307
2,3872,1695609109.5499122
2,3904,1695609109.5690978
2,3936,1695609109.5900502
2,3968,1695609109.6092715
2,4000,1695609109.635454
2,4032,1695609109.6549134
2,4064,1695609109.6768787
2,4096,1695609109.6986988
2,4128,1695609109.7177832
2,4160,1695609109.7403176
2,4192,1695609109.7613368
2,4224,1695609109.7825136
2,4256,1695609109.8048952
2,4288,1695609109.8258786
2,4320,1695609109.845696
2,4352,1695609109.8658779
2,4384,1695609109.8848264
2,4416,1695609109.9053812
2,4448,1695609109.9259112
2,4480,1695609109.9457672
2,4512,1695609109.9657605
2,4544,1695609109.9853327
2,4576,1695609110.0083406
2,4608,1695609110.029934
2,4640,1695609110.0489595
2,4672,1695609110.0695763
2,4704,1695609110.0897737
2,4736,1695609110.107017
2,4768,1695609110.1301825
2,4800,1695609110.149887
2,4832,1695609110.1700082
2,4864,1695609110.189825
2,4896,1695609110.2097833
2,4928,1695609110.229669
2,4960,1695609110.2499366
2,4992,1695609110.2698317
2,5024,1695609110.2898164
2,5056,1695609110.3128724
2,5088,1695609110.3336408
2,5120,1695609110.348453
2,5152,1695609110.3736482
2,5184,1695609110.3981707
2,5216,1695609110.417711
2,5248,1695609110.4367957
2,5280,1695609110.4580684
2,5312,1695609110.4758162
2,5344,1695609110.5001862
2,5376,1695609110.5219467
2,5408,1695609110.541062
2,5440,1695609110.5615427
2,5472,1695609110.5812895
2,5504,1695609110.602216
2,5536,1695609110.618383
2,5568,1695609110.6421132
2,5600,1695609110.6614132
2,5632,1695609110.6815038
2,5664,1695609110.7013817
2,5696,1695609110.721447
2,5728,1695609110.741665
2,5760,1695609110.760821
2,5792,1695609110.7815697
2,5824,1695609110.8006506
2,5856,1695609110.8215275
2,5888,1695609110.8400996
2,5920,1695609110.8596551
2,5952,1695609110.8796456
2,5984,1695609110.901165
2,6016,1695609110.9188979
2,6048,1695609110.9401793
2,6080,1695609110.959001
2,6112,1695609110.9787638
2,6144,1695609111.006423
2,6176,1695609111.0270169
2,6208,1695609111.048966
2,6240,1695609111.0698018
2,6272,1695609111.0892062
2,6304,1695609111.1098466
2,6336,1695609111.1296177
2,6368,1695609111.1506743
2,6400,1695609111.1740742
2,6432,1695609111.1950884
2,6464,1695609111.2114398
2,6496,1695609111.229751
2,6528,1695609111.2519608
2,6560,1695609111.2706597
2,6592,1695609111.2907991
2,6624,1695609111.3104937
2,6656,1695609111.3306847
2,6688,1695609111.3504598
2,6720,1695609111.370168
2,6752,1695609111.389949
2,6784,1695609111.409973
2,6816,1695609111.4299893
2,6848,1695609111.4499414
2,6880,1695609111.4698784
2,6912,1695609111.4898155
2,6944,1695609111.5093777
2,6976,1695609111.5296953
2,7008,1695609111.5483346
2,7040,1695609111.5696833
2,7072,1695609111.5895238
2,7104,1695609111.6095927
2,7136,1695609111.629633
2,7168,1695609111.6494498
2,7200,1695609111.6675775
2,7232,1695609111.6905622
2,7264,1695609111.707513
2,7296,1695609111.7300131
2,7328,1695609111.7497573
2,7360,1695609111.7698364
2,7392,1695609111.7899337
2,7424,1695609111.8095458
2,7456,1695609111.829746
2,7488,1695609111.8497994
2,7520,1695609111.8694372
2,7552,1695609111.887614
2,7584,1695609111.9080205
2,7616,1695609111.9265904
2,7648,1695609111.9482932
2,7680,1695609111.9658859
2,7712,1695609111.9864025
2,7744,1695609112.0064952
2,7776,1695609112.026038
2,7808,1695609112.0493524
2,7840,1695609112.0695906
2,7872,1695609112.089442
2,7904,1695609112.1141555
2,7936,1695609112.1342976
2,7968,1695609112.1569347
2,8000,1695609112.1784253
2,8032,1695609112.2006617
2,8064,1695609112.2214363
2,8096,1695609112.2419481
2,8128,1695609112.261393
2,8160,1695609112.2852848
2,8192,1695609112.3060367
2,8224,1695609112.3263483
2,8256,1695609112.3485053
2,8288,1695609112.3699512
2,8320,1695609112.389076
2,8352,1695609112.4097016
2,8384,1695609112.4294395
2,8416,1695609112.449939
2,8448,1695609112.4694927
2,8480,1695609112.4893432
2,8512,1695609112.506709
2,8544,1695609112.5281901
2,8576,1695609112.5461657
2,8608,1695609112.5664287
2,8640,1695609112.5864146
2,8672,1695609112.606363
2,8704,1695609112.6260054
2,8736,1695609112.646054
2,8768,1695609112.6658146
2,8800,1695609112.6860654
2,8832,1695609112.7056706
2,8864,1695609112.7255075
2,8896,1695609112.7455485
2,8928,1695609112.7655659
2,8960,1695609112.7835512
2,8992,1695609112.8040402
2,9024,1695609112.82336
2,9056,1695609112.8437214
2,9088,1695609112.863175
2,9120,1695609112.8838923
2,9152,1695609112.9030738
2,9184,1695609112.92405
2,9216,1695609112.9430346
2,9248,1695609112.9641402
2,9280,1695609112.9823415
2,9312,1695609113.0025556
2,9344,1695609113.0220544
2,9376,1695609113.0426843
2,9408,1695609113.0617757
2,9440,1695609113.0821643
2,9472,1695609113.101711
2,9504,1695609113.1218908
2,9536,1695609113.1418946
2,9568,1695609113.1618772
2,9600,1695609113.1817348
2,9632,1695609113.2018893
2,9664,1695609113.2215946
2,9696,1695609113.2399952
2,9728,1695609113.2590272
2,9760,1695609113.2791746
2,9792,1695609113.3003995
2,9824,1695609113.318613
2,9856,1695609113.3386476
2,9888,1695609113.3583913
2,9920,1695609113.3781972
2,9952,1695609113.3981824
2,9984,1695609113.4167507
2,10016,1695609113.4415824
2,10048,1695609113.4615753
2,10080,1695609113.4844139
2,10112,1695609113.505713
2,10144,1695609113.5254886
2,10176,1695609113.5459569
2,10208,1695609113.5684597
2,10240,1695609113.589248
2,10272,1695609113.6099992
2,10304,1695609113.6285264
2,10336,1695609113.645752
2,10368,1695609113.6660967
2,10400,1695609113.6861935
2,10432,1695609113.7064028
2,10464,1695609113.726194
2,10496,1695609113.7465553
2,10528,1695609113.765705
2,10560,1695609113.7857153
2,10592,1695609113.8040452
2,10624,1695609113.8251514
2,10656,1695609113.8432863
2,10688,1695609113.8629906
2,10720,1695609113.8827922
2,10752,1695609113.9053254
2,10784,1695609113.9255488
2,10816,1695609113.9437537
2,10848,1695609113.9633954
2,10880,1695609113.9842308
2,10912,1695609114.0027587
2,10944,1695609114.0225651
2,10976,1695609114.041984
2,11008,1695609114.062514
2,11040,1695609114.0825286
2,11072,1695609114.1025317
2,11104,1695609114.122074
2,11136,1695609114.1421177
2,11168,1695609114.1621246
2,11200,1695609114.1819441
2,11232,1695609114.201824
2,11264,1695609114.2202687
2,11296,1695609114.2418253
2,11328,1695609114.2574944
2,11360,1695609114.2738154
2,11392,1695609114.2875264
2,11424,1695609114.3024113
2,11456,1695609114.3164413
2,11488,1695609114.3310318
2,11520,1695609114.3448527
2,11552,1695609114.3602195
2,11584,1695609114.3738353
2,11616,1695609114.3894212
2,11648,1695609114.4040735
2,11680,1695609114.4197884
2,11712,1695609114.4355094
2,11744,1695609114.4503968
2,11776,1695609114.4649487
2,11808,1695609114.4829302
2,11840,1695609114.4988158
2,11872,1695609114.5146549
2,11904,1695609114.5295658
2,11936,1695609114.5447805
2,11968,1695609114.5602305
2,12000,1695609114.5751522
2,12032,1695609114.5899644
2,12064,1695609114.6050508
2,12096,1695609114.6205792
2,12128,1695609114.634641
2,12160,1695609114.650355
2,12192,1695609114.6662745
2,12224,1695609114.6800795
2,12256,1695609114.6948197
2,12288,1695609114.708881
2,12320,1695609114.72331
2,12352,1695609114.7383673
2,12384,1695609114.7533386
2,12416,1695609114.7690978
2,12448,1695609114.7851167
2,12480,1695609114.7996786
2,12512,1695609114.8153834
2,12544,1695609114.8313265
2,12576,1695609114.8461735
2,12608,1695609114.861143
2,12640,1695609114.8766587
2,12672,1695609114.8907044
2,12704,1695609114.9064577
2,12736,1695609114.9223478
2,12768,1695609114.9362605
2,12800,1695609114.9508557
2,12832,1695609114.9656286
2,12864,1695609114.980764
2,12896,1695609114.9962678
2,12928,1695609115.0121515
2,12960,1695609115.0268793
2,12992,1695609115.0424516
2,13024,1695609115.0582771
2,13056,1695609115.0720987
2,13088,1695609115.0866792
2,13120,1695609115.1014042
2,13152,1695609115.1167953
2,13184,1695609115.1322536
2,13216,1695609115.1458764
2,13248,1695609115.1636088
2,13280,1695609115.1791604
2,13312,1695609115.1940293
2,13344,1695609115.2091742
2,13376,1695609115.224834
2,13408,1695609115.2385838
2,13440,1695609115.2540581
2,13472,1695609115.2692947
2,13504,1695609115.2834656
2,13536,1695609115.2984002
2,13568,1695609115.3123033
2,13600,1695609115.3269522
2,13632,1695609115.3419776
2,13664,1695609115.357232
2,13696,1695609115.373024
2,13728,1695609115.3873107
2,13760,1695609115.403052
2,13792,1695609115.4187841
2,13824,1695609115.4335027
2,13856,1695609115.4486713
2,13888,1695609115.4655955
2,13920,1695609115.4792144
2,13952,1695609115.4913974
2,13984,1695609115.5044827
2,14016,1695609115.517262
2,14048,1695609115.5291405
2,14080,1695609115.5429256
2,14112,1695609115.5550728
2,14144,1695609115.5678735
2,14176,1695609115.5812237
2,14208,1695609115.5929835
2,14240,1695609115.6064737
2,14272,1695609115.618885
2,14304,1695609115.631648
2,14336,1695609115.6452448
2,14368,1695609115.656953
2,14400,1695609115.670533
2,14432,1695609115.6829388
2,14464,1695609115.6955209
2,14496,1695609115.7082324
2,14528,1695609115.7204688
2,14560,1695609115.7321503
2,14592,1695609115.7454274
2,14624,1695609115.7575269
2,14656,1695609115.7709708
2,14688,1695609115.7832851
2,14720,1695609115.7963238
2,14752,1695609115.8090074
2,14784,1695609115.8207276
2,14816,1695609115.8376253
2,14848,1695609115.8527038
2,14880,1695609115.8664477
2,14912,1695609115.8788912
2,14944,1695609115.8915594
2,14976,1695609115.9044178
2,15008,1695609115.9163587
2,15040,1695609115.9280183
2,15072,1695609115.9415724
2,15104,1695609115.9541233
2,15136,1695609115.9663386
2,15168,1695609115.9796038
2,15200,1695609115.9919572
2,15232,1695609116.003649
2,15264,1695609116.016596
2,15296,1695609116.0309875
2,15328,1695609116.043377
2,15360,1695609116.056128
2,15392,1695609116.068508
2,15424,1695609116.0822587
2,15456,1695609116.0946696
2,15488,1695609116.106955
2,15520,1695609116.1197894
2,15552,1695609116.1323366
2,15584,1695609116.1442163
2,15616,1695609116.1575894
2,15648,1695609116.1694925
2,15680,1695609116.1828454
2,15712,1695609116.1953595
2,15744,1695609116.208333
2,15776,1695609116.2210283
2,15808,1695609116.2327664
2,15840,1695609116.2447722
2,15872,1695609116.2584674
2,15904,1695609116.2706993
2,15936,1695609116.2832007
2,15968,1695609116.2960703
2,16000,1695609116.308192
2,16032,1695609116.321311
2,16064,1695609116.3355486
2,16096,1695609116.3513577
2,16128,1695609116.3629653
2,16160,1695609116.3760097
2,16192,1695609116.389094
2,16224,1695609116.4008312
2,16256,1695609116.4142563
2,16288,1695609116.4266908
2,16320,1695609116.439136
2,16352,1695609116.4520397
2,16384,1695609116.4642313
2,16416,1695609116.4778342
2,16448,1695609116.4899004
2,16480,1695609116.503492
2,16512,1695609116.5157104
2,16544,1695609116.5290647
2,16576,1695609116.5419788
2,16608,1695609116.5542784
2,16640,1695609116.5675833
2,16672,1695609116.5806763
2,16704,1695609116.5933738
2,16736,1695609116.6052787
2,16768,1695609116.618909
2,16800,1695609116.630958
2,16832,1695609116.6436021
2,16864,1695609116.6563847
2,16896,1695609116.6686754
2,16928,1695609116.680389
2,16960,1695609116.693905
2,16992,1695609116.7060184
2,17024,1695609116.7191405
2,17056,1695609116.731329
2,17088,1695609116.7444053
2,17120,1695609116.757319
2,17152,1695609116.7690747
2,17184,1695609116.7823792
2,17216,1695609116.7947993
2,17248,1695609116.807463
2,17280,1695609116.8207126
2,17312,1695609116.8323867
2,17344,1695609116.845906
2,17376,1695609116.8583534
2,17408,1695609116.8705246
2,17440,1695609116.883436
2,17472,1695609116.8953733
2,17504,1695609116.9081063
2,17536,1695609116.9197226
2,17568,1695609116.9327266
2,17600,1695609116.944995
2,17632,1695609116.9567325
2,17664,1695609116.9700863
2,17696,1695609116.9824104
2,17728,1695609116.9945085
2,17760,1695609117.00752
2,17792,1695609117.0205808
2,17824,1695609117.0326343
2,17856,1695609117.044405
2,17888,1695609117.0562627
2,17920,1695609117.0694067
2,17952,1695609117.0812862
2,17984,1695609117.094905
2,18016,1695609117.1071827
2,18048,1695609117.1198418
2,18080,1695609117.132399
2,18112,1695609117.1446111
2,18144,1695609117.1584058
2,18176,1695609117.17056
2,18208,1695609117.1828535
2,18240,1695609117.195838
2,18272,1695609117.2081485
2,18304,1695609117.2197504
2,18336,1695609117.2330625
2,18368,1695609117.245693
2,18400,1695609117.2576134
2,18432,1695609117.2723522
2,18464,1695609117.2876098
2,18496,1695609117.3008037
2,18528,1695609117.3125846
2,18560,1695609117.3247764
2,18592,1695609117.3384993
2,18624,1695609117.350949
2,18656,1695609117.364113
2,18688,1695609117.3760931
2,18720,1695609117.3917649
2,18752,1695609117.404392
2,18784,1695609117.415978
2,18816,1695609117.429146
2,18848,1695609117.4410238
2,18880,1695609117.4530034
2,18912,1695609117.4663672
2,18944,1695609117.478896
2,18976,1695609117.491425
2,19008,1695609117.5042076
2,19040,1695609117.516246
2,19072,1695609117.5315833
2,19104,1695609117.5434523
2,19136,1695609117.5566294
2,19168,1695609117.5693593
2,19200,1695609117.5812807
2,19232,1695609117.5940897
2,19264,1695609117.6062996
2,19296,1695609117.619711
2,19328,1695609117.6314883
2,19360,1695609117.6447144
2,19392,1695609117.6570656
2,19424,1695609117.669121
2,19456,1695609117.682901
2,19488,1695609117.694978
2,19520,1695609117.7078588
2,19552,1695609117.7207432
2,19584,1695609117.7339785
2,19616,1695609117.7485595
2,19648,1695609117.760259
2,19680,1695609117.772118
2,19712,1695609117.7853286
2,19744,1695609117.797238
2,19776,1695609117.8090177
2,19808,1695609117.8217707
2,19840,1695609117.8334544
2,19872,1695609117.8468146
2,19904,1695609117.8591166
2,19936,1695609117.872032
2,19968,1695609117.8850665
2,20000,1695609117.896847
2,20032,1695609117.9088178
2,20064,1695609117.9223473
2,20096,1695609117.934813
2,20128,1695609117.94713
2,20160,1695609117.9600704
2,20192,1695609117.9726834
2,20224,1695609117.9860764
2,20256,1695609117.9999971
2,20288,1695609118.0109036
2,20320,1695609118.021472
2,20352,1695609118.0325768
2,20384,1695609118.0438914
2,20416,1695609118.0594583
2,20448,1695609118.0712318
2,20480,1695609118.0823123
2,20512,1695609118.0931365
2,20544,1695609118.1062677
2,20576,1695609118.1187992
2,20608,1695609118.1300163
2,20640,1695609118.1407297
2,20672,1695609118.1551018
2,20704,1695609118.1666439
2,20736,1695609118.1778939
2,20768,1695609118.1888964
2,20800,1695609118.2020838
2,20832,1695609118.2148874
2,20864,1695609118.225523
2,20896,1695609118.2361164
2,20928,1695609118.2494261
2,20960,1695609118.2622087
2,20992,1695609118.272683
2,21024,1695609118.2836025
2,21056,1695609118.2981133
2,21088,1695609118.3100219
2,21120,1695609118.3209953
2,21152,1695609118.3322499
2,21184,1695609118.3459644
2,21216,1695609118.35708
2,21248,1695609118.368548
2,21280,1695609118.3795702
2,21312,1695609118.3931236
2,21344,1695609118.4041195
2,21376,1695609118.4155462
2,21408,1695609118.4262965
2,21440,1695609118.439465
2,21472,1695609118.4523175
2,21504,1695609118.4631672
2,21536,1695609118.4739263
2,21568,1695609118.487269
2,21600,1695609118.49939
2,21632,1695609118.5106938
2,21664,1695609118.5213804
2,21696,1695609118.5352788
2,21728,1695609118.5484948
2,21760,1695609118.5645092
2,21792,1695609118.5788457
2,21824,1695609118.5930028
2,21856,1695609118.6058044
2,21888,1695609118.6165323
2,21920,1695609118.627019
2,21952,1695609118.6402695
2,21984,1695609118.6527958
2,22016,1695609118.6656597
2,22048,1695609118.6797678
2,22080,1695609118.6928194
2,22112,1695609118.7055402
2,22144,1695609118.7159665
2,22176,1695609118.7267601
2,22208,1695609118.741383
2,22240,1695609118.753638
2,22272,1695609118.764334
2,22304,1695609118.775379
2,22336,1695609118.788926
2,22368,1695609118.8018208
2,22400,1695609118.812677
2,22432,1695609118.8243718
2,22464,1695609118.8380578
2,22496,1695609118.8489532
2,22528,1695609118.86036
2,22560,1695609118.8713737
2,22592,1695609118.884998
2,22624,1695609118.8965006
2,22656,1695609118.90694
2,22688,1695609118.9176016
2,22720,1695609118.932354
2,22752,1695609118.9455411
2,22784,1695609118.9562318
2,22816,1695609118.9672546
2,22848,1695609118.9807
2,22880,1695609118.99344
2,22912,1695609119.0041564
2,22944,1695609119.0150583
2,22976,1695609119.0282512
2,23008,1695609119.0408494
2,23040,1695609119.0513654
2,23072,1695609119.062085
2,23104,1695609119.0766816
2,23136,1695609119.0895169
2,23168,1695609119.1001272
2,23200,1695609119.111098
2,23232,1695609119.1245608
2,23264,1695609119.1371367
2,23296,1695609119.1476576
2,23328,1695609119.1583464
2,23360,1695609119.172819
2,23392,1695609119.1854665
2,23424,1695609119.1961398
2,23456,1695609119.2080524
2,23488,1695609119.2219322
2,23520,1695609119.2351928
2,23552,1695609119.2456512
2,23584,1695609119.2566912
2,23616,1695609119.2704802
2,23648,1695609119.283507
2,23680,1695609119.295032
2,23712,1695609119.306065
2,23744,1695609119.3207002
2,23776,1695609119.333494
2,23808,1695609119.3440826
2,23840,1695609119.3550653
2,23872,1695609119.369484
2,23904,1695609119.3814597
2,23936,1695609119.3920457
2,23968,1695609119.4030125
2,24000,1695609119.4170926
2,24032,1695609119.4290676
2,24064,1695609119.4397278
2,24096,1695609119.4507403
2,24128,1695609119.465269
2,24160,1695609119.4774923
2,24192,1695609119.4880965
2,24224,1695609119.4991794
2,24256,1695609119.514475
2,24288,1695609119.5276036
2,24320,1695609119.539527
2,24352,1695609119.5506248
2,24384,1695609119.5639703
2,24416,1695609119.576078
2,24448,1695609119.5871813
2,24480,1695609119.5977488
2,24512,1695609119.6109838
2,24544,1695609119.623281
2,24576,1695609119.6344643
2,24608,1695609119.6450906
2,24640,1695609119.6582909
2,24672,1695609119.6708758
2,24704,1695609119.6815906
2,24736,1695609119.6921382
2,24768,1695609119.7054636
2,24800,1695609119.7184772
2,24832,1695609119.7289069
2,24864,1695609119.7398212
2,24896,1695609119.7534006
2,24928,1695609119.76621
2,24960,1695609119.7766402
2,24992,1695609119.78753
2,25024,1695609119.8011036
2,25056,1695609119.8138363
2,25088,1695609119.8244853
2,25120,1695609119.8354034
2,25152,1695609119.8488653
2,25184,1695609119.8615987
2,25216,1695609119.8721147
2,25248,1695609119.882958
2,25280,1695609119.8973734
2,25312,1695609119.9093616
2,25344,1695609119.9201093
2,25376,1695609119.931137
2,25408,1695609119.9446137
2,25440,1695609119.9573858
2,25472,1695609119.9678156
2,25504,1695609119.978585
2,25536,1695609119.992988
2,25568,1695609120.0052052
2,25600,1695609120.0171735
2,25632,1695609120.0295134
2,25664,1695609120.0456858
2,25696,1695609120.0595
2,25728,1695609120.0699492
2,25760,1695609120.0810359
2,25792,1695609120.0954218
2,25824,1695609120.1077585
2,25856,1695609120.120322
2,25888,1695609120.132266
2,25920,1695609120.1464887
2,25952,1695609120.1595037
2,25984,1695609120.1703742
2,26016,1695609120.1810768
2,26048,1695609120.1941788
2,26080,1695609120.2066884
2,26112,1695609120.2173321
2,26144,1695609120.2278419
2,26176,1695609120.2411563
2,26208,1695609120.2538958
2,26240,1695609120.2642775
2,26272,1695609120.2750838
2,26304,1695609120.2895763
2,26336,1695609120.3015726
2,26368,1695609120.3122535
2,26400,1695609120.323223
2,26432,1695609120.337554
2,26464,1695609120.349527
2,26496,1695609120.3601484
2,26528,1695609120.3711483
2,26560,1695609120.38459
2,26592,1695609120.3974805
2,26624,1695609120.4082074
2,26656,1695609120.4195285
2,26688,1695609120.4326477
2,26720,1695609120.445188
2,26752,1695609120.4557078
2,26784,1695609120.466418
2,26816,1695609120.4809
2,26848,1695609120.493389
2,26880,1695609120.504081
2,26912,1695609120.5150568
2,26944,1695609120.5293806
2,26976,1695609120.5415907
2,27008,1695609120.5525503
2,27040,1695609120.5638313
2,27072,1695609120.5774112
2,27104,1695609120.5901453
2,27136,1695609120.6009014
2,27168,1695609120.611884
2,27200,1695609120.6260285
2,27232,1695609120.6393728
2,27264,1695609120.6498528
2,27296,1695609120.660846
2,27328,1695609120.6745126
2,27360,1695609120.6871824
2,27392,1695609120.6977594
2,27424,1695609120.708177
2,27456,1695609120.7216215
2,27488,1695609120.7347033
2,27520,1695609120.7452285
2,27552,1695609120.756185
2,27584,1695609120.7700284
2,27616,1695609120.7843113
2,27648,1695609120.794993
2,27680,1695609120.8055463
2,27712,1695609120.8203282
2,27744,1695609120.833491
2,27776,1695609120.8440857
2,27808,1695609120.8550782
2,27840,1695609120.8685246
2,27872,1695609120.8813944
2,27904,1695609120.8918927
2,27936,1695609120.9026768
2,27968,1695609120.916863
2,28000,1695609120.9291127
2,28032,1695609120.9396667
2,28064,1695609120.951036
2,28096,1695609120.9649942
2,28128,1695609120.9765494
2,28160,1695609120.9870532
2,28192,1695609120.99837
2,28224,1695609121.0124528
2,28256,1695609121.0239542
2,28288,1695609121.034475
2,28320,1695609121.04567
2,28352,1695609121.0594442
2,28384,1695609121.0713341
2,28416,1695609121.082385
2,28448,1695609121.0931852
2,28480,1695609121.1063454
2,28512,1695609121.1188781
2,28544,1695609121.129623
2,28576,1695609121.1401582
2,28608,1695609121.1535904
2,28640,1695609121.166755
2,28672,1695609121.1779635
2,28704,1695609121.1891274
2,28736,1695609121.2027848
2,28768,1695609121.2140074
2,28800,1695609121.22525
2,28832,1695609121.2361348
2,28864,1695609121.2494977
2,28896,1695609121.260489
2,28928,1695609121.2711337
2,28960,1695609121.2820013
2,28992,1695609121.2965958
2,29024,1695609121.3094456
2,29056,1695609121.3200393
2,29088,1695609121.3309872
2,29120,1695609121.3459463
2,29152,1695609121.3582966
2,29184,1695609121.3695118
2,29216,1695609121.38083
2,29248,1695609121.3945382
2,29280,1695609121.4056299
2,29312,1695609121.4168603
2,29344,1695609121.4278831
2,29376,1695609121.4413974
2,29408,1695609121.4523296
2,29440,1695609121.462977
2,29472,1695609121.4743423
2,29504,1695609121.488529
2,29536,1695609121.5000567
2,29568,1695609121.5105567
2,29600,1695609121.521743
2,29632,1695609121.5360572
2,29664,1695609121.5478244
2,29696,1695609121.5583336
2,29728,1695609121.5692687
2,29760,1695609121.5836082
2,29792,1695609121.5952632
2,29824,1695609121.606066
2,29856,1695609121.6167548
2,29888,1695609121.6299002
2,29920,1695609121.6427257
2,29952,1695609121.6537266
2,29984,1695609121.664388
2,30016,1695609121.678524
2,30048,1695609121.69208
2,30080,1695609121.7025754
2,30112,1695609121.713739
2,30144,1695609121.727926
2,30176,1695609121.7396638
2,30208,1695609121.7504487
2,30240,1695609121.7611852
2,30272,1695609121.774375
2,30304,1695609121.7869177
2,30336,1695609121.7976108
2,30368,1695609121.8081443
2,30400,1695609121.8216188
2,30432,1695609121.834757
2,30464,1695609121.8460042
2,30496,1695609121.8571212
2,30528,1695609121.8707926
2,30560,1695609121.8820634
2,30592,1695609121.8933313
2,30624,1695609121.9042184
2,30656,1695609121.9179332
2,30688,1695609121.9295273
2,30720,1695609121.940495
2,30752,1695609121.9517603
2,30784,1695609121.9653094
2,30816,1695609121.978065
2,30848,1695609121.9887881
2,30880,1695609122.0004654
2,30912,1695609122.0142949
2,30944,1695609122.0253332
2,30976,1695609122.0368016
2,31008,1695609122.0477033
2,31040,1695609122.0648797
2,31072,1695609122.0766282
2,31104,1695609122.0882084
2,31136,1695609122.0992255
2,31168,1695609122.1123593
2,31200,1695609122.1231096
2,31232,1695609122.1347423
2,31264,1695609122.1456678
2,31296,1695609122.1592803
2,31328,1695609122.170924
2,31360,1695609122.1819792
2,31392,1695609122.1927967
2,31424,1695609122.205851
2,31456,1695609122.2185898
2,31488,1695609122.2292194
2,31520,1695609122.2397127
2,31552,1695609122.2529755
2,31584,1695609122.2654924
2,31616,1695609122.276024
2,31648,1695609122.2870793
2,31680,1695609122.3015525
2,31712,1695609122.3135457
2,31744,1695609122.3241823
2,31776,1695609122.3352118
2,31808,1695609122.3486068
2,31840,1695609122.361144
2,31872,1695609122.371627
2,31904,1695609122.3823588
2,31936,1695609122.396589
2,31968,1695609122.4090607
2,32000,1695609122.419561
2,32032,1695609122.4304955
2,32064,1695609122.4449291
2,32096,1695609122.457385
2,32128,1695609122.4679582
2,32160,1695609122.4792156
2,32192,1695609122.4936774
2,32224,1695609122.5053813
2,32256,1695609122.516113
2,32288,1695609122.5349734
2,32320,1695609122.5506175
2,32352,1695609122.5640655
2,32384,1695609122.576582
2,32416,1695609122.588283
2,32448,1695609122.6000903
2,32480,1695609122.6135962
2,32512,1695609122.6261237
2,32544,1695609122.638123
2,32576,1695609122.6512914
2,32608,1695609122.6636891
2,32640,1695609122.676742
2,32672,1695609122.6887941
2,32704,1695609122.70205
2,32736,1695609122.7159152
2,32768,1695609122.7284255
2,32800,1695609122.740416
2,32832,1695609122.7522142
2,32864,1695609122.7640507
2,32896,1695609122.7765584
2,32928,1695609122.7888098
2,32960,1695609122.8023021
2,32992,1695609122.8145862
2,33024,1695609122.8268385
2,33056,1695609122.8396516
2,33088,1695609122.8524127
2,33120,1695609122.8645358
2,33152,1695609122.8761904
2,33184,1695609122.8872592
2,33216,1695609122.9004147
2,33248,1695609122.9132733
2,33280,1695609122.9259586
2,33312,1695609122.9395711
2,33344,1695609122.9521222
2,33376,1695609122.9643192
2,33408,1695609122.9781704
2,33440,1695609122.992344
2,33472,1695609123.004246
2,33504,1695609123.0178921
2,33536,1695609123.0322218
2,33568,1695609123.0458763
2,33600,1695609123.0578275
2,33632,1695609123.0711012
2,33664,1695609123.0832322
2,33696,1695609123.0953503
2,33728,1695609123.1086102
2,33760,1695609123.121117
2,33792,1695609123.1328645
2,33824,1695609123.1463256
2,33856,1695609123.158718
2,33888,1695609123.1711621
2,33920,1695609123.1840467
2,33952,1695609123.196566
2,33984,1695609123.2109015
2,34016,1695609123.2224517
2,34048,1695609123.235448
2,34080,1695609123.2484913
2,34112,1695609123.2601986
2,34144,1695609123.2733095
2,34176,1695609123.2873752
2,34208,1695609123.3004422
2,34240,1695609123.3130467
2,34272,1695609123.3246846
2,34304,1695609123.3373568
2,34336,1695609123.3505774
2,34368,1695609123.3628232
2,34400,1695609123.375291
2,34432,1695609123.3878226
2,34464,1695609123.3992124
2,34496,1695609123.4143763
2,34528,1695609123.4275162
2,34560,1695609123.440192
2,34592,1695609123.4514863
2,34624,1695609123.4632988
2,34656,1695609123.4765632
2,34688,1695609123.4964209
2,34720,1695609123.5156193
2,34752,1695609123.534808
2,34784,1695609123.5578463
2,34816,1695609123.5748675
2,34848,1695609123.59435
2,34880,1695609123.6152136
2,34912,1695609123.635142
2,34944,1695609123.6543531
2,34976,1695609123.674364
2,35008,1695609123.695803
2,35040,1695609123.7165694
2,35072,1695609123.736181
2,35104,1695609123.7543285
2,35136,1695609123.7740192
2,35168,1695609123.7946522
2,35200,1695609123.8142183
2,35232,1695609123.8341317
2,35264,1695609123.8545084
2,35296,1695609123.8745058
2,35328,1695609123.8940678
2,35360,1695609123.9144254
2,35392,1695609123.934282
2,35424,1695609123.9548392
2,35456,1695609123.9767203
2,35488,1695609123.9978797
2,35520,1695609124.0119143
2,35552,1695609124.0249436
2,35584,1695609124.038621
2,35616,1695609124.0508497
2,35648,1695609124.0637944
2,35680,1695609124.0759742
2,35712,1695609124.0875266
2,35744,1695609124.1006346
2,35776,1695609124.1131883
2,35808,1695609124.1248424
2,35840,1695609124.1374857
2,35872,1695609124.1505687
2,35904,1695609124.1620991
2,35936,1695609124.1749878
2,35968,1695609124.187945
2,36000,1695609124.1994827
2,36032,1695609124.2126749
2,36064,1695609124.225415
2,36096,1695609124.2370806
2,36128,1695609124.2505114
2,36160,1695609124.2627857
2,36192,1695609124.2754843
2,36224,1695609124.2886436
2,36256,1695609124.3002334
