epoch,trained_sample,time
1,0,1696065128.056178
1,32,1696065129.2631097
1,64,1696065129.2958055
1,96,1696065129.3264256
1,128,1696065129.3657196
1,160,1696065129.397385
1,192,1696065129.426123
1,224,1696065129.4592984
1,256,1696065129.4963431
1,288,1696065129.5324082
1,320,1696065129.5628583
1,352,1696065129.5995576
1,384,1696065129.631345
1,416,1696065129.6659675
1,448,1696065129.706717
1,480,1696065129.7383168
1,512,1696065129.7831793
1,544,1696065129.8225918
1,576,1696065129.8555875
1,608,1696065129.8864665
1,640,1696065129.9226954
1,672,1696065129.950821
1,704,1696065129.9833086
1,736,1696065130.013377
1,768,1696065130.0580566
1,800,1696065130.0910227
1,832,1696065130.1224203
1,864,1696065130.1507523
1,896,1696065130.1915083
1,928,1696065130.2222953
1,960,1696065130.2565904
1,992,1696065130.2874105
1,1024,1696065130.3269792
1,1056,1696065130.3663797
1,1088,1696065130.398262
1,1120,1696065130.4286165
1,1152,1696065130.4669347
1,1184,1696065130.4982836
1,1216,1696065130.5353801
1,1248,1696065130.5641143
1,1280,1696065130.6004636
1,1312,1696065130.636975
1,1344,1696065130.668091
1,1376,1696065130.6990314
1,1408,1696065130.7338603
1,1440,1696065130.774093
1,1472,1696065130.806284
1,1504,1696065130.8383524
1,1536,1696065130.8748693
1,1568,1696065130.9069052
1,1600,1696065130.9390407
1,1632,1696065130.9739635
1,1664,1696065131.0127833
1,1696,1696065131.0425093
1,1728,1696065131.077681
1,1760,1696065131.1128125
1,1792,1696065131.148646
1,1824,1696065131.1799445
1,1856,1696065131.211227
1,1888,1696065131.2423327
1,1920,1696065131.277196
1,1952,1696065131.3059638
1,1984,1696065131.33841
1,2016,1696065131.3714752
1,2048,1696065131.4095635
1,2080,1696065131.4389942
1,2112,1696065131.4740045
1,2144,1696065131.5066369
1,2176,1696065131.5415308
1,2208,1696065131.5744593
1,2240,1696065131.6029558
1,2272,1696065131.632804
1,2304,1696065131.669558
1,2336,1696065131.7060473
1,2368,1696065131.7361042
1,2400,1696065131.7657175
1,2432,1696065131.7996907
1,2464,1696065131.8353465
1,2496,1696065131.8650198
1,2528,1696065131.8943992
1,2560,1696065131.9299283
1,2592,1696065131.9590504
1,2624,1696065131.9888606
1,2656,1696065132.018157
1,2688,1696065132.0522597
1,2720,1696065132.0813217
1,2752,1696065132.110632
1,2784,1696065132.1408272
1,2816,1696065132.1755548
1,2848,1696065132.2052274
1,2880,1696065132.2344697
1,2912,1696065132.2638097
1,2944,1696065132.2988157
1,2976,1696065132.3341424
1,3008,1696065132.36349
1,3040,1696065132.392363
1,3072,1696065132.4283261
1,3104,1696065132.4574442
1,3136,1696065132.4872873
1,3168,1696065132.5161672
1,3200,1696065132.5507188
1,3232,1696065132.579772
1,3264,1696065132.6087015
1,3296,1696065132.6406853
1,3328,1696065132.6748798
1,3360,1696065132.7107234
1,3392,1696065132.741425
1,3424,1696065132.770448
1,3456,1696065132.8055255
1,3488,1696065132.8352783
1,3520,1696065132.8641832
1,3552,1696065132.8933895
1,3584,1696065132.929539
1,3616,1696065132.9592931
1,3648,1696065132.988123
1,3680,1696065133.0173836
1,3712,1696065133.0536282
1,3744,1696065133.0827713
1,3776,1696065133.1119123
1,3808,1696065133.141123
1,3840,1696065133.1751232
1,3872,1696065133.2057364
1,3904,1696065133.235319
1,3936,1696065133.2686539
1,3968,1696065133.3060098
1,4000,1696065133.3385413
1,4032,1696065133.3671043
1,4064,1696065133.3997269
1,4096,1696065133.4385262
1,4128,1696065133.4702737
1,4160,1696065133.5022418
1,4192,1696065133.531316
1,4224,1696065133.5704126
1,4256,1696065133.6023026
1,4288,1696065133.6306016
1,4320,1696065133.6626718
1,4352,1696065133.7021646
1,4384,1696065133.7341266
1,4416,1696065133.766124
1,4448,1696065133.7996824
1,4480,1696065133.8367498
1,4512,1696065133.870931
1,4544,1696065133.9023178
1,4576,1696065133.9306552
1,4608,1696065133.9693987
1,4640,1696065134.0025868
1,4672,1696065134.0343382
1,4704,1696065134.070369
1,4736,1696065134.110361
1,4768,1696065134.1423955
1,4800,1696065134.1740887
1,4832,1696065134.2060497
1,4864,1696065134.2411373
1,4896,1696065134.270286
1,4928,1696065134.3041508
1,4960,1696065134.341582
1,4992,1696065134.3814313
1,5024,1696065134.4143462
1,5056,1696065134.4463413
1,5088,1696065134.4757748
1,5120,1696065134.5169969
1,5152,1696065134.548592
1,5184,1696065134.5782983
1,5216,1696065134.6140063
1,5248,1696065134.6533031
1,5280,1696065134.684362
1,5312,1696065134.7152555
1,5344,1696065134.7465324
1,5376,1696065134.783075
1,5408,1696065134.8155427
1,5440,1696065134.8467126
1,5472,1696065134.8814933
1,5504,1696065134.9212315
1,5536,1696065134.9544125
1,5568,1696065134.9891405
1,5600,1696065135.0193448
1,5632,1696065135.0574594
1,5664,1696065135.097944
1,5696,1696065135.1306868
1,5728,1696065135.1634119
1,5760,1696065135.2035797
1,5792,1696065135.2352931
1,5824,1696065135.2668433
1,5856,1696065135.2979064
1,5888,1696065135.3342001
1,5920,1696065135.367064
1,5952,1696065135.3982024
1,5984,1696065135.4304812
1,6016,1696065135.4652026
1,6048,1696065135.4986722
1,6080,1696065135.531432
1,6112,1696065135.5625517
1,6144,1696065135.6004353
1,6176,1696065135.6323888
1,6208,1696065135.663851
1,6240,1696065135.6946485
1,6272,1696065135.731349
1,6304,1696065135.7623372
1,6336,1696065135.7944105
1,6368,1696065135.8261476
1,6400,1696065135.863112
1,6432,1696065135.8944743
1,6464,1696065135.923636
1,6496,1696065135.9540634
1,6528,1696065136.0015023
1,6560,1696065136.034693
1,6592,1696065136.0693834
1,6624,1696065136.1023097
1,6656,1696065136.1364825
1,6688,1696065136.1662853
1,6720,1696065136.2056198
1,6752,1696065136.236694
1,6784,1696065136.273412
1,6816,1696065136.306926
1,6848,1696065136.3458984
1,6880,1696065136.378569
1,6912,1696065136.4135988
1,6944,1696065136.4425664
1,6976,1696065136.4787595
1,7008,1696065136.5184677
1,7040,1696065136.5580196
1,7072,1696065136.5951126
1,7104,1696065136.633861
1,7136,1696065136.6701515
1,7168,1696065136.7059703
1,7200,1696065136.7476127
1,7232,1696065136.786548
1,7264,1696065136.8185925
1,7296,1696065136.8551722
1,7328,1696065136.886442
1,7360,1696065136.9185998
1,7392,1696065136.957998
1,7424,1696065136.9951375
1,7456,1696065137.0236573
1,7488,1696065137.0624979
1,7520,1696065137.0945408
1,7552,1696065137.134845
1,7584,1696065137.1670835
1,7616,1696065137.1988864
1,7648,1696065137.2378588
1,7680,1696065137.273324
1,7712,1696065137.306874
1,7744,1696065137.338517
1,7776,1696065137.3780057
1,7808,1696065137.4133632
1,7840,1696065137.446825
1,7872,1696065137.4792373
1,7904,1696065137.5176709
1,7936,1696065137.5532966
1,7968,1696065137.5869157
1,8000,1696065137.6191568
1,8032,1696065137.6513352
1,8064,1696065137.6909158
1,8096,1696065137.7225797
1,8128,1696065137.761723
1,8160,1696065137.794297
1,8192,1696065137.837969
1,8224,1696065137.8705697
1,8256,1696065137.9061627
1,8288,1696065137.939073
1,8320,1696065137.9792612
1,8352,1696065138.0104136
1,8384,1696065138.0485737
1,8416,1696065138.0790877
1,8448,1696065138.1224453
1,8480,1696065138.154482
1,8512,1696065138.1867907
1,8544,1696065138.225555
1,8576,1696065138.2615733
1,8608,1696065138.296381
1,8640,1696065138.3266842
1,8672,1696065138.3659174
1,8704,1696065138.4015913
1,8736,1696065138.4373968
1,8768,1696065138.4702888
1,8800,1696065138.503008
1,8832,1696065138.546221
1,8864,1696065138.578644
1,8896,1696065138.611556
1,8928,1696065138.6498137
1,8960,1696065138.685266
1,8992,1696065138.7188108
1,9024,1696065138.7506654
1,9056,1696065138.7899685
1,9088,1696065138.8269238
1,9120,1696065138.8601887
1,9152,1696065138.8908172
1,9184,1696065138.9304864
1,9216,1696065138.966635
1,9248,1696065139.0017335
1,9280,1696065139.0341346
1,9312,1696065139.0665655
1,9344,1696065139.1070926
1,9376,1696065139.1395817
1,9408,1696065139.1780038
1,9440,1696065139.2104197
1,9472,1696065139.2475266
1,9504,1696065139.279663
1,9536,1696065139.3117151
1,9568,1696065139.350946
1,9600,1696065139.3864088
1,9632,1696065139.4228196
1,9664,1696065139.455591
1,9696,1696065139.493474
1,9728,1696065139.5292308
1,9760,1696065139.5629966
1,9792,1696065139.5948083
1,9824,1696065139.635063
1,9856,1696065139.6697276
1,9888,1696065139.7061865
1,9920,1696065139.7382367
1,9952,1696065139.7775857
1,9984,1696065139.8167045
1,10016,1696065139.847464
1,10048,1696065139.8861327
1,10080,1696065139.9183242
1,10112,1696065139.95611
1,10144,1696065139.9879234
1,10176,1696065140.025489
1,10208,1696065140.0583456
1,10240,1696065140.0941904
1,10272,1696065140.1257548
1,10304,1696065140.1627562
1,10336,1696065140.194655
1,10368,1696065140.2345
1,10400,1696065140.2719355
1,10432,1696065140.3123174
1,10464,1696065140.3504508
1,10496,1696065140.3822448
1,10528,1696065140.4226696
1,10560,1696065140.4623165
1,10592,1696065140.5010517
1,10624,1696065140.5410535
1,10656,1696065140.5772717
1,10688,1696065140.6183457
1,10720,1696065140.6503704
1,10752,1696065140.6822019
1,10784,1696065140.7262504
1,10816,1696065140.7649236
1,10848,1696065140.805092
1,10880,1696065140.8452978
1,10912,1696065140.8753333
1,10944,1696065140.9176564
1,10976,1696065140.9468267
1,11008,1696065140.9852653
1,11040,1696065141.0260098
1,11072,1696065141.065338
1,11104,1696065141.1053877
1,11136,1696065141.1429238
1,11168,1696065141.1813486
1,11200,1696065141.2169082
1,11232,1696065141.254083
1,11264,1696065141.2924316
1,11296,1696065141.3348436
1,11328,1696065141.3718538
1,11360,1696065141.4139655
1,11392,1696065141.4480758
1,11424,1696065141.4871767
1,11456,1696065141.5247235
1,11488,1696065141.5659437
1,11520,1696065141.604464
1,11552,1696065141.6353507
1,11584,1696065141.6735933
1,11616,1696065141.7028275
1,11648,1696065141.742242
1,11680,1696065141.7823803
1,11712,1696065141.8190799
1,11744,1696065141.856543
1,11776,1696065141.894121
1,11808,1696065141.931398
1,11840,1696065141.9693515
1,11872,1696065142.0068848
1,11904,1696065142.0440938
1,11936,1696065142.082865
1,11968,1696065142.1201582
1,12000,1696065142.1577508
1,12032,1696065142.1946578
1,12064,1696065142.232322
1,12096,1696065142.2723038
1,12128,1696065142.3142393
1,12160,1696065142.3519475
1,12192,1696065142.389986
1,12224,1696065142.4251971
1,12256,1696065142.4588032
1,12288,1696065142.499747
1,12320,1696065142.53709
1,12352,1696065142.5739417
1,12384,1696065142.6111746
1,12416,1696065142.6489892
1,12448,1696065142.685994
1,12480,1696065142.7232401
1,12512,1696065142.763888
1,12544,1696065142.7943091
1,12576,1696065142.8297958
1,12608,1696065142.87027
1,12640,1696065142.9034631
1,12672,1696065142.9351435
1,12704,1696065142.9751723
1,12736,1696065143.0112467
1,12768,1696065143.0485218
1,12800,1696065143.0797102
1,12832,1696065143.1180193
1,12864,1696065143.1540542
1,12896,1696065143.1862104
1,12928,1696065143.2255447
1,12960,1696065143.2585285
1,12992,1696065143.2915769
1,13024,1696065143.3233333
1,13056,1696065143.3672328
1,13088,1696065143.4020631
1,13120,1696065143.4343853
1,13152,1696065143.473416
1,13184,1696065143.5130415
1,13216,1696065143.5451117
1,13248,1696065143.579942
1,13280,1696065143.6179512
1,13312,1696065143.6552298
1,13344,1696065143.6852825
1,13376,1696065143.7222288
1,13408,1696065143.7559865
1,13440,1696065143.8018794
1,13472,1696065143.8347085
1,13504,1696065143.8701365
1,13536,1696065143.9024293
1,13568,1696065143.9430985
1,13600,1696065143.9742806
1,13632,1696065144.0065536
1,13664,1696065144.0489469
1,13696,1696065144.089005
1,13728,1696065144.1223881
1,13760,1696065144.1544213
1,13792,1696065144.1901906
1,13824,1696065144.2330616
1,13856,1696065144.264818
1,13888,1696065144.2996347
1,13920,1696065144.3410273
1,13952,1696065144.3810015
1,13984,1696065144.4121885
1,14016,1696065144.4497721
1,14048,1696065144.4856784
1,14080,1696065144.5214155
1,14112,1696065144.560752
1,14144,1696065144.590258
1,14176,1696065144.63093
1,14208,1696065144.6699917
1,14240,1696065144.702865
1,14272,1696065144.7346792
1,14304,1696065144.7742746
1,14336,1696065144.8134964
1,14368,1696065144.8442643
1,14400,1696065144.8793898
1,14432,1696065144.9178264
1,14464,1696065144.9577577
1,14496,1696065144.9929295
1,14528,1696065145.02663
1,14560,1696065145.0641072
1,14592,1696065145.1029418
1,14624,1696065145.1343043
1,14656,1696065145.169422
1,14688,1696065145.2060654
1,14720,1696065145.2446737
1,14752,1696065145.2849712
1,14784,1696065145.316454
1,14816,1696065145.3515985
1,14848,1696065145.3919206
1,14880,1696065145.4235365
1,14912,1696065145.458431
1,14944,1696065145.494282
1,14976,1696065145.5348048
1,15008,1696065145.5651772
1,15040,1696065145.602373
1,15072,1696065145.634969
1,15104,1696065145.6765535
1,15136,1696065145.7083
1,15168,1696065145.743648
1,15200,1696065145.777222
1,15232,1696065145.8207488
1,15264,1696065145.8540819
1,15296,1696065145.89355
1,15328,1696065145.9266188
1,15360,1696065145.9671457
1,15392,1696065145.9971335
1,15424,1696065146.032668
1,15456,1696065146.0714672
1,15488,1696065146.1061494
1,15520,1696065146.141074
1,15552,1696065146.1771462
1,15584,1696065146.2105274
1,15616,1696065146.2464962
1,15648,1696065146.2830274
1,15680,1696065146.3157194
1,15712,1696065146.3534646
1,15744,1696065146.3863223
1,15776,1696065146.425737
1,15808,1696065146.458964
1,15840,1696065146.4906256
1,15872,1696065146.5297995
1,15904,1696065146.5655406
1,15936,1696065146.6005366
1,15968,1696065146.6346858
1,16000,1696065146.6741138
1,16032,1696065146.7104633
1,16064,1696065146.744131
1,16096,1696065146.7792213
1,16128,1696065146.8104534
1,16160,1696065146.85176
1,16192,1696065146.8833919
1,16224,1696065146.921331
1,16256,1696065146.9544048
1,16288,1696065146.9919322
1,16320,1696065147.026734
1,16352,1696065147.059279
1,16384,1696065147.0989418
1,16416,1696065147.1395125
1,16448,1696065147.1702611
1,16480,1696065147.206198
1,16512,1696065147.2417035
1,16544,1696065147.2815838
1,16576,1696065147.314096
1,16608,1696065147.346263
1,16640,1696065147.3849196
1,16672,1696065147.428462
1,16704,1696065147.4587963
1,16736,1696065147.4979877
1,16768,1696065147.5328577
1,16800,1696065147.5708919
1,16832,1696065147.6057236
1,16864,1696065147.6350467
1,16896,1696065147.6747746
1,16928,1696065147.7154765
1,16960,1696065147.7558763
1,16992,1696065147.7910078
1,17024,1696065147.8228002
1,17056,1696065147.8665082
1,17088,1696065147.898497
1,17120,1696065147.9312708
1,17152,1696065147.9699516
1,17184,1696065148.0056863
1,17216,1696065148.0392728
1,17248,1696065148.0708554
1,17280,1696065148.10989
1,17312,1696065148.1471746
1,17344,1696065148.181767
1,17376,1696065148.21762
1,17408,1696065148.2503345
1,17440,1696065148.288534
1,17472,1696065148.317919
1,17504,1696065148.358769
1,17536,1696065148.3939948
1,17568,1696065148.4362988
1,17600,1696065148.4700677
1,17632,1696065148.5031009
1,17664,1696065148.534875
1,17696,1696065148.579704
1,17728,1696065148.620564
1,17760,1696065148.651486
1,17792,1696065148.6897705
1,17824,1696065148.7253888
1,17856,1696065148.7641547
1,17888,1696065148.7982428
1,17920,1696065148.8305085
1,17952,1696065148.8757699
1,17984,1696065148.906336
1,18016,1696065148.9447744
1,18048,1696065148.9748852
1,18080,1696065149.0190682
1,18112,1696065149.0513546
1,18144,1696065149.0861495
1,18176,1696065149.1221015
1,18208,1696065149.1639569
1,18240,1696065149.1946692
1,18272,1696065149.2282274
1,18304,1696065149.2704835
1,18336,1696065149.3053632
1,18368,1696065149.3385193
1,18400,1696065149.370748
1,18432,1696065149.4101548
1,18464,1696065149.4453917
1,18496,1696065149.4820247
1,18528,1696065149.515394
1,18560,1696065149.5470643
1,18592,1696065149.5942016
1,18624,1696065149.62633
1,18656,1696065149.6585786
1,18688,1696065149.6977243
1,18720,1696065149.7346814
1,18752,1696065149.7754278
1,18784,1696065149.8065
1,18816,1696065149.8428338
1,18848,1696065149.8890896
1,18880,1696065149.9204988
1,18912,1696065149.955529
1,18944,1696065149.993412
1,18976,1696065150.0331118
1,19008,1696065150.065245
1,19040,1696065150.1017017
1,19072,1696065150.1342142
1,19104,1696065150.1753974
1,19136,1696065150.206454
1,19168,1696065150.244741
1,19200,1696065150.2748616
1,19232,1696065150.3194985
1,19264,1696065150.3505113
1,19296,1696065150.3864117
1,19328,1696065150.4184477
1,19360,1696065150.4617324
1,19392,1696065150.4918532
1,19424,1696065150.527197
1,19456,1696065150.5655348
1,19488,1696065150.6016467
1,19520,1696065150.6350884
1,19552,1696065150.6672072
1,19584,1696065150.7057412
1,19616,1696065150.7412436
1,19648,1696065150.774934
1,19680,1696065150.80653
1,19712,1696065150.8453722
1,19744,1696065150.885098
1,19776,1696065150.916291
1,19808,1696065150.9510574
1,19840,1696065150.9855819
1,19872,1696065151.0276155
1,19904,1696065151.0584276
1,19936,1696065151.0945277
1,19968,1696065151.1274366
1,20000,1696065151.165668
1,20032,1696065151.1991806
1,20064,1696065151.2306852
1,20096,1696065151.2698107
1,20128,1696065151.302479
1,20160,1696065151.3352625
1,20192,1696065151.3740962
1,20224,1696065151.406325
1,20256,1696065151.4388163
1,20288,1696065151.478496
1,20320,1696065151.5108376
1,20352,1696065151.5500228
1,20384,1696065151.5824845
1,20416,1696065151.6148715
1,20448,1696065151.6578248
1,20480,1696065151.6908703
1,20512,1696065151.7241814
1,20544,1696065151.7616534
1,20576,1696065151.7945237
1,20608,1696065151.8366733
1,20640,1696065151.8780267
1,20672,1696065151.9103684
1,20704,1696065151.946471
1,20736,1696065151.9799027
1,20768,1696065152.0175729
1,20800,1696065152.0502133
1,20832,1696065152.087135
1,20864,1696065152.1194851
1,20896,1696065152.1571214
1,20928,1696065152.1902678
1,20960,1696065152.2265017
1,20992,1696065152.2657895
1,21024,1696065152.298384
1,21056,1696065152.3304129
1,21088,1696065152.3690834
1,21120,1696065152.4024386
1,21152,1696065152.445824
1,21184,1696065152.4784014
1,21216,1696065152.5097163
1,21248,1696065152.5497613
1,21280,1696065152.5822775
1,21312,1696065152.614581
1,21344,1696065152.6537144
1,21376,1696065152.6863668
1,21408,1696065152.7221317
1,21440,1696065152.7545145
1,21472,1696065152.7911732
1,21504,1696065152.8287292
1,21536,1696065152.858818
1,21568,1696065152.8981605
1,21600,1696065152.9316287
1,21632,1696065152.968984
1,21664,1696065153.0025387
1,21696,1696065153.0389268
1,21728,1696065153.0711796
1,21760,1696065153.1027715
1,21792,1696065153.1382215
1,21824,1696065153.1776834
1,21856,1696065153.2102816
1,21888,1696065153.2512474
1,21920,1696065153.2822435
1,21952,1696065153.313859
1,21984,1696065153.351943
1,22016,1696065153.3897243
1,22048,1696065153.4224424
1,22080,1696065153.466082
1,22112,1696065153.4981875
1,22144,1696065153.5343156
1,22176,1696065153.566435
1,22208,1696065153.6052372
1,22240,1696065153.6382048
1,22272,1696065153.6722589
1,22304,1696065153.7100823
1,22336,1696065153.7423465
1,22368,1696065153.778914
1,22400,1696065153.8152196
1,22432,1696065153.8467448
1,22464,1696065153.886117
1,22496,1696065153.9185014
1,22528,1696065153.9559522
1,22560,1696065153.9875374
1,22592,1696065154.0260544
1,22624,1696065154.0611115
1,22656,1696065154.0954566
1,22688,1696065154.13116
1,22720,1696065154.162543
1,22752,1696065154.201897
1,22784,1696065154.2356136
1,22816,1696065154.2664838
1,22848,1696065154.3024962
1,22880,1696065154.3361259
1,22912,1696065154.3743405
1,22944,1696065154.4064634
1,22976,1696065154.445651
1,23008,1696065154.474654
1,23040,1696065154.5145335
1,23072,1696065154.546369
1,23104,1696065154.5856328
1,23136,1696065154.6181083
1,23168,1696065154.6545072
1,23200,1696065154.6866572
1,23232,1696065154.7253754
1,23264,1696065154.7584245
1,23296,1696065154.7910113
1,23328,1696065154.8295057
1,23360,1696065154.8605278
1,23392,1696065154.8959591
1,23424,1696065154.9340425
1,23456,1696065154.9662375
1,23488,1696065154.9988816
1,23520,1696065155.034443
1,23552,1696065155.0668232
1,23584,1696065155.1064625
1,23616,1696065155.1386886
1,23648,1696065155.1779861
1,23680,1696065155.2105067
1,23712,1696065155.2540786
1,23744,1696065155.2825792
1,23776,1696065155.3294718
1,23808,1696065155.3624523
1,23840,1696065155.3979807
1,23872,1696065155.4392362
1,23904,1696065155.4778588
1,23936,1696065155.510312
1,23968,1696065155.5428534
1,24000,1696065155.5783563
1,24032,1696065155.6142812
1,24064,1696065155.6508403
1,24096,1696065155.6830163
1,24128,1696065155.721882
1,24160,1696065155.7510889
1,24192,1696065155.7929108
1,24224,1696065155.827248
1,24256,1696065155.8602169
1,24288,1696065155.8946934
1,24320,1696065155.934064
1,24352,1696065155.968889
1,24384,1696065156.0026288
1,24416,1696065156.0400062
1,24448,1696065156.0706594
1,24480,1696065156.1096692
1,24512,1696065156.1424103
1,24544,1696065156.1844654
1,24576,1696065156.2164571
1,24608,1696065156.2544963
1,24640,1696065156.297779
1,24672,1696065156.3337903
1,24704,1696065156.3670518
1,24736,1696065156.4054983
1,24768,1696065156.4414315
1,24800,1696065156.4701731
1,24832,1696065156.5060935
1,24864,1696065156.5473666
1,24896,1696065156.5902126
1,24928,1696065156.62233
1,24960,1696065156.6547837
1,24992,1696065156.6990058
1,25024,1696065156.7331436
1,25056,1696065156.7672153
1,25088,1696065156.8042839
1,25120,1696065156.8475487
1,25152,1696065156.8838787
1,25184,1696065156.9247613
1,25216,1696065156.9659479
1,25248,1696065157.0010648
1,25280,1696065157.0430021
1,25312,1696065157.079583
1,25344,1696065157.111153
1,25376,1696065157.1517284
1,25408,1696065157.1887212
1,25440,1696065157.2203436
1,25472,1696065157.2558765
1,25504,1696065157.2965622
1,25536,1696065157.3331916
1,25568,1696065157.366624
1,25600,1696065157.3986585
1,25632,1696065157.4377458
1,25664,1696065157.4789827
1,25696,1696065157.514224
1,25728,1696065157.5471
1,25760,1696065157.589932
1,25792,1696065157.6288261
1,25824,1696065157.6601336
1,25856,1696065157.6977684
1,25888,1696065157.7334368
1,25920,1696065157.7699032
1,25952,1696065157.8030856
1,25984,1696065157.8458405
1,26016,1696065157.8812985
1,26048,1696065157.9177694
1,26080,1696065157.9538126
1,26112,1696065157.986125
1,26144,1696065158.0251634
1,26176,1696065158.0664194
1,26208,1696065158.105882
1,26240,1696065158.1380825
1,26272,1696065158.179478
1,26304,1696065158.2258046
1,26336,1696065158.2584023
1,26368,1696065158.2906365
1,26400,1696065158.337166
1,26432,1696065158.3736134
1,26464,1696065158.406699
1,26496,1696065158.443937
1,26528,1696065158.4841995
1,26560,1696065158.5226736
1,26592,1696065158.5546246
1,26624,1696065158.594526
1,26656,1696065158.6249769
1,26688,1696065158.6681209
1,26720,1696065158.7017326
1,26752,1696065158.7374682
1,26784,1696065158.7728472
1,26816,1696065158.8088028
1,26848,1696065158.8439276
1,26880,1696065158.8819528
1,26912,1696065158.9181745
1,26944,1696065158.9515193
1,26976,1696065158.9900975
1,27008,1696065159.031318
1,27040,1696065159.0642095
1,27072,1696065159.1025083
1,27104,1696065159.1382976
1,27136,1696065159.1720343
1,27168,1696065159.2092636
1,27200,1696065159.2425454
1,27232,1696065159.2821171
1,27264,1696065159.3157215
1,27296,1696065159.3544095
1,27328,1696065159.389862
1,27360,1696065159.4235198
1,27392,1696065159.458265
1,27424,1696065159.4977446
1,27456,1696065159.5317578
1,27488,1696065159.5656946
1,27520,1696065159.6013818
1,27552,1696065159.636939
1,27584,1696065159.676653
1,27616,1696065159.709312
1,27648,1696065159.7472827
1,27680,1696065159.781202
1,27712,1696065159.817342
1,27744,1696065159.852458
1,27776,1696065159.8883743
1,27808,1696065159.9258053
1,27840,1696065159.9597542
1,27872,1696065159.9973023
1,27904,1696065160.0312436
1,27936,1696065160.0660183
1,27968,1696065160.1095986
1,28000,1696065160.1512022
1,28032,1696065160.1844702
1,28064,1696065160.2220697
1,28096,1696065160.257814
1,28128,1696065160.2941039
1,28160,1696065160.3343828
1,28192,1696065160.3703501
1,28224,1696065160.403731
1,28256,1696065160.441487
1,28288,1696065160.4741015
1,28320,1696065160.5109499
1,28352,1696065160.5464556
1,28384,1696065160.5799186
1,28416,1696065160.6182468
1,28448,1696065160.651889
1,28480,1696065160.6873353
1,28512,1696065160.7203083
1,28544,1696065160.7567916
1,28576,1696065160.793025
1,28608,1696065160.8283386
1,28640,1696065160.865643
1,28672,1696065160.8995447
1,28704,1696065160.9340584
1,28736,1696065160.9722996
1,28768,1696065161.0048923
1,28800,1696065161.041322
1,28832,1696065161.0769088
1,28864,1696065161.114372
1,28896,1696065161.1501176
1,28928,1696065161.185675
1,28960,1696065161.2219515
1,28992,1696065161.2551386
1,29024,1696065161.2900074
1,29056,1696065161.3329391
1,29088,1696065161.3663075
1,29120,1696065161.4039214
1,29152,1696065161.437521
1,29184,1696065161.472888
1,29216,1696065161.5111253
1,29248,1696065161.5496116
1,29280,1696065161.5821273
1,29312,1696065161.6187034
1,29344,1696065161.65305
1,29376,1696065161.6937237
1,29408,1696065161.72754
1,29440,1696065161.765797
1,29472,1696065161.7994342
1,29504,1696065161.8333788
1,29536,1696065161.8691678
1,29568,1696065161.909099
1,29600,1696065161.9427025
1,29632,1696065161.9779294
1,29664,1696065162.0129905
1,29696,1696065162.048855
1,29728,1696065162.0913732
1,29760,1696065162.1257224
1,29792,1696065162.1584077
1,29824,1696065162.1976814
1,29856,1696065162.2312315
1,29888,1696065162.2652593
1,29920,1696065162.300891
1,29952,1696065162.3362634
1,29984,1696065162.3742175
1,30016,1696065162.4074345
1,30048,1696065162.4457262
1,30080,1696065162.479628
1,30112,1696065162.5128703
1,30144,1696065162.5490284
1,30176,1696065162.5844507
1,30208,1696065162.622132
1,30240,1696065162.6621192
1,30272,1696065162.6964748
1,30304,1696065162.7340732
1,30336,1696065162.7698596
1,30368,1696065162.8037233
1,30400,1696065162.8387387
1,30432,1696065162.8728077
1,30464,1696065162.9097779
1,30496,1696065162.946044
1,30528,1696065162.9803262
1,30560,1696065163.0183797
1,30592,1696065163.0540042
1,30624,1696065163.0877564
1,30656,1696065163.125979
1,30688,1696065163.160445
1,30720,1696065163.197108
1,30752,1696065163.2307715
1,30784,1696065163.2697792
1,30816,1696065163.3022752
1,30848,1696065163.3417275
1,30880,1696065163.3741617
1,30912,1696065163.4100468
1,30944,1696065163.4455795
1,30976,1696065163.4803715
1,31008,1696065163.5188334
1,31040,1696065163.5528052
1,31072,1696065163.5886014
1,31104,1696065163.6244414
1,31136,1696065163.6621447
1,31168,1696065163.6956694
1,31200,1696065163.7339969
1,31232,1696065163.7675703
1,31264,1696065163.8052914
1,31296,1696065163.838697
1,31328,1696065163.8778803
1,31360,1696065163.9116845
1,31392,1696065163.9455278
1,31424,1696065163.9855216
1,31456,1696065164.0195625
1,31488,1696065164.0539546
1,31520,1696065164.0889482
1,31552,1696065164.1221368
1,31584,1696065164.164097
1,31616,1696065164.2101243
1,31648,1696065164.2450454
1,31680,1696065164.291138
1,31712,1696065164.3285782
1,31744,1696065164.3627622
1,31776,1696065164.399879
1,31808,1696065164.4466305
1,31840,1696065164.484854
1,31872,1696065164.5216308
1,31904,1696065164.5580683
1,31936,1696065164.603501
1,31968,1696065164.640762
1,32000,1696065164.686544
1,32032,1696065164.7246456
1,32064,1696065164.771035
1,32096,1696065164.8088338
1,32128,1696065164.8547215
1,32160,1696065164.89275
1,32192,1696065164.9294848
1,32224,1696065164.9656377
1,32256,1696065165.011589
1,32288,1696065165.0462806
1,32320,1696065165.0917985
1,32352,1696065165.1268673
1,32384,1696065165.1690052
1,32416,1696065165.2050195
1,32448,1696065165.2478967
1,32480,1696065165.2849064
1,32512,1696065165.3310359
1,32544,1696065165.3684707
1,32576,1696065165.4145246
1,32608,1696065165.4522371
1,32640,1696065165.496584
1,32672,1696065165.5335677
1,32704,1696065165.5768566
1,32736,1696065165.6118174
1,32768,1696065165.6584268
1,32800,1696065165.696671
1,32832,1696065165.7430406
1,32864,1696065165.7810168
1,32896,1696065165.8192275
1,32928,1696065165.8567703
1,32960,1696065165.9029849
1,32992,1696065165.941195
1,33024,1696065165.9837635
1,33056,1696065166.0207255
1,33088,1696065166.0664778
1,33120,1696065166.1033173
1,33152,1696065166.1481311
1,33184,1696065166.1847777
1,33216,1696065166.2307043
1,33248,1696065166.2654996
1,33280,1696065166.3114862
1,33312,1696065166.3492618
1,33344,1696065166.3950849
1,33376,1696065166.4296722
1,33408,1696065166.4749193
1,33440,1696065166.512151
1,33472,1696065166.5554814
1,33504,1696065166.5931141
1,33536,1696065166.6384542
1,33568,1696065166.6762204
1,33600,1696065166.7193117
1,33632,1696065166.7558694
1,33664,1696065166.802507
1,33696,1696065166.8406534
1,33728,1696065166.8864613
1,33760,1696065166.9242704
1,33792,1696065166.9704978
1,33824,1696065167.0055356
1,33856,1696065167.0515096
1,33888,1696065167.0890203
1,33920,1696065167.1350777
1,33952,1696065167.1737647
1,33984,1696065167.2197893
1,34016,1696065167.2567747
1,34048,1696065167.302914
1,34080,1696065167.3413463
1,34112,1696065167.3840744
1,34144,1696065167.4221027
1,34176,1696065167.4652405
1,34208,1696065167.4965234
1,34240,1696065167.5347226
1,34272,1696065167.5664434
1,34304,1696065167.6098256
1,34336,1696065167.643949
1,34368,1696065167.6769848
1,34400,1696065167.7145593
1,34432,1696065167.7475784
1,34464,1696065167.7810123
1,34496,1696065167.8162453
1,34528,1696065167.8496785
1,34560,1696065167.8842926
1,34592,1696065167.9216857
1,34624,1696065167.9551985
1,34656,1696065167.993668
1,34688,1696065168.026114
1,34720,1696065168.0604944
1,34752,1696065168.0951362
1,34784,1696065168.1279728
1,34816,1696065168.1655114
1,34848,1696065168.2040436
1,34880,1696065168.239153
1,34912,1696065168.2720172
1,34944,1696065168.3124492
1,34976,1696065168.3498485
1,35008,1696065168.388069
1,35040,1696065168.4213655
1,35072,1696065168.4564338
1,35104,1696065168.491106
1,35136,1696065168.524055
1,35168,1696065168.5639625
1,35200,1696065168.5989113
1,35232,1696065168.6317883
1,35264,1696065168.6652806
1,35296,1696065168.7022998
1,35328,1696065168.7357407
1,35360,1696065168.7688794
1,35392,1696065168.8059957
1,35424,1696065168.8396146
1,35456,1696065168.8729217
1,35488,1696065168.9102437
1,35520,1696065168.9461584
1,35552,1696065168.9791312
1,35584,1696065169.0130103
1,35616,1696065169.0501983
1,35648,1696065169.083975
1,35680,1696065169.1199892
1,35712,1696065169.1530173
1,35744,1696065169.189884
1,35776,1696065169.2236538
1,35808,1696065169.256732
1,35840,1696065169.2937486
1,35872,1696065169.3276422
1,35904,1696065169.3638315
1,35936,1696065169.4068377
1,35968,1696065169.4475114
1,36000,1696065169.4822166
1,36032,1696065169.52804
1,36064,1696065169.5626626
1,36096,1696065169.6099715
1,36128,1696065169.6456962
1,36160,1696065169.6911907
1,36192,1696065169.7296631
1,36224,1696065169.772198
1,36256,1696065169.80959
1,36288,1696065169.8549893
1,36320,1696065169.892842
1,36352,1696065169.939394
1,36384,1696065169.9768817
1,36416,1696065170.0230644
1,36448,1696065170.06164
1,36480,1696065170.1070201
1,36512,1696065170.14502
1,36544,1696065170.1888595
1,36576,1696065170.2254362
1,36608,1696065170.270841
1,36640,1696065170.3069508
1,36672,1696065170.3494627
1,36704,1696065170.387072
1,36736,1696065170.4290679
1,36768,1696065170.465045
1,36800,1696065170.5109103
1,36832,1696065170.548426
1,36864,1696065170.5915072
1,36896,1696065170.6289582
1,36928,1696065170.6654265
1,36960,1696065170.6970973
1,36992,1696065170.7287467
1,37024,1696065170.7603745
1,37056,1696065170.7918727
1,37088,1696065170.823569
1,37120,1696065170.8552077
1,37152,1696065170.8868914
1,37184,1696065170.923887
1,37216,1696065170.955774
1,37248,1696065170.987405
1,37280,1696065171.0190692
1,37312,1696065171.055862
1,37344,1696065171.0875812
1,37376,1696065171.119246
1,37408,1696065171.150856
1,37440,1696065171.1934776
1,37472,1696065171.2306132
1,37504,1696065171.2738018
1,37536,1696065171.3136923
1,37568,1696065171.3511138
1,37600,1696065171.382573
1,37632,1696065171.4198093
1,37664,1696065171.4534936
1,37696,1696065171.4993079
1,37728,1696065171.5374348
1,37760,1696065171.580984
1,37792,1696065171.6175234
1,37824,1696065171.6634092
1,37856,1696065171.700947
1,37888,1696065171.7471108
1,37920,1696065171.7843678
1,37952,1696065171.8276074
1,37984,1696065171.8647134
1,38016,1696065171.9105363
1,38048,1696065171.948413
1,38080,1696065171.9945738
1,38112,1696065172.03233
1,38144,1696065172.0756197
1,38176,1696065172.112879
1,38208,1696065172.1487637
1,38240,1696065172.1852636
1,38272,1696065172.2309349
1,38304,1696065172.2723687
1,38336,1696065172.3186662
1,38368,1696065172.3602855
1,38400,1696065172.4060733
1,38432,1696065172.4495516
1,38464,1696065172.4954667
1,38496,1696065172.5370505
1,38528,1696065172.5834317
1,38560,1696065172.6248426
1,38592,1696065172.670878
1,38624,1696065172.713339
1,38656,1696065172.7589598
1,38688,1696065172.8012884
1,38720,1696065172.84706
1,38752,1696065172.8888972
1,38784,1696065172.9350152
1,38816,1696065172.976584
1,38848,1696065173.0225835
1,38880,1696065173.0651295
1,38912,1696065173.1109438
1,38944,1696065173.1533926
1,38976,1696065173.1993494
1,39008,1696065173.237586
1,39040,1696065173.283376
1,39072,1696065173.3279788
1,39104,1696065173.3715441
1,39136,1696065173.4181685
1,39168,1696065173.46058
1,39200,1696065173.5068185
1,39232,1696065173.54907
1,39264,1696065173.594456
1,39296,1696065173.6362379
1,39328,1696065173.6826255
1,39360,1696065173.7277946
1,39392,1696065173.7710736
1,39424,1696065173.8158498
1,39456,1696065173.8620515
1,39488,1696065173.9071836
1,39520,1696065173.9515612
1,39552,1696065173.9957762
1,39584,1696065174.0409422
1,39616,1696065174.0863461
1,39648,1696065174.1319628
