epoch,trained_sample,time
1,0,1696062838.445551
1,128,1696062839.7349763
1,256,1696062839.7495964
1,384,1696062839.7741826
1,512,1696062839.794632
1,640,1696062839.8178437
1,768,1696062839.837695
1,896,1696062839.862015
1,1024,1696062839.8883362
1,1152,1696062839.9094782
1,1280,1696062839.9279635
1,1408,1696062839.948019
1,1536,1696062839.9686897
1,1664,1696062839.9959257
1,1792,1696062840.016617
1,1920,1696062840.0357876
1,2048,1696062840.055676
1,2176,1696062840.0732446
1,2304,1696062840.1002827
1,2432,1696062840.1183188
1,2560,1696062840.1372285
1,2688,1696062840.1644313
1,2816,1696062840.1828682
1,2944,1696062840.2031412
1,3072,1696062840.2216787
1,3200,1696062840.2474358
1,3328,1696062840.267911
1,3456,1696062840.2861516
1,3584,1696062840.3045304
1,3712,1696062840.3300543
1,3840,1696062840.3510833
1,3968,1696062840.371089
1,4096,1696062840.3909142
1,4224,1696062840.4111314
1,4352,1696062840.4305654
1,4480,1696062840.4509525
1,4608,1696062840.5172417
1,4736,1696062840.5382075
1,4864,1696062840.5580866
1,4992,1696062840.581954
1,5120,1696062840.602977
1,5248,1696062840.6228378
1,5376,1696062840.6435921
1,5504,1696062840.6631875
1,5632,1696062840.6831527
1,5760,1696062840.7034886
1,5888,1696062840.7241697
1,6016,1696062840.74364
1,6144,1696062840.7640066
1,6272,1696062840.7841728
1,6400,1696062840.8032856
1,6528,1696062840.8239224
1,6656,1696062840.8455567
1,6784,1696062840.8667014
1,6912,1696062840.8868592
1,7040,1696062840.906686
1,7168,1696062840.926877
1,7296,1696062840.9470596
1,7424,1696062840.9671974
1,7552,1696062840.9873314
1,7680,1696062841.007776
1,7808,1696062841.027308
1,7936,1696062841.0476902
1,8064,1696062841.0672865
1,8192,1696062841.08742
1,8320,1696062841.108125
1,8448,1696062841.1303961
1,8576,1696062841.1506665
1,8704,1696062841.1719458
1,8832,1696062841.1935472
1,8960,1696062841.2142963
1,9088,1696062841.2343996
1,9216,1696062841.2545557
1,9344,1696062841.274967
1,9472,1696062841.294954
1,9600,1696062841.3135583
1,9728,1696062841.333256
1,9856,1696062841.3553903
1,9984,1696062841.3751583
1,10112,1696062841.3954844
1,10240,1696062841.4152637
1,10368,1696062841.435353
1,10496,1696062841.4555278
1,10624,1696062841.4774287
1,10752,1696062841.4985569
1,10880,1696062841.5187023
1,11008,1696062841.5387604
1,11136,1696062841.5591037
1,11264,1696062841.5790088
1,11392,1696062841.5989735
1,11520,1696062841.619217
1,11648,1696062841.6388164
1,11776,1696062841.659129
1,11904,1696062841.6798098
1,12032,1696062841.6995475
1,12160,1696062841.7192516
1,12288,1696062841.7403057
1,12416,1696062841.7590997
1,12544,1696062841.7798889
1,12672,1696062841.8002987
1,12800,1696062841.8193872
1,12928,1696062841.8401747
1,13056,1696062841.8593116
1,13184,1696062841.8801122
1,13312,1696062841.8990607
1,13440,1696062841.9180756
1,13568,1696062841.9382899
1,13696,1696062841.9604964
1,13824,1696062841.9791954
1,13952,1696062842.0004492
1,14080,1696062842.0217903
1,14208,1696062842.0430715
1,14336,1696062842.0629036
1,14464,1696062842.0832381
1,14592,1696062842.103037
1,14720,1696062842.1226537
1,14848,1696062842.1433587
1,14976,1696062842.1634824
1,15104,1696062842.1835709
1,15232,1696062842.2036295
1,15360,1696062842.2244563
1,15488,1696062842.2435691
1,15616,1696062842.2643976
1,15744,1696062842.2833946
1,15872,1696062842.304373
1,16000,1696062842.3240757
1,16128,1696062842.3439207
1,16256,1696062842.3635077
1,16384,1696062842.3841684
1,16512,1696062842.4036856
1,16640,1696062842.4236567
1,16768,1696062842.444075
1,16896,1696062842.4639065
1,17024,1696062842.4836094
1,17152,1696062842.504312
1,17280,1696062842.5232916
1,17408,1696062842.5422273
1,17536,1696062842.561258
1,17664,1696062842.58361
1,17792,1696062842.599456
1,17920,1696062842.6233857
1,18048,1696062842.6438563
1,18176,1696062842.666367
1,18304,1696062842.6865141
1,18432,1696062842.706682
1,18560,1696062842.7274888
1,18688,1696062842.747232
1,18816,1696062842.7656565
1,18944,1696062842.7854958
1,19072,1696062842.807751
1,19200,1696062842.8275578
1,19328,1696062842.8477547
1,19456,1696062842.86847
1,19584,1696062842.8893442
1,19712,1696062842.9095316
1,19840,1696062842.9291945
1,19968,1696062842.9534016
1,20096,1696062842.974224
1,20224,1696062842.9943862
1,20352,1696062843.0143788
1,20480,1696062843.034808
1,20608,1696062843.0547407
1,20736,1696062843.0753043
1,20864,1696062843.0936499
1,20992,1696062843.1134706
1,21120,1696062843.1351259
1,21248,1696062843.1555402
1,21376,1696062843.175899
1,21504,1696062843.1958327
1,21632,1696062843.2158265
1,21760,1696062843.2352824
1,21888,1696062843.2558546
1,22016,1696062843.2757237
1,22144,1696062843.295757
1,22272,1696062843.3158236
1,22400,1696062843.3372507
1,22528,1696062843.3586807
1,22656,1696062843.3783143
1,22784,1696062843.3991706
1,22912,1696062843.4177089
1,23040,1696062843.4371939
1,23168,1696062843.4592419
1,23296,1696062843.4797084
1,23424,1696062843.4990993
1,23552,1696062843.519091
1,23680,1696062843.5392933
1,23808,1696062843.5591187
1,23936,1696062843.5798025
1,24064,1696062843.5996346
1,24192,1696062843.6197639
1,24320,1696062843.6400287
1,24448,1696062843.6600635
1,24576,1696062843.6796794
1,24704,1696062843.700184
1,24832,1696062843.7194724
1,24960,1696062843.7399528
1,25088,1696062843.7597167
1,25216,1696062843.7755592
1,25344,1696062843.8005662
1,25472,1696062843.819012
1,25600,1696062843.8405335
1,25728,1696062843.8625054
1,25856,1696062843.8825047
1,25984,1696062843.9031367
1,26112,1696062843.923279
1,26240,1696062843.9431102
1,26368,1696062843.9662855
1,26496,1696062843.9809508
1,26624,1696062844.001871
1,26752,1696062844.0242167
1,26880,1696062844.042392
1,27008,1696062844.069001
1,27136,1696062844.0896297
1,27264,1696062844.109159
1,27392,1696062844.1238792
1,27520,1696062844.1448443
1,27648,1696062844.170462
1,27776,1696062844.1877098
1,27904,1696062844.208726
1,28032,1696062844.229628
1,28160,1696062844.2497458
1,28288,1696062844.2701285
1,28416,1696062844.2901618
1,28544,1696062844.3104265
1,28672,1696062844.3308058
1,28800,1696062844.3504379
1,28928,1696062844.3701549
1,29056,1696062844.391994
1,29184,1696062844.4114237
1,29312,1696062844.43369
1,29440,1696062844.4553485
1,29568,1696062844.4777749
1,29696,1696062844.5024645
1,29824,1696062844.5232735
1,29952,1696062844.5462034
1,30080,1696062844.5702295
1,30208,1696062844.597151
1,30336,1696062844.6142619
1,30464,1696062844.6348875
1,30592,1696062844.6565785
1,30720,1696062844.680675
1,30848,1696062844.7011247
1,30976,1696062844.7227302
1,31104,1696062844.74448
1,31232,1696062844.7649934
1,31360,1696062844.7885356
1,31488,1696062844.8100438
1,31616,1696062844.832059
1,31744,1696062844.8536398
1,31872,1696062844.8752651
1,32000,1696062844.8987496
1,32128,1696062844.91908
1,32256,1696062844.9408205
1,32384,1696062844.9615822
1,32512,1696062844.983197
1,32640,1696062845.0049274
1,32768,1696062845.0265684
1,32896,1696062845.0490856
1,33024,1696062845.075221
1,33152,1696062845.0963287
1,33280,1696062845.116311
1,33408,1696062845.1388392
1,33536,1696062845.1590493
1,33664,1696062845.178613
1,33792,1696062845.2008064
1,33920,1696062845.2209678
1,34048,1696062845.243612
1,34176,1696062845.2647512
1,34304,1696062845.2891667
1,34432,1696062845.3093543
1,34560,1696062845.330854
1,34688,1696062845.3529372
1,34816,1696062845.3743644
1,34944,1696062845.397333
1,35072,1696062845.4189389
1,35200,1696062845.4395907
1,35328,1696062845.4608538
1,35456,1696062845.4813929
1,35584,1696062845.503117
1,35712,1696062845.526609
1,35840,1696062845.5476093
1,35968,1696062845.568686
1,36096,1696062845.5884387
1,36224,1696062845.6113806
1,36352,1696062845.633114
1,36480,1696062845.6550322
1,36608,1696062845.6798189
1,36736,1696062845.7015483
1,36864,1696062845.7269025
1,36992,1696062845.7474267
1,37120,1696062845.768256
1,37248,1696062845.7890174
1,37376,1696062845.810285
1,37504,1696062845.8350253
1,37632,1696062845.8550544
1,37760,1696062845.8762417
1,37888,1696062845.8972821
1,38016,1696062845.9192028
1,38144,1696062845.943829
1,38272,1696062845.9639463
1,38400,1696062845.9851792
1,38528,1696062846.0073
1,38656,1696062846.0324051
1,38784,1696062846.0527995
1,38912,1696062846.072384
1,39040,1696062846.1010134
1,39168,1696062846.1255367
1,39296,1696062846.1451037
1,39424,1696062846.1736176
1,39552,1696062846.193697
1,39680,1696062846.22094
1,39808,1696062846.2420962
1,39936,1696062846.2595217
1,40064,1696062846.2819636
1,40192,1696062846.3040345
1,40320,1696062846.3272629
1,40448,1696062846.350463
1,40576,1696062846.3720763
1,40704,1696062846.394115
1,40832,1696062846.4177969
1,40960,1696062846.4405181
1,41088,1696062846.4651349
1,41216,1696062846.4906986
1,41344,1696062846.5134192
1,41472,1696062846.5360785
1,41600,1696062846.5591352
1,41728,1696062846.582613
1,41856,1696062846.605989
1,41984,1696062846.6280358
1,42112,1696062846.6516325
1,42240,1696062846.6743283
1,42368,1696062846.697089
1,42496,1696062846.7218497
1,42624,1696062846.7435942
1,42752,1696062846.7667773
1,42880,1696062846.790906
1,43008,1696062846.8123431
1,43136,1696062846.8411036
1,43264,1696062846.8622074
1,43392,1696062846.8830674
1,43520,1696062846.9058118
1,43648,1696062846.9288356
1,43776,1696062846.9545279
1,43904,1696062846.9753747
1,44032,1696062846.9991193
1,44160,1696062847.0225685
1,44288,1696062847.0455196
1,44416,1696062847.070505
1,44544,1696062847.0921001
1,44672,1696062847.1209068
1,44800,1696062847.1416943
1,44928,1696062847.1625793
1,45056,1696062847.1841018
1,45184,1696062847.2086003
1,45312,1696062847.2345035
1,45440,1696062847.2553415
1,45568,1696062847.279501
1,45696,1696062847.3028255
1,45824,1696062847.3255668
1,45952,1696062847.3504856
1,46080,1696062847.3723109
1,46208,1696062847.3980072
1,46336,1696062847.4196079
1,46464,1696062847.443653
1,46592,1696062847.4637291
1,46720,1696062847.4899814
1,46848,1696062847.515449
1,46976,1696062847.5355663
1,47104,1696062847.561418
1,47232,1696062847.582515
1,47360,1696062847.606862
1,47488,1696062847.6303248
1,47616,1696062847.6523657
1,47744,1696062847.678164
1,47872,1696062847.6992877
1,48000,1696062847.723107
1,48128,1696062847.7471287
1,48256,1696062847.7693439
1,48384,1696062847.7941134
1,48512,1696062847.816149
1,48640,1696062847.8417926
1,48768,1696062847.8627076
1,48896,1696062847.8865163
1,49024,1696062847.9079535
1,49152,1696062847.9310088
1,49280,1696062847.954689
1,49408,1696062847.9792795
1,49536,1696062848.002712
1,49664,1696062848.0269315
1,49792,1696062848.0503767
1,49920,1696062848.0748277
1,50000,1696062848.1073778
2,128,1696062848.4421356
2,256,1696062848.4598396
2,384,1696062848.4853535
2,512,1696062848.5066805
2,640,1696062848.532287
2,768,1696062848.5522742
2,896,1696062848.5729618
2,1024,1696062848.5964448
2,1152,1696062848.6206634
2,1280,1696062848.6453893
2,1408,1696062848.6667895
2,1536,1696062848.691401
2,1664,1696062848.7152758
2,1792,1696062848.7433462
2,1920,1696062848.7640045
2,2048,1696062848.783278
2,2176,1696062848.811751
2,2304,1696062848.8347156
2,2432,1696062848.8591352
2,2560,1696062848.8800778
2,2688,1696062848.900329
2,2816,1696062848.9224489
2,2944,1696062848.9470973
2,3072,1696062848.9699368
2,3200,1696062848.9932375
2,3328,1696062849.017859
2,3456,1696062849.037826
2,3584,1696062849.061719
2,3712,1696062849.0853848
2,3840,1696062849.107598
2,3968,1696062849.1350713
2,4096,1696062849.1570745
2,4224,1696062849.1823893
2,4352,1696062849.204155
2,4480,1696062849.2275732
2,4608,1696062849.2497647
2,4736,1696062849.2749758
2,4864,1696062849.2959838
2,4992,1696062849.3183787
2,5120,1696062849.3420715
2,5248,1696062849.365049
2,5376,1696062849.388612
2,5504,1696062849.4118068
2,5632,1696062849.436671
2,5760,1696062849.4580183
2,5888,1696062849.4806035
2,6016,1696062849.5071936
2,6144,1696062849.5270915
2,6272,1696062849.5512497
2,6400,1696062849.5742476
2,6528,1696062849.598081
2,6656,1696062849.620663
2,6784,1696062849.6435664
2,6912,1696062849.6687448
2,7040,1696062849.6903267
2,7168,1696062849.713217
2,7296,1696062849.7373273
2,7424,1696062849.7652497
2,7552,1696062849.7856987
2,7680,1696062849.810915
2,7808,1696062849.8324492
2,7936,1696062849.8554723
2,8064,1696062849.8794432
2,8192,1696062849.9016519
2,8320,1696062849.9221885
2,8448,1696062849.9449732
2,8576,1696062849.9694734
2,8704,1696062849.9945247
2,8832,1696062850.016566
2,8960,1696062850.0378716
2,9088,1696062850.0604868
2,9216,1696062850.0849526
2,9344,1696062850.1071382
2,9472,1696062850.1351144
2,9600,1696062850.1563582
2,9728,1696062850.1768165
2,9856,1696062850.1989985
2,9984,1696062850.22219
2,10112,1696062850.2456737
2,10240,1696062850.270176
2,10368,1696062850.292688
2,10496,1696062850.3159583
2,10624,1696062850.3404021
2,10752,1696062850.3661196
2,10880,1696062850.3880532
2,11008,1696062850.4109666
2,11136,1696062850.436014
2,11264,1696062850.4578705
2,11392,1696062850.482846
2,11520,1696062850.5045588
2,11648,1696062850.5268881
2,11776,1696062850.5516756
2,11904,1696062850.5736911
2,12032,1696062850.5989215
2,12160,1696062850.620431
2,12288,1696062850.6468377
2,12416,1696062850.6681902
2,12544,1696062850.6903358
2,12672,1696062850.7096982
2,12800,1696062850.732896
2,12928,1696062850.756099
2,13056,1696062850.781891
2,13184,1696062850.8072033
2,13312,1696062850.8285503
2,13440,1696062850.8540869
2,13568,1696062850.8763275
2,13696,1696062850.8966804
2,13824,1696062850.9164655
2,13952,1696062850.9394026
2,14080,1696062850.9641907
2,14208,1696062850.9883745
2,14336,1696062851.010928
2,14464,1696062851.035894
2,14592,1696062851.0577872
2,14720,1696062851.0815473
2,14848,1696062851.105184
2,14976,1696062851.129
2,15104,1696062851.150187
2,15232,1696062851.1721928
2,15360,1696062851.1961322
2,15488,1696062851.2188904
2,15616,1696062851.242221
2,15744,1696062851.2652056
2,15872,1696062851.2888656
2,16000,1696062851.3114765
2,16128,1696062851.3348908
2,16256,1696062851.3601596
2,16384,1696062851.3833928
2,16512,1696062851.4074101
2,16640,1696062851.43089
2,16768,1696062851.4560478
2,16896,1696062851.4770622
2,17024,1696062851.5025322
2,17152,1696062851.524219
2,17280,1696062851.549044
2,17408,1696062851.56937
2,17536,1696062851.5891733
2,17664,1696062851.6119132
2,17792,1696062851.6338675
2,17920,1696062851.6567972
2,18048,1696062851.6796887
2,18176,1696062851.7042625
2,18304,1696062851.725854
2,18432,1696062851.7495413
2,18560,1696062851.7722614
2,18688,1696062851.8007183
2,18816,1696062851.8213508
2,18944,1696062851.84667
2,19072,1696062851.8703032
2,19200,1696062851.8921883
2,19328,1696062851.9131825
2,19456,1696062851.9387393
2,19584,1696062851.9560738
2,19712,1696062851.9807482
2,19840,1696062852.0044262
2,19968,1696062852.0260546
2,20096,1696062852.0507843
2,20224,1696062852.073378
2,20352,1696062852.0956056
2,20480,1696062852.1192892
2,20608,1696062852.1426134
2,20736,1696062852.1662784
2,20864,1696062852.1885598
2,20992,1696062852.2162967
2,21120,1696062852.2373946
2,21248,1696062852.257406
2,21376,1696062852.2804494
2,21504,1696062852.3049166
2,21632,1696062852.3280654
2,21760,1696062852.3510466
2,21888,1696062852.3736334
2,22016,1696062852.3974574
2,22144,1696062852.4209306
2,22272,1696062852.4432018
2,22400,1696062852.4668875
2,22528,1696062852.4893565
2,22656,1696062852.5117285
2,22784,1696062852.5364063
2,22912,1696062852.5582526
2,23040,1696062852.582062
2,23168,1696062852.6084144
2,23296,1696062852.6301203
2,23424,1696062852.655838
2,23552,1696062852.6765976
2,23680,1696062852.6962168
2,23808,1696062852.7188277
2,23936,1696062852.742862
2,24064,1696062852.766436
2,24192,1696062852.789025
2,24320,1696062852.812202
2,24448,1696062852.8349292
2,24576,1696062852.860172
2,24704,1696062852.880999
2,24832,1696062852.9039323
2,24960,1696062852.9271069
2,25088,1696062852.9505398
2,25216,1696062852.9736905
2,25344,1696062852.997334
2,25472,1696062853.0195947
2,25600,1696062853.0437586
2,25728,1696062853.0660386
2,25856,1696062853.0890641
2,25984,1696062853.1134264
2,26112,1696062853.1393325
2,26240,1696062853.1639209
2,26368,1696062853.1851122
2,26496,1696062853.2055821
2,26624,1696062853.2285395
2,26752,1696062853.2522118
2,26880,1696062853.2748961
2,27008,1696062853.2991116
2,27136,1696062853.3207026
2,27264,1696062853.3435645
2,27392,1696062853.3687115
2,27520,1696062853.3903053
2,27648,1696062853.413868
2,27776,1696062853.4371488
2,27904,1696062853.459918
2,28032,1696062853.4843369
2,28160,1696062853.506003
2,28288,1696062853.5287633
2,28416,1696062853.5528765
2,28544,1696062853.5747006
2,28672,1696062853.5992353
2,28800,1696062853.6209817
2,28928,1696062853.644052
2,29056,1696062853.6686811
2,29184,1696062853.6905117
2,29312,1696062853.714419
2,29440,1696062853.7372024
2,29568,1696062853.7601328
2,29696,1696062853.7844112
2,29824,1696062853.806436
2,29952,1696062853.8294423
2,30080,1696062853.8541508
2,30208,1696062853.8746672
2,30336,1696062853.898971
2,30464,1696062853.9219806
2,30592,1696062853.9449172
2,30720,1696062853.9688904
2,30848,1696062853.9921544
2,30976,1696062854.0163615
2,31104,1696062854.0385518
2,31232,1696062854.0617368
2,31360,1696062854.0850203
2,31488,1696062854.1067514
2,31616,1696062854.1313043
2,31744,1696062854.1518679
2,31872,1696062854.1769376
2,32000,1696062854.2013755
2,32128,1696062854.2226207
2,32256,1696062854.2459612
2,32384,1696062854.2694802
2,32512,1696062854.2923326
2,32640,1696062854.316172
2,32768,1696062854.3385792
2,32896,1696062854.3615186
2,33024,1696062854.3852346
2,33152,1696062854.4076002
2,33280,1696062854.4322858
2,33408,1696062854.4544995
2,33536,1696062854.478594
2,33664,1696062854.500945
2,33792,1696062854.523262
2,33920,1696062854.5480177
2,34048,1696062854.570542
2,34176,1696062854.5931597
2,34304,1696062854.6163976
2,34432,1696062854.639115
2,34560,1696062854.6629045
2,34688,1696062854.6859894
2,34816,1696062854.7090487
2,34944,1696062854.7347412
2,35072,1696062854.7579849
2,35200,1696062854.7799942
2,35328,1696062854.8023555
2,35456,1696062854.8257651
2,35584,1696062854.8494463
2,35712,1696062854.8721976
2,35840,1696062854.8963885
2,35968,1696062854.9187007
2,36096,1696062854.9437118
2,36224,1696062854.964908
2,36352,1696062854.9878654
2,36480,1696062855.0126352
2,36608,1696062855.0348666
2,36736,1696062855.059543
2,36864,1696062855.0815778
2,36992,1696062855.1047256
2,37120,1696062855.1275458
2,37248,1696062855.1521847
2,37376,1696062855.1743321
2,37504,1696062855.1978023
2,37632,1696062855.2208877
2,37760,1696062855.2440195
2,37888,1696062855.2688694
2,38016,1696062855.2910442
2,38144,1696062855.315787
2,38272,1696062855.3375409
2,38400,1696062855.3609366
2,38528,1696062855.3847911
2,38656,1696062855.4074793
2,38784,1696062855.4313056
2,38912,1696062855.4545121
2,39040,1696062855.47851
2,39168,1696062855.5013528
2,39296,1696062855.5242069
2,39424,1696062855.5478456
2,39552,1696062855.5705585
2,39680,1696062855.5948045
2,39808,1696062855.6176732
2,39936,1696062855.6405458
2,40064,1696062855.6645231
2,40192,1696062855.687187
2,40320,1696062855.7121096
2,40448,1696062855.7341926
2,40576,1696062855.7569275
2,40704,1696062855.781099
2,40832,1696062855.803576
2,40960,1696062855.8283103
2,41088,1696062855.8506606
2,41216,1696062855.8751073
2,41344,1696062855.897189
2,41472,1696062855.9203186
2,41600,1696062855.9436917
2,41728,1696062855.9684424
2,41856,1696062855.9905705
2,41984,1696062856.0147307
2,42112,1696062856.037643
2,42240,1696062856.0600908
2,42368,1696062856.0844586
2,42496,1696062856.1072521
2,42624,1696062856.132162
2,42752,1696062856.1540513
2,42880,1696062856.1771228
2,43008,1696062856.201115
2,43136,1696062856.2237358
2,43264,1696062856.2482219
2,43392,1696062856.2705417
2,43520,1696062856.2941635
2,43648,1696062856.3168025
2,43776,1696062856.3404386
2,43904,1696062856.3632789
2,44032,1696062856.388373
2,44160,1696062856.4103293
2,44288,1696062856.4339414
2,44416,1696062856.4572487
2,44544,1696062856.4800768
2,44672,1696062856.504462
2,44800,1696062856.5317068
2,44928,1696062856.5551012
2,45056,1696062856.577886
2,45184,1696062856.5985918
2,45312,1696062856.626069
2,45440,1696062856.6507905
2,45568,1696062856.6704478
2,45696,1696062856.6922536
2,45824,1696062856.716354
2,45952,1696062856.7395847
2,46080,1696062856.7652
2,46208,1696062856.7848973
2,46336,1696062856.8089402
2,46464,1696062856.8323572
2,46592,1696062856.8574338
2,46720,1696062856.8807247
2,46848,1696062856.9021592
2,46976,1696062856.9258509
2,47104,1696062856.947353
2,47232,1696062856.970805
2,47360,1696062856.9971945
2,47488,1696062857.0180843
2,47616,1696062857.044002
2,47744,1696062857.0629601
2,47872,1696062857.0876987
2,48000,1696062857.1102452
2,48128,1696062857.1332982
2,48256,1696062857.1562645
2,48384,1696062857.179733
2,48512,1696062857.2042136
2,48640,1696062857.2258003
2,48768,1696062857.2494113
2,48896,1696062857.2731407
2,49024,1696062857.2943928
2,49152,1696062857.3188562
2,49280,1696062857.343362
2,49408,1696062857.3678336
2,49536,1696062857.3894107
2,49664,1696062857.4120753
2,49792,1696062857.4382968
2,49920,1696062857.4589777
2,50000,1696062857.4833922
3,128,1696062857.858883
3,256,1696062857.877721
3,384,1696062857.899278
3,512,1696062857.927307
3,640,1696062857.9460492
3,768,1696062857.96804
3,896,1696062857.9946537
3,1024,1696062858.0164983
3,1152,1696062858.038892
3,1280,1696062858.062207
3,1408,1696062858.0865903
3,1536,1696062858.1100361
3,1664,1696062858.1321964
3,1792,1696062858.1547174
3,1920,1696062858.1786282
3,2048,1696062858.2009234
3,2176,1696062858.225219
3,2304,1696062858.2487233
3,2432,1696062858.2712057
3,2560,1696062858.295519
3,2688,1696062858.316386
3,2816,1696062858.3405826
3,2944,1696062858.364985
3,3072,1696062858.3869004
3,3200,1696062858.411091
3,3328,1696062858.4329953
3,3456,1696062858.4549267
3,3584,1696062858.4804587
3,3712,1696062858.501021
3,3840,1696062858.5255027
3,3968,1696062858.548407
3,4096,1696062858.570312
3,4224,1696062858.5950525
3,4352,1696062858.626055
3,4480,1696062858.6471958
3,4608,1696062858.6692939
3,4736,1696062858.6952505
3,4864,1696062858.7202826
3,4992,1696062858.743742
3,5120,1696062858.766586
3,5248,1696062858.7931612
3,5376,1696062858.8142998
3,5504,1696062858.8365304
3,5632,1696062858.858031
3,5760,1696062858.876949
3,5888,1696062858.9064896
3,6016,1696062858.9257562
3,6144,1696062858.9516075
3,6272,1696062858.9749377
3,6400,1696062858.9996135
3,6528,1696062859.0207767
3,6656,1696062859.0471816
3,6784,1696062859.0685012
3,6912,1696062859.0907578
3,7040,1696062859.115836
3,7168,1696062859.1369677
3,7296,1696062859.1632993
3,7424,1696062859.1843917
3,7552,1696062859.2060468
3,7680,1696062859.2316787
3,7808,1696062859.2528672
3,7936,1696062859.2802382
3,8064,1696062859.300504
3,8192,1696062859.3237
3,8320,1696062859.3481278
3,8448,1696062859.3716848
3,8576,1696062859.3933518
3,8704,1696062859.4238932
3,8832,1696062859.4401324
3,8960,1696062859.4654872
3,9088,1696062859.4873884
3,9216,1696062859.510014
3,9344,1696062859.5347464
3,9472,1696062859.5541315
3,9600,1696062859.575746
3,9728,1696062859.6009233
3,9856,1696062859.6244872
3,9984,1696062859.6482434
3,10112,1696062859.6694949
3,10240,1696062859.692913
3,10368,1696062859.717806
3,10496,1696062859.7409751
3,10624,1696062859.7622058
3,10752,1696062859.7854953
3,10880,1696062859.8100746
3,11008,1696062859.8325582
3,11136,1696062859.8549402
3,11264,1696062859.878379
3,11392,1696062859.9014413
3,11520,1696062859.9302728
3,11648,1696062859.9488554
3,11776,1696062859.968757
3,11904,1696062859.99374
3,12032,1696062860.0170586
3,12160,1696062860.038354
3,12288,1696062860.0628715
3,12416,1696062860.0868669
3,12544,1696062860.1091776
3,12672,1696062860.132384
3,12800,1696062860.1566892
3,12928,1696062860.178269
3,13056,1696062860.2027078
3,13184,1696062860.2252524
3,13312,1696062860.2483451
3,13440,1696062860.272628
3,13568,1696062860.3005545
3,13696,1696062860.3209164
3,13824,1696062860.343701
3,13952,1696062860.3675005
3,14080,1696062860.3917844
3,14208,1696062860.4134245
3,14336,1696062860.433893
3,14464,1696062860.4565048
3,14592,1696062860.4800382
3,14720,1696062860.5043166
3,14848,1696062860.5292962
3,14976,1696062860.554101
3,15104,1696062860.5762691
3,15232,1696062860.5954232
3,15360,1696062860.619132
3,15488,1696062860.6447787
3,15616,1696062860.666192
3,15744,1696062860.6885686
3,15872,1696062860.712936
3,16000,1696062860.7348344
3,16128,1696062860.76375
3,16256,1696062860.7819154
3,16384,1696062860.804415
3,16512,1696062860.835166
3,16640,1696062860.8548841
3,16768,1696062860.8778636
3,16896,1696062860.9032562
3,17024,1696062860.9240015
3,17152,1696062860.947981
3,17280,1696062860.9701922
3,17408,1696062860.992196
3,17536,1696062861.016226
3,17664,1696062861.039199
3,17792,1696062861.0598576
3,17920,1696062861.08414
3,18048,1696062861.1086817
3,18176,1696062861.130425
3,18304,1696062861.1579468
3,18432,1696062861.178691
3,18560,1696062861.2022934
3,18688,1696062861.2235007
3,18816,1696062861.2456872
3,18944,1696062861.26889
3,19072,1696062861.2930121
3,19200,1696062861.3153915
3,19328,1696062861.3382375
3,19456,1696062861.3617115
3,19584,1696062861.3872588
3,19712,1696062861.4098105
3,19840,1696062861.434326
3,19968,1696062861.4562244
3,20096,1696062861.4799383
3,20224,1696062861.5030851
3,20352,1696062861.5329266
3,20480,1696062861.5535276
3,20608,1696062861.5772035
3,20736,1696062861.599645
3,20864,1696062861.6244776
3,20992,1696062861.6488535
3,21120,1696062861.6712158
3,21248,1696062861.6946483
3,21376,1696062861.7209494
3,21504,1696062861.742545
3,21632,1696062861.7640777
3,21760,1696062861.7900703
3,21888,1696062861.8108094
3,22016,1696062861.8347785
3,22144,1696062861.8588846
3,22272,1696062861.8805358
3,22400,1696062861.905997
3,22528,1696062861.9274883
3,22656,1696062861.9531453
3,22784,1696062861.9742062
3,22912,1696062862.0004923
3,23040,1696062862.0206556
3,23168,1696062862.0473545
3,23296,1696062862.0698166
3,23424,1696062862.0944157
3,23552,1696062862.1170926
3,23680,1696062862.1422672
3,23808,1696062862.1639059
3,23936,1696062862.1896396
3,24064,1696062862.2133465
3,24192,1696062862.2341216
3,24320,1696062862.2585258
3,24448,1696062862.280822
3,24576,1696062862.306684
3,24704,1696062862.3284655
3,24832,1696062862.3496466
3,24960,1696062862.3735526
3,25088,1696062862.3972633
3,25216,1696062862.4230506
3,25344,1696062862.4476666
3,25472,1696062862.4708037
3,25600,1696062862.493524
3,25728,1696062862.5185528
3,25856,1696062862.5403388
3,25984,1696062862.563701
3,26112,1696062862.5876231
3,26240,1696062862.6121032
3,26368,1696062862.6347966
3,26496,1696062862.6577702
3,26624,1696062862.6829085
3,26752,1696062862.7048438
3,26880,1696062862.7302773
3,27008,1696062862.7519262
3,27136,1696062862.777626
3,27264,1696062862.7989342
3,27392,1696062862.822037
3,27520,1696062862.8469822
3,27648,1696062862.8703015
3,27776,1696062862.8943043
3,27904,1696062862.9170053
3,28032,1696062862.9420605
3,28160,1696062862.9639587
3,28288,1696062862.9942155
3,28416,1696062863.0149775
3,28544,1696062863.0380995
3,28672,1696062863.064185
3,28800,1696062863.0878685
3,28928,1696062863.1099217
3,29056,1696062863.1313772
3,29184,1696062863.158044
3,29312,1696062863.1792367
3,29440,1696062863.2027965
3,29568,1696062863.22587
3,29696,1696062863.2494748
3,29824,1696062863.274982
3,29952,1696062863.296196
3,30080,1696062863.3219037
3,30208,1696062863.347175
3,30336,1696062863.3662486
3,30464,1696062863.391786
3,30592,1696062863.4167833
3,30720,1696062863.4387128
3,30848,1696062863.460703
3,30976,1696062863.483782
3,31104,1696062863.5088544
3,31232,1696062863.5309923
3,31360,1696062863.555061
3,31488,1696062863.5762632
3,31616,1696062863.6008172
3,31744,1696062863.6253006
3,31872,1696062863.6539536
3,32000,1696062863.6745598
3,32128,1696062863.6973429
3,32256,1696062863.722747
3,32384,1696062863.7468843
3,32512,1696062863.7698424
3,32640,1696062863.7914116
3,32768,1696062863.8156676
3,32896,1696062863.8395588
3,33024,1696062863.8638787
3,33152,1696062863.8864942
3,33280,1696062863.909422
3,33408,1696062863.9338853
3,33536,1696062863.956124
3,33664,1696062863.9797523
3,33792,1696062864.003117
3,33920,1696062864.0284019
3,34048,1696062864.049466
3,34176,1696062864.0725112
3,34304,1696062864.096755
3,34432,1696062864.1193588
3,34560,1696062864.1427324
3,34688,1696062864.164556
3,34816,1696062864.1876428
3,34944,1696062864.2109544
3,35072,1696062864.2338474
3,35200,1696062864.2606676
3,35328,1696062864.284734
3,35456,1696062864.3087757
3,35584,1696062864.3304138
3,35712,1696062864.3545945
3,35840,1696062864.3777978
3,35968,1696062864.4000516
3,36096,1696062864.4242294
3,36224,1696062864.4485693
3,36352,1696062864.470289
3,36480,1696062864.492953
3,36608,1696062864.5173728
3,36736,1696062864.5428176
3,36864,1696062864.5645204
3,36992,1696062864.586138
3,37120,1696062864.6119661
3,37248,1696062864.6316483
3,37376,1696062864.6545649
3,37504,1696062864.6780584
3,37632,1696062864.7015147
3,37760,1696062864.7231514
3,37888,1696062864.7537436
3,38016,1696062864.7747414
3,38144,1696062864.796679
3,38272,1696062864.8220298
3,38400,1696062864.8441584
3,38528,1696062864.8701456
3,38656,1696062864.8913863
3,38784,1696062864.918712
3,38912,1696062864.940655
3,39040,1696062864.9662507
3,39168,1696062864.9876
3,39296,1696062865.0135794
3,39424,1696062865.0348313
3,39552,1696062865.058608
3,39680,1696062865.0855532
3,39808,1696062865.104519
3,39936,1696062865.1299584
3,40064,1696062865.1510737
3,40192,1696062865.1759713
3,40320,1696062865.1980891
3,40448,1696062865.220409
3,40576,1696062865.2473679
3,40704,1696062865.266691
3,40832,1696062865.2905009
3,40960,1696062865.314437
3,41088,1696062865.3370042
3,41216,1696062865.359411
3,41344,1696062865.3841047
3,41472,1696062865.4060113
3,41600,1696062865.4295917
3,41728,1696062865.4542468
3,41856,1696062865.4765167
3,41984,1696062865.5020666
3,42112,1696062865.525499
3,42240,1696062865.546468
3,42368,1696062865.5706728
3,42496,1696062865.5939429
3,42624,1696062865.6157773
3,42752,1696062865.6404886
3,42880,1696062865.662349
3,43008,1696062865.685991
3,43136,1696062865.709087
3,43264,1696062865.732447
3,43392,1696062865.7570913
3,43520,1696062865.7791672
3,43648,1696062865.802635
3,43776,1696062865.8257968
3,43904,1696062865.8481853
3,44032,1696062865.8740013
3,44160,1696062865.8964808
3,44288,1696062865.9191291
3,44416,1696062865.943063
3,44544,1696062865.9659293
3,44672,1696062865.988303
3,44800,1696062866.0162566
3,44928,1696062866.0378907
3,45056,1696062866.0585208
3,45184,1696062866.08227
3,45312,1696062866.1054955
3,45440,1696062866.127512
3,45568,1696062866.1522982
3,45696,1696062866.180315
3,45824,1696062866.2009223
3,45952,1696062866.2257805
3,46080,1696062866.2477443
3,46208,1696062866.2716358
3,46336,1696062866.295021
3,46464,1696062866.3188944
3,46592,1696062866.346412
3,46720,1696062866.371245
3,46848,1696062866.3937068
3,46976,1696062866.4186826
3,47104,1696062866.4406104
3,47232,1696062866.4658759
3,47360,1696062866.4875472
3,47488,1696062866.5157719
3,47616,1696062866.5351398
3,47744,1696062866.5583248
3,47872,1696062866.5827408
3,48000,1696062866.6052794
3,48128,1696062866.6293633
3,48256,1696062866.6513054
3,48384,1696062866.674026
3,48512,1696062866.6974242
3,48640,1696062866.7201593
3,48768,1696062866.7442942
3,48896,1696062866.7669463
3,49024,1696062866.793871
3,49152,1696062866.8156154
3,49280,1696062866.838548
3,49408,1696062866.862574
3,49536,1696062866.8857086
3,49664,1696062866.909344
3,49792,1696062866.9328935
3,49920,1696062866.956218
3,50000,1696062866.980268
4,128,1696062867.4042604
4,256,1696062867.4239
4,384,1696062867.4462779
4,512,1696062867.469842
4,640,1696062867.4930773
4,768,1696062867.5162792
4,896,1696062867.5394843
4,1024,1696062867.56665
4,1152,1696062867.5899932
4,1280,1696062867.6136572
4,1408,1696062867.6377795
4,1536,1696062867.6644323
4,1664,1696062867.6816034
4,1792,1696062867.7050877
4,1920,1696062867.7301438
4,2048,1696062867.7540932
4,2176,1696062867.7784202
4,2304,1696062867.8024836
4,2432,1696062867.824576
4,2560,1696062867.8475354
4,2688,1696062867.8729956
4,2816,1696062867.8957772
4,2944,1696062867.9201534
4,3072,1696062867.9429367
4,3200,1696062867.9674678
4,3328,1696062867.9906847
4,3456,1696062868.0149722
4,3584,1696062868.0382323
4,3712,1696062868.0642793
4,3840,1696062868.0866199
4,3968,1696062868.1114519
4,4096,1696062868.134558
4,4224,1696062868.1586587
4,4352,1696062868.1813998
4,4480,1696062868.2055056
4,4608,1696062868.2279825
4,4736,1696062868.252837
4,4864,1696062868.2746832
4,4992,1696062868.2991314
4,5120,1696062868.3248136
4,5248,1696062868.346578
4,5376,1696062868.3721695
4,5504,1696062868.395124
4,5632,1696062868.4133515
4,5760,1696062868.438007
4,5888,1696062868.460711
4,6016,1696062868.4841654
4,6144,1696062868.5061138
4,6272,1696062868.5288708
4,6400,1696062868.5520725
4,6528,1696062868.576266
4,6656,1696062868.5983796
4,6784,1696062868.6236353
4,6912,1696062868.6436532
4,7040,1696062868.6667576
4,7168,1696062868.692124
4,7296,1696062868.714345
4,7424,1696062868.7381582
4,7552,1696062868.7612906
4,7680,1696062868.7835858
4,7808,1696062868.808429
4,7936,1696062868.8298662
4,8064,1696062868.8536608
4,8192,1696062868.8804557
4,8320,1696062868.9011552
4,8448,1696062868.9242287
4,8576,1696062868.9472735
4,8704,1696062868.969925
4,8832,1696062868.9926424
4,8960,1696062869.0169713
4,9088,1696062869.044394
4,9216,1696062869.0646472
4,9344,1696062869.0860033
4,9472,1696062869.1090522
4,9600,1696062869.1327758
4,9728,1696062869.156049
4,9856,1696062869.1796408
4,9984,1696062869.203691
4,10112,1696062869.2237446
4,10240,1696062869.2485683
4,10368,1696062869.2698708
4,10496,1696062869.2926216
4,10624,1696062869.3214295
4,10752,1696062869.3387623
4,10880,1696062869.3622034
4,11008,1696062869.3851619
4,11136,1696062869.407994
4,11264,1696062869.4309344
4,11392,1696062869.4538817
4,11520,1696062869.4771526
4,11648,1696062869.500003
4,11776,1696062869.526633
4,11904,1696062869.5524373
4,12032,1696062869.5752847
4,12160,1696062869.5953844
4,12288,1696062869.6171234
4,12416,1696062869.6441915
4,12544,1696062869.66459
4,12672,1696062869.685353
4,12800,1696062869.7092602
4,12928,1696062869.7320094
4,13056,1696062869.756486
4,13184,1696062869.7813194
4,13312,1696062869.801206
4,13440,1696062869.8230417
4,13568,1696062869.849154
4,13696,1696062869.8684783
4,13824,1696062869.895427
4,13952,1696062869.9183216
4,14080,1696062869.940637
4,14208,1696062869.960115
4,14336,1696062869.9863777
4,14464,1696062870.0100098
4,14592,1696062870.0321898
4,14720,1696062870.0537548
4,14848,1696062870.0792632
4,14976,1696062870.103577
4,15104,1696062870.1246195
4,15232,1696062870.1455624
4,15360,1696062870.172349
4,15488,1696062870.1950746
4,15616,1696062870.2175553
4,15744,1696062870.2385948
4,15872,1696062870.2664835
4,16000,1696062870.2901227
4,16128,1696062870.3110387
4,16256,1696062870.3322556
4,16384,1696062870.3556993
4,16512,1696062870.3790734
4,16640,1696062870.401877
4,16768,1696062870.4254026
4,16896,1696062870.4484904
4,17024,1696062870.4711049
4,17152,1696062870.494251
4,17280,1696062870.5171082
4,17408,1696062870.541042
4,17536,1696062870.5633786
4,17664,1696062870.5863044
4,17792,1696062870.6094494
4,17920,1696062870.6329162
4,18048,1696062870.657092
4,18176,1696062870.6790278
4,18304,1696062870.7027605
4,18432,1696062870.725676
4,18560,1696062870.7477727
4,18688,1696062870.7722318
4,18816,1696062870.7949085
4,18944,1696062870.8173587
4,19072,1696062870.8419082
4,19200,1696062870.8634439
4,19328,1696062870.8859866
4,19456,1696062870.910037
4,19584,1696062870.9323642
4,19712,1696062870.9558413
4,19840,1696062870.9789772
4,19968,1696062871.0015235
4,20096,1696062871.0250835
4,20224,1696062871.0495663
4,20352,1696062871.0704424
4,20480,1696062871.0935657
4,20608,1696062871.1167543
4,20736,1696062871.140179
4,20864,1696062871.16669
4,20992,1696062871.185917
4,21120,1696062871.208802
4,21248,1696062871.2321916
4,21376,1696062871.255714
4,21504,1696062871.2793167
4,21632,1696062871.3023963
4,21760,1696062871.3257222
4,21888,1696062871.3480313
4,22016,1696062871.370529
4,22144,1696062871.3940248
4,22272,1696062871.4167533
4,22400,1696062871.4403198
4,22528,1696062871.4639313
4,22656,1696062871.4856975
4,22784,1696062871.508466
4,22912,1696062871.5316837
4,23040,1696062871.5541708
4,23168,1696062871.576339
4,23296,1696062871.601597
4,23424,1696062871.6235116
4,23552,1696062871.6473737
4,23680,1696062871.6708755
4,23808,1696062871.693096
4,23936,1696062871.7164326
4,24064,1696062871.7395358
4,24192,1696062871.7624085
4,24320,1696062871.7866993
4,24448,1696062871.8131874
4,24576,1696062871.832051
4,24704,1696062871.8574386
4,24832,1696062871.8784225
4,24960,1696062871.9023135
4,25088,1696062871.9253771
4,25216,1696062871.950185
4,25344,1696062871.9726355
4,25472,1696062871.9940817
4,25600,1696062872.0192313
4,25728,1696062872.0422628
4,25856,1696062872.0636845
4,25984,1696062872.0884206
4,26112,1696062872.1103284
4,26240,1696062872.134399
4,26368,1696062872.1577716
4,26496,1696062872.182425
4,26624,1696062872.2026742
4,26752,1696062872.2258842
4,26880,1696062872.2495325
4,27008,1696062872.271781
4,27136,1696062872.2966523
4,27264,1696062872.3214843
4,27392,1696062872.3470514
4,27520,1696062872.368566
4,27648,1696062872.3903985
4,27776,1696062872.4158366
4,27904,1696062872.4375882
4,28032,1696062872.4630258
4,28160,1696062872.4844398
4,28288,1696062872.5071752
4,28416,1696062872.5317812
4,28544,1696062872.5532594
4,28672,1696062872.5751927
4,28800,1696062872.5973437
4,28928,1696062872.6198318
4,29056,1696062872.642893
4,29184,1696062872.6660967
4,29312,1696062872.689565
4,29440,1696062872.7143247
4,29568,1696062872.7394314
4,29696,1696062872.75992
4,29824,1696062872.7825327
4,29952,1696062872.8069625
4,30080,1696062872.8298419
4,30208,1696062872.8521938
4,30336,1696062872.8765264
4,30464,1696062872.8985877
4,30592,1696062872.921995
4,30720,1696062872.9445949
4,30848,1696062872.9693656
4,30976,1696062872.9910467
4,31104,1696062873.0155628
4,31232,1696062873.0381658
4,31360,1696062873.0609198
4,31488,1696062873.0836072
4,31616,1696062873.1070042
4,31744,1696062873.1313646
4,31872,1696062873.1535523
4,32000,1696062873.176166
4,32128,1696062873.2005196
4,32256,1696062873.2220235
4,32384,1696062873.2508335
4,32512,1696062873.2748194
4,32640,1696062873.2966464
4,32768,1696062873.3186069
4,32896,1696062873.3435125
4,33024,1696062873.3659325
4,33152,1696062873.3906844
4,33280,1696062873.4126062
4,33408,1696062873.4358892
4,33536,1696062873.458562
4,33664,1696062873.4837599
4,33792,1696062873.5055764
4,33920,1696062873.5264542
4,34048,1696062873.548924
4,34176,1696062873.572691
4,34304,1696062873.597168
4,34432,1696062873.6186042
4,34560,1696062873.642219
4,34688,1696062873.6650097
4,34816,1696062873.6912813
4,34944,1696062873.714418
4,35072,1696062873.7370286
4,35200,1696062873.7569072
4,35328,1696062873.7835233
4,35456,1696062873.8089762
4,35584,1696062873.8289413
4,35712,1696062873.8497567
4,35840,1696062873.8725636
4,35968,1696062873.89571
4,36096,1696062873.9188166
4,36224,1696062873.9411047
4,36352,1696062873.9646907
4,36480,1696062873.988083
4,36608,1696062874.0111341
4,36736,1696062874.0358818
4,36864,1696062874.0579228
4,36992,1696062874.0801718
4,37120,1696062874.1044004
4,37248,1696062874.1258893
4,37376,1696062874.1489675
4,37504,1696062874.1731002
4,37632,1696062874.1958647
4,37760,1696062874.2183692
4,37888,1696062874.2417264
4,38016,1696062874.2674105
4,38144,1696062874.2868447
4,38272,1696062874.310252
4,38400,1696062874.3339875
4,38528,1696062874.3563054
4,38656,1696062874.38048
4,38784,1696062874.4013846
4,38912,1696062874.4212012
4,39040,1696062874.4413173
4,39168,1696062874.4613814
4,39296,1696062874.4813988
4,39424,1696062874.500812
4,39552,1696062874.52246
4,39680,1696062874.543035
4,39808,1696062874.563282
4,39936,1696062874.5839834
4,40064,1696062874.6030517
4,40192,1696062874.6228454
4,40320,1696062874.6430018
4,40448,1696062874.6630602
4,40576,1696062874.6831436
4,40704,1696062874.7032616
4,40832,1696062874.7233472
4,40960,1696062874.7433405
4,41088,1696062874.7633607
4,41216,1696062874.7844443
4,41344,1696062874.8047428
4,41472,1696062874.8246326
4,41600,1696062874.844552
4,41728,1696062874.86488
4,41856,1696062874.8848855
4,41984,1696062874.9088778
4,42112,1696062874.9281378
4,42240,1696062874.9483953
4,42368,1696062874.967761
4,42496,1696062874.9885683
4,42624,1696062875.0080824
4,42752,1696062875.0287247
4,42880,1696062875.0484889
4,43008,1696062875.0685198
4,43136,1696062875.08798
4,43264,1696062875.1101842
4,43392,1696062875.131627
4,43520,1696062875.1520338
4,43648,1696062875.1722543
4,43776,1696062875.1923723
4,43904,1696062875.2126968
4,44032,1696062875.2316542
4,44160,1696062875.252324
4,44288,1696062875.2735975
4,44416,1696062875.2915106
4,44544,1696062875.3113003
4,44672,1696062875.3310215
4,44800,1696062875.3512824
4,44928,1696062875.3706017
4,45056,1696062875.391184
4,45184,1696062875.412464
4,45312,1696062875.4324088
4,45440,1696062875.4524179
4,45568,1696062875.4717236
4,45696,1696062875.4925458
4,45824,1696062875.5124435
4,45952,1696062875.5324686
4,46080,1696062875.552849
4,46208,1696062875.568889
4,46336,1696062875.5895922
4,46464,1696062875.609618
4,46592,1696062875.6296508
4,46720,1696062875.6492589
4,46848,1696062875.6714103
4,46976,1696062875.6920712
4,47104,1696062875.710005
4,47232,1696062875.7299786
4,47360,1696062875.7499104
4,47488,1696062875.7696197
4,47616,1696062875.7909212
4,47744,1696062875.8135428
4,47872,1696062875.833194
4,48000,1696062875.8530662
4,48128,1696062875.8733282
4,48256,1696062875.8931575
4,48384,1696062875.913205
4,48512,1696062875.9332645
4,48640,1696062875.953029
4,48768,1696062875.9727902
4,48896,1696062875.99337
4,49024,1696062876.01234
4,49152,1696062876.0322175
4,49280,1696062876.0520728
4,49408,1696062876.0719705
4,49536,1696062876.0919409
4,49664,1696062876.111878
4,49792,1696062876.1320684
4,49920,1696062876.1518357
4,50000,1696062876.171977
5,128,1696062876.6587098
5,256,1696062876.6749845
5,384,1696062876.6946104
5,512,1696062876.7147455
5,640,1696062876.7349405
5,768,1696062876.7546906
5,896,1696062876.77462
5,1024,1696062876.7947989
5,1152,1696062876.8144164
5,1280,1696062876.8339999
5,1408,1696062876.8540606
5,1536,1696062876.8786201
5,1664,1696062876.8972604
5,1792,1696062876.9171677
5,1920,1696062876.937289
5,2048,1696062876.957319
5,2176,1696062876.977805
5,2304,1696062876.9974422
5,2432,1696062877.0175009
5,2560,1696062877.0375447
5,2688,1696062877.0575485
5,2816,1696062877.0776129
5,2944,1696062877.09766
5,3072,1696062877.117549
5,3200,1696062877.1375294
5,3328,1696062877.1575375
5,3456,1696062877.177384
5,3584,1696062877.197636
5,3712,1696062877.217872
5,3840,1696062877.237697
5,3968,1696062877.2577307
5,4096,1696062877.2779734
5,4224,1696062877.2982154
5,4352,1696062877.3179898
5,4480,1696062877.3411944
5,4608,1696062877.360975
5,4736,1696062877.3802958
5,4864,1696062877.4002185
5,4992,1696062877.4201052
5,5120,1696062877.4407985
5,5248,1696062877.4608128
5,5376,1696062877.4829004
5,5504,1696062877.5017118
5,5632,1696062877.5230558
5,5760,1696062877.5467844
5,5888,1696062877.567316
5,6016,1696062877.5877984
5,6144,1696062877.6076853
5,6272,1696062877.6274774
5,6400,1696062877.647802
5,6528,1696062877.667697
5,6656,1696062877.6879554
5,6784,1696062877.7085392
5,6912,1696062877.7278607
5,7040,1696062877.7478032
5,7168,1696062877.7681785
5,7296,1696062877.788694
5,7424,1696062877.8077943
5,7552,1696062877.8284981
5,7680,1696062877.8483477
5,7808,1696062877.8684862
5,7936,1696062877.8878553
5,8064,1696062877.908483
5,8192,1696062877.9282608
5,8320,1696062877.9481246
5,8448,1696062877.9685106
5,8576,1696062877.9844887
5,8704,1696062878.0064402
5,8832,1696062878.0278683
5,8960,1696062878.0471876
5,9088,1696062878.0668721
5,9216,1696062878.0877354
5,9344,1696062878.1074867
5,9472,1696062878.1275399
5,9600,1696062878.1464486
5,9728,1696062878.1667595
5,9856,1696062878.1873393
5,9984,1696062878.207193
5,10112,1696062878.23031
5,10240,1696062878.2518897
5,10368,1696062878.2768507
5,10496,1696062878.2979345
5,10624,1696062878.3123028
5,10752,1696062878.3355608
5,10880,1696062878.354613
5,11008,1696062878.372782
5,11136,1696062878.3925989
5,11264,1696062878.4144225
5,11392,1696062878.4346983
5,11520,1696062878.4550724
5,11648,1696062878.4747016
5,11776,1696062878.4947255
5,11904,1696062878.5148883
5,12032,1696062878.5351033
5,12160,1696062878.555234
5,12288,1696062878.5762641
5,12416,1696062878.5963323
5,12544,1696062878.6166341
5,12672,1696062878.6369286
5,12800,1696062878.6570234
5,12928,1696062878.6767883
5,13056,1696062878.696727
5,13184,1696062878.7213795
5,13312,1696062878.7416315
5,13440,1696062878.7598164
5,13568,1696062878.7804186
5,13696,1696062878.8011062
5,13824,1696062878.8224638
5,13952,1696062878.8436208
5,14080,1696062878.8647568
5,14208,1696062878.883478
5,14336,1696062878.9040167
5,14464,1696062878.9242623
5,14592,1696062878.9470093
5,14720,1696062878.966427
5,14848,1696062878.9882412
5,14976,1696062879.007022
5,15104,1696062879.0269382
5,15232,1696062879.0483322
5,15360,1696062879.0717075
5,15488,1696062879.0886238
5,15616,1696062879.1086051
5,15744,1696062879.129405
5,15872,1696062879.1501224
5,16000,1696062879.1702368
5,16128,1696062879.190862
5,16256,1696062879.2105045
5,16384,1696062879.230352
5,16512,1696062879.2507334
5,16640,1696062879.2709012
5,16768,1696062879.2909582
5,16896,1696062879.311047
5,17024,1696062879.3318942
5,17152,1696062879.3513548
5,17280,1696062879.3701122
5,17408,1696062879.389399
5,17536,1696062879.409207
5,17664,1696062879.4294221
5,17792,1696062879.4495673
5,17920,1696062879.4695952
5,18048,1696062879.4896305
5,18176,1696062879.5097249
5,18304,1696062879.5299287
5,18432,1696062879.550018
5,18560,1696062879.570118
5,18688,1696062879.5904195
5,18816,1696062879.610487
5,18944,1696062879.630388
5,19072,1696062879.6506457
5,19200,1696062879.6707292
5,19328,1696062879.6908476
5,19456,1696062879.7108295
5,19584,1696062879.7307336
5,19712,1696062879.7507417
5,19840,1696062879.776805
5,19968,1696062879.7952318
5,20096,1696062879.8127997
5,20224,1696062879.8327258
5,20352,1696062879.8547258
5,20480,1696062879.8751543
5,20608,1696062879.8998973
5,20736,1696062879.917878
5,20864,1696062879.940526
5,20992,1696062879.960296
5,21120,1696062879.980237
5,21248,1696062879.9999807
5,21376,1696062880.0229695
5,21504,1696062880.0435495
5,21632,1696062880.0637345
5,21760,1696062880.0842285
5,21888,1696062880.1036453
5,22016,1696062880.1241536
5,22144,1696062880.1439195
5,22272,1696062880.1667705
5,22400,1696062880.1848018
5,22528,1696062880.2033346
5,22656,1696062880.2270167
5,22784,1696062880.2437549
5,22912,1696062880.2698429
5,23040,1696062880.288683
5,23168,1696062880.3081496
5,23296,1696062880.3285236
5,23424,1696062880.3485534
5,23552,1696062880.363182
5,23680,1696062880.388861
5,23808,1696062880.4137642
5,23936,1696062880.4328775
5,24064,1696062880.4523125
5,24192,1696062880.4725482
5,24320,1696062880.4919217
5,24448,1696062880.5125036
5,24576,1696062880.5325541
5,24704,1696062880.5525463
5,24832,1696062880.5721989
5,24960,1696062880.5875611
5,25088,1696062880.6126513
5,25216,1696062880.6361227
5,25344,1696062880.6537359
5,25472,1696062880.6741447
5,25600,1696062880.6915016
5,25728,1696062880.7116463
5,25856,1696062880.736307
5,25984,1696062880.755916
5,26112,1696062880.7764306
5,26240,1696062880.7971096
5,26368,1696062880.815364
5,26496,1696062880.8328211
5,26624,1696062880.853389
5,26752,1696062880.8735218
5,26880,1696062880.8984323
5,27008,1696062880.9190607
5,27136,1696062880.9393392
5,27264,1696062880.9598985
5,27392,1696062880.9811401
5,27520,1696062880.9983263
5,27648,1696062881.01866
5,27776,1696062881.0395458
5,27904,1696062881.0635145
5,28032,1696062881.0831249
5,28160,1696062881.1067517
5,28288,1696062881.1232827
5,28416,1696062881.147434
5,28544,1696062881.1661718
5,28672,1696062881.1859457
5,28800,1696062881.2031624
5,28928,1696062881.2277384
5,29056,1696062881.2478907
5,29184,1696062881.2677984
5,29312,1696062881.2880363
5,29440,1696062881.308383
5,29568,1696062881.3278003
5,29696,1696062881.3485546
5,29824,1696062881.368637
5,29952,1696062881.3944855
5,30080,1696062881.4145844
5,30208,1696062881.4355717
5,30336,1696062881.4553683
5,30464,1696062881.4762037
5,30592,1696062881.495592
5,30720,1696062881.5157611
5,30848,1696062881.5358188
5,30976,1696062881.555301
5,31104,1696062881.5717857
5,31232,1696062881.5954661
5,31360,1696062881.6185048
5,31488,1696062881.6394508
5,31616,1696062881.659358
5,31744,1696062881.6786163
5,31872,1696062881.698121
5,32000,1696062881.7265687
5,32128,1696062881.745982
5,32256,1696062881.7632546
5,32384,1696062881.7845414
5,32512,1696062881.804492
5,32640,1696062881.8245082
5,32768,1696062881.8435984
5,32896,1696062881.8636012
5,33024,1696062881.8878307
5,33152,1696062881.9091308
5,33280,1696062881.9285126
5,33408,1696062881.94481
5,33536,1696062881.9650378
5,33664,1696062881.9864979
5,33792,1696062882.00668
5,33920,1696062882.027811
5,34048,1696062882.048213
5,34176,1696062882.0691433
5,34304,1696062882.0883875
5,34432,1696062882.108909
5,34560,1696062882.1287305
5,34688,1696062882.1487598
5,34816,1696062882.1689575
5,34944,1696062882.188988
5,35072,1696062882.2093494
5,35200,1696062882.2294028
5,35328,1696062882.2493224
5,35456,1696062882.269411
5,35584,1696062882.2888293
5,35712,1696062882.3098907
5,35840,1696062882.3309505
5,35968,1696062882.3506777
5,36096,1696062882.3712587
5,36224,1696062882.3922079
5,36352,1696062882.4102383
5,36480,1696062882.4301615
5,36608,1696062882.45036
5,36736,1696062882.4707203
5,36864,1696062882.4952538
5,36992,1696062882.5155988
5,37120,1696062882.5358138
5,37248,1696062882.5602918
5,37376,1696062882.579883
5,37504,1696062882.5997963
5,37632,1696062882.6201022
5,37760,1696062882.6381085
5,37888,1696062882.6574578
5,38016,1696062882.675345
5,38144,1696062882.697394
5,38272,1696062882.7168698
5,38400,1696062882.7373974
5,38528,1696062882.7573974
5,38656,1696062882.7772741
5,38784,1696062882.7971117
5,38912,1696062882.8180215
5,39040,1696062882.8373935
5,39168,1696062882.8589954
5,39296,1696062882.8786058
5,39424,1696062882.9027336
5,39552,1696062882.9211807
5,39680,1696062882.941701
5,39808,1696062882.9611976
5,39936,1696062882.983357
5,40064,1696062883.0032125
5,40192,1696062883.0228903
5,40320,1696062883.0468614
5,40448,1696062883.0659034
5,40576,1696062883.0848749
5,40704,1696062883.105105
5,40832,1696062883.1306348
5,40960,1696062883.1491137
5,41088,1696062883.17183
5,41216,1696062883.1900516
5,41344,1696062883.210112
5,41472,1696062883.2324219
5,41600,1696062883.2523031
5,41728,1696062883.2714622
5,41856,1696062883.2951248
5,41984,1696062883.314693
5,42112,1696062883.3350263
5,42240,1696062883.3554428
5,42368,1696062883.3705847
5,42496,1696062883.391973
5,42624,1696062883.4125562
5,42752,1696062883.4331245
5,42880,1696062883.4539955
5,43008,1696062883.4742975
5,43136,1696062883.494434
5,43264,1696062883.5152702
5,43392,1696062883.535692
5,43520,1696062883.5551891
5,43648,1696062883.5750976
5,43776,1696062883.5952275
5,43904,1696062883.6162384
5,44032,1696062883.6364167
5,44160,1696062883.6588
5,44288,1696062883.684223
5,44416,1696062883.697335
5,44544,1696062883.7200816
5,44672,1696062883.7381415
5,44800,1696062883.7580395
5,44928,1696062883.7777371
5,45056,1696062883.7997644
5,45184,1696062883.8190603
5,45312,1696062883.8419147
5,45440,1696062883.8652062
5,45568,1696062883.882873
5,45696,1696062883.9033632
5,45824,1696062883.9229565
5,45952,1696062883.9479253
5,46080,1696062883.9677858
5,46208,1696062883.988094
5,46336,1696062884.0082257
5,46464,1696062884.0278401
5,46592,1696062884.0479512
5,46720,1696062884.0677657
5,46848,1696062884.0883389
5,46976,1696062884.1142766
5,47104,1696062884.1353464
5,47232,1696062884.15555
5,47360,1696062884.1759882
5,47488,1696062884.1958535
5,47616,1696062884.2156878
5,47744,1696062884.2362394
5,47872,1696062884.2559223
5,48000,1696062884.2782044
5,48128,1696062884.296957
5,48256,1696062884.315147
5,48384,1696062884.3352263
5,48512,1696062884.3554974
5,48640,1696062884.375493
5,48768,1696062884.396242
5,48896,1696062884.4165049
5,49024,1696062884.4343915
