epoch,trained_sample,time
1,0,1695618538.6867802
1,16,1695618540.0006485
1,32,1695618540.032242
1,48,1695618540.0594997
1,64,1695618540.0789826
1,80,1695618540.098811
1,96,1695618540.1177287
1,112,1695618540.145529
1,128,1695618540.1649175
1,144,1695618540.1853876
1,160,1695618540.21021
1,176,1695618540.2368584
1,192,1695618540.2575161
1,208,1695618540.2754586
1,224,1695618540.3010988
1,240,1695618540.319915
1,256,1695618540.342436
1,272,1695618540.361409
1,288,1695618540.3813562
1,304,1695618540.403601
1,320,1695618540.4261396
1,336,1695618540.4448543
1,352,1695618540.4655077
1,368,1695618540.4854388
1,384,1695618540.5054858
1,400,1695618540.5336347
1,416,1695618540.55807
1,432,1695618540.5759277
1,448,1695618540.597188
1,464,1695618540.618474
1,480,1695618540.6391811
1,496,1695618540.658139
1,512,1695618540.68233
1,528,1695618540.7094162
1,544,1695618540.7316294
1,560,1695618540.757353
1,576,1695618540.784516
1,592,1695618540.8005903
1,608,1695618540.820333
1,624,1695618540.839455
1,640,1695618540.8585632
1,656,1695618540.8783178
1,672,1695618540.8975952
1,688,1695618540.9186845
1,704,1695618540.934969
1,720,1695618540.9512064
1,736,1695618540.9693415
1,752,1695618540.9877558
1,768,1695618541.007558
1,784,1695618541.0284803
1,800,1695618541.0499043
1,816,1695618541.0702858
1,832,1695618541.0901697
1,848,1695618541.1082046
1,864,1695618541.1270409
1,880,1695618541.1460326
1,896,1695618541.1665423
1,912,1695618541.1853123
1,928,1695618541.2088144
1,944,1695618541.2277484
1,960,1695618541.24666
1,976,1695618541.2654548
1,992,1695618541.2843306
1,1008,1695618541.3032873
1,1024,1695618541.321469
1,1040,1695618541.3407872
1,1056,1695618541.3598254
1,1072,1695618541.378756
1,1088,1695618541.3975694
1,1104,1695618541.4164736
1,1120,1695618541.435373
1,1136,1695618541.4543893
1,1152,1695618541.4743133
1,1168,1695618541.493504
1,1184,1695618541.5122225
1,1200,1695618541.5312033
1,1216,1695618541.5497735
1,1232,1695618541.5722616
1,1248,1695618541.59146
1,1264,1695618541.6105082
1,1280,1695618541.6303043
1,1296,1695618541.648414
1,1312,1695618541.6652825
1,1328,1695618541.6875706
1,1344,1695618541.707162
1,1360,1695618541.725391
1,1376,1695618541.7442503
1,1392,1695618541.7622569
1,1408,1695618541.7808723
1,1424,1695618541.7977912
1,1440,1695618541.8257139
1,1456,1695618541.8461444
1,1472,1695618541.8732355
1,1488,1695618541.894431
1,1504,1695618541.9205904
1,1520,1695618541.9481683
1,1536,1695618541.9664328
1,1552,1695618541.9832056
1,1568,1695618541.9994936
1,1584,1695618542.0193105
1,1600,1695618542.0382397
1,1616,1695618542.057549
1,1632,1695618542.0749302
1,1648,1695618542.0915418
1,1664,1695618542.1079092
1,1680,1695618542.1243515
1,1696,1695618542.141668
1,1712,1695618542.157428
1,1728,1695618542.176042
1,1744,1695618542.1958082
1,1760,1695618542.213674
1,1776,1695618542.2331858
1,1792,1695618542.2507126
1,1808,1695618542.2690487
1,1824,1695618542.2866595
1,1840,1695618542.305168
1,1856,1695618542.3229043
1,1872,1695618542.3445265
1,1888,1695618542.3623385
1,1904,1695618542.3797019
1,1920,1695618542.3960655
1,1936,1695618542.4119694
1,1952,1695618542.4302177
1,1968,1695618542.4489412
1,1984,1695618542.46667
1,2000,1695618542.484676
1,2016,1695618542.5025241
1,2032,1695618542.5211847
1,2048,1695618542.5390732
1,2064,1695618542.5574024
1,2080,1695618542.574865
1,2096,1695618542.599999
1,2112,1695618542.619456
1,2128,1695618542.641876
1,2144,1695618542.662746
1,2160,1695618542.681859
1,2176,1695618542.7026148
1,2192,1695618542.7219892
1,2208,1695618542.7425272
1,2224,1695618542.7614424
1,2240,1695618542.7804742
1,2256,1695618542.8049562
1,2272,1695618542.8242755
1,2288,1695618542.8439388
1,2304,1695618542.8683503
1,2320,1695618542.8903117
1,2336,1695618542.9102643
1,2352,1695618542.9301193
1,2368,1695618542.9503796
1,2384,1695618542.9702616
1,2400,1695618542.9902575
1,2416,1695618543.0102148
1,2432,1695618543.0305493
1,2448,1695618543.049917
1,2464,1695618543.0704353
1,2480,1695618543.0903578
1,2496,1695618543.1102996
1,2512,1695618543.1301367
1,2528,1695618543.1501884
1,2544,1695618543.1702492
1,2560,1695618543.1902668
1,2576,1695618543.210012
1,2592,1695618543.2301712
1,2608,1695618543.2503505
1,2624,1695618543.2695417
1,2640,1695618543.2848957
1,2656,1695618543.3034108
1,2672,1695618543.3206406
1,2688,1695618543.339535
1,2704,1695618543.359657
1,2720,1695618543.3793526
1,2736,1695618543.4030845
1,2752,1695618543.422402
1,2768,1695618543.4418101
1,2784,1695618543.462432
1,2800,1695618543.4821417
1,2816,1695618543.5024538
1,2832,1695618543.5216186
1,2848,1695618543.5426836
1,2864,1695618543.5619454
1,2880,1695618543.5822077
1,2896,1695618543.6020818
1,2912,1695618543.6222734
1,2928,1695618543.6419969
1,2944,1695618543.662373
1,2960,1695618543.6860528
1,2976,1695618543.7043428
1,2992,1695618543.722862
1,3008,1695618543.7436683
1,3024,1695618543.7639306
1,3040,1695618543.7841449
1,3056,1695618543.803287
1,3072,1695618543.8234055
1,3088,1695618543.8433046
1,3104,1695618543.8631146
1,3120,1695618543.8849003
1,3136,1695618543.9045522
1,3152,1695618543.9220076
1,3168,1695618543.9442427
1,3184,1695618543.9634447
1,3200,1695618543.9832523
1,3216,1695618544.0049276
1,3232,1695618544.026687
1,3248,1695618544.0456324
1,3264,1695618544.0666378
1,3280,1695618544.090365
1,3296,1695618544.1071362
1,3312,1695618544.1264837
1,3328,1695618544.1469839
1,3344,1695618544.1687396
1,3360,1695618544.188789
1,3376,1695618544.2064116
1,3392,1695618544.227901
1,3408,1695618544.2498848
1,3424,1695618544.2685478
1,3440,1695618544.2878087
1,3456,1695618544.305827
1,3472,1695618544.322974
1,3488,1695618544.34046
1,3504,1695618544.3598042
1,3520,1695618544.3849936
1,3536,1695618544.401881
1,3552,1695618544.420707
1,3568,1695618544.4453077
1,3584,1695618544.463581
1,3600,1695618544.4837966
1,3616,1695618544.5028272
1,3632,1695618544.521065
1,3648,1695618544.538269
1,3664,1695618544.5634222
1,3680,1695618544.580562
1,3696,1695618544.5966332
1,3712,1695618544.6166234
1,3728,1695618544.6361573
1,3744,1695618544.6610484
1,3760,1695618544.6779196
1,3776,1695618544.7042086
1,3792,1695618544.7243032
1,3808,1695618544.7429297
1,3824,1695618544.7635264
1,3840,1695618544.7822905
1,3856,1695618544.802207
1,3872,1695618544.8222857
1,3888,1695618544.8419583
1,3904,1695618544.8624856
1,3920,1695618544.8820977
1,3936,1695618544.9022777
1,3952,1695618544.9220736
1,3968,1695618544.9422078
1,3984,1695618544.962164
1,4000,1695618544.9819622
1,4016,1695618545.0027127
1,4032,1695618545.0289588
1,4048,1695618545.0462856
1,4064,1695618545.0660834
1,4080,1695618545.0878954
1,4096,1695618545.1107817
1,4112,1695618545.130131
1,4128,1695618545.1500058
1,4144,1695618545.170332
1,4160,1695618545.189848
1,4176,1695618545.210555
1,4192,1695618545.2302337
1,4208,1695618545.2501009
1,4224,1695618545.2704132
1,4240,1695618545.2897336
1,4256,1695618545.3105671
1,4272,1695618545.3299925
1,4288,1695618545.3501656
1,4304,1695618545.3701735
1,4320,1695618545.390524
1,4336,1695618545.410313
1,4352,1695618545.4298923
1,4368,1695618545.4505417
1,4384,1695618545.4702764
1,4400,1695618545.4902434
1,4416,1695618545.509917
1,4432,1695618545.530464
1,4448,1695618545.5504963
1,4464,1695618545.5700822
1,4480,1695618545.5902824
1,4496,1695618545.6095123
1,4512,1695618545.632268
1,4528,1695618545.654256
1,4544,1695618545.6743226
1,4560,1695618545.6943536
1,4576,1695618545.714146
1,4592,1695618545.734058
1,4608,1695618545.7580683
1,4624,1695618545.7788165
1,4640,1695618545.7978494
1,4656,1695618545.8182995
1,4672,1695618545.838573
1,4688,1695618545.8581235
1,4704,1695618545.8784263
1,4720,1695618545.8981922
1,4736,1695618545.91801
1,4752,1695618545.9402225
1,4768,1695618545.9595351
1,4784,1695618545.9801524
1,4800,1695618546.0025933
1,4816,1695618546.0220861
1,4832,1695618546.0417798
1,4848,1695618546.062273
1,4864,1695618546.082178
1,4880,1695618546.1054628
1,4896,1695618546.1248925
1,4912,1695618546.1432602
1,4928,1695618546.1670368
1,4944,1695618546.186726
1,4960,1695618546.2082374
1,4976,1695618546.23113
1,4992,1695618546.2504008
1,5008,1695618546.2720122
1,5024,1695618546.2960277
1,5040,1695618546.3179324
1,5056,1695618546.3381486
1,5072,1695618546.358104
1,5088,1695618546.3817694
1,5104,1695618546.4027731
1,5120,1695618546.4218035
1,5136,1695618546.4421465
1,5152,1695618546.4619644
1,5168,1695618546.4855623
1,5184,1695618546.5067756
1,5200,1695618546.526142
1,5216,1695618546.5463386
1,5232,1695618546.5663981
1,5248,1695618546.585951
1,5264,1695618546.606609
1,5280,1695618546.626293
1,5296,1695618546.6460676
1,5312,1695618546.6662474
1,5328,1695618546.688595
1,5344,1695618546.7106092
1,5360,1695618546.7299867
1,5376,1695618546.7502756
1,5392,1695618546.7734346
1,5408,1695618546.7947981
1,5424,1695618546.8137498
1,5440,1695618546.8346086
1,5456,1695618546.8541512
1,5472,1695618546.8739235
1,5488,1695618546.894388
1,5504,1695618546.914131
1,5520,1695618546.9344351
1,5536,1695618546.9543724
1,5552,1695618546.974205
1,5568,1695618546.9943416
1,5584,1695618547.014082
1,5600,1695618547.0343156
1,5616,1695618547.0543098
1,5632,1695618547.07386
1,5648,1695618547.0898705
1,5664,1695618547.107628
1,5680,1695618547.1242578
1,5696,1695618547.146612
1,5712,1695618547.1676853
1,5728,1695618547.1908927
1,5744,1695618547.2108543
1,5760,1695618547.2363884
1,5776,1695618547.2566767
1,5792,1695618547.278783
1,5808,1695618547.2984269
1,5824,1695618547.3174465
1,5840,1695618547.338869
1,5856,1695618547.3611777
1,5872,1695618547.3825574
1,5888,1695618547.402073
1,5904,1695618547.4222138
1,5920,1695618547.4424818
1,5936,1695618547.4621637
1,5952,1695618547.4822874
1,5968,1695618547.5021198
1,5984,1695618547.5223157
1,6000,1695618547.5420475
1,6016,1695618547.5619364
1,6032,1695618547.5826108
1,6048,1695618547.6052935
1,6064,1695618547.6265144
1,6080,1695618547.6461258
1,6096,1695618547.665914
1,6112,1695618547.6813965
1,6128,1695618547.7016602
1,6144,1695618547.7226207
1,6160,1695618547.7420213
1,6176,1695618547.7623997
1,6192,1695618547.7821088
1,6208,1695618547.8022807
1,6224,1695618547.82235
1,6240,1695618547.8422713
1,6256,1695618547.862284
1,6272,1695618547.8821187
1,6288,1695618547.9024587
1,6304,1695618547.9221447
1,6320,1695618547.942386
1,6336,1695618547.9648688
1,6352,1695618547.9864602
1,6368,1695618548.0063357
1,6384,1695618548.026162
1,6400,1695618548.0467367
1,6416,1695618548.0696535
1,6432,1695618548.090684
1,6448,1695618548.1097898
1,6464,1695618548.13024
1,6480,1695618548.1504135
1,6496,1695618548.1700175
1,6512,1695618548.1901243
1,6528,1695618548.2101073
1,6544,1695618548.2334118
1,6560,1695618548.2548666
1,6576,1695618548.2739694
1,6592,1695618548.2944822
1,6608,1695618548.3138478
1,6624,1695618548.3346176
1,6640,1695618548.354025
1,6656,1695618548.3743823
1,6672,1695618548.3942907
1,6688,1695618548.4142978
1,6704,1695618548.4342022
1,6720,1695618548.4546642
1,6736,1695618548.4768698
1,6752,1695618548.4986422
1,6768,1695618548.5211716
1,6784,1695618548.5425313
1,6800,1695618548.5620835
1,6816,1695618548.5824018
1,6832,1695618548.6021595
1,6848,1695618548.6222215
1,6864,1695618548.642278
1,6880,1695618548.662281
1,6896,1695618548.6821892
1,6912,1695618548.7022002
1,6928,1695618548.72243
1,6944,1695618548.7421317
1,6960,1695618548.7623272
1,6976,1695618548.7822018
1,6992,1695618548.8025563
1,7008,1695618548.8222725
1,7024,1695618548.8422315
1,7040,1695618548.8623967
1,7056,1695618548.8822038
1,7072,1695618548.905587
1,7088,1695618548.926433
1,7104,1695618548.9485748
1,7120,1695618548.9704342
1,7136,1695618548.9932318
1,7152,1695618549.0146954
1,7168,1695618549.0337806
1,7184,1695618549.053866
1,7200,1695618549.0735354
1,7216,1695618549.0931664
1,7232,1695618549.113106
1,7248,1695618549.1328695
1,7264,1695618549.1531844
1,7280,1695618549.1744878
1,7296,1695618549.1943545
1,7312,1695618549.2140536
1,7328,1695618549.234313
1,7344,1695618549.2543926
1,7360,1695618549.2741892
1,7376,1695618549.2941995
1,7392,1695618549.3144815
1,7408,1695618549.3340454
1,7424,1695618549.3621993
1,7440,1695618549.3894448
1,7456,1695618549.4044526
1,7472,1695618549.4228983
1,7488,1695618549.4411292
1,7504,1695618549.4608283
1,7520,1695618549.4811425
1,7536,1695618549.5020354
1,7552,1695618549.5217474
1,7568,1695618549.5424287
1,7584,1695618549.560839
1,7600,1695618549.5788858
1,7616,1695618549.5974345
1,7632,1695618549.6178346
1,7648,1695618549.6399877
1,7664,1695618549.6689136
1,7680,1695618549.6850667
1,7696,1695618549.7062464
1,7712,1695618549.7251785
1,7728,1695618549.7456522
1,7744,1695618549.766191
1,7760,1695618549.785564
1,7776,1695618549.804963
1,7792,1695618549.825605
1,7808,1695618549.8452222
1,7824,1695618549.8661072
1,7840,1695618549.8896422
1,7856,1695618549.9176855
1,7872,1695618549.945475
1,7888,1695618549.9604607
1,7904,1695618549.9818869
1,7920,1695618550.0008786
1,7936,1695618550.021231
1,7952,1695618550.0420086
1,7968,1695618550.0615065
1,7984,1695618550.080852
1,8000,1695618550.1015408
1,8016,1695618550.12198
1,8032,1695618550.141502
1,8048,1695618550.1610026
1,8064,1695618550.1817293
1,8080,1695618550.202242
1,8096,1695618550.2213116
1,8112,1695618550.2416427
1,8128,1695618550.2641864
1,8144,1695618550.2868268
1,8160,1695618550.3115036
1,8176,1695618550.3349116
1,8192,1695618550.3521812
1,8208,1695618550.373761
1,8224,1695618550.4007468
1,8240,1695618550.4236503
1,8256,1695618550.4462245
1,8272,1695618550.4724958
1,8288,1695618550.4925358
1,8304,1695618550.5101552
1,8320,1695618550.5264096
1,8336,1695618550.5486724
1,8352,1695618550.565892
1,8368,1695618550.5833116
1,8384,1695618550.607875
1,8400,1695618550.6303189
1,8416,1695618550.65078
1,8432,1695618550.6697624
1,8448,1695618550.6902463
1,8464,1695618550.7100372
1,8480,1695618550.7335494
1,8496,1695618550.7546873
1,8512,1695618550.7737257
1,8528,1695618550.7943516
1,8544,1695618550.8141694
1,8560,1695618550.8341267
1,8576,1695618550.8543332
1,8592,1695618550.8739216
1,8608,1695618550.894129
1,8624,1695618550.9143596
1,8640,1695618550.933996
1,8656,1695618550.9517438
1,8672,1695618550.9685714
1,8688,1695618550.9923887
1,8704,1695618551.014432
1,8720,1695618551.0340965
1,8736,1695618551.0545568
1,8752,1695618551.0743027
1,8768,1695618551.0943804
1,8784,1695618551.1141858
1,8800,1695618551.1346402
1,8816,1695618551.1540425
1,8832,1695618551.174375
1,8848,1695618551.1943917
1,8864,1695618551.2142963
1,8880,1695618551.234272
1,8896,1695618551.2542343
1,8912,1695618551.274452
1,8928,1695618551.2940385
1,8944,1695618551.3145773
1,8960,1695618551.3340898
1,8976,1695618551.3539248
1,8992,1695618551.3744311
1,9008,1695618551.394117
1,9024,1695618551.4143708
1,9040,1695618551.4341884
1,9056,1695618551.4544568
1,9072,1695618551.4740043
1,9088,1695618551.4943476
1,9104,1695618551.5142167
1,9120,1695618551.5337555
1,9136,1695618551.5536427
1,9152,1695618551.5743864
1,9168,1695618551.5976493
1,9184,1695618551.618863
1,9200,1695618551.637642
1,9216,1695618551.6618977
1,9232,1695618551.6825714
1,9248,1695618551.7023852
1,9264,1695618551.726066
1,9280,1695618551.7465463
1,9296,1695618551.7661564
1,9312,1695618551.7862928
1,9328,1695618551.8063138
1,9344,1695618551.8261998
1,9360,1695618551.8465056
1,9376,1695618551.8662531
1,9392,1695618551.886271
1,9408,1695618551.906568
1,9424,1695618551.9259431
1,9440,1695618551.9464238
1,9456,1695618551.9664032
1,9472,1695618551.9861882
1,9488,1695618552.0062842
1,9504,1695618552.0256205
1,9520,1695618552.050148
1,9536,1695618552.0704913
1,9552,1695618552.0896697
1,9568,1695618552.1104069
1,9584,1695618552.1302457
1,9600,1695618552.1536329
1,9616,1695618552.1747394
1,9632,1695618552.1938188
1,9648,1695618552.214536
1,9664,1695618552.2340808
1,9680,1695618552.2543259
1,9696,1695618552.2739305
1,9712,1695618552.2944353
1,9728,1695618552.314515
1,9744,1695618552.3366501
1,9760,1695618552.3586953
1,9776,1695618552.378074
1,9792,1695618552.3982024
1,9808,1695618552.4175742
1,9824,1695618552.437124
1,9840,1695618552.457625
1,9856,1695618552.4786665
1,9872,1695618552.4984186
1,9888,1695618552.5179074
1,9904,1695618552.5386343
1,9920,1695618552.5581636
1,9936,1695618552.5782373
1,9952,1695618552.601662
1,9968,1695618552.6227837
1,9984,1695618552.6417887
1,10000,1695618552.662503
1,10016,1695618552.6821537
1,10032,1695618552.7019835
1,10048,1695618552.7252996
1,10064,1695618552.7466667
1,10080,1695618552.7657022
1,10096,1695618552.7864459
1,10112,1695618552.8064916
1,10128,1695618552.8286335
1,10144,1695618552.8505123
1,10160,1695618552.8735118
1,10176,1695618552.89466
1,10192,1695618552.9136832
1,10208,1695618552.933912
1,10224,1695618552.9573236
1,10240,1695618552.9786687
1,10256,1695618552.9977224
1,10272,1695618553.0184653
1,10288,1695618553.0382695
1,10304,1695618553.0614893
1,10320,1695618553.0828843
1,10336,1695618553.101868
1,10352,1695618553.1269534
1,10368,1695618553.141527
1,10384,1695618553.1648023
1,10400,1695618553.1840103
1,10416,1695618553.2069275
1,10432,1695618553.2269878
1,10448,1695618553.244549
1,10464,1695618553.2619426
1,10480,1695618553.2796147
1,10496,1695618553.3027353
1,10512,1695618553.324034
1,10528,1695618553.346925
1,10544,1695618553.3670397
1,10560,1695618553.3911293
1,10576,1695618553.4111183
1,10592,1695618553.434327
1,10608,1695618553.4547377
1,10624,1695618553.4762654
1,10640,1695618553.498741
1,10656,1695618553.5183687
1,10672,1695618553.5381505
1,10688,1695618553.5585303
1,10704,1695618553.5779274
1,10720,1695618553.598467
1,10736,1695618553.6182506
1,10752,1695618553.638341
1,10768,1695618553.6581302
1,10784,1695618553.6782866
1,10800,1695618553.698273
1,10816,1695618553.7180953
1,10832,1695618553.7383645
1,10848,1695618553.7581813
1,10864,1695618553.7778451
1,10880,1695618553.7965593
1,10896,1695618553.8186996
1,10912,1695618553.8386416
1,10928,1695618553.8585193
1,10944,1695618553.8781238
1,10960,1695618553.8985364
1,10976,1695618553.9184284
1,10992,1695618553.9379663
1,11008,1695618553.958199
1,11024,1695618553.9788575
1,11040,1695618553.9978857
1,11056,1695618554.0184572
1,11072,1695618554.0386488
1,11088,1695618554.0577805
1,11104,1695618554.0784588
1,11120,1695618554.098226
1,11136,1695618554.1181924
1,11152,1695618554.1384192
1,11168,1695618554.1581657
1,11184,1695618554.1784542
1,11200,1695618554.198108
1,11216,1695618554.2184646
1,11232,1695618554.2378743
1,11248,1695618554.2585552
1,11264,1695618554.2780714
1,11280,1695618554.2974102
1,11296,1695618554.3200974
1,11312,1695618554.3422012
1,11328,1695618554.3622682
1,11344,1695618554.3819985
1,11360,1695618554.402551
1,11376,1695618554.4219534
1,11392,1695618554.442468
1,11408,1695618554.4624004
1,11424,1695618554.4821472
1,11440,1695618554.5023844
1,11456,1695618554.5220673
1,11472,1695618554.5423706
1,11488,1695618554.56213
1,11504,1695618554.5821428
1,11520,1695618554.6023493
1,11536,1695618554.6221564
1,11552,1695618554.6423259
1,11568,1695618554.6621616
1,11584,1695618554.6822515
1,11600,1695618554.7022169
1,11616,1695618554.7251682
1,11632,1695618554.7467403
1,11648,1695618554.7661154
1,11664,1695618554.7861414
1,11680,1695618554.806482
1,11696,1695618554.8262622
1,11712,1695618554.8460126
1,11728,1695618554.866313
1,11744,1695618554.8859897
1,11760,1695618554.9061997
1,11776,1695618554.9263616
1,11792,1695618554.9460516
1,11808,1695618554.9664357
1,11824,1695618554.9856894
1,11840,1695618555.0095856
1,11856,1695618555.030653
1,11872,1695618555.0496519
1,11888,1695618555.0702868
1,11904,1695618555.0903351
1,11920,1695618555.1099386
1,11936,1695618555.1340132
1,11952,1695618555.1543179
1,11968,1695618555.1750808
1,11984,1695618555.1953325
1,12000,1695618555.2140255
1,12016,1695618555.231012
1,12032,1695618555.2495158
1,12048,1695618555.2668688
1,12064,1695618555.2850463
1,12080,1695618555.3028169
1,12096,1695618555.3212676
1,12112,1695618555.33905
1,12128,1695618555.3562658
1,12144,1695618555.3783522
1,12160,1695618555.4012568
1,12176,1695618555.422322
1,12192,1695618555.4421308
1,12208,1695618555.4621131
1,12224,1695618555.4859993
1,12240,1695618555.506484
1,12256,1695618555.5262437
1,12272,1695618555.545848
1,12288,1695618555.5626051
1,12304,1695618555.5795565
1,12320,1695618555.599809
1,12336,1695618555.6205814
1,12352,1695618555.638918
1,12368,1695618555.6578481
1,12384,1695618555.6751404
1,12400,1695618555.6934183
1,12416,1695618555.710895
1,12432,1695618555.729081
1,12448,1695618555.7468507
1,12464,1695618555.765099
1,12480,1695618555.7811646
1,12496,1695618555.8053772
1,12512,1695618555.825114
1,12528,1695618555.8466563
1,12544,1695618555.8658113
1,12560,1695618555.8857017
1,12576,1695618555.9058096
1,12592,1695618555.9258063
1,12608,1695618555.9500966
1,12624,1695618555.9706235
1,12640,1695618555.9896953
1,12656,1695618556.010727
1,12672,1695618556.0301745
1,12688,1695618556.0501428
1,12704,1695618556.0703251
1,12720,1695618556.0898616
1,12736,1695618556.1103404
1,12752,1695618556.129547
1,12768,1695618556.1491299
1,12784,1695618556.1690657
1,12800,1695618556.1887276
1,12816,1695618556.2154396
1,12832,1695618556.2371883
1,12848,1695618556.2585692
1,12864,1695618556.2780633
1,12880,1695618556.2984118
1,12896,1695618556.3180664
1,12912,1695618556.3383336
1,12928,1695618556.3584514
1,12944,1695618556.3781588
1,12960,1695618556.3985095
1,12976,1695618556.4182239
1,12992,1695618556.4382603
1,13008,1695618556.4583604
1,13024,1695618556.4781904
1,13040,1695618556.4983783
1,13056,1695618556.5184104
1,13072,1695618556.5384378
1,13088,1695618556.5580735
1,13104,1695618556.577904
1,13120,1695618556.5984533
1,13136,1695618556.617965
1,13152,1695618556.6382117
1,13168,1695618556.6584077
1,13184,1695618556.6783402
1,13200,1695618556.6982229
1,13216,1695618556.718482
1,13232,1695618556.7381794
1,13248,1695618556.7582164
1,13264,1695618556.7783391
1,13280,1695618556.7982736
1,13296,1695618556.8184488
1,13312,1695618556.8375201
1,13328,1695618556.8570952
1,13344,1695618556.8767335
1,13360,1695618556.8998175
1,13376,1695618556.9226706
1,13392,1695618556.941085
1,13408,1695618556.961068
1,13424,1695618556.9849691
1,13440,1695618557.0042782
1,13456,1695618557.0269008
1,13472,1695618557.0466774
1,13488,1695618557.0683267
1,13504,1695618557.0885885
1,13520,1695618557.1122708
1,13536,1695618557.1345394
1,13552,1695618557.1541948
1,13568,1695618557.1744635
1,13584,1695618557.1940145
1,13600,1695618557.2143958
1,13616,1695618557.2340353
1,13632,1695618557.2538009
1,13648,1695618557.2731674
1,13664,1695618557.2960596
1,13680,1695618557.3184187
1,13696,1695618557.3382134
1,13712,1695618557.3577757
1,13728,1695618557.3768191
1,13744,1695618557.3968124
1,13760,1695618557.4173136
1,13776,1695618557.4408123
1,13792,1695618557.4624085
1,13808,1695618557.4819403
1,13824,1695618557.502362
1,13840,1695618557.5222085
1,13856,1695618557.5421581
1,13872,1695618557.5625207
1,13888,1695618557.581966
1,13904,1695618557.6025376
1,13920,1695618557.621568
1,13936,1695618557.6449556
1,13952,1695618557.666346
1,13968,1695618557.6860511
1,13984,1695618557.7064056
1,14000,1695618557.7261558
1,14016,1695618557.7466567
1,14032,1695618557.7659175
1,14048,1695618557.7863216
1,14064,1695618557.8059993
1,14080,1695618557.8263767
1,14096,1695618557.8459873
1,14112,1695618557.8662794
1,14128,1695618557.8866343
1,14144,1695618557.9058099
1,14160,1695618557.9261596
1,14176,1695618557.946432
1,14192,1695618557.966179
1,14208,1695618557.986235
1,14224,1695618558.0065715
1,14240,1695618558.0262687
1,14256,1695618558.0461502
1,14272,1695618558.0661864
1,14288,1695618558.086255
1,14304,1695618558.1066587
1,14320,1695618558.1258936
1,14336,1695618558.1465545
1,14352,1695618558.1661968
1,14368,1695618558.1859365
1,14384,1695618558.2057874
1,14400,1695618558.2256522
1,14416,1695618558.2473752
1,14432,1695618558.2736742
1,14448,1695618558.2922704
1,14464,1695618558.3147929
1,14480,1695618558.3334305
1,14496,1695618558.352985
1,14512,1695618558.3720226
1,14528,1695618558.3973258
1,14544,1695618558.4162967
1,14560,1695618558.4390395
1,14576,1695618558.4585214
1,14592,1695618558.4786205
1,14608,1695618558.497942
1,14624,1695618558.5181272
1,14640,1695618558.5384893
1,14656,1695618558.5575626
1,14672,1695618558.5784519
1,14688,1695618558.5983884
1,14704,1695618558.6183507
1,14720,1695618558.6384056
1,14736,1695618558.6582508
1,14752,1695618558.6785524
1,14768,1695618558.69795
1,14784,1695618558.718446
1,14800,1695618558.7382295
1,14816,1695618558.7583582
1,14832,1695618558.7782059
1,14848,1695618558.7982786
1,14864,1695618558.8184643
1,14880,1695618558.8380158
1,14896,1695618558.8585615
1,14912,1695618558.8782227
1,14928,1695618558.8978262
1,14944,1695618558.9183056
1,14960,1695618558.937933
1,14976,1695618558.958431
1,14992,1695618558.9783115
1,15008,1695618558.9982123
1,15024,1695618559.0183823
1,15040,1695618559.0379543
1,15056,1695618559.0585315
1,15072,1695618559.07816
1,15088,1695618559.098357
1,15104,1695618559.1180217
1,15120,1695618559.1381896
1,15136,1695618559.158441
1,15152,1695618559.1781166
1,15168,1695618559.200797
1,15184,1695618559.2202442
1,15200,1695618559.2426972
1,15216,1695618559.262177
1,15232,1695618559.2774384
1,15248,1695618559.2964685
1,15264,1695618559.316495
1,15280,1695618559.3412697
1,15296,1695618559.3599813
1,15312,1695618559.3828263
1,15328,1695618559.3963063
1,15344,1695618559.4178536
1,15360,1695618559.438711
1,15376,1695618559.4578521
1,15392,1695618559.4783888
1,15408,1695618559.498533
1,15424,1695618559.518496
1,15440,1695618559.5382338
1,15456,1695618559.5578952
1,15472,1695618559.5783653
1,15488,1695618559.598527
1,15504,1695618559.618173
1,15520,1695618559.6384008
1,15536,1695618559.6578422
1,15552,1695618559.6813097
1,15568,1695618559.7025938
1,15584,1695618559.7221425
1,15600,1695618559.7418792
1,15616,1695618559.7625608
1,15632,1695618559.7820299
1,15648,1695618559.8024411
1,15664,1695618559.822013
1,15680,1695618559.8422844
1,15696,1695618559.862323
1,15712,1695618559.8819919
1,15728,1695618559.906136
1,15744,1695618559.926831
1,15760,1695618559.9459057
1,15776,1695618559.9660795
1,15792,1695618559.9863057
1,15808,1695618560.006355
1,15824,1695618560.0263102
1,15840,1695618560.0461516
1,15856,1695618560.0656035
1,15872,1695618560.0853817
1,15888,1695618560.106339
1,15904,1695618560.1260576
1,15920,1695618560.145945
1,15936,1695618560.166146
1,15952,1695618560.1863108
1,15968,1695618560.2062047
1,15984,1695618560.226318
1,16000,1695618560.246315
1,16016,1695618560.2662249
1,16032,1695618560.286393
1,16048,1695618560.3062108
1,16064,1695618560.3265753
1,16080,1695618560.3460402
1,16096,1695618560.3665018
1,16112,1695618560.3859906
1,16128,1695618560.4066725
1,16144,1695618560.4263787
1,16160,1695618560.4462066
1,16176,1695618560.466199
1,16192,1695618560.4862046
1,16208,1695618560.5063436
1,16224,1695618560.526012
1,16240,1695618560.5434878
1,16256,1695618560.566893
1,16272,1695618560.5868402
1,16288,1695618560.6127367
1,16304,1695618560.6311622
1,16320,1695618560.6516495
1,16336,1695618560.6749701
1,16352,1695618560.6940086
1,16368,1695618560.7145665
1,16384,1695618560.734001
1,16400,1695618560.753953
1,16416,1695618560.780629
1,16432,1695618560.7999618
1,16448,1695618560.81889
1,16464,1695618560.8406413
1,16480,1695618560.8603876
1,16496,1695618560.8790545
1,16512,1695618560.9031322
1,16528,1695618560.922892
1,16544,1695618560.944674
1,16560,1695618560.9631915
1,16576,1695618560.983223
1,16592,1695618560.998969
1,16608,1695618561.0157535
1,16624,1695618561.0325909
1,16640,1695618561.0505445
1,16656,1695618561.068815
1,16672,1695618561.0854034
1,16688,1695618561.1055417
1,16704,1695618561.1249294
1,16720,1695618561.1448514
1,16736,1695618561.1645145
1,16752,1695618561.1822097
1,16768,1695618561.2069936
1,16784,1695618561.2304316
1,16800,1695618561.2503948
1,16816,1695618561.2694716
1,16832,1695618561.2904444
1,16848,1695618561.3102741
1,16864,1695618561.3300693
1,16880,1695618561.350376
1,16896,1695618561.3704019
1,16912,1695618561.3903027
1,16928,1695618561.418166
1,16944,1695618561.4398837
1,16960,1695618561.4655023
1,16976,1695618561.4869106
1,16992,1695618561.5072923
1,17008,1695618561.529496
1,17024,1695618561.5545998
1,17040,1695618561.5796816
1,17056,1695618561.5987833
1,17072,1695618561.617735
1,17088,1695618561.6360228
1,17104,1695618561.655388
1,17120,1695618561.6702342
1,17136,1695618561.6841688
1,17152,1695618561.6989546
1,17168,1695618561.7141588
1,17184,1695618561.729139
1,17200,1695618561.7452676
1,17216,1695618561.7594583
1,17232,1695618561.7749486
1,17248,1695618561.7900605
1,17264,1695618561.8050096
1,17280,1695618561.820534
1,17296,1695618561.834438
1,17312,1695618561.8499835
1,17328,1695618561.865862
1,17344,1695618561.8798573
1,17360,1695618561.8946116
1,17376,1695618561.909586
1,17392,1695618561.9248044
1,17408,1695618561.9402251
1,17424,1695618561.9549994
1,17440,1695618561.9700806
1,17456,1695618561.9848254
1,17472,1695618562.0000575
1,17488,1695618562.0156636
1,17504,1695618562.030495
1,17520,1695618562.0461738
1,17536,1695618562.0611367
1,17552,1695618562.0766702
1,17568,1695618562.092105
1,17584,1695618562.1075466
1,17600,1695618562.1222868
1,17616,1695618562.1379952
1,17632,1695618562.151954
1,17648,1695618562.1666667
1,17664,1695618562.1816976
1,17680,1695618562.1970704
1,17696,1695618562.2126858
1,17712,1695618562.226966
1,17728,1695618562.242853
1,17744,1695618562.2584267
1,17760,1695618562.2729354
1,17776,1695618562.2873693
1,17792,1695618562.3024282
1,17808,1695618562.3172634
1,17824,1695618562.3413672
1,17840,1695618562.36297
1,17856,1695618562.3815942
1,17872,1695618562.3982265
1,17888,1695618562.421365
1,17904,1695618562.441246
1,17920,1695618562.4626112
1,17936,1695618562.4822218
1,17952,1695618562.5023646
1,17968,1695618562.5222437
1,17984,1695618562.542479
1,18000,1695618562.562104
1,18016,1695618562.5824208
1,18032,1695618562.6019979
1,18048,1695618562.6222932
1,18064,1695618562.6420593
1,18080,1695618562.6622906
1,18096,1695618562.6823616
1,18112,1695618562.7021139
1,18128,1695618562.7221816
1,18144,1695618562.7420716
1,18160,1695618562.7622612
1,18176,1695618562.782571
1,18192,1695618562.8022897
1,18208,1695618562.8223693
1,18224,1695618562.842287
1,18240,1695618562.8623295
1,18256,1695618562.8821228
1,18272,1695618562.9022825
1,18288,1695618562.9218993
1,18304,1695618562.9421775
1,18320,1695618562.9625373
1,18336,1695618562.9820082
1,18352,1695618563.001904
1,18368,1695618563.022779
1,18384,1695618563.0420012
1,18400,1695618563.066835
1,18416,1695618563.0815704
1,18432,1695618563.103988
1,18448,1695618563.124972
1,18464,1695618563.1465242
1,18480,1695618563.1665115
1,18496,1695618563.1862857
1,18512,1695618563.2063236
1,18528,1695618563.2263083
1,18544,1695618563.2466307
1,18560,1695618563.2663298
1,18576,1695618563.2859113
1,18592,1695618563.3063848
1,18608,1695618563.325947
1,18624,1695618563.346745
1,18640,1695618563.3663158
1,18656,1695618563.3859854
1,18672,1695618563.4062195
1,18688,1695618563.4265852
1,18704,1695618563.4465418
1,18720,1695618563.4661787
1,18736,1695618563.489029
1,18752,1695618563.5106966
1,18768,1695618563.5303488
1,18784,1695618563.553323
1,18800,1695618563.574525
1,18816,1695618563.5942416
1,18832,1695618563.614214
1,18848,1695618563.6343713
1,18864,1695618563.6542814
1,18880,1695618563.674307
1,18896,1695618563.6942804
1,18912,1695618563.717298
1,18928,1695618563.738593
1,18944,1695618563.7575843
1,18960,1695618563.7783902
1,18976,1695618563.7980425
1,18992,1695618563.8181634
1,19008,1695618563.8379724
1,19024,1695618563.861562
1,19040,1695618563.8821683
1,19056,1695618563.8977013
1,19072,1695618563.916802
1,19088,1695618563.9387124
1,19104,1695618563.957944
1,19120,1695618563.9782672
1,19136,1695618563.998293
1,19152,1695618564.017977
1,19168,1695618564.0383682
1,19184,1695618564.05829
1,19200,1695618564.078304
1,19216,1695618564.0981967
1,19232,1695618564.1179016
1,19248,1695618564.1380725
1,19264,1695618564.158456
1,19280,1695618564.1783755
1,19296,1695618564.1981156
1,19312,1695618564.2179139
1,19328,1695618564.2384808
1,19344,1695618564.2581117
1,19360,1695618564.278169
1,19376,1695618564.2979097
1,19392,1695618564.3163307
1,19408,1695618564.3333898
1,19424,1695618564.3525212
1,19440,1695618564.371502
1,19456,1695618564.3948514
1,19472,1695618564.4146423
1,19488,1695618564.43302
1,19504,1695618564.4520319
1,19520,1695618564.4705832
1,19536,1695618564.4910054
1,19552,1695618564.5146754
1,19568,1695618564.534271
1,19584,1695618564.5526357
1,19600,1695618564.5718906
1,19616,1695618564.5976028
1,19632,1695618564.6179595
1,19648,1695618564.6396291
1,19664,1695618564.665795
1,19680,1695618564.68436
1,19696,1695618564.7096403
1,19712,1695618564.7282445
1,19728,1695618564.7532647
1,19744,1695618564.7702806
1,19760,1695618564.7899542
1,19776,1695618564.8118403
1,19792,1695618564.8370783
1,19808,1695618564.8544378
1,19824,1695618564.8729427
1,19840,1695618564.8920639
1,19856,1695618564.9118364
1,19872,1695618564.9302132
1,19888,1695618564.9537857
1,19904,1695618564.9747834
1,19920,1695618564.9939861
1,19936,1695618565.013838
1,19952,1695618565.03432
1,19968,1695618565.0544236
1,19984,1695618565.0744174
1,20000,1695618565.094176
1,20016,1695618565.1139374
1,20032,1695618565.1342063
1,20048,1695618565.1542275
1,20064,1695618565.1740766
1,20080,1695618565.1940236
1,20096,1695618565.214025
1,20112,1695618565.2375376
1,20128,1695618565.2583687
1,20144,1695618565.2778828
1,20160,1695618565.2982056
1,20176,1695618565.3181844
1,20192,1695618565.3384995
1,20208,1695618565.358138
1,20224,1695618565.3784108
1,20240,1695618565.3981137
1,20256,1695618565.4182158
1,20272,1695618565.4381926
1,20288,1695618565.4585462
1,20304,1695618565.4780102
1,20320,1695618565.4983256
1,20336,1695618565.5181427
1,20352,1695618565.5383399
1,20368,1695618565.5580826
1,20384,1695618565.5782747
1,20400,1695618565.598125
1,20416,1695618565.6186035
1,20432,1695618565.6382825
1,20448,1695618565.6580758
1,20464,1695618565.678349
1,20480,1695618565.6982825
1,20496,1695618565.7180967
1,20512,1695618565.7383263
1,20528,1695618565.7581892
1,20544,1695618565.7782438
1,20560,1695618565.7983055
1,20576,1695618565.8183918
1,20592,1695618565.8383968
1,20608,1695618565.8583412
1,20624,1695618565.8783505
1,20640,1695618565.8981428
1,20656,1695618565.918291
1,20672,1695618565.9381108
1,20688,1695618565.958117
1,20704,1695618565.9783103
1,20720,1695618565.9980023
1,20736,1695618566.018167
1,20752,1695618566.0380492
1,20768,1695618566.061196
1,20784,1695618566.0826492
1,20800,1695618566.1017842
1,20816,1695618566.1218286
1,20832,1695618566.1409528
1,20848,1695618566.163674
1,20864,1695618566.18682
1,20880,1695618566.2059548
1,20896,1695618566.2262907
1,20912,1695618566.246232
1,20928,1695618566.2658641
1,20944,1695618566.2862544
1,20960,1695618566.3063555
1,20976,1695618566.3260534
1,20992,1695618566.3464286
1,21008,1695618566.3663087
1,21024,1695618566.3861365
1,21040,1695618566.406055
1,21056,1695618566.4263527
1,21072,1695618566.445419
1,21088,1695618566.4654148
1,21104,1695618566.4879656
1,21120,1695618566.5106645
1,21136,1695618566.5301447
1,21152,1695618566.5503554
1,21168,1695618566.5703406
1,21184,1695618566.5901597
1,21200,1695618566.610506
1,21216,1695618566.6303368
1,21232,1695618566.6502185
1,21248,1695618566.6705592
1,21264,1695618566.6901736
1,21280,1695618566.710193
1,21296,1695618566.7304182
1,21312,1695618566.757963
1,21328,1695618566.779783
1,21344,1695618566.803045
1,21360,1695618566.823248
1,21376,1695618566.8491926
1,21392,1695618566.8680236
1,21408,1695618566.8909929
1,21424,1695618566.9115348
1,21440,1695618566.93452
1,21456,1695618566.9589918
1,21472,1695618566.9799898
1,21488,1695618567.0028474
1,21504,1695618567.0235362
1,21520,1695618567.046731
1,21536,1695618567.061599
1,21552,1695618567.084648
1,21568,1695618567.1043012
1,21584,1695618567.1270292
1,21600,1695618567.1479013
1,21616,1695618567.173627
1,21632,1695618567.1944575
1,21648,1695618567.2137582
1,21664,1695618567.2343955
1,21680,1695618567.2540405
1,21696,1695618567.2743828
1,21712,1695618567.294289
1,21728,1695618567.314158
1,21744,1695618567.3366244
1,21760,1695618567.3561716
1,21776,1695618567.3791902
1,21792,1695618567.398559
1,21808,1695618567.4196846
1,21824,1695618567.44181
1,21840,1695618567.4624953
1,21856,1695618567.482283
1,21872,1695618567.5022798
1,21888,1695618567.5220551
1,21904,1695618567.542138
1,21920,1695618567.5624516
1,21936,1695618567.5822787
1,21952,1695618567.602283
1,21968,1695618567.6223302
1,21984,1695618567.642478
1,22000,1695618567.6624181
1,22016,1695618567.682331
1,22032,1695618567.7022283
1,22048,1695618567.7251058
1,22064,1695618567.746331
1,22080,1695618567.7661471
1,22096,1695618567.7864103
1,22112,1695618567.806146
1,22128,1695618567.8263786
1,22144,1695618567.8461742
1,22160,1695618567.8662963
1,22176,1695618567.8862712
1,22192,1695618567.9060013
1,22208,1695618567.926582
1,22224,1695618567.9444327
1,22240,1695618567.964417
1,22256,1695618567.986821
1,22272,1695618568.006758
1,22288,1695618568.0211828
1,22304,1695618568.0444508
1,22320,1695618568.063883
1,22336,1695618568.087141
1,22352,1695618568.1078646
1,22368,1695618568.1304488
1,22384,1695618568.1501894
1,22400,1695618568.1701105
1,22416,1695618568.1902916
1,22432,1695618568.2098532
1,22448,1695618568.2302194
1,22464,1695618568.2504673
1,22480,1695618568.2701006
1,22496,1695618568.2937722
1,22512,1695618568.3081691
1,22528,1695618568.3298197
1,22544,1695618568.3506813
1,22560,1695618568.3699703
1,22576,1695618568.390393
1,22592,1695618568.4103968
1,22608,1695618568.4301445
1,22624,1695618568.4501078
1,22640,1695618568.4704516
1,22656,1695618568.490035
1,22672,1695618568.510232
1,22688,1695618568.5304563
1,22704,1695618568.5498207
1,22720,1695618568.5704331
1,22736,1695618568.5903814
1,22752,1695618568.6094608
1,22768,1695618568.6331341
1,22784,1695618568.653929
1,22800,1695618568.6779342
1,22816,1695618568.698647
1,22832,1695618568.7177303
1,22848,1695618568.738492
1,22864,1695618568.758046
1,22880,1695618568.7782574
1,22896,1695618568.7986667
1,22912,1695618568.8180757
1,22928,1695618568.8379378
1,22944,1695618568.8582895
1,22960,1695618568.878105
1,22976,1695618568.8986197
1,22992,1695618568.9181063
1,23008,1695618568.9376485
1,23024,1695618568.9619212
1,23040,1695618568.9825764
1,23056,1695618569.0018852
1,23072,1695618569.0222886
1,23088,1695618569.0424392
1,23104,1695618569.0618994
1,23120,1695618569.0822272
1,23136,1695618569.1026237
1,23152,1695618569.1218507
1,23168,1695618569.144807
1,23184,1695618569.1666026
1,23200,1695618569.1860554
1,23216,1695618569.206572
1,23232,1695618569.226015
1,23248,1695618569.246221
1,23264,1695618569.2662263
1,23280,1695618569.2864192
1,23296,1695618569.3059983
1,23312,1695618569.326443
1,23328,1695618569.3461213
1,23344,1695618569.3663135
1,23360,1695618569.3860152
1,23376,1695618569.4061759
1,23392,1695618569.4264538
1,23408,1695618569.4461513
1,23424,1695618569.4661205
1,23440,1695618569.486427
1,23456,1695618569.5062146
1,23472,1695618569.526388
1,23488,1695618569.5462306
1,23504,1695618569.5663552
1,23520,1695618569.586263
1,23536,1695618569.6062934
1,23552,1695618569.6264777
1,23568,1695618569.646169
1,23584,1695618569.6665883
1,23600,1695618569.686131
1,23616,1695618569.7062144
1,23632,1695618569.7264705
1,23648,1695618569.7461252
1,23664,1695618569.7661512
1,23680,1695618569.7864714
1,23696,1695618569.8059947
1,23712,1695618569.8262103
1,23728,1695618569.8462448
1,23744,1695618569.8664172
1,23760,1695618569.886059
1,23776,1695618569.9065723
1,23792,1695618569.926006
1,23808,1695618569.9462042
1,23824,1695618569.9690924
1,23840,1695618569.990833
1,23856,1695618570.009817
1,23872,1695618570.030531
1,23888,1695618570.0499535
1,23904,1695618570.070451
1,23920,1695618570.0899723
1,23936,1695618570.114342
1,23952,1695618570.1358876
1,23968,1695618570.1592968
1,23984,1695618570.1796079
1,24000,1695618570.1953695
1,24016,1695618570.2128255
1,24032,1695618570.2304173
1,24048,1695618570.2472093
1,24064,1695618570.2639332
1,24080,1695618570.2800093
1,24096,1695618570.2983804
1,24112,1695618570.3173685
1,24128,1695618570.3350186
1,24144,1695618570.3514144
1,24160,1695618570.3680003
1,24176,1695618570.3844113
1,24192,1695618570.4027257
1,24208,1695618570.4213746
1,24224,1695618570.4390814
1,24240,1695618570.4571638
1,24256,1695618570.4749234
1,24272,1695618570.4934688
1,24288,1695618570.51087
1,24304,1695618570.5287833
1,24320,1695618570.5466008
1,24336,1695618570.56364
1,24352,1695618570.5892575
1,24368,1695618570.6076584
1,24384,1695618570.6308625
1,24400,1695618570.6513085
1,24416,1695618570.669204
1,24432,1695618570.6869795
1,24448,1695618570.7024302
1,24464,1695618570.7214448
1,24480,1695618570.737844
1,24496,1695618570.7568014
1,24512,1695618570.7748055
1,24528,1695618570.7915878
1,24544,1695618570.8076563
1,24560,1695618570.8240817
1,24576,1695618570.8399446
1,24592,1695618570.8585062
1,24608,1695618570.8778543
1,24624,1695618570.895732
1,24640,1695618570.9124284
1,24656,1695618570.9280682
1,24672,1695618570.9462934
1,24688,1695618570.9653335
1,24704,1695618570.9827545
1,24720,1695618571.0011854
1,24736,1695618571.0188591
1,24752,1695618571.0376694
1,24768,1695618571.0547457
1,24784,1695618571.0726957
1,24800,1695618571.0907094
1,24816,1695618571.1090336
1,24832,1695618571.126619
1,24848,1695618571.1449146
1,24864,1695618571.162622
1,24880,1695618571.180993
1,24896,1695618571.1986907
1,24912,1695618571.2168195
1,24928,1695618571.2347527
1,24944,1695618571.2533712
1,24960,1695618571.2709858
1,24976,1695618571.289847
1,24992,1695618571.306895
1,25008,1695618571.3250754
1,25024,1695618571.3427835
1,25040,1695618571.3612378
1,25056,1695618571.3790443
1,25072,1695618571.3976142
1,25088,1695618571.4149234
1,25104,1695618571.4334514
1,25120,1695618571.4507585
1,25136,1695618571.4691017
1,25152,1695618571.4870498
1,25168,1695618571.5060368
1,25184,1695618571.5231388
1,25200,1695618571.540296
1,25216,1695618571.562589
1,25232,1695618571.5822768
1,25248,1695618571.6020896
1,25264,1695618571.6223354
1,25280,1695618571.6416717
1,25296,1695618571.6667478
1,25312,1695618571.6887395
1,25328,1695618571.7107308
1,25344,1695618571.730093
1,25360,1695618571.750187
1,25376,1695618571.7703114
1,25392,1695618571.7899652
1,25408,1695618571.8103695
1,25424,1695618571.8301332
1,25440,1695618571.8501287
1,25456,1695618571.8701043
1,25472,1695618571.8902404
1,25488,1695618571.910194
1,25504,1695618571.9302943
1,25520,1695618571.9501057
1,25536,1695618571.9701338
1,25552,1695618571.9903321
1,25568,1695618572.0098073
1,25584,1695618572.0260623
1,25600,1695618572.045204
1,25616,1695618572.061848
1,25632,1695618572.0781105
1,25648,1695618572.0955656
1,25664,1695618572.1122866
1,25680,1695618572.1284862
1,25696,1695618572.146783
1,25712,1695618572.1652508
1,25728,1695618572.1827962
1,25744,1695618572.201315
1,25760,1695618572.218772
1,25776,1695618572.2376723
1,25792,1695618572.2549253
1,25808,1695618572.2728364
1,25824,1695618572.2908335
1,25840,1695618572.309864
1,25856,1695618572.3271227
1,25872,1695618572.345856
1,25888,1695618572.3628588
1,25904,1695618572.3793633
1,25920,1695618572.3959808
1,25936,1695618572.412474
1,25952,1695618572.4301336
1,25968,1695618572.4499784
1,25984,1695618572.4700863
1,26000,1695618572.4902592
1,26016,1695618572.5103266
1,26032,1695618572.527669
1,26048,1695618572.5443866
1,26064,1695618572.561874
1,26080,1695618572.5791948
1,26096,1695618572.5974367
1,26112,1695618572.615032
1,26128,1695618572.6337686
1,26144,1695618572.6516397
1,26160,1695618572.6683662
1,26176,1695618572.6842284
1,26192,1695618572.7028363
1,26208,1695618572.722149
1,26224,1695618572.7420783
1,26240,1695618572.7622285
1,26256,1695618572.7796342
1,26272,1695618572.7960541
1,26288,1695618572.8119612
1,26304,1695618572.8309631
1,26320,1695618572.848236
1,26336,1695618572.8643804
1,26352,1695618572.8799691
1,26368,1695618572.898421
1,26384,1695618572.9177258
1,26400,1695618572.934982
1,26416,1695618572.953482
1,26432,1695618572.9707062
1,26448,1695618572.9889536
1,26464,1695618573.006909
1,26480,1695618573.0254393
1,26496,1695618573.0430114
1,26512,1695618573.0616097
1,26528,1695618573.0789673
1,26544,1695618573.097453
1,26560,1695618573.1150382
1,26576,1695618573.13354
1,26592,1695618573.1509368
1,26608,1695618573.167347
1,26624,1695618573.184042
1,26640,1695618573.1996512
1,26656,1695618573.2182415
1,26672,1695618573.2356458
1,26688,1695618573.2520788
1,26704,1695618573.268228
1,26720,1695618573.2865796
1,26736,1695618573.3054998
1,26752,1695618573.3248732
1,26768,1695618573.3426
1,26784,1695618573.3623357
1,26800,1695618573.3804533
1,26816,1695618573.4028497
1,26832,1695618573.4229796
1,26848,1695618573.4473004
1,26864,1695618573.4678085
1,26880,1695618573.4909885
1,26896,1695618573.5053082
1,26912,1695618573.529154
1,26928,1695618573.5478208
1,26944,1695618573.5658016
1,26960,1695618573.5853133
1,26976,1695618573.602945
1,26992,1695618573.6194873
1,27008,1695618573.6362638
1,27024,1695618573.6526618
1,27040,1695618573.6678603
1,27056,1695618573.6885278
1,27072,1695618573.7131064
1,27088,1695618573.7321029
1,27104,1695618573.7547617
1,27120,1695618573.7727253
1,27136,1695618573.7913234
1,27152,1695618573.8102157
1,27168,1695618573.8302429
1,27184,1695618573.8500419
1,27200,1695618573.8705213
1,27216,1695618573.890643
1,27232,1695618573.9100678
1,27248,1695618573.9294634
1,27264,1695618573.946898
1,27280,1695618573.9633322
1,27296,1695618573.979964
1,27312,1695618573.9961493
1,27328,1695618574.0144744
1,27344,1695618574.0315666
1,27360,1695618574.0479574
1,27376,1695618574.0642302
1,27392,1695618574.0823503
1,27408,1695618574.100934
1,27424,1695618574.120129
1,27440,1695618574.1384246
1,27456,1695618574.1567478
1,27472,1695618574.1784472
1,27488,1695618574.200634
1,27504,1695618574.2229624
1,27520,1695618574.2418075
1,27536,1695618574.2663832
1,27552,1695618574.2881892
1,27568,1695618574.30822
1,27584,1695618574.3278842
1,27600,1695618574.346136
1,27616,1695618574.366234
1,27632,1695618574.3831198
1,27648,1695618574.4015853
1,27664,1695618574.4188077
1,27680,1695618574.4371777
1,27696,1695618574.4549494
1,27712,1695618574.4734643
1,27728,1695618574.4909954
1,27744,1695618574.5075428
1,27760,1695618574.5239267
1,27776,1695618574.539967
1,27792,1695618574.5557728
1,27808,1695618574.572113
1,27824,1695618574.5883188
1,27840,1695618574.6065788
1,27856,1695618574.6252892
1,27872,1695618574.6428401
1,27888,1695618574.6623404
1,27904,1695618574.6787894
1,27920,1695618574.6965878
1,27936,1695618574.7141953
1,27952,1695618574.7334626
1,27968,1695618574.7509918
1,27984,1695618574.7692025
1,28000,1695618574.7870927
1,28016,1695618574.8036778
1,28032,1695618574.8201544
1,28048,1695618574.835625
1,28064,1695618574.8565567
1,28080,1695618574.8743868
1,28096,1695618574.8931808
1,28112,1695618574.9107873
1,28128,1695618574.9274313
1,28144,1695618574.94376
1,28160,1695618574.9600418
1,28176,1695618574.977491
1,28192,1695618574.9948826
1,28208,1695618575.013642
1,28224,1695618575.030874
1,28240,1695618575.0487514
1,28256,1695618575.0668075
1,28272,1695618575.0852044
1,28288,1695618575.1026723
1,28304,1695618575.1209126
1,28320,1695618575.1387248
1,28336,1695618575.1569886
1,28352,1695618575.1749735
1,28368,1695618575.191444
1,28384,1695618575.207889
1,28400,1695618575.2231724
1,28416,1695618575.2437863
1,28432,1695618575.2623007
1,28448,1695618575.2812467
1,28464,1695618575.2989357
1,28480,1695618575.3174102
1,28496,1695618575.3321738
1,28512,1695618575.353972
1,28528,1695618575.374573
1,28544,1695618575.3939042
1,28560,1695618575.4140508
1,28576,1695618575.4341235
1,28592,1695618575.4541638
1,28608,1695618575.474337
1,28624,1695618575.4942977
1,28640,1695618575.5139155
1,28656,1695618575.534098
1,28672,1695618575.5543551
1,28688,1695618575.574289
1,28704,1695618575.5941353
1,28720,1695618575.6144168
1,28736,1695618575.634096
1,28752,1695618575.6540577
1,28768,1695618575.6742883
1,28784,1695618575.6942976
1,28800,1695618575.7139566
1,28816,1695618575.7342427
1,28832,1695618575.7541313
1,28848,1695618575.773607
1,28864,1695618575.793015
1,28880,1695618575.8130112
1,28896,1695618575.8323722
1,28912,1695618575.8568811
1,28928,1695618575.8761148
1,28944,1695618575.8970547
1,28960,1695618575.9170337
1,28976,1695618575.936239
1,28992,1695618575.9613767
1,29008,1695618575.979536
1,29024,1695618576.0018704
1,29040,1695618576.0224798
1,29056,1695618576.0421526
1,29072,1695618576.062533
1,29088,1695618576.0821323
1,29104,1695618576.1023176
1,29120,1695618576.1222405
1,29136,1695618576.1416266
1,29152,1695618576.1617088
1,29168,1695618576.1845398
1,29184,1695618576.204961
1,29200,1695618576.224063
1,29216,1695618576.2436996
1,29232,1695618576.2623384
1,29248,1695618576.279837
1,29264,1695618576.29856
1,29280,1695618576.321435
1,29296,1695618576.342513
1,29312,1695618576.361918
1,29328,1695618576.3825612
1,29344,1695618576.4021976
1,29360,1695618576.4226196
1,29376,1695618576.4418936
1,29392,1695618576.4625633
1,29408,1695618576.481971
1,29424,1695618576.5024538
1,29440,1695618576.5221605
1,29456,1695618576.5424597
1,29472,1695618576.5622501
1,29488,1695618576.5821998
1,29504,1695618576.6020055
1,29520,1695618576.6223497
1,29536,1695618576.6421647
1,29552,1695618576.6624064
1,29568,1695618576.6821713
1,29584,1695618576.7025719
1,29600,1695618576.7217927
1,29616,1695618576.7424166
1,29632,1695618576.7621374
1,29648,1695618576.782547
1,29664,1695618576.8020928
1,29680,1695618576.821834
1,29696,1695618576.842602
1,29712,1695618576.86183
1,29728,1695618576.8823624
1,29744,1695618576.902429
1,29760,1695618576.921848
1,29776,1695618576.942399
1,29792,1695618576.9623234
1,29808,1695618576.982293
1,29824,1695618577.0022
1,29840,1695618577.0223193
1,29856,1695618577.0421488
1,29872,1695618577.062086
1,29888,1695618577.0820267
1,29904,1695618577.1022027
1,29920,1695618577.1222472
1,29936,1695618577.142535
1,29952,1695618577.1615348
1,29968,1695618577.1824808
1,29984,1695618577.202892
1,30000,1695618577.2224216
1,30016,1695618577.2424958
1,30032,1695618577.262054
1,30048,1695618577.2823327
1,30064,1695618577.3022087
1,30080,1695618577.3219426
1,30096,1695618577.3423026
1,30112,1695618577.362408
1,30128,1695618577.3822935
1,30144,1695618577.4021823
1,30160,1695618577.4221458
1,30176,1695618577.442335
1,30192,1695618577.4620543
1,30208,1695618577.4819689
1,30224,1695618577.502103
1,30240,1695618577.5222592
1,30256,1695618577.5420382
1,30272,1695618577.562097
1,30288,1695618577.5824242
1,30304,1695618577.6021464
1,30320,1695618577.6214924
1,30336,1695618577.6402864
1,30352,1695618577.6651328
1,30368,1695618577.6819882
1,30384,1695618577.702044
1,30400,1695618577.7269628
1,30416,1695618577.7454243
1,30432,1695618577.7630255
1,30448,1695618577.7797713
1,30464,1695618577.7956905
1,30480,1695618577.8128848
1,30496,1695618577.829924
1,30512,1695618577.849338
1,30528,1695618577.8643088
1,30544,1695618577.8866785
1,30560,1695618577.9082386
1,30576,1695618577.9285595
1,30592,1695618577.9466336
1,30608,1695618577.964631
1,30624,1695618577.9868588
1,30640,1695618578.0073543
1,30656,1695618578.0220969
1,30672,1695618578.044922
1,30688,1695618578.0644176
1,30704,1695618578.086719
1,30720,1695618578.1059701
1,30736,1695618578.1263924
1,30752,1695618578.1463125
1,30768,1695618578.1658645
1,30784,1695618578.1861591
1,30800,1695618578.2062137
1,30816,1695618578.2263489
1,30832,1695618578.2462573
1,30848,1695618578.2651415
1,30864,1695618578.285101
1,30880,1695618578.3050284
1,30896,1695618578.3249154
1,30912,1695618578.3543353
1,30928,1695618578.376178
1,30944,1695618578.393949
1,30960,1695618578.410836
1,30976,1695618578.4257886
1,30992,1695618578.4487662
1,31008,1695618578.4671555
1,31024,1695618578.4882224
1,31040,1695618578.508439
1,31056,1695618578.527247
1,31072,1695618578.5486517
1,31088,1695618578.570626
1,31104,1695618578.5897877
1,31120,1695618578.6104383
1,31136,1695618578.6301117
1,31152,1695618578.6500208
1,31168,1695618578.6699955
1,31184,1695618578.6901565
1,31200,1695618578.7102432
1,31216,1695618578.7301338
1,31232,1695618578.7500353
1,31248,1695618578.7703683
1,31264,1695618578.7901597
1,31280,1695618578.8131428
1,31296,1695618578.830916
1,31312,1695618578.8545208
1,31328,1695618578.8727934
1,31344,1695618578.891879
1,31360,1695618578.9089582
1,31376,1695618578.9270341
1,31392,1695618578.9439893
1,31408,1695618578.9682362
1,31424,1695618578.990102
1,31440,1695618579.0107493
1,31456,1695618579.0302444
1,31472,1695618579.0501778
1,31488,1695618579.0698385
1,31504,1695618579.0905595
1,31520,1695618579.1102996
1,31536,1695618579.130056
1,31552,1695618579.1498709
1,31568,1695618579.1701999
1,31584,1695618579.1902878
1,31600,1695618579.210154
1,31616,1695618579.230329
1,31632,1695618579.250505
1,31648,1695618579.2699783
1,31664,1695618579.2902997
1,31680,1695618579.3097658
1,31696,1695618579.3305593
1,31712,1695618579.3501642
1,31728,1695618579.371463
1,31744,1695618579.389286
1,31760,1695618579.4089053
1,31776,1695618579.4325924
1,31792,1695618579.452498
1,31808,1695618579.4700592
1,31824,1695618579.4892406
1,31840,1695618579.5116374
1,31856,1695618579.5305102
1,31872,1695618579.5504398
1,31888,1695618579.5672014
1,31904,1695618579.584904
1,31920,1695618579.6048565
1,31936,1695618579.6317499
1,31952,1695618579.6526012
1,31968,1695618579.6759448
1,31984,1695618579.698564
1,32000,1695618579.7254372
1,32016,1695618579.7451425
1,32032,1695618579.7680454
1,32048,1695618579.7936163
1,32064,1695618579.8128717
1,32080,1695618579.8305445
1,32096,1695618579.852978
1,32112,1695618579.874295
1,32128,1695618579.893903
1,32144,1695618579.9145613
1,32160,1695618579.933963
1,32176,1695618579.954009
1,32192,1695618579.9741218
1,32208,1695618579.9944258
1,32224,1695618580.0138335
1,32240,1695618580.0345218
1,32256,1695618580.0533497
1,32272,1695618580.0743775
1,32288,1695618580.0943089
1,32304,1695618580.1139598
1,32320,1695618580.1340766
1,32336,1695618580.1542015
1,32352,1695618580.1743767
1,32368,1695618580.1939929
1,32384,1695618580.2143993
1,32400,1695618580.2343748
1,32416,1695618580.254361
1,32432,1695618580.2742138
1,32448,1695618580.294249
1,32464,1695618580.314149
1,32480,1695618580.3342512
1,32496,1695618580.354159
1,32512,1695618580.3740263
1,32528,1695618580.394372
1,32544,1695618580.4142456
1,32560,1695618580.4341888
1,32576,1695618580.453452
1,32592,1695618580.4730625
1,32608,1695618580.4930358
1,32624,1695618580.512842
1,32640,1695618580.5336618
1,32656,1695618580.5525384
1,32672,1695618580.5713298
1,32688,1695618580.5899959
1,32704,1695618580.6132207
1,32720,1695618580.6324446
1,32736,1695618580.6511865
1,32752,1695618580.6678429
1,32768,1695618580.683554
1,32784,1695618580.699599
1,32800,1695618580.71902
1,32816,1695618580.7417035
1,32832,1695618580.7604601
1,32848,1695618580.7789962
1,32864,1695618580.8007689
1,32880,1695618580.8225675
1,32896,1695618580.8418102
1,32912,1695618580.862408
1,32928,1695618580.8819332
1,32944,1695618580.9021537
1,32960,1695618580.9222088
1,32976,1695618580.942371
1,32992,1695618580.9621024
1,33008,1695618580.982192
1,33024,1695618581.0020885
1,33040,1695618581.0224555
1,33056,1695618581.0422418
1,33072,1695618581.0627432
1,33088,1695618581.0791483
1,33104,1695618581.0946965
1,33120,1695618581.1100934
1,33136,1695618581.1317449
1,33152,1695618581.1489441
1,33168,1695618581.1726735
1,33184,1695618581.189326
1,33200,1695618581.2061813
1,33216,1695618581.222956
1,33232,1695618581.2397513
1,33248,1695618581.2559478
1,33264,1695618581.2737339
1,33280,1695618581.2882178
1,33296,1695618581.3014567
1,33312,1695618581.3159351
1,33328,1695618581.3289483
1,33344,1695618581.3437467
1,33360,1695618581.357353
1,33376,1695618581.3741834
1,33392,1695618581.3906038
1,33408,1695618581.4085865
1,33424,1695618581.4265883
1,33440,1695618581.4450183
1,33456,1695618581.4626317
1,33472,1695618581.4854028
1,33488,1695618581.4995522
1,33504,1695618581.5131774
1,33520,1695618581.5260513
1,33536,1695618581.5401094
1,33552,1695618581.5533688
1,33568,1695618581.5677629
1,33584,1695618581.5810149
1,33600,1695618581.5948408
1,33616,1695618581.6082847
1,33632,1695618581.6218472
1,33648,1695618581.6349273
1,33664,1695618581.6511428
1,33680,1695618581.667266
1,33696,1695618581.6844187
1,33712,1695618581.7008212
1,33728,1695618581.7166803
1,33744,1695618581.734517
1,33760,1695618581.7533581
1,33776,1695618581.7709665
1,33792,1695618581.788177
1,33808,1695618581.8045986
1,33824,1695618581.820096
1,33840,1695618581.836555
1,33856,1695618581.8523366
1,33872,1695618581.8682768
1,33888,1695618581.8862994
1,33904,1695618581.9043798
1,33920,1695618581.9208307
1,33936,1695618581.936532
1,33952,1695618581.9545026
1,33968,1695618581.9726212
1,33984,1695618581.9903784
1,34000,1695618582.0094743
1,34016,1695618582.0262277
1,34032,1695618582.047968
1,34048,1695618582.0703373
1,34064,1695618582.0900517
1,34080,1695618582.1104953
1,34096,1695618582.1299732
1,34112,1695618582.1504703
1,34128,1695618582.1702902
1,34144,1695618582.1902034
1,34160,1695618582.2105474
1,34176,1695618582.230142
1,34192,1695618582.2501893
1,34208,1695618582.270546
1,34224,1695618582.2902327
1,34240,1695618582.310351
1,34256,1695618582.3302834
1,34272,1695618582.3498988
1,34288,1695618582.370356
1,34304,1695618582.390186
1,34320,1695618582.4108684
1,34336,1695618582.4309847
1,34352,1695618582.4520273
1,34368,1695618582.474711
1,34384,1695618582.4939525
1,34400,1695618582.5141459
1,34416,1695618582.534258
1,34432,1695618582.5536556
1,34448,1695618582.57289
1,34464,1695618582.5930088
1,34480,1695618582.6128454
1,34496,1695618582.6336226
1,34512,1695618582.6532745
1,34528,1695618582.6727254
1,34544,1695618582.6931474
1,34560,1695618582.7162344
1,34576,1695618582.7382188
1,34592,1695618582.7582808
1,34608,1695618582.777748
1,34624,1695618582.7985284
1,34640,1695618582.8185856
1,34656,1695618582.834596
1,34672,1695618582.8518288
1,34688,1695618582.8707082
1,34704,1695618582.887866
1,34720,1695618582.9040952
1,34736,1695618582.9203897
1,34752,1695618582.935812
1,34768,1695618582.95204
1,34784,1695618582.9680672
1,34800,1695618582.9872017
1,34816,1695618583.0042553
1,34832,1695618583.018991
1,34848,1695618583.0386174
1,34864,1695618583.0574977
1,34880,1695618583.0788667
1,34896,1695618583.0981324
1,34912,1695618583.1177745
1,34928,1695618583.1387522
1,34944,1695618583.158098
1,34960,1695618583.1781785
1,34976,1695618583.1983435
1,34992,1695618583.2182457
1,35008,1695618583.2381575
1,35024,1695618583.258044
1,35040,1695618583.2780976
1,35056,1695618583.2983806
1,35072,1695618583.3182547
1,35088,1695618583.3383534
1,35104,1695618583.3668709
1,35120,1695618583.3935642
1,35136,1695618583.4084098
1,35152,1695618583.4363875
1,35168,1695618583.4547312
1,35184,1695618583.4722662
1,35200,1695618583.4901834
1,35216,1695618583.5080402
1,35232,1695618583.5244985
1,35248,1695618583.5410457
1,35264,1695618583.5584016
1,35280,1695618583.574417
1,35296,1695618583.592257
1,35312,1695618583.6101472
1,35328,1695618583.6286094
1,35344,1695618583.6464887
1,35360,1695618583.6647897
1,35376,1695618583.6825478
1,35392,1695618583.7009284
1,35408,1695618583.718445
1,35424,1695618583.7362723
1,35440,1695618583.7540383
1,35456,1695618583.7723336
1,35472,1695618583.7885144
1,35488,1695618583.8043635
1,35504,1695618583.8197732
1,35520,1695618583.8376074
1,35536,1695618583.8558102
1,35552,1695618583.8786664
1,35568,1695618583.8960092
1,35584,1695618583.9120753
1,35600,1695618583.9279933
1,35616,1695618583.9459937
1,35632,1695618583.964409
1,35648,1695618583.9821224
1,35664,1695618584.000432
1,35680,1695618584.0185304
1,35696,1695618584.0369713
1,35712,1695618584.0543392
1,35728,1695618584.0723698
1,35744,1695618584.0902445
1,35760,1695618584.108375
1,35776,1695618584.1262724
1,35792,1695618584.1453018
1,35808,1695618584.1621335
1,35824,1695618584.1848974
1,35840,1695618584.206476
1,35856,1695618584.2258394
1,35872,1695618584.2463288
1,35888,1695618584.2661119
1,35904,1695618584.2861724
1,35920,1695618584.3063583
1,35936,1695618584.3260646
1,35952,1695618584.3463335
1,35968,1695618584.3654115
1,35984,1695618584.3850248
1,36000,1695618584.404974
1,36016,1695618584.4246244
1,36032,1695618584.4443731
1,36048,1695618584.4651835
1,36064,1695618584.4866405
1,36080,1695618584.5057285
1,36096,1695618584.5263443
1,36112,1695618584.5464349
1,36128,1695618584.5657165
1,36144,1695618584.5868902
1,36160,1695618584.6060622
1,36176,1695618584.6260922
1,36192,1695618584.6461115
1,36208,1695618584.6661336
1,36224,1695618584.6861048
1,36240,1695618584.706503
1,36256,1695618584.7257748
1,36272,1695618584.7462423
1,36288,1695618584.766215
1,36304,1695618584.7863345
1,36320,1695618584.8057992
1,36336,1695618584.8266022
1,36352,1695618584.8458881
1,36368,1695618584.866288
1,36384,1695618584.8863318
1,36400,1695618584.9062448
1,36416,1695618584.9266112
1,36432,1695618584.9459941
1,36448,1695618584.9672177
