epoch,trained_sample,time
1,0,1695617273.3639836
1,128,1695617274.6531403
1,256,1695617274.732037
1,384,1695617274.8236163
1,512,1695617274.9126954
1,640,1695617275.0016398
1,768,1695617275.0905008
1,896,1695617275.1791832
1,1024,1695617275.2680733
1,1152,1695617275.3568776
1,1280,1695617275.4457104
1,1408,1695617275.5347009
1,1536,1695617275.6235642
1,1664,1695617275.7124832
1,1792,1695617275.8014743
1,1920,1695617275.890393
1,2048,1695617275.979175
1,2176,1695617276.0681202
1,2304,1695617276.1568787
1,2432,1695617276.2457252
1,2560,1695617276.3346965
1,2688,1695617276.4235406
1,2816,1695617276.5125077
1,2944,1695617276.601446
1,3072,1695617276.6904285
1,3200,1695617276.7792337
1,3328,1695617276.8681672
1,3456,1695617276.9568968
1,3584,1695617277.045808
1,3712,1695617277.1346838
1,3840,1695617277.2236028
1,3968,1695617277.3123698
1,4096,1695617277.401356
1,4224,1695617277.4903762
1,4352,1695617277.5791366
1,4480,1695617277.6681108
1,4608,1695617277.7568655
1,4736,1695617277.8457143
1,4864,1695617277.9346027
1,4992,1695617278.0234997
1,5120,1695617278.112495
1,5248,1695617278.2023177
1,5376,1695617278.2911816
1,5504,1695617278.3801212
1,5632,1695617278.468991
1,5760,1695617278.5577943
1,5888,1695617278.64664
1,6016,1695617278.7356029
1,6144,1695617278.8246415
1,6272,1695617278.9136453
1,6400,1695617279.002613
1,6528,1695617279.0915723
1,6656,1695617279.180508
1,6784,1695617279.2694814
1,6912,1695617279.361358
1,7040,1695617279.4519649
1,7168,1695617279.5522504
1,7296,1695617279.6523092
1,7424,1695617279.7502365
1,7552,1695617279.8488126
1,7680,1695617279.947396
1,7808,1695617280.045444
1,7936,1695617280.1418111
1,8064,1695617280.2385285
1,8192,1695617280.3360357
1,8320,1695617280.4337742
1,8448,1695617280.5312068
1,8576,1695617280.6294165
1,8704,1695617280.7258992
1,8832,1695617280.8225372
1,8960,1695617280.9182465
1,9088,1695617281.0157783
1,9216,1695617281.112761
1,9344,1695617281.2095933
1,9472,1695617281.306146
1,9600,1695617281.4037745
1,9728,1695617281.5083482
1,9856,1695617281.6131012
1,9984,1695617281.717562
1,10112,1695617281.8214743
1,10240,1695617281.925994
1,10368,1695617282.0302343
1,10496,1695617282.135045
1,10624,1695617282.2390828
1,10752,1695617282.3434882
1,10880,1695617282.4476404
1,11008,1695617282.549931
1,11136,1695617282.6547022
1,11264,1695617282.7602656
1,11392,1695617282.865412
1,11520,1695617282.9701102
1,11648,1695617283.074242
1,11776,1695617283.1789112
1,11904,1695617283.2838948
1,12032,1695617283.3874753
1,12160,1695617283.492315
1,12288,1695617283.5975804
1,12416,1695617283.7029312
1,12544,1695617283.8071642
1,12672,1695617283.9115732
1,12800,1695617284.0165563
1,12928,1695617284.1201322
1,13056,1695617284.2250187
1,13184,1695617284.329982
1,13312,1695617284.4349802
1,13440,1695617284.5390642
1,13568,1695617284.643698
1,13696,1695617284.7471452
1,13824,1695617284.8508925
1,13952,1695617284.9550457
1,14080,1695617285.0597444
1,14208,1695617285.1631708
1,14336,1695617285.268583
1,14464,1695617285.3734758
1,14592,1695617285.4779916
1,14720,1695617285.582618
1,14848,1695617285.6862051
1,14976,1695617285.790821
1,15104,1695617285.895328
1,15232,1695617285.999726
1,15360,1695617286.1043234
1,15488,1695617286.2087927
1,15616,1695617286.3129897
1,15744,1695617286.4178329
1,15872,1695617286.5223653
1,16000,1695617286.626577
1,16128,1695617286.7322016
1,16256,1695617286.8361452
1,16384,1695617286.9396467
1,16512,1695617287.0413456
1,16640,1695617287.1459346
1,16768,1695617287.2497356
1,16896,1695617287.3540347
1,17024,1695617287.4576745
1,17152,1695617287.5626864
1,17280,1695617287.6677032
1,17408,1695617287.7721455
1,17536,1695617287.876703
1,17664,1695617287.98097
1,17792,1695617288.085765
1,17920,1695617288.1903389
1,18048,1695617288.2949498
1,18176,1695617288.3997002
1,18304,1695617288.5041978
1,18432,1695617288.6089785
1,18560,1695617288.714407
1,18688,1695617288.819951
1,18816,1695617288.925711
1,18944,1695617289.0318055
1,19072,1695617289.1364145
1,19200,1695617289.2417355
1,19328,1695617289.346728
1,19456,1695617289.451359
1,19584,1695617289.5562732
1,19712,1695617289.6632135
1,19840,1695617289.767476
1,19968,1695617289.872167
1,20096,1695617289.976891
1,20224,1695617290.0819376
1,20352,1695617290.1862152
1,20480,1695617290.290869
1,20608,1695617290.3954093
1,20736,1695617290.4999728
1,20864,1695617290.605334
1,20992,1695617290.7111945
1,21120,1695617290.8151095
1,21248,1695617290.920255
1,21376,1695617291.0251176
1,21504,1695617291.1309383
1,21632,1695617291.2356534
1,21760,1695617291.3397872
1,21888,1695617291.4449804
1,22016,1695617291.5495982
1,22144,1695617291.6551087
1,22272,1695617291.7599857
1,22400,1695617291.8649898
1,22528,1695617291.9703355
1,22656,1695617292.0755436
1,22784,1695617292.180601
1,22912,1695617292.2858467
1,23040,1695617292.3904035
1,23168,1695617292.4954004
1,23296,1695617292.600079
1,23424,1695617292.7056024
1,23552,1695617292.8121612
1,23680,1695617292.9179375
1,23808,1695617293.02305
1,23936,1695617293.1285286
1,24064,1695617293.2339602
1,24192,1695617293.339486
1,24320,1695617293.444978
1,24448,1695617293.551324
1,24576,1695617293.6577735
1,24704,1695617293.7625859
1,24832,1695617293.866876
1,24960,1695617293.9715862
1,25088,1695617294.0758777
1,25216,1695617294.181113
1,25344,1695617294.2856116
1,25472,1695617294.390486
1,25600,1695617294.4961295
1,25728,1695617294.6021743
1,25856,1695617294.7069724
1,25984,1695617294.8122115
1,26112,1695617294.9166348
1,26240,1695617295.0212185
1,26368,1695617295.1263309
1,26496,1695617295.2314126
1,26624,1695617295.3371513
1,26752,1695617295.4423535
1,26880,1695617295.5481951
1,27008,1695617295.6534572
1,27136,1695617295.7581015
1,27264,1695617295.8629146
1,27392,1695617295.967588
1,27520,1695617296.0721357
1,27648,1695617296.1767986
1,27776,1695617296.2819896
1,27904,1695617296.3864992
1,28032,1695617296.4921322
1,28160,1695617296.5982277
1,28288,1695617296.7027562
1,28416,1695617296.806968
1,28544,1695617296.9115362
1,28672,1695617297.0162632
1,28800,1695617297.1209812
1,28928,1695617297.2256832
1,29056,1695617297.3295941
1,29184,1695617297.4345284
1,29312,1695617297.539497
1,29440,1695617297.644796
1,29568,1695617297.7512162
1,29696,1695617297.857319
1,29824,1695617297.9636655
1,29952,1695617298.0686615
1,30080,1695617298.1744258
1,30208,1695617298.2797039
1,30336,1695617298.3851686
1,30464,1695617298.4902167
1,30592,1695617298.595573
1,30720,1695617298.7016742
1,30848,1695617298.8080826
1,30976,1695617298.9131775
1,31104,1695617299.0188138
1,31232,1695617299.1241696
1,31360,1695617299.2308793
1,31488,1695617299.3367467
1,31616,1695617299.441735
1,31744,1695617299.5466206
1,31872,1695617299.6519911
1,32000,1695617299.7573664
1,32128,1695617299.8641047
1,32256,1695617299.9689364
1,32384,1695617300.0736377
1,32512,1695617300.1788418
1,32640,1695617300.2846172
1,32768,1695617300.3892975
1,32896,1695617300.494555
1,33024,1695617300.599838
1,33152,1695617300.706632
1,33280,1695617300.813044
1,33408,1695617300.9183989
1,33536,1695617301.0238633
1,33664,1695617301.130414
1,33792,1695617301.2364833
1,33920,1695617301.3457987
1,34048,1695617301.4546914
1,34176,1695617301.5614984
1,34304,1695617301.666031
1,34432,1695617301.7703822
1,34560,1695617301.874954
1,34688,1695617301.9799643
1,34816,1695617302.084415
1,34944,1695617302.1901321
1,35072,1695617302.2950375
1,35200,1695617302.4003127
1,35328,1695617302.5053027
1,35456,1695617302.6117935
1,35584,1695617302.7165685
1,35712,1695617302.82111
1,35840,1695617302.9256127
1,35968,1695617303.0302927
1,36096,1695617303.1353486
1,36224,1695617303.2400553
1,36352,1695617303.3451967
1,36480,1695617303.4500103
1,36608,1695617303.5542738
1,36736,1695617303.6593666
1,36864,1695617303.765514
1,36992,1695617303.871229
1,37120,1695617303.9759772
1,37248,1695617304.0804353
1,37376,1695617304.1850028
1,37504,1695617304.2903104
1,37632,1695617304.3951044
1,37760,1695617304.500996
1,37888,1695617304.606171
1,38016,1695617304.7113643
1,38144,1695617304.8181863
1,38272,1695617304.926746
1,38400,1695617305.0358589
1,38528,1695617305.1438193
1,38656,1695617305.2505028
1,38784,1695617305.3592596
1,38912,1695617305.4685607
1,39040,1695617305.575341
1,39168,1695617305.68184
1,39296,1695617305.790212
1,39424,1695617305.8987942
1,39552,1695617306.0068836
1,39680,1695617306.1142714
1,39808,1695617306.2229965
1,39936,1695617306.3318474
1,40064,1695617306.4405644
1,40192,1695617306.5460796
1,40320,1695617306.650478
1,40448,1695617306.7553408
1,40576,1695617306.8608155
1,40704,1695617306.9658408
1,40832,1695617307.072547
1,40960,1695617307.1777596
1,41088,1695617307.2828605
1,41216,1695617307.3888319
1,41344,1695617307.4945748
1,41472,1695617307.5996075
1,41600,1695617307.7053916
1,41728,1695617307.8098757
1,41856,1695617307.914648
1,41984,1695617308.019489
1,42112,1695617308.1245072
1,42240,1695617308.2297378
1,42368,1695617308.3347127
1,42496,1695617308.4395661
1,42624,1695617308.5446396
1,42752,1695617308.6502602
1,42880,1695617308.7557263
1,43008,1695617308.8604484
1,43136,1695617308.965097
1,43264,1695617309.070648
1,43392,1695617309.175779
1,43520,1695617309.281622
1,43648,1695617309.3848674
1,43776,1695617309.4739213
1,43904,1695617309.563326
1,44032,1695617309.652746
1,44160,1695617309.7420921
1,44288,1695617309.8316026
1,44416,1695617309.9210079
1,44544,1695617310.0103798
1,44672,1695617310.0997891
1,44800,1695617310.188972
1,44928,1695617310.27867
1,45056,1695617310.3678808
1,45184,1695617310.4571846
1,45312,1695617310.5465457
1,45440,1695617310.6359818
1,45568,1695617310.72554
1,45696,1695617310.8149698
1,45824,1695617310.9044905
1,45952,1695617310.9938798
1,46080,1695617311.0833876
1,46208,1695617311.1727648
1,46336,1695617311.262689
1,46464,1695617311.3525736
1,46592,1695617311.4424975
1,46720,1695617311.5323505
1,46848,1695617311.6223218
1,46976,1695617311.7122297
1,47104,1695617311.8021169
1,47232,1695617311.8920276
1,47360,1695617311.9819868
1,47488,1695617312.0718818
1,47616,1695617312.161766
1,47744,1695617312.2517076
1,47872,1695617312.3416336
1,48000,1695617312.431542
1,48128,1695617312.521494
1,48256,1695617312.611384
1,48384,1695617312.7012258
1,48512,1695617312.7911532
1,48640,1695617312.881065
1,48768,1695617312.9709973
1,48896,1695617313.0609777
1,49024,1695617313.1508715
1,49152,1695617313.240798
1,49280,1695617313.3307338
1,49408,1695617313.420641
1,49536,1695617313.5105035
1,49664,1695617313.6004047
1,49792,1695617313.6902146
1,49920,1695617313.7801564
1,50000,1695617313.8846188
2,128,1695617314.2424366
2,256,1695617314.3320847
2,384,1695617314.421805
2,512,1695617314.511487
2,640,1695617314.6012216
2,768,1695617314.6908853
2,896,1695617314.780658
2,1024,1695617314.8703477
2,1152,1695617314.9599905
2,1280,1695617315.0496345
2,1408,1695617315.1393585
2,1536,1695617315.2289991
2,1664,1695617315.3187664
2,1792,1695617315.4083364
2,1920,1695617315.4980175
2,2048,1695617315.5874476
2,2176,1695617315.6771486
2,2304,1695617315.7667034
2,2432,1695617315.85643
2,2560,1695617315.9460452
2,2688,1695617316.0357678
2,2816,1695617316.12571
2,2944,1695617316.2153668
2,3072,1695617316.305018
2,3200,1695617316.3948445
2,3328,1695617316.4844604
2,3456,1695617316.5741508
2,3584,1695617316.6639626
2,3712,1695617316.7536285
2,3840,1695617316.8434215
2,3968,1695617316.933138
2,4096,1695617317.0229402
2,4224,1695617317.1127422
2,4352,1695617317.202512
2,4480,1695617317.2922444
2,4608,1695617317.382196
2,4736,1695617317.4719586
2,4864,1695617317.5616808
2,4992,1695617317.6512845
2,5120,1695617317.740981
2,5248,1695617317.8306317
2,5376,1695617317.9203274
2,5504,1695617318.009981
2,5632,1695617318.0996592
2,5760,1695617318.1893504
2,5888,1695617318.279065
2,6016,1695617318.3686643
2,6144,1695617318.458359
2,6272,1695617318.5479593
2,6400,1695617318.637645
2,6528,1695617318.7272418
2,6656,1695617318.8169844
2,6784,1695617318.906399
2,6912,1695617318.996076
2,7040,1695617319.0856137
2,7168,1695617319.1752396
2,7296,1695617319.2648158
2,7424,1695617319.3545349
2,7552,1695617319.4441257
