epoch,trained_sample,time
1,0,1695608596.304799
1,32,1695608597.5243802
1,64,1695608597.5422177
1,96,1695608597.5595598
1,128,1695608597.5744147
1,160,1695608597.587436
1,192,1695608597.6002922
1,224,1695608597.6116986
1,256,1695608597.6241267
1,288,1695608597.6409905
1,320,1695608597.654494
1,352,1695608597.666997
1,384,1695608597.6794548
1,416,1695608597.6919618
1,448,1695608597.7041864
1,480,1695608597.722208
1,512,1695608597.7369785
1,544,1695608597.7499034
1,576,1695608597.7616813
1,608,1695608597.7747312
1,640,1695608597.7866983
1,672,1695608597.7981744
1,704,1695608597.8108587
1,736,1695608597.8241067
1,768,1695608597.8348987
1,800,1695608597.8481672
1,832,1695608597.8609655
1,864,1695608597.8725696
1,896,1695608597.8876762
1,928,1695608597.9010282
1,960,1695608597.9159374
1,992,1695608597.927855
1,1024,1695608597.9851844
1,1056,1695608597.999155
1,1088,1695608598.0115838
1,1120,1695608598.0248137
1,1152,1695608598.1310625
1,1184,1695608598.149297
1,1216,1695608598.1670802
1,1248,1695608598.1845508
1,1280,1695608598.1964495
1,1312,1695608598.2108762
1,1344,1695608598.2278373
1,1376,1695608598.2404191
1,1408,1695608598.2533455
1,1440,1695608598.2648902
1,1472,1695608598.2832687
1,1504,1695608598.2974215
1,1536,1695608598.3089702
1,1568,1695608598.3207462
1,1600,1695608598.3338346
1,1632,1695608598.3460474
1,1664,1695608598.3578203
1,1696,1695608598.370896
1,1728,1695608598.3827708
1,1760,1695608598.3950162
1,1792,1695608598.408184
1,1824,1695608598.4201198
1,1856,1695608598.431781
1,1888,1695608598.4448547
1,1920,1695608598.4572222
1,1952,1695608598.4687107
1,1984,1695608598.481654
1,2016,1695608598.493859
1,2048,1695608598.5054524
1,2080,1695608598.5186727
1,2112,1695608598.5307133
1,2144,1695608598.543047
1,2176,1695608598.555654
1,2208,1695608598.5676725
1,2240,1695608598.5807824
1,2272,1695608598.593172
1,2304,1695608598.6046646
1,2336,1695608598.6162946
1,2368,1695608598.6311336
1,2400,1695608598.6463132
1,2432,1695608598.6584167
1,2464,1695608598.6715744
1,2496,1695608598.6832376
1,2528,1695608598.6947021
1,2560,1695608598.7074013
1,2592,1695608598.7198334
1,2624,1695608598.7318249
1,2656,1695608598.7448192
1,2688,1695608598.7571316
1,2720,1695608598.768558
1,2752,1695608598.7816932
1,2784,1695608598.7938085
1,2816,1695608598.8054342
1,2848,1695608598.8184686
1,2880,1695608598.8305366
1,2912,1695608598.84271
1,2944,1695608598.8557596
1,2976,1695608598.8673344
1,3008,1695608598.8794324
1,3040,1695608598.8922873
1,3072,1695608598.9042175
1,3104,1695608598.9156764
1,3136,1695608598.9327161
1,3168,1695608598.9442105
1,3200,1695608598.957027
1,3232,1695608598.9706073
1,3264,1695608598.9826255
1,3296,1695608598.995228
1,3328,1695608599.007385
1,3360,1695608599.0200052
1,3392,1695608599.0323806
1,3424,1695608599.0442972
1,3456,1695608599.0556724
1,3488,1695608599.0681524
1,3520,1695608599.082507
1,3552,1695608599.0944552
1,3584,1695608599.1074393
1,3616,1695608599.1193593
1,3648,1695608599.1320364
1,3680,1695608599.1444907
1,3712,1695608599.1564999
1,3744,1695608599.168954
1,3776,1695608599.1811035
1,3808,1695608599.1946533
1,3840,1695608599.206698
1,3872,1695608599.2187657
1,3904,1695608599.231527
1,3936,1695608599.2435908
1,3968,1695608599.2565808
1,4000,1695608599.2690165
1,4032,1695608599.280514
1,4064,1695608599.2920985
1,4096,1695608599.3054066
1,4128,1695608599.3171256
1,4160,1695608599.3301687
1,4192,1695608599.3422403
1,4224,1695608599.3541155
1,4256,1695608599.367136
1,4288,1695608599.3790185
1,4320,1695608599.3914719
1,4352,1695608599.403895
1,4384,1695608599.4152248
1,4416,1695608599.4295852
1,4448,1695608599.4424512
1,4480,1695608599.4547205
1,4512,1695608599.4677675
1,4544,1695608599.4794512
1,4576,1695608599.492238
1,4608,1695608599.5047524
1,4640,1695608599.5162013
1,4672,1695608599.5277436
1,4704,1695608599.5404618
1,4736,1695608599.5551028
1,4768,1695608599.567269
1,4800,1695608599.5797818
1,4832,1695608599.5917716
1,4864,1695608599.6046848
1,4896,1695608599.62149
1,4928,1695608599.6337795
1,4960,1695608599.6453424
1,4992,1695608599.6583567
1,5024,1695608599.67045
1,5056,1695608599.6823566
1,5088,1695608599.6943445
1,5120,1695608599.707102
1,5152,1695608599.7198603
1,5184,1695608599.7323482
1,5216,1695608599.7438543
1,5248,1695608599.7568257
1,5280,1695608599.7687032
1,5312,1695608599.78028
1,5344,1695608599.7931173
1,5376,1695608599.8047655
1,5408,1695608599.8177505
1,5440,1695608599.8298523
1,5472,1695608599.841431
1,5504,1695608599.8544326
1,5536,1695608599.8664603
1,5568,1695608599.8784006
1,5600,1695608599.8911514
1,5632,1695608599.9062836
1,5664,1695608599.9194055
1,5696,1695608599.9331205
1,5728,1695608599.9450336
1,5760,1695608599.9580657
1,5792,1695608599.9702995
1,5824,1695608599.9821005
1,5856,1695608599.9948757
1,5888,1695608600.0070236
1,5920,1695608600.0193708
1,5952,1695608600.0317945
1,5984,1695608600.0437932
1,6016,1695608600.0568786
1,6048,1695608600.0694306
1,6080,1695608600.0809994
1,6112,1695608600.0931687
1,6144,1695608600.1060898
1,6176,1695608600.1172352
1,6208,1695608600.129937
1,6240,1695608600.1430955
1,6272,1695608600.1548378
1,6304,1695608600.168304
1,6336,1695608600.1800177
1,6368,1695608600.1932344
1,6400,1695608600.204786
1,6432,1695608600.2161953
1,6464,1695608600.2306266
1,6496,1695608600.245007
1,6528,1695608600.2567542
1,6560,1695608600.270037
1,6592,1695608600.282155
1,6624,1695608600.2939672
1,6656,1695608600.3066952
1,6688,1695608600.3187177
1,6720,1695608600.3300238
1,6752,1695608600.3425436
1,6784,1695608600.355857
1,6816,1695608600.3674133
1,6848,1695608600.3802648
1,6880,1695608600.392793
1,6912,1695608600.4041352
1,6944,1695608600.4166677
1,6976,1695608600.4305289
1,7008,1695608600.442261
1,7040,1695608600.4548736
1,7072,1695608600.4670467
1,7104,1695608600.4795024
1,7136,1695608600.4919612
1,7168,1695608600.5040064
1,7200,1695608600.5169656
1,7232,1695608600.5287175
1,7264,1695608600.540415
1,7296,1695608600.5533698
1,7328,1695608600.5653925
1,7360,1695608600.5784104
1,7392,1695608600.590484
1,7424,1695608600.6025388
1,7456,1695608600.6152747
1,7488,1695608600.6279788
1,7520,1695608600.6407108
1,7552,1695608600.6521428
1,7584,1695608600.6656294
1,7616,1695608600.6779761
1,7648,1695608600.6891043
1,7680,1695608600.70179
1,7712,1695608600.7148666
1,7744,1695608600.726968
1,7776,1695608600.739423
1,7808,1695608600.7509668
1,7840,1695608600.7649906
1,7872,1695608600.7778807
1,7904,1695608600.789175
1,7936,1695608600.8024988
1,7968,1695608600.8154907
1,8000,1695608600.8283231
1,8032,1695608600.8408778
1,8064,1695608600.8523135
1,8096,1695608600.8659337
1,8128,1695608600.881537
1,8160,1695608600.902483
1,8192,1695608600.916174
1,8224,1695608600.9277935
1,8256,1695608600.9403644
1,8288,1695608600.952654
1,8320,1695608600.9644446
1,8352,1695608600.9763007
1,8384,1695608600.9878876
1,8416,1695608601.0009513
1,8448,1695608601.0131948
1,8480,1695608601.0247233
1,8512,1695608601.0364916
1,8544,1695608601.049598
1,8576,1695608601.0616667
1,8608,1695608601.0733547
1,8640,1695608601.0865471
1,8672,1695608601.0984864
1,8704,1695608601.1107929
1,8736,1695608601.1235843
1,8768,1695608601.135026
1,8800,1695608601.149034
1,8832,1695608601.1625454
1,8864,1695608601.1751707
1,8896,1695608601.188902
1,8928,1695608601.2050948
1,8960,1695608601.2201447
1,8992,1695608601.2333696
1,9024,1695608601.246016
1,9056,1695608601.2589297
1,9088,1695608601.2703147
1,9120,1695608601.28313
1,9152,1695608601.2961113
1,9184,1695608601.3076174
1,9216,1695608601.3206248
1,9248,1695608601.3330858
1,9280,1695608601.344521
1,9312,1695608601.3561409
1,9344,1695608601.368284
1,9376,1695608601.3811297
1,9408,1695608601.3928113
1,9440,1695608601.4043605
1,9472,1695608601.416065
1,9504,1695608601.431224
1,9536,1695608601.442469
1,9568,1695608601.4556077
1,9600,1695608601.468249
1,9632,1695608601.4815683
1,9664,1695608601.4931858
1,9696,1695608601.50616
1,9728,1695608601.5183396
1,9760,1695608601.5302174
1,9792,1695608601.5427952
1,9824,1695608601.5548024
1,9856,1695608601.5662148
1,9888,1695608601.5787427
1,9920,1695608601.5914392
1,9952,1695608601.6041698
1,9984,1695608601.6164587
1,10016,1695608601.629323
1,10048,1695608601.6431696
1,10080,1695608601.654553
1,10112,1695608601.6668508
1,10144,1695608601.677872
1,10176,1695608601.6890204
1,10208,1695608601.7002
1,10240,1695608601.7112968
1,10272,1695608601.722441
1,10304,1695608601.7335536
1,10336,1695608601.7446527
1,10368,1695608601.7557082
1,10400,1695608601.7668068
1,10432,1695608601.7779517
1,10464,1695608601.7890227
1,10496,1695608601.8000994
1,10528,1695608601.811181
1,10560,1695608601.8222792
1,10592,1695608601.8333817
1,10624,1695608601.8444626
1,10656,1695608601.8555264
1,10688,1695608601.8666508
1,10720,1695608601.8777761
1,10752,1695608601.888865
1,10784,1695608601.899903
1,10816,1695608601.9120092
1,10848,1695608601.9230738
1,10880,1695608601.934195
1,10912,1695608601.94531
1,10944,1695608601.9569142
1,10976,1695608601.9693577
1,11008,1695608601.981079
1,11040,1695608601.9943922
1,11072,1695608602.0063815
1,11104,1695608602.0182614
1,11136,1695608602.031153
1,11168,1695608602.043406
1,11200,1695608602.056413
1,11232,1695608602.0690148
1,11264,1695608602.080567
1,11296,1695608602.092235
1,11328,1695608602.1036856
1,11360,1695608602.1173508
1,11392,1695608602.1300917
1,11424,1695608602.142233
1,11456,1695608602.1549182
1,11488,1695608602.1671343
1,11520,1695608602.1797945
1,11552,1695608602.193655
1,11584,1695608602.207484
1,11616,1695608602.2194312
1,11648,1695608602.2308946
1,11680,1695608602.2439492
1,11712,1695608602.2564337
1,11744,1695608602.2678797
1,11776,1695608602.280763
1,11808,1695608602.2947745
1,11840,1695608602.3068109
1,11872,1695608602.3195624
1,11904,1695608602.3318505
1,11936,1695608602.3449214
1,11968,1695608602.3566663
1,12000,1695608602.3683147
1,12032,1695608602.381307
1,12064,1695608602.3931348
1,12096,1695608602.4083297
1,12128,1695608602.420671
1,12160,1695608602.4336689
1,12192,1695608602.443774
1,12224,1695608602.4573853
1,12256,1695608602.4690938
1,12288,1695608602.481744
1,12320,1695608602.4918625
1,12352,1695608602.5052762
1,12384,1695608602.517832
1,12416,1695608602.5312514
1,12448,1695608602.54147
1,12480,1695608602.5573263
1,12512,1695608602.5733137
1,12544,1695608602.5885231
1,12576,1695608602.6017325
1,12608,1695608602.6123009
1,12640,1695608602.623196
1,12672,1695608602.6405892
1,12704,1695608602.6514306
1,12736,1695608602.6621146
1,12768,1695608602.672829
1,12800,1695608602.6855063
1,12832,1695608602.6955736
1,12864,1695608602.7062345
1,12896,1695608602.7162309
1,12928,1695608602.7295835
1,12960,1695608602.7397764
1,12992,1695608602.7500951
1,13024,1695608602.7603755
1,13056,1695608602.7739818
1,13088,1695608602.7840858
1,13120,1695608602.794768
1,13152,1695608602.8054998
1,13184,1695608602.8181016
1,13216,1695608602.8281598
1,13248,1695608602.8388388
1,13280,1695608602.8488278
1,13312,1695608602.8621602
1,13344,1695608602.8723783
1,13376,1695608602.8825998
1,13408,1695608602.8928654
1,13440,1695608602.90582
1,13472,1695608602.9158998
1,13504,1695608602.9298425
1,13536,1695608602.9413364
1,13568,1695608602.9542792
1,13600,1695608602.9643893
1,13632,1695608602.9786851
1,13664,1695608602.9899147
1,13696,1695608603.0032358
1,13728,1695608603.0133705
1,13760,1695608603.0268764
1,13792,1695608603.0385523
1,13824,1695608603.0511558
1,13856,1695608603.061248
1,13888,1695608603.0764296
1,13920,1695608603.0883212
1,13952,1695608603.1037397
1,13984,1695608603.1138527
1,14016,1695608603.1279483
1,14048,1695608603.1392982
1,14080,1695608603.1522584
1,14112,1695608603.1623518
1,14144,1695608603.1766877
1,14176,1695608603.1895084
1,14208,1695608603.2029805
1,14240,1695608603.2133508
1,14272,1695608603.2270243
1,14304,1695608603.2386212
1,14336,1695608603.25129
1,14368,1695608603.2613804
1,14400,1695608603.2749581
1,14432,1695608603.2866113
1,14464,1695608603.3001175
1,14496,1695608603.3104699
1,14528,1695608603.3244565
1,14560,1695608603.3358805
1,14592,1695608603.3490453
1,14624,1695608603.3596013
1,14656,1695608603.373601
1,14688,1695608603.3850398
1,14720,1695608603.3980606
1,14752,1695608603.4081287
1,14784,1695608603.4224935
1,14816,1695608603.433723
1,14848,1695608603.4470313
1,14880,1695608603.4571407
1,14912,1695608603.4707227
1,14944,1695608603.482355
1,14976,1695608603.495732
1,15008,1695608603.5058413
1,15040,1695608603.5193992
1,15072,1695608603.5310385
1,15104,1695608603.543752
1,15136,1695608603.5538297
1,15168,1695608603.5681121
1,15200,1695608603.5795434
1,15232,1695608603.5926976
1,15264,1695608603.6040244
1,15296,1695608603.618052
1,15328,1695608603.6295128
1,15360,1695608603.6430817
1,15392,1695608603.6531532
1,15424,1695608603.6667392
1,15456,1695608603.6783867
1,15488,1695608603.6961522
1,15520,1695608603.7090473
1,15552,1695608603.7208476
1,15584,1695608603.73263
1,15616,1695608603.748643
1,15648,1695608603.759856
1,15680,1695608603.7715242
1,15712,1695608603.7825463
1,15744,1695608603.7971988
1,15776,1695608603.8092375
1,15808,1695608603.8205194
1,15840,1695608603.8316638
1,15872,1695608603.8456802
1,15904,1695608603.856622
1,15936,1695608603.8677506
1,15968,1695608603.880032
1,16000,1695608603.8934338
1,16032,1695608603.9042792
1,16064,1695608603.9147704
1,16096,1695608603.9262528
1,16128,1695608603.9404309
1,16160,1695608603.951779
1,16192,1695608603.9629576
1,16224,1695608603.9770613
1,16256,1695608603.9944668
1,16288,1695608604.0114958
1,16320,1695608604.026348
1,16352,1695608604.037039
1,16384,1695608604.054692
1,16416,1695608604.0652037
1,16448,1695608604.0783215
1,16480,1695608604.0915306
1,16512,1695608604.1068234
1,16544,1695608604.1184626
1,16576,1695608604.130251
1,16608,1695608604.1418948
1,16640,1695608604.1551552
1,16672,1695608604.1669376
1,16704,1695608604.1780915
1,16736,1695608604.18917
1,16768,1695608604.2027185
1,16800,1695608604.2151222
1,16832,1695608604.2257185
1,16864,1695608604.2365265
1,16896,1695608604.2503521
1,16928,1695608604.2634509
1,16960,1695608604.2761343
1,16992,1695608604.2898421
1,17024,1695608604.3048115
1,17056,1695608604.3181345
1,17088,1695608604.3298585
1,17120,1695608604.34272
1,17152,1695608604.3579931
1,17184,1695608604.3726306
1,17216,1695608604.3846192
1,17248,1695608604.3980374
1,17280,1695608604.4116802
1,17312,1695608604.4240088
1,17344,1695608604.4354568
1,17376,1695608604.4477367
1,17408,1695608604.4625545
1,17440,1695608604.476659
1,17472,1695608604.4884233
1,17504,1695608604.5004425
1,17536,1695608604.5161192
1,17568,1695608604.5280519
1,17600,1695608604.5409935
1,17632,1695608604.5547783
1,17664,1695608604.5749154
1,17696,1695608604.5945876
1,17728,1695608604.6148496
1,17760,1695608604.6342933
1,17792,1695608604.6539001
1,17824,1695608604.6723433
1,17856,1695608604.6929092
1,17888,1695608604.711648
1,17920,1695608604.730555
1,17952,1695608604.7506156
1,17984,1695608604.7704158
1,18016,1695608604.7899249
1,18048,1695608604.8098192
1,18080,1695608604.8301563
1,18112,1695608604.8497968
1,18144,1695608604.8707802
1,18176,1695608604.8908687
1,18208,1695608604.9099016
1,18240,1695608604.9235857
1,18272,1695608604.9400654
1,18304,1695608604.9539092
1,18336,1695608604.9670227
1,18368,1695608604.9802043
1,18400,1695608604.9937646
1,18432,1695608605.0060592
1,18464,1695608605.0216732
1,18496,1695608605.0378804
1,18528,1695608605.0512848
1,18560,1695608605.063539
1,18592,1695608605.0754743
1,18624,1695608605.0888586
1,18656,1695608605.1013253
1,18688,1695608605.1131294
1,18720,1695608605.125935
1,18752,1695608605.139817
1,18784,1695608605.1519744
1,18816,1695608605.1639962
1,18848,1695608605.1761568
1,18880,1695608605.1899
1,18912,1695608605.2018068
1,18944,1695608605.2151923
1,18976,1695608605.2273512
1,19008,1695608605.2393122
1,19040,1695608605.2529273
1,19072,1695608605.2651196
1,19104,1695608605.278749
1,19136,1695608605.290955
1,19168,1695608605.3043077
1,19200,1695608605.3167658
1,19232,1695608605.3288555
1,19264,1695608605.342046
1,19296,1695608605.3543072
1,19328,1695608605.36696
1,19360,1695608605.3800826
1,19392,1695608605.3925965
1,19424,1695608605.4043725
1,19456,1695608605.4164937
1,19488,1695608605.431773
1,19520,1695608605.4441717
1,19552,1695608605.4563038
1,19584,1695608605.4696445
1,19616,1695608605.4818077
1,19648,1695608605.4951577
1,19680,1695608605.5070798
1,19712,1695608605.5203435
1,19744,1695608605.532968
1,19776,1695608605.544742
1,19808,1695608605.5572674
1,19840,1695608605.5707355
1,19872,1695608605.5826445
1,19904,1695608605.596136
1,19936,1695608605.6089091
1,19968,1695608605.6207316
1,20000,1695608605.6343157
1,20032,1695608605.6464417
1,20064,1695608605.659683
1,20096,1695608605.6724877
1,20128,1695608605.6846166
1,20160,1695608605.697262
1,20192,1695608605.7112978
1,20224,1695608605.7233293
1,20256,1695608605.7366073
1,20288,1695608605.75061
1,20320,1695608605.7644305
1,20352,1695608605.7781806
1,20384,1695608605.7915604
1,20416,1695608605.8042421
1,20448,1695608605.816693
1,20480,1695608605.8286052
1,20512,1695608605.8420837
1,20544,1695608605.856202
1,20576,1695608605.8680444
1,20608,1695608605.8799481
1,20640,1695608605.8937447
1,20672,1695608605.906141
1,20704,1695608605.9185388
1,20736,1695608605.931547
1,20768,1695608605.9437048
1,20800,1695608605.9569762
1,20832,1695608605.9690151
1,20864,1695608605.9815903
1,20896,1695608605.995017
1,20928,1695608606.0068612
1,20960,1695608606.020198
1,20992,1695608606.0326064
1,21024,1695608606.0446205
1,21056,1695608606.0583858
1,21088,1695608606.0705154
1,21120,1695608606.0828743
1,21152,1695608606.0957613
1,21184,1695608606.108226
1,21216,1695608606.1202216
1,21248,1695608606.1324234
1,21280,1695608606.1474686
1,21312,1695608606.1594784
1,21344,1695608606.1723738
1,21376,1695608606.187164
1,21408,1695608606.1997583
1,21440,1695608606.2121456
1,21472,1695608606.2262015
1,21504,1695608606.239959
1,21536,1695608606.251341
1,21568,1695608606.2682846
1,21600,1695608606.281295
1,21632,1695608606.2941084
1,21664,1695608606.3073394
1,21696,1695608606.319642
1,21728,1695608606.3321185
1,21760,1695608606.3445005
1,21792,1695608606.3563728
1,21824,1695608606.3688393
1,21856,1695608606.3819776
1,21888,1695608606.3941572
1,21920,1695608606.4073558
1,21952,1695608606.4198427
1,21984,1695608606.4318118
1,22016,1695608606.44543
1,22048,1695608606.457368
1,22080,1695608606.4704387
1,22112,1695608606.4826303
1,22144,1695608606.495735
1,22176,1695608606.5089293
1,22208,1695608606.5207958
1,22240,1695608606.534459
1,22272,1695608606.5464623
1,22304,1695608606.5592914
1,22336,1695608606.571941
1,22368,1695608606.5840228
1,22400,1695608606.5991235
1,22432,1695608606.611288
1,22464,1695608606.6240191
1,22496,1695608606.6365914
1,22528,1695608606.6486547
1,22560,1695608606.6606295
1,22592,1695608606.6742651
1,22624,1695608606.6865
1,22656,1695608606.6989565
1,22688,1695608606.7119143
1,22720,1695608606.7243335
1,22752,1695608606.7364779
1,22784,1695608606.7485795
1,22816,1695608606.762552
1,22848,1695608606.7746558
1,22880,1695608606.7875407
1,22912,1695608606.8000689
1,22944,1695608606.812335
1,22976,1695608606.8235292
1,23008,1695608606.841002
1,23040,1695608606.8572185
1,23072,1695608606.8729954
1,23104,1695608606.8846686
1,23136,1695608606.8971422
1,23168,1695608606.9110806
1,23200,1695608606.9230852
1,23232,1695608606.936479
1,23264,1695608606.9490168
1,23296,1695608606.9612162
1,23328,1695608606.9747024
1,23360,1695608606.9867823
1,23392,1695608606.9996507
1,23424,1695608607.0120618
1,23456,1695608607.024319
1,23488,1695608607.0359967
1,23520,1695608607.0502646
1,23552,1695608607.065569
1,23584,1695608607.077627
1,23616,1695608607.091014
1,23648,1695608607.1029527
1,23680,1695608607.1163836
1,23712,1695608607.128775
1,23744,1695608607.1405628
1,23776,1695608607.1534812
1,23808,1695608607.1668568
1,23840,1695608607.1788435
1,23872,1695608607.1922007
1,23904,1695608607.204855
1,23936,1695608607.216918
1,23968,1695608607.229674
1,24000,1695608607.2431529
1,24032,1695608607.2551541
1,24064,1695608607.2685752
1,24096,1695608607.2807984
1,24128,1695608607.2940412
1,24160,1695608607.3074656
1,24192,1695608607.3193903
1,24224,1695608607.333305
1,24256,1695608607.3466623
1,24288,1695608607.359272
1,24320,1695608607.3723211
1,24352,1695608607.384095
1,24384,1695608607.395881
1,24416,1695608607.4115164
1,24448,1695608607.4241524
1,24480,1695608607.437911
1,24512,1695608607.4503875
1,24544,1695608607.4638953
1,24576,1695608607.475505
1,24608,1695608607.4898777
1,24640,1695608607.5020616
1,24672,1695608607.5159948
1,24704,1695608607.5296082
1,24736,1695608607.5425818
1,24768,1695608607.5560982
1,24800,1695608607.5681012
1,24832,1695608607.5801508
1,24864,1695608607.5955682
1,24896,1695608607.6084096
1,24928,1695608607.6205575
1,24960,1695608607.6341558
1,24992,1695608607.648212
1,25024,1695608607.6602294
1,25056,1695608607.6740103
1,25088,1695608607.6861963
1,25120,1695608607.6991196
1,25152,1695608607.7110267
1,25184,1695608607.7242787
1,25216,1695608607.7390141
1,25248,1695608607.7514307
1,25280,1695608607.7640898
1,25312,1695608607.7766244
1,25344,1695608607.7884982
1,25376,1695608607.8027213
1,25408,1695608607.817158
1,25440,1695608607.8301165
1,25472,1695608607.8445332
1,25504,1695608607.8574574
1,25536,1695608607.8704374
1,25568,1695608607.8838642
1,25600,1695608607.8958526
1,25632,1695608607.9080238
1,25664,1695608607.9223104
1,25696,1695608607.9345012
1,25728,1695608607.9468307
1,25760,1695608607.9597192
1,25792,1695608607.972169
1,25824,1695608607.9842098
1,25856,1695608607.9968965
1,25888,1695608608.009088
1,25920,1695608608.0228577
1,25952,1695608608.0347812
1,25984,1695608608.0479922
1,26016,1695608608.060579
1,26048,1695608608.0726285
1,26080,1695608608.0880642
1,26112,1695608608.100524
1,26144,1695608608.1136355
1,26176,1695608608.128272
1,26208,1695608608.140673
1,26240,1695608608.1531086
1,26272,1695608608.1699429
1,26304,1695608608.1832032
1,26336,1695608608.1963685
1,26368,1695608608.20998
1,26400,1695608608.2212498
1,26432,1695608608.233329
1,26464,1695608608.2454078
1,26496,1695608608.2606237
1,26528,1695608608.2737014
1,26560,1695608608.2855818
1,26592,1695608608.2984471
1,26624,1695608608.3138587
1,26656,1695608608.3251884
1,26688,1695608608.338076
1,26720,1695608608.3502412
1,26752,1695608608.3658235
1,26784,1695608608.3776252
1,26816,1695608608.3914304
1,26848,1695608608.404327
1,26880,1695608608.4191704
1,26912,1695608608.4325402
1,26944,1695608608.4445384
1,26976,1695608608.4568005
1,27008,1695608608.4731495
1,27040,1695608608.4848342
1,27072,1695608608.4968786
1,27104,1695608608.5095394
1,27136,1695608608.524698
1,27168,1695608608.537944
1,27200,1695608608.5511403
1,27232,1695608608.564409
1,27264,1695608608.5810487
1,27296,1695608608.5950909
1,27328,1695608608.6083927
1,27360,1695608608.6222367
1,27392,1695608608.6376348
1,27424,1695608608.65074
1,27456,1695608608.662545
1,27488,1695608608.675328
1,27520,1695608608.6901798
1,27552,1695608608.7016864
1,27584,1695608608.7153854
1,27616,1695608608.7271287
1,27648,1695608608.7425807
1,27680,1695608608.7549555
1,27712,1695608608.768436
1,27744,1695608608.781091
1,27776,1695608608.7973654
1,27808,1695608608.8092556
1,27840,1695608608.8214004
1,27872,1695608608.8340101
1,27904,1695608608.8486993
1,27936,1695608608.8617702
1,27968,1695608608.8733802
1,28000,1695608608.8860426
1,28032,1695608608.9020278
1,28064,1695608608.9132755
1,28096,1695608608.924403
1,28128,1695608608.9374747
1,28160,1695608608.9537032
1,28192,1695608608.9648552
1,28224,1695608608.9768765
1,28256,1695608608.989598
1,28288,1695608609.004638
1,28320,1695608609.0178332
1,28352,1695608609.0297098
1,28384,1695608609.0447905
1,28416,1695608609.05959
1,28448,1695608609.0722861
1,28480,1695608609.084
1,28512,1695608609.0959775
1,28544,1695608609.1122086
1,28576,1695608609.1234722
1,28608,1695608609.1356452
1,28640,1695608609.1484272
1,28672,1695608609.1648648
1,28704,1695608609.1763358
1,28736,1695608609.1881819
1,28768,1695608609.2005293
1,28800,1695608609.2205496
1,28832,1695608609.2314115
1,28864,1695608609.2474978
1,28896,1695608609.2586706
1,28928,1695608609.2748165
1,28960,1695608609.2868981
1,28992,1695608609.2996664
1,29024,1695608609.3109636
1,29056,1695608609.3265798
1,29088,1695608609.3386092
1,29120,1695608609.349942
1,29152,1695608609.363082
1,29184,1695608609.379547
1,29216,1695608609.3908753
1,29248,1695608609.4026673
1,29280,1695608609.4146073
1,29312,1695608609.4311714
1,29344,1695608609.4426432
1,29376,1695608609.454465
1,29408,1695608609.4662924
1,29440,1695608609.4823706
1,29472,1695608609.4944346
1,29504,1695608609.5058746
1,29536,1695608609.5174708
1,29568,1695608609.5297365
1,29600,1695608609.5426157
1,29632,1695608609.5539925
1,29664,1695608609.5653806
1,29696,1695608609.5775754
1,29728,1695608609.589311
1,29760,1695608609.6070797
1,29792,1695608609.6210563
1,29824,1695608609.6348279
1,29856,1695608609.6479135
1,29888,1695608609.6603231
1,29920,1695608609.6724708
1,29952,1695608609.6866677
1,29984,1695608609.7010372
1,30016,1695608609.714846
1,30048,1695608609.728599
1,30080,1695608609.7405298
1,30112,1695608609.7529767
1,30144,1695608609.7669158
1,30176,1695608609.7789576
1,30208,1695608609.7924879
1,30240,1695608609.8050056
1,30272,1695608609.8174195
1,30304,1695608609.8308861
1,30336,1695608609.842865
1,30368,1695608609.8561804
1,30400,1695608609.868792
1,30432,1695608609.8819368
1,30464,1695608609.8953378
1,30496,1695608609.9077988
1,30528,1695608609.9197125
1,30560,1695608609.9318545
1,30592,1695608609.9453235
1,30624,1695608609.9574957
1,30656,1695608609.9708304
1,30688,1695608609.982962
1,30720,1695608609.9951644
1,30752,1695608610.0083823
1,30784,1695608610.022429
1,30816,1695608610.037341
1,30848,1695608610.0500424
1,30880,1695608610.0624511
1,30912,1695608610.0762768
1,30944,1695608610.0885005
1,30976,1695608610.100928
1,31008,1695608610.1159575
1,31040,1695608610.1277835
1,31072,1695608610.1426325
1,31104,1695608610.1544142
1,31136,1695608610.1672423
1,31168,1695608610.1812549
1,31200,1695608610.1935372
1,31232,1695608610.206416
1,31264,1695608610.219669
1,31296,1695608610.2327442
1,31328,1695608610.2483397
1,31360,1695608610.2625802
1,31392,1695608610.2752328
1,31424,1695608610.2889974
1,31456,1695608610.3007178
1,31488,1695608610.3142786
1,31520,1695608610.3284607
1,31552,1695608610.3400412
1,31584,1695608610.3517613
1,31616,1695608610.3649874
1,31648,1695608610.3782644
1,31680,1695608610.3898542
1,31712,1695608610.4035647
1,31744,1695608610.4156914
1,31776,1695608610.4272327
1,31808,1695608610.4403346
1,31840,1695608610.4529026
1,31872,1695608610.4647698
1,31904,1695608610.4787865
1,31936,1695608610.4907007
1,31968,1695608610.5038211
1,32000,1695608610.516292
1,32032,1695608610.5283406
1,32064,1695608610.5425074
1,32096,1695608610.5570965
1,32128,1695608610.5686631
1,32160,1695608610.580238
1,32192,1695608610.5917826
1,32224,1695608610.6029518
1,32256,1695608610.614468
1,32288,1695608610.626648
1,32320,1695608610.6386335
1,32352,1695608610.6515577
1,32384,1695608610.6642506
1,32416,1695608610.6753
1,32448,1695608610.687214
1,32480,1695608610.6990962
1,32512,1695608610.7101405
1,32544,1695608610.7254603
1,32576,1695608610.7366745
1,32608,1695608610.749705
1,32640,1695608610.7611988
1,32672,1695608610.772739
1,32704,1695608610.7845027
1,32736,1695608610.7957962
1,32768,1695608610.8080907
1,32800,1695608610.8191032
1,32832,1695608610.8307884
1,32864,1695608610.8430812
1,32896,1695608610.854916
1,32928,1695608610.8660724
1,32960,1695608610.8775337
1,32992,1695608610.8891044
1,33024,1695608610.9014153
1,33056,1695608610.9133224
1,33088,1695608610.925378
1,33120,1695608610.9363706
1,33152,1695608610.948149
1,33184,1695608610.9598527
1,33216,1695608610.9718633
1,33248,1695608610.982887
1,33280,1695608610.9948113
1,33312,1695608611.0064182
1,33344,1695608611.0187473
1,33376,1695608611.0321212
1,33408,1695608611.044541
1,33440,1695608611.0566938
1,33472,1695608611.0701025
1,33504,1695608611.0823195
1,33536,1695608611.0954986
1,33568,1695608611.1075072
1,33600,1695608611.1194263
1,33632,1695608611.133526
1,33664,1695608611.145474
1,33696,1695608611.1592035
1,33728,1695608611.171194
1,33760,1695608611.184696
1,33792,1695608611.198816
1,33824,1695608611.2108696
1,33856,1695608611.2241027
1,33888,1695608611.2365386
1,33920,1695608611.249988
1,33952,1695608611.2635918
1,33984,1695608611.2745864
1,34016,1695608611.2912066
1,34048,1695608611.3044775
1,34080,1695608611.318915
1,34112,1695608611.3326483
1,34144,1695608611.345263
1,34176,1695608611.3570926
1,34208,1695608611.3710866
1,34240,1695608611.3831756
1,34272,1695608611.396661
1,34304,1695608611.409208
1,34336,1695608611.42147
1,34368,1695608611.4346693
1,34400,1695608611.4470212
1,34432,1695608611.4598281
1,34464,1695608611.4715724
1,34496,1695608611.4868681
1,34528,1695608611.5020387
1,34560,1695608611.5161738
1,34592,1695608611.5305622
1,34624,1695608611.5444891
1,34656,1695608611.5569823
1,34688,1695608611.569184
1,34720,1695608611.5825748
1,34752,1695608611.594921
1,34784,1695608611.6077864
1,34816,1695608611.6201754
1,34848,1695608611.6322734
1,34880,1695608611.6446056
1,34912,1695608611.6568468
1,34944,1695608611.67053
1,34976,1695608611.6827447
1,35008,1695608611.695319
1,35040,1695608611.7081356
1,35072,1695608611.7204688
1,35104,1695608611.7345726
1,35136,1695608611.7480364
1,35168,1695608611.7603025
1,35200,1695608611.772355
1,35232,1695608611.7845726
1,35264,1695608611.798431
1,35296,1695608611.8106933
1,35328,1695608611.8238027
1,35360,1695608611.837007
1,35392,1695608611.848872
1,35424,1695608611.8640604
1,35456,1695608611.8761234
1,35488,1695608611.8882508
1,35520,1695608611.900449
1,35552,1695608611.9135377
1,35584,1695608611.925771
1,35616,1695608611.9391975
1,35648,1695608611.9513438
1,35680,1695608611.964808
1,35712,1695608611.9769926
1,35744,1695608611.990627
1,35776,1695608612.0025966
1,35808,1695608612.0158541
1,35840,1695608612.0287838
1,35872,1695608612.0406055
1,35904,1695608612.0529618
1,35936,1695608612.06616
1,35968,1695608612.078367
1,36000,1695608612.0914834
1,36032,1695608612.1041057
1,36064,1695608612.1163762
1,36096,1695608612.1287634
1,36128,1695608612.1409636
1,36160,1695608612.153263
1,36192,1695608612.1666799
1,36224,1695608612.178755
1,36256,1695608612.1919732
1,36288,1695608612.2037294
1,36320,1695608612.2159827
1,36352,1695608612.2306192
1,36384,1695608612.24486
1,36416,1695608612.258021
1,36448,1695608612.2724555
1,36480,1695608612.2856479
1,36512,1695608612.298781
1,36544,1695608612.3118472
1,36576,1695608612.3236196
1,36608,1695608612.337169
1,36640,1695608612.349608
1,36672,1695608612.3615856
1,36704,1695608612.3753738
1,36736,1695608612.3871543
1,36768,1695608612.400565
1,36800,1695608612.412954
1,36832,1695608612.4262679
1,36864,1695608612.4395297
1,36896,1695608612.4519885
1,36928,1695608612.4642444
1,36960,1695608612.4763608
1,36992,1695608612.4898396
1,37024,1695608612.5019386
1,37056,1695608612.5153134
1,37088,1695608612.5277555
1,37120,1695608612.5398586
1,37152,1695608612.5518007
1,37184,1695608612.564932
1,37216,1695608612.5782123
1,37248,1695608612.591424
1,37280,1695608612.603555
1,37312,1695608612.6155944
1,37344,1695608612.6286182
1,37376,1695608612.6427808
1,37408,1695608612.6572886
1,37440,1695608612.6697946
1,37472,1695608612.6830466
1,37504,1695608612.6950266
1,37536,1695608612.7089682
1,37568,1695608612.7215369
1,37600,1695608612.7336507
1,37632,1695608612.7472456
1,37664,1695608612.7593539
1,37696,1695608612.772715
1,37728,1695608612.7852027
1,37760,1695608612.7975311
1,37792,1695608612.8103154
1,37824,1695608612.8228393
1,37856,1695608612.836373
1,37888,1695608612.8481631
1,37920,1695608612.860225
1,37952,1695608612.8747635
1,37984,1695608612.8887775
1,38016,1695608612.9056525
1,38048,1695608612.9207401
1,38080,1695608612.9325128
1,38112,1695608612.9459343
1,38144,1695608612.958014
1,38176,1695608612.9710834
1,38208,1695608612.9832873
1,38240,1695608612.9968326
1,38272,1695608613.0089343
1,38304,1695608613.0212317
1,38336,1695608613.0350015
1,38368,1695608613.0472398
1,38400,1695608613.0608125
1,38432,1695608613.0733504
1,38464,1695608613.0856674
1,38496,1695608613.099138
1,38528,1695608613.1111357
1,38560,1695608613.1244364
1,38592,1695608613.13706
1,38624,1695608613.1488738
1,38656,1695608613.162399
1,38688,1695608613.1745892
1,38720,1695608613.187189
1,38752,1695608613.1999474
1,38784,1695608613.212363
1,38816,1695608613.2246246
1,38848,1695608613.2387884
1,38880,1695608613.2531724
1,38912,1695608613.265531
1,38944,1695608613.282997
1,38976,1695608613.2962875
1,39008,1695608613.3086376
1,39040,1695608613.3222983
1,39072,1695608613.3344922
1,39104,1695608613.3476734
1,39136,1695608613.3615677
1,39168,1695608613.3735561
1,39200,1695608613.3866947
1,39232,1695608613.3987303
1,39264,1695608613.4108558
1,39296,1695608613.42361
1,39328,1695608613.43603
1,39360,1695608613.4482462
1,39392,1695608613.460139
1,39424,1695608613.4746943
1,39456,1695608613.4899092
1,39488,1695608613.5025594
1,39520,1695608613.516146
1,39552,1695608613.5279953
1,39584,1695608613.543598
1,39616,1695608613.5560005
1,39648,1695608613.5678656
1,39680,1695608613.5811522
1,39712,1695608613.595945
1,39744,1695608613.6122353
1,39776,1695608613.6298633
1,39808,1695608613.650011
1,39840,1695608613.670677
1,39872,1695608613.6906934
1,39904,1695608613.710712
1,39936,1695608613.7282782
1,39968,1695608613.745891
1,40000,1695608613.7603443
1,40032,1695608613.7729743
1,40064,1695608613.785796
1,40096,1695608613.7987857
1,40128,1695608613.8115685
1,40160,1695608613.8241928
1,40192,1695608613.8363562
1,40224,1695608613.8502374
1,40256,1695608613.8619614
1,40288,1695608613.8760092
1,40320,1695608613.8877625
1,40352,1695608613.8997529
1,40384,1695608613.9133723
1,40416,1695608613.9258006
1,40448,1695608613.9380598
1,40480,1695608613.9513152
1,40512,1695608613.9633143
1,40544,1695608613.9767807
1,40576,1695608613.9886937
1,40608,1695608614.0023267
1,40640,1695608614.0146961
1,40672,1695608614.028056
1,40704,1695608614.0405126
1,40736,1695608614.052588
1,40768,1695608614.0655224
1,40800,1695608614.0778837
1,40832,1695608614.0910654
1,40864,1695608614.1031833
1,40896,1695608614.1166832
1,40928,1695608614.130802
1,40960,1695608614.142719
1,40992,1695608614.1559124
1,41024,1695608614.1708045
1,41056,1695608614.1832414
1,41088,1695608614.195631
1,41120,1695608614.2080472
1,41152,1695608614.219538
1,41184,1695608614.2330194
1,41216,1695608614.2463365
1,41248,1695608614.2595477
1,41280,1695608614.2726247
1,41312,1695608614.2856243
1,41344,1695608614.2988348
1,41376,1695608614.3120675
1,41408,1695608614.32563
1,41440,1695608614.337949
1,41472,1695608614.3511298
1,41504,1695608614.3631287
1,41536,1695608614.3766298
1,41568,1695608614.3892527
1,41600,1695608614.4011717
1,41632,1695608614.4145954
1,41664,1695608614.4265685
1,41696,1695608614.4397833
1,41728,1695608614.452396
1,41760,1695608614.4683282
1,41792,1695608614.4808135
1,41824,1695608614.4954379
1,41856,1695608614.5111015
1,41888,1695608614.5225966
1,41920,1695608614.5398734
1,41952,1695608614.5573654
1,41984,1695608614.5778596
1,42016,1695608614.5979326
1,42048,1695608614.6174545
1,42080,1695608614.6318712
1,42112,1695608614.644874
1,42144,1695608614.6595387
1,42176,1695608614.671844
1,42208,1695608614.6853845
1,42240,1695608614.6973145
1,42272,1695608614.7111537
1,42304,1695608614.7231874
1,42336,1695608614.73673
1,42368,1695608614.750978
1,42400,1695608614.768388
1,42432,1695608614.7802455
1,42464,1695608614.792755
1,42496,1695608614.8049557
1,42528,1695608614.8187413
1,42560,1695608614.830737
1,42592,1695608614.8442981
1,42624,1695608614.8569496
1,42656,1695608614.86905
1,42688,1695608614.8829525
1,42720,1695608614.8949692
1,42752,1695608614.9082906
1,42784,1695608614.9209833
1,42816,1695608614.9330573
1,42848,1695608614.9470856
1,42880,1695608614.958848
1,42912,1695608614.9724803
1,42944,1695608614.985032
1,42976,1695608614.9969428
1,43008,1695608615.0099988
1,43040,1695608615.0235302
1,43072,1695608615.0358086
1,43104,1695608615.048327
1,43136,1695608615.0605335
1,43168,1695608615.0745063
1,43200,1695608615.0877814
1,43232,1695608615.0998483
1,43264,1695608615.1138322
1,43296,1695608615.1261356
1,43328,1695608615.1387477
1,43360,1695608615.1519387
1,43392,1695608615.1644773
1,43424,1695608615.1764576
1,43456,1695608615.1909904
1,43488,1695608615.205059
1,43520,1695608615.2187226
1,43552,1695608615.2308702
1,43584,1695608615.2428007
1,43616,1695608615.256219
1,43648,1695608615.268777
1,43680,1695608615.2811055
1,43712,1695608615.294209
1,43744,1695608615.3111663
1,43776,1695608615.3289044
1,43808,1695608615.3425767
1,43840,1695608615.3551402
1,43872,1695608615.3685973
1,43904,1695608615.3810534
1,43936,1695608615.393306
1,43968,1695608615.4073555
1,44000,1695608615.4196265
1,44032,1695608615.4321365
1,44064,1695608615.444254
1,44096,1695608615.456429
1,44128,1695608615.4689634
1,44160,1695608615.4820836
1,44192,1695608615.4941533
1,44224,1695608615.5060532
1,44256,1695608615.519218
1,44288,1695608615.531318
1,44320,1695608615.5451632
1,44352,1695608615.5574753
1,44384,1695608615.5696843
1,44416,1695608615.5829732
1,44448,1695608615.595
1,44480,1695608615.6084661
1,44512,1695608615.6210692
1,44544,1695608615.633089
1,44576,1695608615.6469615
1,44608,1695608615.6590502
1,44640,1695608615.6725683
1,44672,1695608615.6873999
1,44704,1695608615.6998076
1,44736,1695608615.7134378
1,44768,1695608615.7252634
1,44800,1695608615.7399552
1,44832,1695608615.7520783
1,44864,1695608615.7639048
1,44896,1695608615.7776153
1,44928,1695608615.7909317
1,44960,1695608615.8041291
1,44992,1695608615.8182676
1,45024,1695608615.8332682
1,45056,1695608615.8461554
1,45088,1695608615.860406
1,45120,1695608615.8726745
1,45152,1695608615.884979
1,45184,1695608615.89827
1,45216,1695608615.9153104
1,45248,1695608615.9265497
1,45280,1695608615.943762
1,45312,1695608615.9609656
1,45344,1695608615.9817984
1,45376,1695608616.001818
1,45408,1695608616.022381
1,45440,1695608616.0425346
1,45472,1695608616.062193
1,45504,1695608616.0806155
1,45536,1695608616.1015575
1,45568,1695608616.1221812
1,45600,1695608616.1426044
1,45632,1695608616.1621146
1,45664,1695608616.1813474
1,45696,1695608616.199353
1,45728,1695608616.2101274
1,45760,1695608616.2304695
1,45792,1695608616.2486265
1,45824,1695608616.2643924
1,45856,1695608616.2784545
1,45888,1695608616.2904449
1,45920,1695608616.3047178
1,45952,1695608616.3157465
1,45984,1695608616.3309844
1,46016,1695608616.3440278
1,46048,1695608616.356012
1,46080,1695608616.371692
1,46112,1695608616.3845901
1,46144,1695608616.4004261
1,46176,1695608616.4153452
1,46208,1695608616.4286723
1,46240,1695608616.4472935
1,46272,1695608616.466146
1,46304,1695608616.485813
1,46336,1695608616.5061958
1,46368,1695608616.5265589
1,46400,1695608616.5462267
1,46432,1695608616.5655804
1,46464,1695608616.586119
1,46496,1695608616.6073666
1,46528,1695608616.6256535
1,46560,1695608616.6394598
1,46592,1695608616.6575859
1,46624,1695608616.6733496
1,46656,1695608616.6893973
1,46688,1695608616.701472
1,46720,1695608616.7137558
1,46752,1695608616.727221
1,46784,1695608616.7384186
1,46816,1695608616.7507617
1,46848,1695608616.763507
1,46880,1695608616.776684
1,46912,1695608616.7905698
1,46944,1695608616.8036575
1,46976,1695608616.8157668
1,47008,1695608616.8277647
1,47040,1695608616.8401818
1,47072,1695608616.8550892
1,47104,1695608616.8692176
1,47136,1695608616.881761
1,47168,1695608616.8951092
1,47200,1695608616.907252
1,47232,1695608616.919488
1,47264,1695608616.9330268
1,47296,1695608616.9454627
1,47328,1695608616.9588144
1,47360,1695608616.9706624
1,47392,1695608616.9839933
1,47424,1695608616.9963474
1,47456,1695608617.0083902
1,47488,1695608617.0225182
1,47520,1695608617.0367804
1,47552,1695608617.0515428
1,47584,1695608617.0635908
1,47616,1695608617.076313
1,47648,1695608617.0900726
1,47680,1695608617.1024973
1,47712,1695608617.1163914
1,47744,1695608617.128749
1,47776,1695608617.140898
1,47808,1695608617.1600974
1,47840,1695608617.173559
1,47872,1695608617.188416
1,47904,1695608617.199175
1,47936,1695608617.21292
1,47968,1695608617.226867
1,48000,1695608617.2399216
1,48032,1695608617.2513905
1,48064,1695608617.2682161
1,48096,1695608617.2809796
1,48128,1695608617.295637
1,48160,1695608617.3073316
1,48192,1695608617.3202505
1,48224,1695608617.3340158
1,48256,1695608617.3473587
1,48288,1695608617.360579
1,48320,1695608617.37425
1,48352,1695608617.3876297
1,48384,1695608617.3996465
1,48416,1695608617.4131758
1,48448,1695608617.425465
1,48480,1695608617.4386613
1,48512,1695608617.45122
1,48544,1695608617.4683228
1,48576,1695608617.482153
1,48608,1695608617.494706
1,48640,1695608617.5111682
1,48672,1695608617.5241032
1,48704,1695608617.5377352
1,48736,1695608617.5506165
1,48768,1695608617.5636225
1,48800,1695608617.5757937
1,48832,1695608617.5888896
1,48864,1695608617.601438
1,48896,1695608617.6143541
1,48928,1695608617.6278398
1,48960,1695608617.6394958
1,48992,1695608617.6518989
1,49024,1695608617.6655755
1,49056,1695608617.6778755
1,49088,1695608617.6911888
1,49120,1695608617.703389
1,49152,1695608617.7167637
1,49184,1695608617.7312095
1,49216,1695608617.7436855
1,49248,1695608617.7574346
1,49280,1695608617.7691936
1,49312,1695608617.7839465
1,49344,1695608617.7961848
1,49376,1695608617.80848
1,49408,1695608617.8213918
1,49440,1695608617.8349411
1,49472,1695608617.8470309
1,49504,1695608617.8606994
1,49536,1695608617.8730903
1,49568,1695608617.885052
1,49600,1695608617.8985329
1,49632,1695608617.9106977
1,49664,1695608617.9240196
1,49696,1695608617.9367144
1,49728,1695608617.948945
1,49760,1695608617.969723
1,49792,1695608617.9820352
1,49824,1695608617.9945338
1,49856,1695608618.0058632
1,49888,1695608618.0183554
1,49920,1695608618.0309846
1,49952,1695608618.0436974
1,49984,1695608618.0564423
1,50000,1695608618.07544
2,32,1695608618.3799632
2,64,1695608618.3922844
2,96,1695608618.4105961
2,128,1695608618.4214249
2,160,1695608618.4337795
2,192,1695608618.4455357
2,224,1695608618.460687
2,256,1695608618.4722593
2,288,1695608618.4866502
2,320,1695608618.4981096
2,352,1695608618.5107682
2,384,1695608618.5217745
2,416,1695608618.5337102
2,448,1695608618.5447066
2,480,1695608618.5568762
2,512,1695608618.5695004
2,544,1695608618.5829022
2,576,1695608618.5948577
2,608,1695608618.6084807
2,640,1695608618.621022
2,672,1695608618.6327968
2,704,1695608618.6467369
2,736,1695608618.6587727
2,768,1695608618.670936
2,800,1695608618.6842825
2,832,1695608618.6989458
2,864,1695608618.712525
2,896,1695608618.724687
2,928,1695608618.7369869
2,960,1695608618.7501369
2,992,1695608618.7624593
2,1024,1695608618.7753785
2,1056,1695608618.7888267
2,1088,1695608618.8009272
2,1120,1695608618.815133
2,1152,1695608618.8276181
2,1184,1695608618.8413367
2,1216,1695608618.8533003
2,1248,1695608618.8671026
2,1280,1695608618.8792367
2,1312,1695608618.892977
2,1344,1695608618.907171
2,1376,1695608618.9195936
2,1408,1695608618.9337776
2,1440,1695608618.946313
2,1472,1695608618.960126
2,1504,1695608618.9720538
2,1536,1695608618.987644
2,1568,1695608619.0007365
2,1600,1695608619.0129902
2,1632,1695608619.025052
2,1664,1695608619.039431
2,1696,1695608619.0517583
2,1728,1695608619.063901
2,1760,1695608619.0775723
2,1792,1695608619.089712
2,1824,1695608619.1033695
2,1856,1695608619.115189
2,1888,1695608619.1275663
2,1920,1695608619.1416929
2,1952,1695608619.1542804
2,1984,1695608619.1671429
2,2016,1695608619.1788306
2,2048,1695608619.1920342
2,2080,1695608619.207777
2,2112,1695608619.2199194
2,2144,1695608619.2325969
2,2176,1695608619.2488496
2,2208,1695608619.2624748
2,2240,1695608619.276742
2,2272,1695608619.2913735
2,2304,1695608619.304448
2,2336,1695608619.3169491
2,2368,1695608619.329302
2,2400,1695608619.3428755
2,2432,1695608619.3548212
2,2464,1695608619.3683457
2,2496,1695608619.380921
2,2528,1695608619.3932345
2,2560,1695608619.410609
2,2592,1695608619.4240026
2,2624,1695608619.436706
2,2656,1695608619.4489849
2,2688,1695608619.464354
2,2720,1695608619.4765666
2,2752,1695608619.490027
2,2784,1695608619.5045655
2,2816,1695608619.5170317
2,2848,1695608619.529864
2,2880,1695608619.5431952
2,2912,1695608619.5552175
2,2944,1695608619.5675535
2,2976,1695608619.5807579
2,3008,1695608619.5931427
2,3040,1695608619.60701
2,3072,1695608619.619005
2,3104,1695608619.6310422
2,3136,1695608619.6443126
2,3168,1695608619.6568742
2,3200,1695608619.6688647
2,3232,1695608619.6829393
2,3264,1695608619.696838
2,3296,1695608619.7092063
2,3328,1695608619.7220461
2,3360,1695608619.734338
2,3392,1695608619.747682
2,3424,1695608619.7602208
2,3456,1695608619.7724895
2,3488,1695608619.7866719
2,3520,1695608619.8003123
2,3552,1695608619.8125737
2,3584,1695608619.8255339
2,3616,1695608619.838987
2,3648,1695608619.8509705
2,3680,1695608619.8644078
2,3712,1695608619.8769398
2,3744,1695608619.8890915
2,3776,1695608619.9027169
2,3808,1695608619.9148583
2,3840,1695608619.928284
2,3872,1695608619.9407284
2,3904,1695608619.9529626
2,3936,1695608619.9672635
2,3968,1695608619.9794817
2,4000,1695608619.9927866
2,4032,1695608620.0046847
2,4064,1695608620.0185254
2,4096,1695608620.0305707
2,4128,1695608620.0437813
2,4160,1695608620.056651
2,4192,1695608620.070284
2,4224,1695608620.0839036
2,4256,1695608620.0960293
2,4288,1695608620.110614
2,4320,1695608620.1240218
2,4352,1695608620.1377604
2,4384,1695608620.1506302
2,4416,1695608620.1638508
2,4448,1695608620.176353
2,4480,1695608620.1883428
2,4512,1695608620.200298
2,4544,1695608620.215387
2,4576,1695608620.2302144
2,4608,1695608620.2438369
2,4640,1695608620.2573504
2,4672,1695608620.269928
2,4704,1695608620.2828174
2,4736,1695608620.2952428
2,4768,1695608620.3078911
2,4800,1695608620.320628
2,4832,1695608620.3322475
2,4864,1695608620.3472917
2,4896,1695608620.3613467
2,4928,1695608620.3751206
2,4960,1695608620.3870845
2,4992,1695608620.39895
2,5024,1695608620.4117434
2,5056,1695608620.425265
2,5088,1695608620.4372716
2,5120,1695608620.4513597
2,5152,1695608620.4631157
2,5184,1695608620.476453
2,5216,1695608620.4885373
2,5248,1695608620.5030253
2,5280,1695608620.5169103
2,5312,1695608620.5290632
2,5344,1695608620.5426383
2,5376,1695608620.554832
2,5408,1695608620.5679433
2,5440,1695608620.5805714
2,5472,1695608620.5925314
2,5504,1695608620.6057107
2,5536,1695608620.61913
2,5568,1695608620.631075
2,5600,1695608620.6442935
2,5632,1695608620.660252
2,5664,1695608620.6755707
2,5696,1695608620.6890607
2,5728,1695608620.7015574
2,5760,1695608620.7150588
2,5792,1695608620.7270482
2,5824,1695608620.7408097
2,5856,1695608620.7532048
2,5888,1695608620.7650242
2,5920,1695608620.7777956
2,5952,1695608620.7911386
2,5984,1695608620.8031385
2,6016,1695608620.8166406
2,6048,1695608620.829272
2,6080,1695608620.8411715
2,6112,1695608620.8545558
2,6144,1695608620.866628
2,6176,1695608620.879865
2,6208,1695608620.892353
2,6240,1695608620.9067132
2,6272,1695608620.920004
2,6304,1695608620.9331536
2,6336,1695608620.9447157
2,6368,1695608620.9592829
2,6400,1695608620.973181
2,6432,1695608620.9850824
2,6464,1695608620.9981632
2,6496,1695608621.0123694
2,6528,1695608621.0242739
2,6560,1695608621.0373433
2,6592,1695608621.0490923
2,6624,1695608621.062826
2,6656,1695608621.074964
2,6688,1695608621.088291
2,6720,1695608621.1008198
2,6752,1695608621.1125944
2,6784,1695608621.1250892
2,6816,1695608621.138422
2,6848,1695608621.150579
2,6880,1695608621.1638982
2,6912,1695608621.1766946
2,6944,1695608621.188783
2,6976,1695608621.2023332
2,7008,1695608621.214338
2,7040,1695608621.2272286
2,7072,1695608621.2398531
2,7104,1695608621.2522728
2,7136,1695608621.2663767
2,7168,1695608621.2798898
2,7200,1695608621.291689
2,7232,1695608621.3081388
2,7264,1695608621.3200066
2,7296,1695608621.3341284
2,7328,1695608621.3481703
2,7360,1695608621.360594
2,7392,1695608621.3718812
2,7424,1695608621.3844197
2,7456,1695608621.399536
2,7488,1695608621.4119985
2,7520,1695608621.4246094
2,7552,1695608621.436792
2,7584,1695608621.450309
2,7616,1695608621.4624937
2,7648,1695608621.47553
2,7680,1695608621.4882603
2,7712,1695608621.500603
2,7744,1695608621.5129564
2,7776,1695608621.526573
2,7808,1695608621.5389178
2,7840,1695608621.552316
2,7872,1695608621.5648153
2,7904,1695608621.5784857
2,7936,1695608621.5917084
2,7968,1695608621.6037724
2,8000,1695608621.6160045
2,8032,1695608621.6286356
2,8064,1695608621.644262
2,8096,1695608621.6581972
2,8128,1695608621.67156
2,8160,1695608621.6847734
2,8192,1695608621.69648
2,8224,1695608621.7087421
2,8256,1695608621.7226295
2,8288,1695608621.7347126
2,8320,1695608621.748078
2,8352,1695608621.7608802
2,8384,1695608621.772585
2,8416,1695608621.7864962
2,8448,1695608621.7985358
2,8480,1695608621.811246
2,8512,1695608621.8241327
2,8544,1695608621.836819
2,8576,1695608621.8487303
2,8608,1695608621.8614342
2,8640,1695608621.8753161
2,8672,1695608621.8872921
2,8704,1695608621.900695
2,8736,1695608621.9131515
2,8768,1695608621.9255967
2,8800,1695608621.938564
2,8832,1695608621.9506092
2,8864,1695608621.9639208
2,8896,1695608621.9805422
2,8928,1695608621.9979475
2,8960,1695608622.0112681
2,8992,1695608622.028983
2,9024,1695608622.0412679
2,9056,1695608622.0543838
2,9088,1695608622.066912
2,9120,1695608622.0799363
2,9152,1695608622.0956833
2,9184,1695608622.1094034
2,9216,1695608622.121239
2,9248,1695608622.1335945
2,9280,1695608622.147112
2,9312,1695608622.1593287
2,9344,1695608622.1713607
2,9376,1695608622.184419
2,9408,1695608622.1968706
2,9440,1695608622.2098343
2,9472,1695608622.2232492
2,9504,1695608622.2354984
2,9536,1695608622.2475674
2,9568,1695608622.2611127
2,9600,1695608622.2736514
2,9632,1695608622.2860055
2,9664,1695608622.2995749
2,9696,1695608622.3117838
2,9728,1695608622.3242722
2,9760,1695608622.336356
2,9792,1695608622.3486814
2,9824,1695608622.3608983
2,9856,1695608622.3746648
2,9888,1695608622.389633
2,9920,1695608622.4030404
2,9952,1695608622.414979
2,9984,1695608622.429274
2,10016,1695608622.4411058
2,10048,1695608622.4544642
2,10080,1695608622.473281
2,10112,1695608622.4934642
2,10144,1695608622.5140321
2,10176,1695608622.5347936
2,10208,1695608622.5543725
2,10240,1695608622.5736728
2,10272,1695608622.5941486
2,10304,1695608622.6141078
2,10336,1695608622.6344073
2,10368,1695608622.6544101
2,10400,1695608622.6745791
2,10432,1695608622.694034
2,10464,1695608622.7146423
2,10496,1695608622.7344723
2,10528,1695608622.7542865
2,10560,1695608622.7739189
2,10592,1695608622.7940073
2,10624,1695608622.8142772
2,10656,1695608622.8342707
2,10688,1695608622.854059
2,10720,1695608622.8741388
2,10752,1695608622.8945296
2,10784,1695608622.914235
2,10816,1695608622.9338374
2,10848,1695608622.9540713
2,10880,1695608622.9681687
2,10912,1695608622.9848528
2,10944,1695608622.9991252
2,10976,1695608623.0122535
2,11008,1695608623.0244808
2,11040,1695608623.0366726
2,11072,1695608623.0495818
2,11104,1695608623.063021
2,11136,1695608623.0748582
2,11168,1695608623.0883675
2,11200,1695608623.1011243
2,11232,1695608623.1129787
2,11264,1695608623.1265912
2,11296,1695608623.138705
2,11328,1695608623.1519773
2,11360,1695608623.165153
2,11392,1695608623.176849
2,11424,1695608623.1906126
2,11456,1695608623.2028217
2,11488,1695608623.2156985
2,11520,1695608623.2286744
2,11552,1695608623.2404788
2,11584,1695608623.2545223
2,11616,1695608623.266573
2,11648,1695608623.2795832
2,11680,1695608623.2923877
2,11712,1695608623.3048687
2,11744,1695608623.317328
2,11776,1695608623.3306823
2,11808,1695608623.3429897
2,11840,1695608623.3566766
2,11872,1695608623.3692772
2,11904,1695608623.3811867
2,11936,1695608623.3951037
2,11968,1695608623.4062378
2,12000,1695608623.4234097
2,12032,1695608623.437646
2,12064,1695608623.4513195
2,12096,1695608623.4653885
2,12128,1695608623.4784455
2,12160,1695608623.4915147
2,12192,1695608623.5040479
2,12224,1695608623.5163085
2,12256,1695608623.5287886
2,12288,1695608623.540982
2,12320,1695608623.5535216
2,12352,1695608623.5667186
2,12384,1695608623.5792804
2,12416,1695608623.5922153
2,12448,1695608623.6047888
2,12480,1695608623.6168804
2,12512,1695608623.6306021
2,12544,1695608623.642809
2,12576,1695608623.65622
2,12608,1695608623.668996
2,12640,1695608623.680911
2,12672,1695608623.6947646
2,12704,1695608623.7070355
2,12736,1695608623.7205157
2,12768,1695608623.733158
2,12800,1695608623.7456815
2,12832,1695608623.7590628
2,12864,1695608623.771139
2,12896,1695608623.7833831
2,12928,1695608623.7970665
2,12960,1695608623.8089416
2,12992,1695608623.822758
2,13024,1695608623.834863
2,13056,1695608623.8485818
2,13088,1695608623.8609672
2,13120,1695608623.8727486
2,13152,1695608623.8867178
2,13184,1695608623.8989186
2,13216,1695608623.9120076
2,13248,1695608623.9247987
2,13280,1695608623.9365976
2,13312,1695608623.9506838
2,13344,1695608623.9626544
2,13376,1695608623.975719
2,13408,1695608623.9883757
2,13440,1695608624.0008166
2,13472,1695608624.0129678
2,13504,1695608624.0257604
2,13536,1695608624.039084
2,13568,1695608624.0510898
2,13600,1695608624.0645742
2,13632,1695608624.0770674
2,13664,1695608624.0892017
2,13696,1695608624.1022859
2,13728,1695608624.1145663
2,13760,1695608624.1276731
2,13792,1695608624.1402836
2,13824,1695608624.1522214
2,13856,1695608624.1670327
2,13888,1695608624.1804903
2,13920,1695608624.1928995
2,13952,1695608624.2051463
2,13984,1695608624.2173178
2,14016,1695608624.2302678
2,14048,1695608624.2416205
2,14080,1695608624.2559164
2,14112,1695608624.2745469
2,14144,1695608624.2946186
2,14176,1695608624.3136919
2,14208,1695608624.330788
2,14240,1695608624.3482463
2,14272,1695608624.3592255
2,14304,1695608624.3782704
2,14336,1695608624.3972368
2,14368,1695608624.4171782
2,14400,1695608624.4380767
2,14432,1695608624.458047
2,14464,1695608624.4779022
2,14496,1695608624.49827
2,14528,1695608624.5185208
2,14560,1695608624.5388033
2,14592,1695608624.5586329
2,14624,1695608624.578342
2,14656,1695608624.5978646
2,14688,1695608624.6164365
2,14720,1695608624.6347837
2,14752,1695608624.6471853
2,14784,1695608624.6658533
2,14816,1695608624.68377
2,14848,1695608624.6963048
2,14880,1695608624.7122324
2,14912,1695608624.7238483
2,14944,1695608624.7389169
2,14976,1695608624.7514923
2,15008,1695608624.7716682
2,15040,1695608624.790781
2,15072,1695608624.8101072
2,15104,1695608624.8235238
2,15136,1695608624.8400989
2,15168,1695608624.8516743
2,15200,1695608624.8651178
2,15232,1695608624.8768768
2,15264,1695608624.8894181
2,15296,1695608624.9031026
2,15328,1695608624.9152055
2,15360,1695608624.9287856
2,15392,1695608624.9428384
2,15424,1695608624.9548662
2,15456,1695608624.9672284
2,15488,1695608624.9795456
2,15520,1695608624.9936883
2,15552,1695608625.0069454
2,15584,1695608625.0266728
2,15616,1695608625.0455291
2,15648,1695608625.062071
2,15680,1695608625.0795898
2,15712,1695608625.0959048
2,15744,1695608625.1092837
2,15776,1695608625.1220574
2,15808,1695608625.1353803
2,15840,1695608625.1474693
2,15872,1695608625.1608844
2,15904,1695608625.172963
2,15936,1695608625.1881642
2,15968,1695608625.2013602
2,16000,1695608625.2154517
2,16032,1695608625.2292838
2,16064,1695608625.2413826
2,16096,1695608625.255217
2,16128,1695608625.2671523
2,16160,1695608625.2803264
2,16192,1695608625.2929342
2,16224,1695608625.304727
2,16256,1695608625.3175197
2,16288,1695608625.3309424
2,16320,1695608625.3430703
2,16352,1695608625.356337
2,16384,1695608625.3683226
2,16416,1695608625.3824086
2,16448,1695608625.3963323
2,16480,1695608625.4087458
2,16512,1695608625.420928
2,16544,1695608625.4333944
2,16576,1695608625.4473891
2,16608,1695608625.45974
2,16640,1695608625.4723434
2,16672,1695608625.484527
2,16704,1695608625.4987338
2,16736,1695608625.5120375
2,16768,1695608625.5241401
2,16800,1695608625.5390823
2,16832,1695608625.5515072
2,16864,1695608625.5641346
2,16896,1695608625.575747
2,16928,1695608625.5913103
2,16960,1695608625.6038585
2,16992,1695608625.617549
2,17024,1695608625.629239
2,17056,1695608625.6420248
2,17088,1695608625.6542377
2,17120,1695608625.6673992
2,17152,1695608625.6796122
2,17184,1695608625.6944752
2,17216,1695608625.706461
2,17248,1695608625.719588
2,17280,1695608625.7317965
2,17312,1695608625.7457688
2,17344,1695608625.7577226
2,17376,1695608625.7710013
2,17408,1695608625.783151
2,17440,1695608625.7968023
2,17472,1695608625.810979
2,17504,1695608625.823274
2,17536,1695608625.8363318
2,17568,1695608625.8481107
2,17600,1695608625.8605535
2,17632,1695608625.8745303
2,17664,1695608625.8867881
2,17696,1695608625.899909
2,17728,1695608625.912404
2,17760,1695608625.926601
2,17792,1695608625.9399984
2,17824,1695608625.9522648
2,17856,1695608625.964266
2,17888,1695608625.9770777
2,17920,1695608625.9909184
2,17952,1695608626.0026002
2,17984,1695608626.0159688
2,18016,1695608626.0284684
2,18048,1695608626.0426588
2,18080,1695608626.0568855
2,18112,1695608626.0690672
2,18144,1695608626.081411
2,18176,1695608626.0949817
2,18208,1695608626.106994
2,18240,1695608626.1202254
2,18272,1695608626.1330342
2,18304,1695608626.1452508
2,18336,1695608626.1587322
2,18368,1695608626.1707726
2,18400,1695608626.183959
2,18432,1695608626.1964877
2,18464,1695608626.2085745
2,18496,1695608626.2239203
2,18528,1695608626.2379105
2,18560,1695608626.2510505
2,18592,1695608626.2643802
2,18624,1695608626.276868
2,18656,1695608626.2909842
2,18688,1695608626.3032281
2,18720,1695608626.3153353
2,18752,1695608626.3283107
2,18784,1695608626.3446653
2,18816,1695608626.3594604
2,18848,1695608626.3741813
2,18880,1695608626.3866816
2,18912,1695608626.400151
2,18944,1695608626.4141078
2,18976,1695608626.4258409
2,19008,1695608626.439682
2,19040,1695608626.4513729
2,19072,1695608626.4654038
2,19104,1695608626.477133
2,19136,1695608626.4917803
2,19168,1695608626.5033383
2,19200,1695608626.516431
2,19232,1695608626.530636
2,19264,1695608626.543713
2,19296,1695608626.5562804
2,19328,1695608626.5683436
2,19360,1695608626.5804741
2,19392,1695608626.594124
2,19424,1695608626.6064649
2,19456,1695608626.6195142
2,19488,1695608626.6314926
2,19520,1695608626.6434772
2,19552,1695608626.6565108
2,19584,1695608626.6689117
2,19616,1695608626.6810226
2,19648,1695608626.6947446
2,19680,1695608626.7068338
2,19712,1695608626.720361
2,19744,1695608626.7327433
2,19776,1695608626.7451048
2,19808,1695608626.7587917
2,19840,1695608626.7707734
2,19872,1695608626.7839317
2,19904,1695608626.7963858
2,19936,1695608626.8086274
2,19968,1695608626.8222127
2,20000,1695608626.834428
2,20032,1695608626.8474562
2,20064,1695608626.8599906
2,20096,1695608626.873252
2,20128,1695608626.887249
2,20160,1695608626.8995013
2,20192,1695608626.912969
2,20224,1695608626.9249883
2,20256,1695608626.9366877
2,20288,1695608626.9507196
2,20320,1695608626.9634714
2,20352,1695608626.9753828
2,20384,1695608626.9888027
2,20416,1695608627.000932
2,20448,1695608627.0146043
2,20480,1695608627.0267668
2,20512,1695608627.0396426
2,20544,1695608627.0521047
2,20576,1695608627.064473
2,20608,1695608627.0780313
2,20640,1695608627.090385
2,20672,1695608627.103705
2,20704,1695608627.115478
2,20736,1695608627.1295924
2,20768,1695608627.141835
2,20800,1695608627.1543503
2,20832,1695608627.1674814
2,20864,1695608627.1791558
2,20896,1695608627.1933603
2,20928,1695608627.2059243
2,20960,1695608627.2185767
2,20992,1695608627.2316818
2,21024,1695608627.2438698
2,21056,1695608627.2562866
2,21088,1695608627.2699215
2,21120,1695608627.2828853
2,21152,1695608627.2955225
2,21184,1695608627.3075514
2,21216,1695608627.3210905
2,21248,1695608627.3333364
2,21280,1695608627.3468397
2,21312,1695608627.3590505
2,21344,1695608627.3723001
2,21376,1695608627.3849247
2,21408,1695608627.3967986
2,21440,1695608627.4092903
2,21472,1695608627.4224896
2,21504,1695608627.4346917
2,21536,1695608627.447838
2,21568,1695608627.4596617
2,21600,1695608627.475807
2,21632,1695608627.4906347
2,21664,1695608627.508423
2,21696,1695608627.5212216
2,21728,1695608627.5335238
2,21760,1695608627.5462081
2,21792,1695608627.559903
2,21824,1695608627.5730038
2,21856,1695608627.584845
2,21888,1695608627.5988214
2,21920,1695608627.6108286
2,21952,1695608627.6243594
2,21984,1695608627.6369953
2,22016,1695608627.6493154
2,22048,1695608627.6622198
2,22080,1695608627.6744626
2,22112,1695608627.6864405
2,22144,1695608627.699735
2,22176,1695608627.71273
2,22208,1695608627.7264464
2,22240,1695608627.7399166
2,22272,1695608627.7524385
2,22304,1695608627.764743
2,22336,1695608627.7768095
2,22368,1695608627.7894006
2,22400,1695608627.8032944
2,22432,1695608627.815298
2,22464,1695608627.827596
2,22496,1695608627.8412874
2,22528,1695608627.8530087
2,22560,1695608627.865966
2,22592,1695608627.8793275
2,22624,1695608627.8913457
2,22656,1695608627.9047413
2,22688,1695608627.9172478
2,22720,1695608627.9292793
2,22752,1695608627.9430397
2,22784,1695608627.9550028
2,22816,1695608627.9684813
2,22848,1695608627.9810572
2,22880,1695608627.9930162
2,22912,1695608628.0057175
2,22944,1695608628.019134
2,22976,1695608628.0312822
2,23008,1695608628.044776
2,23040,1695608628.0567513
2,23072,1695608628.0689979
2,23104,1695608628.082759
2,23136,1695608628.0948424
2,23168,1695608628.108351
2,23200,1695608628.1207447
2,23232,1695608628.132488
2,23264,1695608628.145167
2,23296,1695608628.1587634
2,23328,1695608628.1701846
2,23360,1695608628.184688
2,23392,1695608628.198348
2,23424,1695608628.2109747
2,23456,1695608628.2238483
2,23488,1695608628.235992
2,23520,1695608628.2484348
2,23552,1695608628.2604823
2,23584,1695608628.2731004
2,23616,1695608628.2865815
2,23648,1695608628.2985923
2,23680,1695608628.3119857
2,23712,1695608628.324644
2,23744,1695608628.3364127
2,23776,1695608628.3506029
2,23808,1695608628.365128
2,23840,1695608628.3772554
2,23872,1695608628.38937
2,23904,1695608628.4030404
2,23936,1695608628.4150105
2,23968,1695608628.4280336
2,24000,1695608628.4405112
2,24032,1695608628.4526265
2,24064,1695608628.4649062
2,24096,1695608628.4782362
2,24128,1695608628.4906878
2,24160,1695608628.5037742
2,24192,1695608628.5162997
2,24224,1695608628.5282369
2,24256,1695608628.5402913
2,24288,1695608628.5558522
2,24320,1695608628.569446
2,24352,1695608628.5813015
2,24384,1695608628.593877
2,24416,1695608628.607439
2,24448,1695608628.6192436
2,24480,1695608628.6327374
2,24512,1695608628.6446846
2,24544,1695608628.6583686
2,24576,1695608628.670352
2,24608,1695608628.6827044
2,24640,1695608628.6955988
2,24672,1695608628.7081008
2,24704,1695608628.7206311
2,24736,1695608628.7330108
2,24768,1695608628.7466443
2,24800,1695608628.7587042
2,24832,1695608628.7706118
2,24864,1695608628.7839267
2,24896,1695608628.79683
2,24928,1695608628.8089867
2,24960,1695608628.8227665
2,24992,1695608628.83493
2,25024,1695608628.848001
2,25056,1695608628.8608522
2,25088,1695608628.8725617
2,25120,1695608628.8848975
2,25152,1695608628.8996687
2,25184,1695608628.9112482
2,25216,1695608628.9248815
2,25248,1695608628.9374897
2,25280,1695608628.9498498
2,25312,1695608628.9630773
2,25344,1695608628.9752142
2,25376,1695608628.9887252
2,25408,1695608629.001207
2,25440,1695608629.013488
2,25472,1695608629.02701
2,25504,1695608629.0388377
2,25536,1695608629.052266
2,25568,1695608629.064827
2,25600,1695608629.0766728
2,25632,1695608629.089019
2,25664,1695608629.1021845
2,25696,1695608629.1143816
2,25728,1695608629.1274853
2,25760,1695608629.139694
2,25792,1695608629.151868
2,25824,1695608629.1654973
2,25856,1695608629.1776261
2,25888,1695608629.1910517
2,25920,1695608629.2036543
2,25952,1695608629.2172272
2,25984,1695608629.2290487
2,26016,1695608629.2428985
2,26048,1695608629.255066
2,26080,1695608629.2687142
2,26112,1695608629.2811553
2,26144,1695608629.2934916
2,26176,1695608629.3068461
2,26208,1695608629.318872
2,26240,1695608629.332482
2,26272,1695608629.3450487
2,26304,1695608629.3572824
2,26336,1695608629.3708646
2,26368,1695608629.3828647
2,26400,1695608629.3962803
2,26432,1695608629.409075
2,26464,1695608629.4208453
2,26496,1695608629.4347246
2,26528,1695608629.4468603
2,26560,1695608629.4601374
2,26592,1695608629.472847
2,26624,1695608629.4845862
2,26656,1695608629.4986382
2,26688,1695608629.510798
2,26720,1695608629.5240626
2,26752,1695608629.5368674
2,26784,1695608629.549041
2,26816,1695608629.5623622
2,26848,1695608629.5744734
2,26880,1695608629.587853
2,26912,1695608629.6006694
2,26944,1695608629.612577
2,26976,1695608629.628385
2,27008,1695608629.641557
2,27040,1695608629.655811
2,27072,1695608629.669126
2,27104,1695608629.6816854
2,27136,1695608629.6952825
2,27168,1695608629.707246
2,27200,1695608629.7207787
2,27232,1695608629.7343485
2,27264,1695608629.7479072
2,27296,1695608629.7598655
2,27328,1695608629.772034
2,27360,1695608629.7857099
2,27392,1695608629.797967
2,27424,1695608629.8101873
2,27456,1695608629.823255
2,27488,1695608629.8355136
2,27520,1695608629.8488653
2,27552,1695608629.863191
2,27584,1695608629.8770053
2,27616,1695608629.889294
2,27648,1695608629.9028986
2,27680,1695608629.9148169
2,27712,1695608629.9269116
2,27744,1695608629.9403214
2,27776,1695608629.952848
2,27808,1695608629.9649022
2,27840,1695608629.9800453
2,27872,1695608629.9931254
2,27904,1695608630.006979
2,27936,1695608630.0207105
2,27968,1695608630.0326505
2,28000,1695608630.046315
2,28032,1695608630.0582204
2,28064,1695608630.0715983
2,28096,1695608630.084521
2,28128,1695608630.0980287
2,28160,1695608630.1116228
2,28192,1695608630.1238875
2,28224,1695608630.1378486
2,28256,1695608630.149951
2,28288,1695608630.1630716
2,28320,1695608630.1752827
2,28352,1695608630.1882362
2,28384,1695608630.2016532
2,28416,1695608630.2141657
2,28448,1695608630.2281213
2,28480,1695608630.241133
2,28512,1695608630.252734
2,28544,1695608630.265246
2,28576,1695608630.2783196
2,28608,1695608630.290863
2,28640,1695608630.3038883
2,28672,1695608630.3164635
2,28704,1695608630.328398
2,28736,1695608630.342832
2,28768,1695608630.3568883
2,28800,1695608630.3690019
2,28832,1695608630.382087
2,28864,1695608630.3954473
2,28896,1695608630.4087582
2,28928,1695608630.4214458
2,28960,1695608630.4347339
2,28992,1695608630.4468455
2,29024,1695608630.4605517
2,29056,1695608630.473379
2,29088,1695608630.4858754
2,29120,1695608630.4989173
2,29152,1695608630.5122445
2,29184,1695608630.524286
2,29216,1695608630.5364904
2,29248,1695608630.5490453
2,29280,1695608630.562537
2,29312,1695608630.574375
2,29344,1695608630.5877876
2,29376,1695608630.6004124
2,29408,1695608630.612448
2,29440,1695608630.626575
2,29472,1695608630.639919
2,29504,1695608630.6520574
2,29536,1695608630.665704
2,29568,1695608630.6777093
2,29600,1695608630.6909423
2,29632,1695608630.7032151
2,29664,1695608630.71669
2,29696,1695608630.7291782
2,29728,1695608630.7414482
2,29760,1695608630.754394
2,29792,1695608630.766742
2,29824,1695608630.7810233
2,29856,1695608630.7945154
2,29888,1695608630.8077204
2,29920,1695608630.819623
2,29952,1695608630.832752
2,29984,1695608630.8457532
2,30016,1695608630.859067
2,30048,1695608630.8711593
2,30080,1695608630.8845437
2,30112,1695608630.8971817
2,30144,1695608630.9092944
2,30176,1695608630.9228008
2,30208,1695608630.9348352
2,30240,1695608630.9480848
2,30272,1695608630.960569
2,30304,1695608630.9728138
2,30336,1695608630.9870543
2,30368,1695608631.000301
2,30400,1695608631.0127053
2,30432,1695608631.0271084
2,30464,1695608631.0411766
2,30496,1695608631.0527966
2,30528,1695608631.0660837
2,30560,1695608631.0782998
2,30592,1695608631.0913246
2,30624,1695608631.103554
2,30656,1695608631.1155677
2,30688,1695608631.13183
2,30720,1695608631.1451404
2,30752,1695608631.1582284
2,30784,1695608631.1711767
2,30816,1695608631.1850772
2,30848,1695608631.196909
2,30880,1695608631.2112281
2,30912,1695608631.223376
2,30944,1695608631.2403445
2,30976,1695608631.2516193
2,31008,1695608631.2670915
2,31040,1695608631.2788746
2,31072,1695608631.2929213
2,31104,1695608631.3071911
2,31136,1695608631.3196828
2,31168,1695608631.3316338
2,31200,1695608631.349119
2,31232,1695608631.3691916
2,31264,1695608631.3865664
2,31296,1695608631.4000678
2,31328,1695608631.4149299
2,31360,1695608631.427116
2,31392,1695608631.439785
2,31424,1695608631.4510703
2,31456,1695608631.463567
2,31488,1695608631.4799426
2,31520,1695608631.4916747
2,31552,1695608631.5087407
2,31584,1695608631.521642
2,31616,1695608631.540583
2,31648,1695608631.5598848
2,31680,1695608631.5788047
2,31712,1695608631.5978498
2,31744,1695608631.6168864
2,31776,1695608631.6321418
2,31808,1695608631.6451879
2,31840,1695608631.6581857
2,31872,1695608631.6708252
2,31904,1695608631.6834886
2,31936,1695608631.6951087
2,31968,1695608631.709364
2,32000,1695608631.7236965
2,32032,1695608631.7353559
2,32064,1695608631.7477946
2,32096,1695608631.7632716
2,32128,1695608631.7750425
2,32160,1695608631.791292
2,32192,1695608631.804898
2,32224,1695608631.8186982
2,32256,1695608631.831581
2,32288,1695608631.8436408
2,32320,1695608631.8549743
2,32352,1695608631.8695767
2,32384,1695608631.880948
2,32416,1695608631.8954678
2,32448,1695608631.9088428
2,32480,1695608631.924744
2,32512,1695608631.9382536
2,32544,1695608631.9519846
2,32576,1695608631.9643931
2,32608,1695608631.9788055
2,32640,1695608631.9930108
2,32672,1695608632.0086377
2,32704,1695608632.0223596
2,32736,1695608632.0351033
2,32768,1695608632.0518885
2,32800,1695608632.0639453
2,32832,1695608632.0795465
2,32864,1695608632.09304
2,32896,1695608632.1067715
2,32928,1695608632.1196115
2,32960,1695608632.1313481
2,32992,1695608632.143623
2,33024,1695608632.1591368
2,33056,1695608632.173351
2,33088,1695608632.185527
2,33120,1695608632.203926
2,33152,1695608632.2225597
2,33184,1695608632.2422082
2,33216,1695608632.2610958
2,33248,1695608632.2819502
2,33280,1695608632.301854
2,33312,1695608632.321612
2,33344,1695608632.3417296
2,33376,1695608632.3607242
2,33408,1695608632.3811662
2,33440,1695608632.402339
2,33472,1695608632.421737
2,33504,1695608632.441147
2,33536,1695608632.4608178
2,33568,1695608632.4758456
2,33600,1695608632.4881275
2,33632,1695608632.5001724
2,33664,1695608632.5157795
2,33696,1695608632.5297678
2,33728,1695608632.5422876
2,33760,1695608632.5545669
2,33792,1695608632.5662127
2,33824,1695608632.5791483
2,33856,1695608632.5903323
2,33888,1695608632.6025236
2,33920,1695608632.6153803
2,33952,1695608632.627674
2,33984,1695608632.6396778
2,34016,1695608632.6544907
2,34048,1695608632.6660728
2,34080,1695608632.6792176
2,34112,1695608632.6903415
2,34144,1695608632.7027755
2,34176,1695608632.7165241
2,34208,1695608632.727978
2,34240,1695608632.739363
2,34272,1695608632.75179
2,34304,1695608632.7641592
2,34336,1695608632.779483
2,34368,1695608632.7933428
2,34400,1695608632.8074117
2,34432,1695608632.8188033
2,34464,1695608632.8303595
2,34496,1695608632.843815
2,34528,1695608632.856291
2,34560,1695608632.869045
2,34592,1695608632.8818836
2,34624,1695608632.894343
2,34656,1695608632.906866
2,34688,1695608632.918887
2,34720,1695608632.9325063
2,34752,1695608632.94426
2,34784,1695608632.9551404
2,34816,1695608632.9685047
2,34848,1695608632.981086
2,34880,1695608632.9924219
2,34912,1695608633.0047212
2,34944,1695608633.0167542
2,34976,1695608633.0297518
2,35008,1695608633.0423198
2,35040,1695608633.0547893
2,35072,1695608633.06773
2,35104,1695608633.0837905
2,35136,1695608633.0993478
2,35168,1695608633.113006
2,35200,1695608633.124556
2,35232,1695608633.1362348
2,35264,1695608633.1481187
2,35296,1695608633.1610727
2,35328,1695608633.1728892
2,35360,1695608633.1847248
2,35392,1695608633.1978428
2,35424,1695608633.210027
2,35456,1695608633.2218566
2,35488,1695608633.2350113
2,35520,1695608633.247026
2,35552,1695608633.2593875
2,35584,1695608633.2719054
2,35616,1695608633.2840078
2,35648,1695608633.2954154
2,35680,1695608633.308584
2,35712,1695608633.320402
2,35744,1695608633.332994
2,35776,1695608633.3457658
2,35808,1695608633.35926
2,35840,1695608633.3712106
2,35872,1695608633.3837657
2,35904,1695608633.395985
2,35936,1695608633.4079237
2,35968,1695608633.4193246
2,36000,1695608633.4322166
2,36032,1695608633.4443538
2,36064,1695608633.4582279
2,36096,1695608633.4721239
2,36128,1695608633.4837213
2,36160,1695608633.4951324
2,36192,1695608633.508182
2,36224,1695608633.520706
2,36256,1695608633.5321023
2,36288,1695608633.5449977
2,36320,1695608633.5574057
2,36352,1695608633.5690022
2,36384,1695608633.5853758
2,36416,1695608633.5967293
2,36448,1695608633.609937
2,36480,1695608633.623962
2,36512,1695608633.6353524
2,36544,1695608633.6480458
2,36576,1695608633.6605113
2,36608,1695608633.6725066
2,36640,1695608633.6839724
2,36672,1695608633.69633
2,36704,1695608633.7077982
2,36736,1695608633.7205136
2,36768,1695608633.734439
2,36800,1695608633.7463
2,36832,1695608633.7591305
2,36864,1695608633.7712996
2,36896,1695608633.7839487
2,36928,1695608633.7963693
2,36960,1695608633.8078704
2,36992,1695608633.8212605
2,37024,1695608633.8335729
2,37056,1695608633.8451016
2,37088,1695608633.858277
2,37120,1695608633.8704047
2,37152,1695608633.8822718
2,37184,1695608633.894824
2,37216,1695608633.906925
2,37248,1695608633.9191291
2,37280,1695608633.9317868
2,37312,1695608633.9436302
2,37344,1695608633.9566302
2,37376,1695608633.969127
2,37408,1695608633.980729
2,37440,1695608633.9937289
2,37472,1695608634.0072494
2,37504,1695608634.0191154
2,37536,1695608634.0316324
2,37568,1695608634.043913
2,37600,1695608634.0559752
2,37632,1695608634.0691552
2,37664,1695608634.0805974
2,37696,1695608634.0920951
2,37728,1695608634.1071913
2,37760,1695608634.1193414
2,37792,1695608634.1316242
2,37824,1695608634.1434414
2,37856,1695608634.156422
2,37888,1695608634.1689444
2,37920,1695608634.1804256
2,37952,1695608634.1919825
2,37984,1695608634.2049246
2,38016,1695608634.2168226
2,38048,1695608634.2285795
2,38080,1695608634.2414222
2,38112,1695608634.2538445
2,38144,1695608634.2655523
2,38176,1695608634.2785254
2,38208,1695608634.2903707
2,38240,1695608634.3024297
2,38272,1695608634.3153884
2,38304,1695608634.3269546
2,38336,1695608634.3392599
2,38368,1695608634.3522236
2,38400,1695608634.363696
2,38432,1695608634.3769112
2,38464,1695608634.389417
2,38496,1695608634.4035275
2,38528,1695608634.4144385
2,38560,1695608634.4273055
2,38592,1695608634.439737
2,38624,1695608634.4516442
2,38656,1695608634.4646916
2,38688,1695608634.4771547
2,38720,1695608634.4886246
2,38752,1695608634.5003996
2,38784,1695608634.513623
2,38816,1695608634.5258825
2,38848,1695608634.5376182
2,38880,1695608634.550938
2,38912,1695608634.5628426
2,38944,1695608634.5752227
2,38976,1695608634.587639
2,39008,1695608634.5997298
2,39040,1695608634.6128132
2,39072,1695608634.6254306
2,39104,1695608634.6369758
2,39136,1695608634.6487849
2,39168,1695608634.6618378
2,39200,1695608634.6741998
2,39232,1695608634.6857588
2,39264,1695608634.698635
2,39296,1695608634.7107673
2,39328,1695608634.723142
2,39360,1695608634.7356613
2,39392,1695608634.7477183
2,39424,1695608634.7607884
2,39456,1695608634.7734394
2,39488,1695608634.7849739
2,39520,1695608634.7965693
2,39552,1695608634.8118818
2,39584,1695608634.8241477
2,39616,1695608634.837099
2,39648,1695608634.8488
2,39680,1695608634.8604248
2,39712,1695608634.8726788
2,39744,1695608634.8857944
2,39776,1695608634.8979807
2,39808,1695608634.9097288
2,39840,1695608634.923048
2,39872,1695608634.9349837
2,39904,1695608634.9472911
2,39936,1695608634.9597986
2,39968,1695608634.9719205
2,40000,1695608634.9846907
2,40032,1695608634.9984508
2,40064,1695608635.0118394
2,40096,1695608635.0236595
2,40128,1695608635.0365899
2,40160,1695608635.0514953
2,40192,1695608635.0641794
2,40224,1695608635.076327
2,40256,1695608635.089699
2,40288,1695608635.101732
2,40320,1695608635.1147435
2,40352,1695608635.1267543
2,40384,1695608635.1387293
2,40416,1695608635.1514335
2,40448,1695608635.163414
2,40480,1695608635.1762946
2,40512,1695608635.1882317
2,40544,1695608635.2015278
2,40576,1695608635.2134104
2,40608,1695608635.226568
2,40640,1695608635.2384698
2,40672,1695608635.2503777
2,40704,1695608635.2633493
2,40736,1695608635.275823
2,40768,1695608635.287189
2,40800,1695608635.3002322
2,40832,1695608635.3127494
2,40864,1695608635.3242612
2,40896,1695608635.336945
2,40928,1695608635.3507125
2,40960,1695608635.362621
2,40992,1695608635.3754804
2,41024,1695608635.3873267
2,41056,1695608635.3999548
2,41088,1695608635.4128563
2,41120,1695608635.4244254
2,41152,1695608635.4360423
2,41184,1695608635.4488614
2,41216,1695608635.460614
2,41248,1695608635.4723794
2,41280,1695608635.4852264
2,41312,1695608635.4969077
2,41344,1695608635.508509
2,41376,1695608635.5218308
2,41408,1695608635.5339403
2,41440,1695608635.5456643
2,41472,1695608635.558753
2,41504,1695608635.570756
2,41536,1695608635.5827844
2,41568,1695608635.595444
2,41600,1695608635.6075983
2,41632,1695608635.620458
2,41664,1695608635.6325705
2,41696,1695608635.6455603
2,41728,1695608635.659408
2,41760,1695608635.6710215
2,41792,1695608635.6831694
2,41824,1695608635.695773
2,41856,1695608635.707794
2,41888,1695608635.7210927
2,41920,1695608635.733249
2,41952,1695608635.7447715
2,41984,1695608635.7579181
2,42016,1695608635.770166
2,42048,1695608635.7819467
2,42080,1695608635.7948449
2,42112,1695608635.80685
2,42144,1695608635.8190796
2,42176,1695608635.8314345
2,42208,1695608635.843496
2,42240,1695608635.8561842
2,42272,1695608635.8688674
2,42304,1695608635.8803277
2,42336,1695608635.8919513
2,42368,1695608635.9051435
2,42400,1695608635.91756
2,42432,1695608635.929138
2,42464,1695608635.942196
2,42496,1695608635.9542332
2,42528,1695608635.966104
2,42560,1695608635.9789228
2,42592,1695608635.990963
2,42624,1695608636.0031343
2,42656,1695608636.0158284
2,42688,1695608636.0277076
2,42720,1695608636.0391662
2,42752,1695608636.052009
2,42784,1695608636.0648026
2,42816,1695608636.076199
2,42848,1695608636.0896616
2,42880,1695608636.101948
2,42912,1695608636.1138668
2,42944,1695608636.1270258
2,42976,1695608636.1389234
2,43008,1695608636.1512275
2,43040,1695608636.1638064
2,43072,1695608636.1755419
2,43104,1695608636.1864436
2,43136,1695608636.2000446
2,43168,1695608636.213308
2,43200,1695608636.224762
2,43232,1695608636.2378507
2,43264,1695608636.2500854
2,43296,1695608636.2617114
2,43328,1695608636.2745006
2,43360,1695608636.2867417
2,43392,1695608636.2988405
2,43424,1695608636.3114414
2,43456,1695608636.3234317
2,43488,1695608636.3348386
2,43520,1695608636.347478
2,43552,1695608636.35993
2,43584,1695608636.3718114
2,43616,1695608636.384948
2,43648,1695608636.3973095
2,43680,1695608636.4084466
2,43712,1695608636.4203994
2,43744,1695608636.432578
2,43776,1695608636.4476004
2,43808,1695608636.4596267
2,43840,1695608636.4723861
2,43872,1695608636.484604
2,43904,1695608636.4959965
2,43936,1695608636.5089548
2,43968,1695608636.5206366
2,44000,1695608636.5338466
2,44032,1695608636.5459616
2,44064,1695608636.557613
2,44096,1695608636.5703616
2,44128,1695608636.5825284
2,44160,1695608636.5948071
2,44192,1695608636.6079025
2,44224,1695608636.6193817
2,44256,1695608636.6320226
2,44288,1695608636.6446917
2,44320,1695608636.6560278
2,44352,1695608636.668972
2,44384,1695608636.6813538
2,44416,1695608636.6929035
2,44448,1695608636.706646
2,44480,1695608636.7185662
2,44512,1695608636.7306125
2,44544,1695608636.7433517
2,44576,1695608636.7544935
2,44608,1695608636.7668521
2,44640,1695608636.780188
2,44672,1695608636.792166
2,44704,1695608636.8049114
2,44736,1695608636.817703
2,44768,1695608636.831215
2,44800,1695608636.8432884
2,44832,1695608636.8555615
2,44864,1695608636.8678596
2,44896,1695608636.8798976
2,44928,1695608636.8934329
2,44960,1695608636.905477
2,44992,1695608636.9169695
2,45024,1695608636.9300368
2,45056,1695608636.942102
2,45088,1695608636.953982
2,45120,1695608636.9670181
2,45152,1695608636.9789586
2,45184,1695608636.9915178
2,45216,1695608637.0046697
2,45248,1695608637.016186
2,45280,1695608637.0277596
2,45312,1695608637.040542
2,45344,1695608637.0526016
2,45376,1695608637.0639226
2,45408,1695608637.07708
2,45440,1695608637.0893965
2,45472,1695608637.1009722
2,45504,1695608637.1127396
2,45536,1695608637.1249177
2,45568,1695608637.1382103
2,45600,1695608637.1503618
2,45632,1695608637.1622355
2,45664,1695608637.1750865
2,45696,1695608637.1872263
2,45728,1695608637.1999958
2,45760,1695608637.212299
2,45792,1695608637.2256637
2,45824,1695608637.2374594
2,45856,1695608637.250542
2,45888,1695608637.262475
2,45920,1695608637.2747545
2,45952,1695608637.2879667
2,45984,1695608637.29955
2,46016,1695608637.312401
2,46048,1695608637.324926
2,46080,1695608637.3364418
2,46112,1695608637.3480265
2,46144,1695608637.3607688
2,46176,1695608637.3748906
2,46208,1695608637.3868177
2,46240,1695608637.399388
2,46272,1695608637.4114082
2,46304,1695608637.424069
2,46336,1695608637.436462
2,46368,1695608637.4482567
2,46400,1695608637.4607944
2,46432,1695608637.4751086
2,46464,1695608637.4887826
2,46496,1695608637.5023823
2,46528,1695608637.5149407
2,46560,1695608637.5263705
2,46592,1695608637.5391662
2,46624,1695608637.5524037
2,46656,1695608637.563852
2,46688,1695608637.5766017
2,46720,1695608637.590179
2,46752,1695608637.6040137
2,46784,1695608637.615863
2,46816,1695608637.6278827
2,46848,1695608637.6413002
2,46880,1695608637.6535814
2,46912,1695608637.665159
2,46944,1695608637.6782455
2,46976,1695608637.690375
2,47008,1695608637.7022746
2,47040,1695608637.7148879
2,47072,1695608637.7270172
2,47104,1695608637.7394366
2,47136,1695608637.7518873
2,47168,1695608637.7637851
2,47200,1695608637.7767313
2,47232,1695608637.7909365
2,47264,1695608637.803172
2,47296,1695608637.815517
2,47328,1695608637.8276203
2,47360,1695608637.8390296
2,47392,1695608637.8518512
2,47424,1695608637.8640711
2,47456,1695608637.8760345
2,47488,1695608637.8874552
2,47520,1695608637.900598
2,47552,1695608637.9130383
2,47584,1695608637.9244962
2,47616,1695608637.9378786
2,47648,1695608637.9524786
2,47680,1695608637.9642882
2,47712,1695608637.9762664
2,47744,1695608637.9876976
2,47776,1695608638.0007408
2,47808,1695608638.0130818
2,47840,1695608638.0245488
2,47872,1695608638.0361946
2,47904,1695608638.049325
2,47936,1695608638.061363
2,47968,1695608638.072887
2,48000,1695608638.0858715
2,48032,1695608638.0979934
2,48064,1695608638.10965
2,48096,1695608638.122438
2,48128,1695608638.1345267
2,48160,1695608638.1464179
2,48192,1695608638.1589432
2,48224,1695608638.1709902
2,48256,1695608638.1833143
2,48288,1695608638.1949244
2,48320,1695608638.2090404
2,48352,1695608638.2198167
2,48384,1695608638.232267
2,48416,1695608638.246833
2,48448,1695608638.2587593
2,48480,1695608638.2714083
2,48512,1695608638.2837942
2,48544,1695608638.2952306
2,48576,1695608638.3079276
2,48608,1695608638.32034
2,48640,1695608638.3373926
2,48672,1695608638.3515637
2,48704,1695608638.3618546
2,48736,1695608638.372744
2,48768,1695608638.386821
2,48800,1695608638.39792
2,48832,1695608638.4084072
2,48864,1695608638.419197
2,48896,1695608638.4334164
2,48928,1695608638.444943
2,48960,1695608638.4552972
2,48992,1695608638.4666228
2,49024,1695608638.4804578
2,49056,1695608638.4926186
2,49088,1695608638.5038512
2,49120,1695608638.5146372
2,49152,1695608638.527775
2,49184,1695608638.5398722
2,49216,1695608638.5506713
2,49248,1695608638.5613024
2,49280,1695608638.5772305
2,49312,1695608638.5913446
2,49344,1695608638.602575
2,49376,1695608638.6134503
2,49408,1695608638.6267924
2,49440,1695608638.6378129
2,49472,1695608638.6488566
2,49504,1695608638.6597507
2,49536,1695608638.6731029
2,49568,1695608638.6837325
2,49600,1695608638.6960154
2,49632,1695608638.7084165
2,49664,1695608638.7251096
2,49696,1695608638.7390962
2,49728,1695608638.7502491
2,49760,1695608638.7657945
2,49792,1695608638.7763023
2,49824,1695608638.787378
2,49856,1695608638.7980607
2,49888,1695608638.8087149
2,49920,1695608638.818896
2,49952,1695608638.8292878
2,49984,1695608638.839991
2,50000,1695608638.8511956
3,32,1695608639.1802588
3,64,1695608639.1987936
3,96,1695608639.217899
3,128,1695608639.231241
3,160,1695608639.2459545
3,192,1695608639.2582712
3,224,1695608639.2703302
3,256,1695608639.2825406
3,288,1695608639.2946358
3,320,1695608639.3074384
3,352,1695608639.3197107
3,384,1695608639.3328722
3,416,1695608639.344962
3,448,1695608639.356601
3,480,1695608639.3743484
3,512,1695608639.3872375
3,544,1695608639.4012501
3,576,1695608639.413943
3,608,1695608639.427088
3,640,1695608639.439061
3,672,1695608639.4517536
3,704,1695608639.4641364
3,736,1695608639.476305
3,768,1695608639.4877963
3,800,1695608639.5016983
3,832,1695608639.5136487
3,864,1695608639.5267103
3,896,1695608639.5390918
3,928,1695608639.5508904
3,960,1695608639.5640788
3,992,1695608639.5761878
3,1024,1695608639.5892653
3,1056,1695608639.6009
3,1088,1695608639.6125395
3,1120,1695608639.6246986
3,1152,1695608639.637677
3,1184,1695608639.6493795
3,1216,1695608639.662411
3,1248,1695608639.674591
3,1280,1695608639.6868253
3,1312,1695608639.6998918
3,1344,1695608639.7114325
3,1376,1695608639.7243345
3,1408,1695608639.7364
3,1440,1695608639.748044
3,1472,1695608639.7609358
3,1504,1695608639.7726834
3,1536,1695608639.7842612
3,1568,1695608639.7974226
3,1600,1695608639.8092287
3,1632,1695608639.8208928
3,1664,1695608639.8324351
3,1696,1695608639.844585
3,1728,1695608639.8563337
3,1760,1695608639.8677928
3,1792,1695608639.880024
3,1824,1695608639.8923576
3,1856,1695608639.9041915
3,1888,1695608639.9153774
3,1920,1695608639.9280274
3,1952,1695608639.9403343
3,1984,1695608639.9517016
3,2016,1695608639.9641669
3,2048,1695608639.9766786
3,2080,1695608639.987987
3,2112,1695608639.9991314
3,2144,1695608640.0117342
3,2176,1695608640.0256042
3,2208,1695608640.0413966
3,2240,1695608640.0544856
3,2272,1695608640.0660958
3,2304,1695608640.077705
3,2336,1695608640.090607
3,2368,1695608640.1026163
3,2400,1695608640.1142118
3,2432,1695608640.1264524
3,2464,1695608640.1386871
3,2496,1695608640.1502879
3,2528,1695608640.1626892
3,2560,1695608640.1747756
3,2592,1695608640.186437
3,2624,1695608640.1993017
3,2656,1695608640.211421
3,2688,1695608640.22344
3,2720,1695608640.2379045
3,2752,1695608640.2488782
3,2784,1695608640.261774
3,2816,1695608640.2745962
3,2848,1695608640.2871068
3,2880,1695608640.300229
3,2912,1695608640.311445
3,2944,1695608640.3238373
3,2976,1695608640.3388567
3,3008,1695608640.3498821
3,3040,1695608640.3628247
3,3072,1695608640.3745751
3,3104,1695608640.3874
3,3136,1695608640.3988216
3,3168,1695608640.4117424
3,3200,1695608640.4244003
3,3232,1695608640.4355245
3,3264,1695608640.4480653
3,3296,1695608640.4604452
3,3328,1695608640.4738152
3,3360,1695608640.4875488
3,3392,1695608640.4988263
3,3424,1695608640.511946
3,3456,1695608640.5243795
3,3488,1695608640.5355043
3,3520,1695608640.5479538
3,3552,1695608640.5618188
3,3584,1695608640.5730994
3,3616,1695608640.585703
3,3648,1695608640.5989532
3,3680,1695608640.6105478
3,3712,1695608640.6226857
3,3744,1695608640.635245
3,3776,1695608640.6463513
3,3808,1695608640.6596274
3,3840,1695608640.6716857
3,3872,1695608640.6864247
3,3904,1695608640.7007918
3,3936,1695608640.7149944
3,3968,1695608640.727374
3,4000,1695608640.7393272
3,4032,1695608640.751302
3,4064,1695608640.765891
3,4096,1695608640.777899
3,4128,1695608640.7898395
3,4160,1695608640.8041825
3,4192,1695608640.815521
3,4224,1695608640.827282
3,4256,1695608640.839358
3,4288,1695608640.8527462
3,4320,1695608640.864507
3,4352,1695608640.8759546
3,4384,1695608640.8881514
3,4416,1695608640.9000654
3,4448,1695608640.9116673
3,4480,1695608640.924747
3,4512,1695608640.9390867
3,4544,1695608640.9507775
3,4576,1695608640.9642212
3,4608,1695608640.9751694
3,4640,1695608640.9876416
3,4672,1695608641.004529
3,4704,1695608641.0161252
3,4736,1695608641.0300276
3,4768,1695608641.0437136
3,4800,1695608641.0561848
3,4832,1695608641.0669615
3,4864,1695608641.079689
3,4896,1695608641.0918953
3,4928,1695608641.1070862
3,4960,1695608641.1182897
3,4992,1695608641.131329
3,5024,1695608641.1454296
3,5056,1695608641.1564465
3,5088,1695608641.1699498
3,5120,1695608641.1833694
3,5152,1695608641.1964118
3,5184,1695608641.2072334
3,5216,1695608641.2208416
3,5248,1695608641.2330837
3,5280,1695608641.245592
3,5312,1695608641.2599556
3,5344,1695608641.2715178
3,5376,1695608641.2836928
3,5408,1695608641.2962186
3,5440,1695608641.3114498
3,5472,1695608641.3251722
3,5504,1695608641.3374243
3,5536,1695608641.349568
3,5568,1695608641.3617365
3,5600,1695608641.3756385
3,5632,1695608641.3877387
3,5664,1695608641.4000523
3,5696,1695608641.4122887
3,5728,1695608641.4273112
3,5760,1695608641.4407244
3,5792,1695608641.453166
3,5824,1695608641.4656615
3,5856,1695608641.477701
3,5888,1695608641.491115
3,5920,1695608641.5048902
3,5952,1695608641.5178993
3,5984,1695608641.5301678
3,6016,1695608641.5418057
3,6048,1695608641.555018
3,6080,1695608641.5676534
3,6112,1695608641.578463
3,6144,1695608641.5906909
3,6176,1695608641.60709
3,6208,1695608641.6245048
3,6240,1695608641.6359894
3,6272,1695608641.648895
3,6304,1695608641.6610923
3,6336,1695608641.6721628
3,6368,1695608641.6854415
3,6400,1695608641.6980615
3,6432,1695608641.7106016
3,6464,1695608641.7247577
3,6496,1695608641.7356691
3,6528,1695608641.7482927
3,6560,1695608641.7630224
3,6592,1695608641.77421
3,6624,1695608641.7874808
3,6656,1695608641.7991219
3,6688,1695608641.8118691
3,6720,1695608641.8233423
3,6752,1695608641.8371892
3,6784,1695608641.8497376
3,6816,1695608641.861718
3,6848,1695608641.8750746
3,6880,1695608641.8883045
3,6912,1695608641.9002333
3,6944,1695608641.9120967
3,6976,1695608641.9252563
3,7008,1695608641.9369116
3,7040,1695608641.9484458
3,7072,1695608641.9598546
3,7104,1695608641.9730139
3,7136,1695608641.986776
3,7168,1695608641.9979033
3,7200,1695608642.0104394
3,7232,1695608642.0224938
3,7264,1695608642.0352423
3,7296,1695608642.0473502
3,7328,1695608642.0603766
3,7360,1695608642.0712223
3,7392,1695608642.084822
3,7424,1695608642.097456
3,7456,1695608642.1102526
3,7488,1695608642.1238642
3,7520,1695608642.1347375
3,7552,1695608642.1467986
3,7584,1695608642.1606352
3,7616,1695608642.1719205
3,7648,1695608642.1845224
3,7680,1695608642.1984956
3,7712,1695608642.2093487
3,7744,1695608642.2223415
3,7776,1695608642.2352626
3,7808,1695608642.2470315
3,7840,1695608642.2607222
3,7872,1695608642.272706
3,7904,1695608642.2861924
3,7936,1695608642.2977679
3,7968,1695608642.3151186
3,8000,1695608642.3281686
