epoch,trained_sample,time
1,0,1696062778.192414
1,128,1696062779.4578278
1,256,1696062779.473101
1,384,1696062779.4966958
1,512,1696062779.517184
1,640,1696062779.5384085
1,768,1696062779.5628228
1,896,1696062779.5823653
1,1024,1696062779.6031313
1,1152,1696062779.6226025
1,1280,1696062779.6469386
1,1408,1696062779.6673987
1,1536,1696062779.6843052
1,1664,1696062779.7044303
1,1792,1696062779.7260263
1,1920,1696062779.7470553
1,2048,1696062779.76453
1,2176,1696062779.784323
1,2304,1696062779.8064609
1,2432,1696062779.8273075
1,2560,1696062779.8467503
1,2688,1696062779.8631868
1,2816,1696062779.8904219
1,2944,1696062779.9108264
1,3072,1696062779.930068
1,3200,1696062779.9474487
1,3328,1696062779.9698539
1,3456,1696062779.9908416
1,3584,1696062780.00927
1,3712,1696062780.0286434
1,3840,1696062780.0507228
1,3968,1696062780.0718114
1,4096,1696062780.0904353
1,4224,1696062780.110132
1,4352,1696062780.1317205
1,4480,1696062780.1535623
1,4608,1696062780.232506
1,4736,1696062780.2517464
1,4864,1696062780.270717
1,4992,1696062780.2928832
1,5120,1696062780.310111
1,5248,1696062780.3328326
1,5376,1696062780.3538458
1,5504,1696062780.3728461
1,5632,1696062780.3939157
1,5760,1696062780.4172244
1,5888,1696062780.4371462
1,6016,1696062780.457345
1,6144,1696062780.474388
1,6272,1696062780.497654
1,6400,1696062780.5166693
1,6528,1696062780.5383782
1,6656,1696062780.5592377
1,6784,1696062780.5788157
1,6912,1696062780.597964
1,7040,1696062780.6175017
1,7168,1696062780.6393697
1,7296,1696062780.658139
1,7424,1696062780.6778653
1,7552,1696062780.69539
1,7680,1696062780.7166588
1,7808,1696062780.7380912
1,7936,1696062780.7571394
1,8064,1696062780.7783573
1,8192,1696062780.7965362
1,8320,1696062780.8181822
1,8448,1696062780.8370492
1,8576,1696062780.858126
1,8704,1696062780.8760998
1,8832,1696062780.9016752
1,8960,1696062780.922626
1,9088,1696062780.9429584
1,9216,1696062780.9630141
1,9344,1696062780.9822924
1,9472,1696062781.0018978
1,9600,1696062781.0212955
1,9728,1696062781.0389261
1,9856,1696062781.0632956
1,9984,1696062781.0821493
1,10112,1696062781.101592
1,10240,1696062781.1210926
1,10368,1696062781.1411133
1,10496,1696062781.1579933
1,10624,1696062781.1781507
1,10752,1696062781.1982245
1,10880,1696062781.2183182
1,11008,1696062781.238258
1,11136,1696062781.2641244
1,11264,1696062781.2863204
1,11392,1696062781.3061545
1,11520,1696062781.3255465
1,11648,1696062781.3455904
1,11776,1696062781.3627608
1,11904,1696062781.387362
1,12032,1696062781.407547
1,12160,1696062781.4275575
1,12288,1696062781.448025
1,12416,1696062781.4671924
1,12544,1696062781.4861271
1,12672,1696062781.5060651
1,12800,1696062781.528355
1,12928,1696062781.5470169
1,13056,1696062781.5662503
1,13184,1696062781.585938
1,13312,1696062781.6046784
1,13440,1696062781.6259499
1,13568,1696062781.645025
1,13696,1696062781.6659155
1,13824,1696062781.6858025
1,13952,1696062781.7095015
1,14080,1696062781.7297454
1,14208,1696062781.7464101
1,14336,1696062781.766322
1,14464,1696062781.7911477
1,14592,1696062781.8096945
1,14720,1696062781.8293817
1,14848,1696062781.8467324
1,14976,1696062781.8715127
1,15104,1696062781.8897104
1,15232,1696062781.909619
1,15360,1696062781.9278846
1,15488,1696062781.9499412
1,15616,1696062781.9691648
1,15744,1696062781.9904387
1,15872,1696062782.0082521
1,16000,1696062782.029968
1,16128,1696062782.0494382
1,16256,1696062782.0706341
1,16384,1696062782.088594
1,16512,1696062782.1095974
1,16640,1696062782.1290402
1,16768,1696062782.152418
1,16896,1696062782.170887
1,17024,1696062782.1919227
1,17152,1696062782.215125
1,17280,1696062782.2353623
1,17408,1696062782.2555912
1,17536,1696062782.2734356
1,17664,1696062782.2931688
1,17792,1696062782.3138142
1,17920,1696062782.3308976
1,18048,1696062782.355295
1,18176,1696062782.3741198
1,18304,1696062782.3938606
1,18432,1696062782.411961
1,18560,1696062782.4338715
1,18688,1696062782.4529972
1,18816,1696062782.474256
1,18944,1696062782.491716
1,19072,1696062782.5161626
1,19200,1696062782.5365067
1,19328,1696062782.5560758
1,19456,1696062782.5763056
1,19584,1696062782.595386
1,19712,1696062782.6161962
1,19840,1696062782.6359344
1,19968,1696062782.6586375
1,20096,1696062782.6776857
1,20224,1696062782.6966867
1,20352,1696062782.716152
1,20480,1696062782.7324433
1,20608,1696062782.7524638
1,20736,1696062782.7746243
1,20864,1696062782.795124
1,20992,1696062782.8129618
1,21120,1696062782.8333473
1,21248,1696062782.8568606
1,21376,1696062782.8766963
1,21504,1696062782.8940222
1,21632,1696062782.9132836
1,21760,1696062782.9369905
1,21888,1696062782.9568064
1,22016,1696062782.9742362
1,22144,1696062783.0003371
1,22272,1696062783.0191698
1,22400,1696062783.0400858
1,22528,1696062783.0626936
1,22656,1696062783.08313
1,22784,1696062783.1034148
1,22912,1696062783.1234071
1,23040,1696062783.1430364
1,23168,1696062783.1639924
1,23296,1696062783.1839557
1,23424,1696062783.2043061
1,23552,1696062783.2243316
1,23680,1696062783.2432203
1,23808,1696062783.263808
1,23936,1696062783.2870016
1,24064,1696062783.307065
1,24192,1696062783.3275921
1,24320,1696062783.3476253
1,24448,1696062783.3672392
1,24576,1696062783.3873787
1,24704,1696062783.4073668
1,24832,1696062783.4276872
1,24960,1696062783.4478457
1,25088,1696062783.4673116
1,25216,1696062783.4871547
1,25344,1696062783.5071988
1,25472,1696062783.5276973
1,25600,1696062783.5480237
1,25728,1696062783.5703385
1,25856,1696062783.5907874
1,25984,1696062783.6109042
1,26112,1696062783.6309924
1,26240,1696062783.6514604
1,26368,1696062783.6717618
1,26496,1696062783.6912158
1,26624,1696062783.7116454
1,26752,1696062783.7316153
1,26880,1696062783.751634
1,27008,1696062783.7720032
1,27136,1696062783.792262
1,27264,1696062783.812026
1,27392,1696062783.8282483
1,27520,1696062783.850251
1,27648,1696062783.8696644
1,27776,1696062783.8890154
1,27904,1696062783.9133956
1,28032,1696062783.9300375
1,28160,1696062783.9502656
1,28288,1696062783.9710236
1,28416,1696062783.99046
1,28544,1696062784.010454
1,28672,1696062784.0310333
1,28800,1696062784.0507762
1,28928,1696062784.0744147
1,29056,1696062784.0925312
1,29184,1696062784.1126304
1,29312,1696062784.1340575
1,29440,1696062784.1528563
1,29568,1696062784.1764262
1,29696,1696062784.2002888
1,29824,1696062784.2216854
1,29952,1696062784.2417836
1,30080,1696062784.2642896
1,30208,1696062784.2850795
1,30336,1696062784.3085458
1,30464,1696062784.3297873
1,30592,1696062784.3535852
1,30720,1696062784.3728075
1,30848,1696062784.3952003
1,30976,1696062784.4215865
1,31104,1696062784.4391587
1,31232,1696062784.4615765
1,31360,1696062784.4881108
1,31488,1696062784.508509
1,31616,1696062784.5300176
1,31744,1696062784.5524154
1,31872,1696062784.5759225
1,32000,1696062784.5990534
1,32128,1696062784.6201315
1,32256,1696062784.6411421
1,32384,1696062784.6601512
1,32512,1696062784.6820436
1,32640,1696062784.702722
1,32768,1696062784.7248278
1,32896,1696062784.7455385
1,33024,1696062784.7675204
1,33152,1696062784.7891097
1,33280,1696062784.8101876
1,33408,1696062784.8323066
1,33536,1696062784.8538952
1,33664,1696062784.8767247
1,33792,1696062784.8982387
1,33920,1696062784.9179678
1,34048,1696062784.9419854
1,34176,1696062784.9669755
1,34304,1696062784.9877365
1,34432,1696062785.0083914
1,34560,1696062785.028318
1,34688,1696062785.0490415
1,34816,1696062785.0722141
1,34944,1696062785.092266
1,35072,1696062785.1120481
1,35200,1696062785.1318188
1,35328,1696062785.1552896
1,35456,1696062785.1740468
1,35584,1696062785.1950593
1,35712,1696062785.219564
1,35840,1696062785.24311
1,35968,1696062785.2611637
1,36096,1696062785.281968
1,36224,1696062785.3063765
1,36352,1696062785.3268886
1,36480,1696062785.3463035
1,36608,1696062785.3683193
1,36736,1696062785.3928123
1,36864,1696062785.4155507
1,36992,1696062785.4340646
1,37120,1696062785.4553797
1,37248,1696062785.4789512
1,37376,1696062785.5019207
1,37504,1696062785.5213647
1,37632,1696062785.5446606
1,37760,1696062785.5750039
1,37888,1696062785.5937338
1,38016,1696062785.6113183
1,38144,1696062785.6334643
1,38272,1696062785.6584527
1,38400,1696062785.6804762
1,38528,1696062785.6994655
1,38656,1696062785.7210696
1,38784,1696062785.7456627
1,38912,1696062785.768083
1,39040,1696062785.788779
1,39168,1696062785.8116074
1,39296,1696062785.8374517
1,39424,1696062785.8591316
1,39552,1696062785.8803775
1,39680,1696062785.9017065
1,39808,1696062785.926718
1,39936,1696062785.9516885
1,40064,1696062785.9710803
1,40192,1696062785.9933567
1,40320,1696062786.0207624
1,40448,1696062786.0423498
1,40576,1696062786.0627644
1,40704,1696062786.0849335
1,40832,1696062786.110785
1,40960,1696062786.1351109
1,41088,1696062786.155246
1,41216,1696062786.1778946
1,41344,1696062786.2044175
1,41472,1696062786.225815
1,41600,1696062786.2455788
1,41728,1696062786.268128
1,41856,1696062786.2931018
1,41984,1696062786.3173795
1,42112,1696062786.3367152
1,42240,1696062786.3597505
1,42368,1696062786.385671
1,42496,1696062786.4080787
1,42624,1696062786.4284654
1,42752,1696062786.451701
1,42880,1696062786.476337
1,43008,1696062786.501361
1,43136,1696062786.5201578
1,43264,1696062786.5434816
1,43392,1696062786.569498
1,43520,1696062786.5915647
1,43648,1696062786.6131947
1,43776,1696062786.6359162
1,43904,1696062786.6610575
1,44032,1696062786.6850715
1,44160,1696062786.705201
1,44288,1696062786.727891
1,44416,1696062786.7540278
1,44544,1696062786.776354
1,44672,1696062786.797324
1,44800,1696062786.8198035
1,44928,1696062786.8457255
1,45056,1696062786.8688962
1,45184,1696062786.888746
1,45312,1696062786.9112816
1,45440,1696062786.937707
1,45568,1696062786.959818
1,45696,1696062786.9807382
1,45824,1696062787.0032756
1,45952,1696062787.0281293
1,46080,1696062787.0525498
1,46208,1696062787.0718758
1,46336,1696062787.0957081
1,46464,1696062787.120071
1,46592,1696062787.1428244
1,46720,1696062787.16407
1,46848,1696062787.186759
1,46976,1696062787.2118635
1,47104,1696062787.234749
1,47232,1696062787.2557855
1,47360,1696062787.277752
1,47488,1696062787.304918
1,47616,1696062787.3265254
1,47744,1696062787.3476996
1,47872,1696062787.3699365
1,48000,1696062787.395683
1,48128,1696062787.4190824
1,48256,1696062787.4396398
1,48384,1696062787.4616296
1,48512,1696062787.488728
1,48640,1696062787.5107853
1,48768,1696062787.5316727
1,48896,1696062787.5536363
1,49024,1696062787.5769503
1,49152,1696062787.5990474
1,49280,1696062787.622535
1,49408,1696062787.6450617
1,49536,1696062787.668304
1,49664,1696062787.6907425
1,49792,1696062787.7141545
1,49920,1696062787.7360926
1,50000,1696062787.7648544
2,128,1696062788.075915
2,256,1696062788.098101
2,384,1696062788.1197667
2,512,1696062788.141538
2,640,1696062788.167476
2,768,1696062788.1881576
2,896,1696062788.2114148
2,1024,1696062788.2334166
2,1152,1696062788.2590027
2,1280,1696062788.2802777
2,1408,1696062788.3031244
2,1536,1696062788.3205838
2,1664,1696062788.3459551
2,1792,1696062788.3684595
2,1920,1696062788.3955963
2,2048,1696062788.4204943
2,2176,1696062788.4407082
2,2304,1696062788.4666412
2,2432,1696062788.4882288
2,2560,1696062788.5108812
2,2688,1696062788.5365846
2,2816,1696062788.557052
2,2944,1696062788.5762732
2,3072,1696062788.5986068
2,3200,1696062788.6269066
2,3328,1696062788.6489909
2,3456,1696062788.6690896
2,3584,1696062788.6912544
2,3712,1696062788.7131739
2,3840,1696062788.7370994
2,3968,1696062788.759127
2,4096,1696062788.7827497
2,4224,1696062788.81084
2,4352,1696062788.8326023
2,4480,1696062788.8543875
2,4608,1696062788.8793225
2,4736,1696062788.9014282
2,4864,1696062788.9261446
2,4992,1696062788.948395
2,5120,1696062788.9697237
2,5248,1696062788.99398
2,5376,1696062789.0157723
2,5504,1696062789.041381
2,5632,1696062789.059813
2,5760,1696062789.0864942
2,5888,1696062789.1114748
2,6016,1696062789.1326647
2,6144,1696062789.153312
2,6272,1696062789.1765187
2,6400,1696062789.1991756
2,6528,1696062789.222188
2,6656,1696062789.245239
2,6784,1696062789.2709954
2,6912,1696062789.295379
2,7040,1696062789.3164413
2,7168,1696062789.3418982
2,7296,1696062789.3632014
2,7424,1696062789.385557
2,7552,1696062789.4064314
2,7680,1696062789.429056
2,7808,1696062789.451104
2,7936,1696062789.4726405
2,8064,1696062789.49851
2,8192,1696062789.521314
2,8320,1696062789.54569
2,8448,1696062789.5662806
2,8576,1696062789.5901544
2,8704,1696062789.61323
2,8832,1696062789.6386893
2,8960,1696062789.6636786
2,9088,1696062789.6847646
2,9216,1696062789.7035565
2,9344,1696062789.7294428
2,9472,1696062789.7509413
2,9600,1696062789.774703
2,9728,1696062789.797308
2,9856,1696062789.8239865
2,9984,1696062789.8453882
2,10112,1696062789.863436
2,10240,1696062789.8907046
2,10368,1696062789.913301
2,10496,1696062789.9358382
2,10624,1696062789.959105
2,10752,1696062789.9819696
2,10880,1696062790.0051734
2,11008,1696062790.0276403
2,11136,1696062790.0507066
2,11264,1696062790.0720553
2,11392,1696062790.1000974
2,11520,1696062790.121082
2,11648,1696062790.142783
2,11776,1696062790.1682706
2,11904,1696062790.1931722
2,12032,1696062790.2165613
2,12160,1696062790.239014
2,12288,1696062790.2635424
2,12416,1696062790.2824268
2,12544,1696062790.3036861
2,12672,1696062790.3294895
2,12800,1696062790.3537729
2,12928,1696062790.3773699
2,13056,1696062790.397931
2,13184,1696062790.4204628
2,13312,1696062790.446263
2,13440,1696062790.4646254
2,13568,1696062790.4889262
2,13696,1696062790.5146332
2,13824,1696062790.535103
2,13952,1696062790.558856
2,14080,1696062790.5814297
2,14208,1696062790.604351
2,14336,1696062790.62956
2,14464,1696062790.6515481
2,14592,1696062790.6749005
2,14720,1696062790.6979003
2,14848,1696062790.7207706
2,14976,1696062790.74624
2,15104,1696062790.7718928
2,15232,1696062790.7935715
2,15360,1696062790.818662
2,15488,1696062790.840405
2,15616,1696062790.8617864
2,15744,1696062790.887994
2,15872,1696062790.9093144
2,16000,1696062790.9300852
2,16128,1696062790.9524536
2,16256,1696062790.9754767
2,16384,1696062791.0002258
2,16512,1696062791.0217938
2,16640,1696062791.0443447
2,16768,1696062791.06876
2,16896,1696062791.09088
2,17024,1696062791.114326
2,17152,1696062791.1375458
2,17280,1696062791.1595995
2,17408,1696062791.183057
2,17536,1696062791.2062504
2,17664,1696062791.2290602
2,17792,1696062791.251332
2,17920,1696062791.275267
2,18048,1696062791.2981756
2,18176,1696062791.3208022
2,18304,1696062791.343509
2,18432,1696062791.3680725
2,18560,1696062791.3898995
2,18688,1696062791.4134266
2,18816,1696062791.4374404
2,18944,1696062791.4596689
2,19072,1696062791.4842103
2,19200,1696062791.5061972
2,19328,1696062791.5302522
2,19456,1696062791.554299
2,19584,1696062791.5739505
2,19712,1696062791.5978405
2,19840,1696062791.6210701
2,19968,1696062791.6436272
2,20096,1696062791.6670063
2,20224,1696062791.6899903
2,20352,1696062791.7120798
2,20480,1696062791.7367887
2,20608,1696062791.7616239
2,20736,1696062791.781063
2,20864,1696062791.803191
2,20992,1696062791.828974
2,21120,1696062791.8507164
2,21248,1696062791.873525
2,21376,1696062791.8959455
2,21504,1696062791.920879
2,21632,1696062791.9417953
2,21760,1696062791.964297
2,21888,1696062791.9910128
2,22016,1696062792.0140915
2,22144,1696062792.03904
2,22272,1696062792.0606337
2,22400,1696062792.0809097
2,22528,1696062792.106286
2,22656,1696062792.1292048
2,22784,1696062792.151714
2,22912,1696062792.1770089
2,23040,1696062792.1954777
2,23168,1696062792.220415
2,23296,1696062792.2403975
2,23424,1696062792.2653835
2,23552,1696062792.2892396
2,23680,1696062792.3135643
2,23808,1696062792.331702
2,23936,1696062792.3545856
2,24064,1696062792.380791
2,24192,1696062792.4019947
2,24320,1696062792.4243624
2,24448,1696062792.453006
2,24576,1696062792.4745047
2,24704,1696062792.4944708
2,24832,1696062792.5191476
2,24960,1696062792.5435195
2,25088,1696062792.5685804
2,25216,1696062792.5918915
2,25344,1696062792.6133673
2,25472,1696062792.636887
2,25600,1696062792.6611397
2,25728,1696062792.6835296
2,25856,1696062792.7089043
2,25984,1696062792.7288783
2,26112,1696062792.7524674
2,26240,1696062792.777775
2,26368,1696062792.8006053
2,26496,1696062792.8246267
2,26624,1696062792.8466144
2,26752,1696062792.868537
2,26880,1696062792.8918104
2,27008,1696062792.915759
2,27136,1696062792.9399931
2,27264,1696062792.9664133
2,27392,1696062792.9889848
2,27520,1696062793.0096548
2,27648,1696062793.0373507
2,27776,1696062793.0567396
2,27904,1696062793.080225
2,28032,1696062793.1037707
2,28160,1696062793.1250117
2,28288,1696062793.1484525
2,28416,1696062793.1710732
2,28544,1696062793.1989014
2,28672,1696062793.2176497
2,28800,1696062793.2449913
2,28928,1696062793.2651868
2,29056,1696062793.2865007
2,29184,1696062793.3129559
2,29312,1696062793.3287852
2,29440,1696062793.3536673
2,29568,1696062793.3785615
2,29696,1696062793.4004025
2,29824,1696062793.4251568
2,29952,1696062793.446143
2,30080,1696062793.4691076
2,30208,1696062793.493879
2,30336,1696062793.5194588
2,30464,1696062793.544028
2,30592,1696062793.5651646
2,30720,1696062793.5869079
2,30848,1696062793.6148155
2,30976,1696062793.6328826
2,31104,1696062793.656636
2,31232,1696062793.6815639
2,31360,1696062793.7024353
2,31488,1696062793.722919
2,31616,1696062793.7456067
2,31744,1696062793.771867
2,31872,1696062793.7986825
2,32000,1696062793.8182976
2,32128,1696062793.8450994
2,32256,1696062793.8646092
2,32384,1696062793.888619
2,32512,1696062793.914044
2,32640,1696062793.9365451
2,32768,1696062793.960262
2,32896,1696062793.983295
2,33024,1696062794.0094237
2,33152,1696062794.0284467
2,33280,1696062794.0528903
2,33408,1696062794.0775104
2,33536,1696062794.1011603
2,33664,1696062794.1167028
2,33792,1696062794.1423194
2,33920,1696062794.1654239
2,34048,1696062794.1878235
2,34176,1696062794.212338
2,34304,1696062794.238031
2,34432,1696062794.2565389
2,34560,1696062794.2809315
2,34688,1696062794.3036337
2,34816,1696062794.3267837
2,34944,1696062794.3501804
2,35072,1696062794.3723397
2,35200,1696062794.3969088
2,35328,1696062794.4190276
2,35456,1696062794.442508
2,35584,1696062794.4677591
2,35712,1696062794.4931095
2,35840,1696062794.5145712
2,35968,1696062794.5392013
2,36096,1696062794.5654957
2,36224,1696062794.5847573
2,36352,1696062794.607241
2,36480,1696062794.6329372
2,36608,1696062794.6493258
2,36736,1696062794.6735685
2,36864,1696062794.6965914
2,36992,1696062794.7206554
2,37120,1696062794.7426906
2,37248,1696062794.7656403
2,37376,1696062794.7899208
2,37504,1696062794.8117254
2,37632,1696062794.8364916
2,37760,1696062794.8582325
2,37888,1696062794.8812509
2,38016,1696062794.9060738
2,38144,1696062794.9289486
2,38272,1696062794.9502716
2,38400,1696062794.9737575
2,38528,1696062794.9979866
2,38656,1696062795.019776
2,38784,1696062795.04341
2,38912,1696062795.0661845
2,39040,1696062795.08867
2,39168,1696062795.1120129
2,39296,1696062795.135429
2,39424,1696062795.1582046
2,39552,1696062795.181628
2,39680,1696062795.2038188
2,39808,1696062795.228741
2,39936,1696062795.2502706
2,40064,1696062795.273075
2,40192,1696062795.2977657
2,40320,1696062795.3195803
2,40448,1696062795.3447762
2,40576,1696062795.3669248
2,40704,1696062795.3908617
2,40832,1696062795.413653
2,40960,1696062795.4354348
2,41088,1696062795.4599566
2,41216,1696062795.481799
2,41344,1696062795.5040872
2,41472,1696062795.5285282
2,41600,1696062795.5508296
2,41728,1696062795.575186
2,41856,1696062795.5994186
2,41984,1696062795.6257398
2,42112,1696062795.6490042
2,42240,1696062795.66988
2,42368,1696062795.697006
2,42496,1696062795.7167335
2,42624,1696062795.7406747
2,42752,1696062795.7630541
2,42880,1696062795.7850935
2,43008,1696062795.8072298
2,43136,1696062795.8327515
2,43264,1696062795.854696
2,43392,1696062795.877049
2,43520,1696062795.9012058
2,43648,1696062795.9248095
2,43776,1696062795.9482105
2,43904,1696062795.9706237
2,44032,1696062795.9931102
2,44160,1696062796.0162327
2,44288,1696062796.0394154
2,44416,1696062796.0611453
2,44544,1696062796.0832186
2,44672,1696062796.1089897
2,44800,1696062796.1305528
2,44928,1696062796.1570303
2,45056,1696062796.176696
2,45184,1696062796.1984978
2,45312,1696062796.2206945
2,45440,1696062796.2411344
2,45568,1696062796.2667727
2,45696,1696062796.2878134
2,45824,1696062796.3124807
2,45952,1696062796.3340092
2,46080,1696062796.357264
2,46208,1696062796.3798604
2,46336,1696062796.404026
2,46464,1696062796.4288204
2,46592,1696062796.4551966
2,46720,1696062796.4751365
2,46848,1696062796.496791
2,46976,1696062796.5252855
2,47104,1696062796.5457757
2,47232,1696062796.5691414
2,47360,1696062796.5923736
2,47488,1696062796.615944
2,47616,1696062796.6372323
2,47744,1696062796.661865
2,47872,1696062796.6846225
2,48000,1696062796.710022
2,48128,1696062796.7322323
2,48256,1696062796.7533286
2,48384,1696062796.7752461
2,48512,1696062796.8010447
2,48640,1696062796.8219156
2,48768,1696062796.848878
2,48896,1696062796.8690422
2,49024,1696062796.8878512
2,49152,1696062796.9108076
2,49280,1696062796.9358082
2,49408,1696062796.9609618
2,49536,1696062796.9821916
2,49664,1696062797.004923
2,49792,1696062797.0294929
2,49920,1696062797.050755
2,50000,1696062797.0741653
3,128,1696062797.4135506
3,256,1696062797.4325523
3,384,1696062797.4572062
3,512,1696062797.480225
3,640,1696062797.5036187
3,768,1696062797.5252528
3,896,1696062797.5474093
3,1024,1696062797.5730212
3,1152,1696062797.5968254
3,1280,1696062797.6134326
3,1408,1696062797.6379185
3,1536,1696062797.6619892
3,1664,1696062797.6831057
3,1792,1696062797.7067223
3,1920,1696062797.7298472
3,2048,1696062797.7509704
3,2176,1696062797.7756982
3,2304,1696062797.7977397
3,2432,1696062797.8201935
3,2560,1696062797.8448482
3,2688,1696062797.8664358
3,2816,1696062797.889652
3,2944,1696062797.91393
3,3072,1696062797.93596
3,3200,1696062797.9607055
3,3328,1696062797.9825103
3,3456,1696062798.005316
3,3584,1696062798.0297873
3,3712,1696062798.051894
3,3840,1696062798.0747604
3,3968,1696062798.0985274
3,4096,1696062798.1206107
3,4224,1696062798.1449983
3,4352,1696062798.1673703
3,4480,1696062798.1917474
3,4608,1696062798.2140982
3,4736,1696062798.2387288
3,4864,1696062798.2653525
3,4992,1696062798.286443
3,5120,1696062798.3118198
3,5248,1696062798.3331347
3,5376,1696062798.3573265
3,5504,1696062798.3808537
3,5632,1696062798.4053776
3,5760,1696062798.4270961
3,5888,1696062798.449671
3,6016,1696062798.4696126
3,6144,1696062798.494991
3,6272,1696062798.5156105
3,6400,1696062798.5407531
3,6528,1696062798.5616431
3,6656,1696062798.5828462
3,6784,1696062798.6100585
3,6912,1696062798.6307576
3,7040,1696062798.6560566
3,7168,1696062798.6793537
3,7296,1696062798.7004437
3,7424,1696062798.7233667
3,7552,1696062798.7480488
3,7680,1696062798.7692876
3,7808,1696062798.7921531
3,7936,1696062798.8168852
3,8064,1696062798.8369203
3,8192,1696062798.8611343
3,8320,1696062798.886428
3,8448,1696062798.9066122
3,8576,1696062798.9289446
3,8704,1696062798.9545515
3,8832,1696062798.9757264
3,8960,1696062799.0005312
3,9088,1696062799.0226738
3,9216,1696062799.0448947
3,9344,1696062799.0729897
3,9472,1696062799.0951912
3,9600,1696062799.116548
3,9728,1696062799.1401482
3,9856,1696062799.1645153
3,9984,1696062799.1889217
3,10112,1696062799.2090027
3,10240,1696062799.2336404
3,10368,1696062799.2551653
3,10496,1696062799.276455
3,10624,1696062799.2991726
3,10752,1696062799.3243046
3,10880,1696062799.349913
3,11008,1696062799.370601
3,11136,1696062799.395318
3,11264,1696062799.4183013
3,11392,1696062799.4485993
3,11520,1696062799.4694104
3,11648,1696062799.4894023
3,11776,1696062799.514905
3,11904,1696062799.5391343
3,12032,1696062799.565043
3,12160,1696062799.5846875
3,12288,1696062799.609697
3,12416,1696062799.6302187
3,12544,1696062799.6520526
3,12672,1696062799.6766768
3,12800,1696062799.697738
3,12928,1696062799.7191856
3,13056,1696062799.7453883
3,13184,1696062799.7667286
3,13312,1696062799.792568
3,13440,1696062799.8118997
3,13568,1696062799.8365211
3,13696,1696062799.8614414
3,13824,1696062799.8821757
3,13952,1696062799.9073467
3,14080,1696062799.9333038
3,14208,1696062799.9569361
3,14336,1696062799.9776168
3,14464,1696062800.0049906
3,14592,1696062800.0252979
3,14720,1696062800.0472512
3,14848,1696062800.0716531
3,14976,1696062800.098175
3,15104,1696062800.121366
3,15232,1696062800.140742
3,15360,1696062800.1634367
3,15488,1696062800.1886876
3,15616,1696062800.2111049
3,15744,1696062800.2368698
3,15872,1696062800.2568073
3,16000,1696062800.278961
3,16128,1696062800.3050594
3,16256,1696062800.3261387
3,16384,1696062800.3533304
3,16512,1696062800.3726563
3,16640,1696062800.3967733
3,16768,1696062800.4189816
3,16896,1696062800.4450176
3,17024,1696062800.4647868
3,17152,1696062800.4875114
3,17280,1696062800.5128942
3,17408,1696062800.5351539
3,17536,1696062800.5608346
3,17664,1696062800.5805538
3,17792,1696062800.604639
3,17920,1696062800.628444
3,18048,1696062800.6444745
3,18176,1696062800.6703646
3,18304,1696062800.6978796
3,18432,1696062800.7217615
3,18560,1696062800.7457466
3,18688,1696062800.769054
3,18816,1696062800.7931347
3,18944,1696062800.816891
3,19072,1696062800.8391342
3,19200,1696062800.8622062
3,19328,1696062800.8854675
3,19456,1696062800.9069967
3,19584,1696062800.9332979
3,19712,1696062800.9546273
3,19840,1696062800.9742897
3,19968,1696062800.9968073
3,20096,1696062801.0217862
3,20224,1696062801.0429792
3,20352,1696062801.0667732
3,20480,1696062801.0961258
3,20608,1696062801.1165366
3,20736,1696062801.1381588
3,20864,1696062801.1649375
3,20992,1696062801.1851208
3,21120,1696062801.2091389
3,21248,1696062801.2347412
3,21376,1696062801.2521305
3,21504,1696062801.2776644
3,21632,1696062801.2988405
3,21760,1696062801.3201175
3,21888,1696062801.3456504
3,22016,1696062801.3709342
3,22144,1696062801.3957064
3,22272,1696062801.4167862
3,22400,1696062801.4387004
3,22528,1696062801.466293
3,22656,1696062801.4853947
3,22784,1696062801.5107355
3,22912,1696062801.5326731
3,23040,1696062801.5540233
3,23168,1696062801.5731132
3,23296,1696062801.5961967
3,23424,1696062801.6200495
3,23552,1696062801.6448064
3,23680,1696062801.6656563
3,23808,1696062801.692794
3,23936,1696062801.715629
3,24064,1696062801.7385697
3,24192,1696062801.7590938
3,24320,1696062801.7868497
3,24448,1696062801.8072312
3,24576,1696062801.8309472
3,24704,1696062801.8572502
3,24832,1696062801.8766263
3,24960,1696062801.9031487
3,25088,1696062801.92508
3,25216,1696062801.9486523
3,25344,1696062801.9723256
3,25472,1696062801.988452
3,25600,1696062802.012903
3,25728,1696062802.036516
3,25856,1696062802.0652575
3,25984,1696062802.085796
3,26112,1696062802.1070292
3,26240,1696062802.129721
3,26368,1696062802.1506915
3,26496,1696062802.174489
3,26624,1696062802.1983027
3,26752,1696062802.2236395
3,26880,1696062802.2486193
3,27008,1696062802.269078
3,27136,1696062802.2913852
3,27264,1696062802.3169339
3,27392,1696062802.338873
3,27520,1696062802.3572347
3,27648,1696062802.3835142
3,27776,1696062802.4054732
3,27904,1696062802.427528
3,28032,1696062802.4524627
3,28160,1696062802.4742393
3,28288,1696062802.4968224
3,28416,1696062802.5217953
3,28544,1696062802.5427163
3,28672,1696062802.5673196
3,28800,1696062802.589999
3,28928,1696062802.6120548
3,29056,1696062802.636624
3,29184,1696062802.6583831
3,29312,1696062802.6812022
3,29440,1696062802.7059612
3,29568,1696062802.7271838
3,29696,1696062802.751334
3,29824,1696062802.7746816
3,29952,1696062802.7960153
3,30080,1696062802.8211927
3,30208,1696062802.8432796
3,30336,1696062802.8667376
3,30464,1696062802.8903697
3,30592,1696062802.911942
3,30720,1696062802.9372656
3,30848,1696062802.9584255
3,30976,1696062802.981868
3,31104,1696062803.0058186
3,31232,1696062803.0275908
3,31360,1696062803.0508068
3,31488,1696062803.0743783
3,31616,1696062803.0958388
3,31744,1696062803.120833
3,31872,1696062803.1420155
3,32000,1696062803.1652606
3,32128,1696062803.1897182
3,32256,1696062803.21177
3,32384,1696062803.2349465
3,32512,1696062803.258581
3,32640,1696062803.2801301
3,32768,1696062803.3049948
3,32896,1696062803.326457
3,33024,1696062803.3492362
3,33152,1696062803.3740582
3,33280,1696062803.3955476
3,33408,1696062803.420978
3,33536,1696062803.442299
3,33664,1696062803.4648428
3,33792,1696062803.4896004
3,33920,1696062803.51118
3,34048,1696062803.5353816
3,34176,1696062803.5580156
3,34304,1696062803.580127
3,34432,1696062803.6048126
3,34560,1696062803.6273787
3,34688,1696062803.6514058
3,34816,1696062803.6755455
3,34944,1696062803.6995254
3,35072,1696062803.7248828
3,35200,1696062803.7463372
3,35328,1696062803.768172
3,35456,1696062803.7894533
3,35584,1696062803.8111918
3,35712,1696062803.8367598
3,35840,1696062803.8605702
3,35968,1696062803.880873
3,36096,1696062803.9094384
3,36224,1696062803.9292727
3,36352,1696062803.9565263
3,36480,1696062803.9800484
3,36608,1696062804.0011973
3,36736,1696062804.0222387
3,36864,1696062804.049089
3,36992,1696062804.0732334
3,37120,1696062804.0926077
3,37248,1696062804.1177955
3,37376,1696062804.1406345
3,37504,1696062804.163159
3,37632,1696062804.1890285
3,37760,1696062804.2093265
3,37888,1696062804.2372894
3,38016,1696062804.256834
3,38144,1696062804.2790449
3,38272,1696062804.3050873
3,38400,1696062804.324987
3,38528,1696062804.3491275
3,38656,1696062804.377223
3,38784,1696062804.396913
3,38912,1696062804.4188597
3,39040,1696062804.4450858
3,39168,1696062804.4606454
3,39296,1696062804.4851382
3,39424,1696062804.5097442
3,39552,1696062804.5351
3,39680,1696062804.55769
3,39808,1696062804.5789614
3,39936,1696062804.6039042
3,40064,1696062804.6264257
3,40192,1696062804.6477208
3,40320,1696062804.669441
3,40448,1696062804.6924615
3,40576,1696062804.7170725
3,40704,1696062804.737723
3,40832,1696062804.7643893
3,40960,1696062804.7853656
3,41088,1696062804.8081148
3,41216,1696062804.832588
3,41344,1696062804.8545392
3,41472,1696062804.8834543
3,41600,1696062804.904376
3,41728,1696062804.926702
3,41856,1696062804.9522448
3,41984,1696062804.97314
3,42112,1696062804.9947162
3,42240,1696062805.0165074
3,42368,1696062805.0390413
3,42496,1696062805.067285
3,42624,1696062805.0891173
3,42752,1696062805.1154034
3,42880,1696062805.1363149
3,43008,1696062805.158842
3,43136,1696062805.179207
3,43264,1696062805.2072613
3,43392,1696062805.2283006
3,43520,1696062805.2504091
3,43648,1696062805.2751522
3,43776,1696062805.2960765
3,43904,1696062805.3225417
3,44032,1696062805.3440754
3,44160,1696062805.3667104
3,44288,1696062805.3901165
3,44416,1696062805.4154012
3,44544,1696062805.436203
3,44672,1696062805.4567544
3,44800,1696062805.4780936
3,44928,1696062805.5056136
3,45056,1696062805.5316947
3,45184,1696062805.553288
3,45312,1696062805.578802
3,45440,1696062805.6004639
3,45568,1696062805.6214802
3,45696,1696062805.6476676
3,45824,1696062805.6685157
3,45952,1696062805.6907158
3,46080,1696062805.7155771
3,46208,1696062805.7361639
3,46336,1696062805.7630885
3,46464,1696062805.78438
3,46592,1696062805.8053813
3,46720,1696062805.8312075
3,46848,1696062805.8531113
3,46976,1696062805.8787208
3,47104,1696062805.9001596
3,47232,1696062805.9204752
3,47360,1696062805.9409776
3,47488,1696062805.966505
3,47616,1696062805.9896731
3,47744,1696062806.0160177
3,47872,1696062806.037963
3,48000,1696062806.0587587
3,48128,1696062806.086035
3,48256,1696062806.107602
3,48384,1696062806.1303284
3,48512,1696062806.155309
3,48640,1696062806.176313
3,48768,1696062806.199431
3,48896,1696062806.2246256
3,49024,1696062806.2423666
3,49152,1696062806.2647686
3,49280,1696062806.2881584
3,49408,1696062806.3101263
3,49536,1696062806.3337429
3,49664,1696062806.3561227
3,49792,1696062806.379378
3,49920,1696062806.4022772
3,50000,1696062806.4254754
4,128,1696062806.7653189
4,256,1696062806.7803004
4,384,1696062806.802576
4,512,1696062806.8293784
4,640,1696062806.8511
4,768,1696062806.8720875
4,896,1696062806.894432
4,1024,1696062806.9207163
4,1152,1696062806.94268
4,1280,1696062806.9629507
4,1408,1696062806.9858563
4,1536,1696062807.0114853
4,1664,1696062807.0349128
4,1792,1696062807.0552113
4,1920,1696062807.0774293
4,2048,1696062807.1046216
4,2176,1696062807.126513
4,2304,1696062807.1473444
4,2432,1696062807.1693697
4,2560,1696062807.195512
4,2688,1696062807.2204728
4,2816,1696062807.2394567
4,2944,1696062807.2626777
4,3072,1696062807.2895439
4,3200,1696062807.3111608
4,3328,1696062807.3322732
4,3456,1696062807.3546178
4,3584,1696062807.3800302
4,3712,1696062807.404834
4,3840,1696062807.4234433
4,3968,1696062807.445324
4,4096,1696062807.4728281
4,4224,1696062807.494308
4,4352,1696062807.515352
4,4480,1696062807.5376291
4,4608,1696062807.5639715
4,4736,1696062807.5884447
4,4864,1696062807.607529
4,4992,1696062807.629697
4,5120,1696062807.6567626
4,5248,1696062807.678828
4,5376,1696062807.699958
4,5504,1696062807.722081
4,5632,1696062807.7478523
4,5760,1696062807.7725308
4,5888,1696062807.7915485
4,6016,1696062807.8135717
4,6144,1696062807.841016
4,6272,1696062807.8620863
4,6400,1696062807.8831522
4,6528,1696062807.9060385
4,6656,1696062807.931372
4,6784,1696062807.955963
4,6912,1696062807.9744036
4,7040,1696062807.9980137
4,7168,1696062808.023118
4,7296,1696062808.0481138
4,7424,1696062808.0666866
4,7552,1696062808.0893598
4,7680,1696062808.1162605
4,7808,1696062808.1383169
4,7936,1696062808.1594818
4,8064,1696062808.1823432
4,8192,1696062808.2076418
4,8320,1696062808.2328804
4,8448,1696062808.251893
4,8576,1696062808.2740922
4,8704,1696062808.300707
4,8832,1696062808.322817
4,8960,1696062808.3444402
4,9088,1696062808.367292
4,9216,1696062808.3924546
4,9344,1696062808.4154923
4,9472,1696062808.4359233
4,9600,1696062808.4584572
4,9728,1696062808.4849422
4,9856,1696062808.5067701
4,9984,1696062808.5274265
4,10112,1696062808.5493724
4,10240,1696062808.5768745
4,10368,1696062808.5983958
4,10496,1696062808.6194775
4,10624,1696062808.6423824
4,10752,1696062808.6677568
4,10880,1696062808.6924908
4,11008,1696062808.712018
4,11136,1696062808.734261
4,11264,1696062808.761388
4,11392,1696062808.7836945
4,11520,1696062808.8046613
4,11648,1696062808.8279827
4,11776,1696062808.85296
4,11904,1696062808.8760235
4,12032,1696062808.896752
4,12160,1696062808.9197571
4,12288,1696062808.9454608
4,12416,1696062808.9681973
4,12544,1696062808.9889593
4,12672,1696062809.0115867
4,12800,1696062809.0377853
4,12928,1696062809.0596979
4,13056,1696062809.0808167
4,13184,1696062809.1032135
4,13312,1696062809.1277492
4,13440,1696062809.1526835
4,13568,1696062809.1719873
4,13696,1696062809.1945431
4,13824,1696062809.2210388
4,13952,1696062809.2430406
4,14080,1696062809.2633886
4,14208,1696062809.2861695
4,14336,1696062809.3121738
4,14464,1696062809.3370297
4,14592,1696062809.355923
4,14720,1696062809.3779922
4,14848,1696062809.405261
4,14976,1696062809.4265141
4,15104,1696062809.4478078
4,15232,1696062809.4705877
4,15360,1696062809.495575
4,15488,1696062809.52027
4,15616,1696062809.5394366
4,15744,1696062809.5623143
4,15872,1696062809.5891407
4,16000,1696062809.611493
4,16128,1696062809.6324914
4,16256,1696062809.6553354
4,16384,1696062809.6803775
4,16512,1696062809.7048726
4,16640,1696062809.7240357
4,16768,1696062809.7465918
4,16896,1696062809.7729223
4,17024,1696062809.795714
4,17152,1696062809.816243
4,17280,1696062809.8393173
4,17408,1696062809.864514
4,17536,1696062809.888693
4,17664,1696062809.9085052
4,17792,1696062809.9308743
4,17920,1696062809.9577212
4,18048,1696062809.9792447
4,18176,1696062810.000829
4,18304,1696062810.0231018
4,18432,1696062810.0481112
4,18560,1696062810.0727777
4,18688,1696062810.092102
4,18816,1696062810.1139555
4,18944,1696062810.141099
4,19072,1696062810.16344
4,19200,1696062810.1844141
4,19328,1696062810.2064764
4,19456,1696062810.2322686
4,19584,1696062810.2565506
4,19712,1696062810.275895
4,19840,1696062810.297904
4,19968,1696062810.3248029
4,20096,1696062810.3471391
4,20224,1696062810.36777
4,20352,1696062810.3899696
4,20480,1696062810.4155815
4,20608,1696062810.4408472
4,20736,1696062810.4593916
4,20864,1696062810.4813359
4,20992,1696062810.5085444
4,21120,1696062810.5300682
4,21248,1696062810.5506349
4,21376,1696062810.5748334
4,21504,1696062810.5986772
4,21632,1696062810.6226368
4,21760,1696062810.642724
4,21888,1696062810.6684155
4,22016,1696062810.6927638
4,22144,1696062810.7146673
4,22272,1696062810.7356043
4,22400,1696062810.7577703
4,22528,1696062810.7836065
4,22656,1696062810.8059971
4,22784,1696062810.8272495
4,22912,1696062810.8493018
4,23040,1696062810.8763213
4,23168,1696062810.898651
4,23296,1696062810.9192574
4,23424,1696062810.9422164
4,23552,1696062810.9670901
4,23680,1696062810.9907131
4,23808,1696062811.0104558
4,23936,1696062811.0333917
4,24064,1696062811.059594
4,24192,1696062811.0825942
4,24320,1696062811.1029088
4,24448,1696062811.1256254
4,24576,1696062811.152765
4,24704,1696062811.1744127
4,24832,1696062811.1952956
4,24960,1696062811.2184806
4,25088,1696062811.2433999
4,25216,1696062811.2684562
4,25344,1696062811.286901
4,25472,1696062811.3092613
4,25600,1696062811.3363674
4,25728,1696062811.3579051
4,25856,1696062811.3788815
4,25984,1696062811.4011312
4,26112,1696062811.426687
4,26240,1696062811.4507265
4,26368,1696062811.47039
4,26496,1696062811.4931033
4,26624,1696062811.520329
4,26752,1696062811.542258
4,26880,1696062811.5624642
4,27008,1696062811.5852244
4,27136,1696062811.611044
4,27264,1696062811.6362944
4,27392,1696062811.6546962
4,27520,1696062811.6776974
4,27648,1696062811.704845
4,27776,1696062811.7259624
4,27904,1696062811.7466497
4,28032,1696062811.7694778
4,28160,1696062811.7964127
4,28288,1696062811.8181314
4,28416,1696062811.8389204
4,28544,1696062811.8611813
4,28672,1696062811.8867261
4,28800,1696062811.9100924
4,28928,1696062811.9302068
4,29056,1696062811.9525096
4,29184,1696062811.9794846
4,29312,1696062812.0021858
4,29440,1696062812.0218875
4,29568,1696062812.0450952
4,29696,1696062812.0708125
4,29824,1696062812.093739
4,29952,1696062812.114583
4,30080,1696062812.1378715
4,30208,1696062812.1645255
4,30336,1696062812.186506
4,30464,1696062812.2074964
4,30592,1696062812.2296405
4,30720,1696062812.2555313
4,30848,1696062812.2804716
4,30976,1696062812.2990336
4,31104,1696062812.3219512
4,31232,1696062812.3481085
4,31360,1696062812.3707836
4,31488,1696062812.3911343
4,31616,1696062812.4135625
4,31744,1696062812.4392447
4,31872,1696062812.4637747
4,32000,1696062812.483031
4,32128,1696062812.5050578
4,32256,1696062812.532187
4,32384,1696062812.5537388
4,32512,1696062812.573633
4,32640,1696062812.5967708
4,32768,1696062812.6226945
4,32896,1696062812.644162
4,33024,1696062812.6684618
4,33152,1696062812.690755
4,33280,1696062812.7161272
4,33408,1696062812.740692
4,33536,1696062812.7620277
4,33664,1696062812.7873685
4,33792,1696062812.8087835
4,33920,1696062812.834673
4,34048,1696062812.8556
4,34176,1696062812.8821044
4,34304,1696062812.9012747
4,34432,1696062812.9249244
4,34560,1696062812.9447675
4,34688,1696062812.9679341
4,34816,1696062812.991705
4,34944,1696062813.0149982
4,35072,1696062813.0383203
4,35200,1696062813.061498
4,35328,1696062813.0830274
4,35456,1696062813.1116557
4,35584,1696062813.1323473
4,35712,1696062813.1532493
4,35840,1696062813.1754165
4,35968,1696062813.1991358
4,36096,1696062813.223179
4,36224,1696062813.245461
4,36352,1696062813.2673423
4,36480,1696062813.2925034
4,36608,1696062813.3143055
4,36736,1696062813.3376725
4,36864,1696062813.3593745
4,36992,1696062813.3844347
4,37120,1696062813.4057012
4,37248,1696062813.428938
4,37376,1696062813.4528658
4,37504,1696062813.4753091
4,37632,1696062813.4992871
4,37760,1696062813.521565
4,37888,1696062813.5439904
4,38016,1696062813.5692463
4,38144,1696062813.5912464
4,38272,1696062813.615702
4,38400,1696062813.6369398
4,38528,1696062813.6599693
4,38656,1696062813.689527
4,38784,1696062813.7097383
4,38912,1696062813.7348304
4,39040,1696062813.7560449
4,39168,1696062813.779416
4,39296,1696062813.8021493
4,39424,1696062813.8255973
4,39552,1696062813.8454225
4,39680,1696062813.8673716
4,39808,1696062813.8924737
4,39936,1696062813.9139423
4,40064,1696062813.9374802
4,40192,1696062813.9600172
4,40320,1696062813.98309
4,40448,1696062814.0068173
4,40576,1696062814.029557
4,40704,1696062814.0510612
4,40832,1696062814.0757308
4,40960,1696062814.0981429
4,41088,1696062814.1211784
4,41216,1696062814.1441045
4,41344,1696062814.1640491
4,41472,1696062814.183973
4,41600,1696062814.204121
4,41728,1696062814.2244074
4,41856,1696062814.2443213
4,41984,1696062814.264464
4,42112,1696062814.2845895
4,42240,1696062814.304807
4,42368,1696062814.3250637
4,42496,1696062814.3451884
4,42624,1696062814.3650448
4,42752,1696062814.3850212
4,42880,1696062814.4050894
4,43008,1696062814.4249163
4,43136,1696062814.4450176
4,43264,1696062814.4650233
4,43392,1696062814.490452
4,43520,1696062814.5101764
4,43648,1696062814.5313044
4,43776,1696062814.5512846
4,43904,1696062814.57152
4,44032,1696062814.591655
4,44160,1696062814.612038
4,44288,1696062814.630042
4,44416,1696062814.6511917
4,44544,1696062814.6687174
4,44672,1696062814.6890082
4,44800,1696062814.709104
4,44928,1696062814.7286627
4,45056,1696062814.7493167
4,45184,1696062814.771037
4,45312,1696062814.7910423
4,45440,1696062814.8110695
4,45568,1696062814.8307183
4,45696,1696062814.8513904
4,45824,1696062814.8711412
4,45952,1696062814.8909996
4,46080,1696062814.9120066
4,46208,1696062814.9324095
4,46336,1696062814.952508
4,46464,1696062814.9726677
4,46592,1696062814.9927073
4,46720,1696062815.0128126
4,46848,1696062815.032884
4,46976,1696062815.0530949
4,47104,1696062815.0729961
4,47232,1696062815.0924025
4,47360,1696062815.1150014
4,47488,1696062815.1352725
4,47616,1696062815.1546292
4,47744,1696062815.175013
4,47872,1696062815.1948276
4,48000,1696062815.214953
4,48128,1696062815.2349858
4,48256,1696062815.2559795
4,48384,1696062815.2764332
4,48512,1696062815.296305
4,48640,1696062815.3157594
4,48768,1696062815.3367212
4,48896,1696062815.3566766
4,49024,1696062815.3783863
4,49152,1696062815.3981228
4,49280,1696062815.4180055
4,49408,1696062815.43798
4,49536,1696062815.4579694
4,49664,1696062815.4779696
4,49792,1696062815.4982684
4,49920,1696062815.5183356
4,50000,1696062815.5382662
5,128,1696062815.909521
5,256,1696062815.926589
5,384,1696062815.9440966
5,512,1696062815.964926
5,640,1696062815.9849234
5,768,1696062816.005015
5,896,1696062816.025017
5,1024,1696062816.0445223
5,1152,1696062816.0652823
5,1280,1696062816.0878704
5,1408,1696062816.1107907
5,1536,1696062816.1307786
5,1664,1696062816.1512642
5,1792,1696062816.1714544
5,1920,1696062816.191682
5,2048,1696062816.211565
5,2176,1696062816.2336833
5,2304,1696062816.2541263
5,2432,1696062816.2749712
5,2560,1696062816.2951527
5,2688,1696062816.3154557
5,2816,1696062816.3355656
5,2944,1696062816.3553395
5,3072,1696062816.3747945
5,3200,1696062816.394829
5,3328,1696062816.4176135
5,3456,1696062816.4371805
5,3584,1696062816.4549751
5,3712,1696062816.474519
5,3840,1696062816.4946473
5,3968,1696062816.515369
5,4096,1696062816.5357776
5,4224,1696062816.5560253
5,4352,1696062816.5762155
5,4480,1696062816.595034
5,4608,1696062816.6176298
5,4736,1696062816.6419168
5,4864,1696062816.6625457
5,4992,1696062816.682524
5,5120,1696062816.7031868
5,5248,1696062816.7230136
5,5376,1696062816.743533
5,5504,1696062816.7635002
5,5632,1696062816.783405
5,5760,1696062816.803631
5,5888,1696062816.8237033
5,6016,1696062816.83967
5,6144,1696062816.863705
5,6272,1696062816.8840559
5,6400,1696062816.9045138
5,6528,1696062816.9249709
5,6656,1696062816.9418352
5,6784,1696062816.961475
5,6912,1696062816.9815927
5,7040,1696062817.0017068
5,7168,1696062817.0218227
5,7296,1696062817.0417066
5,7424,1696062817.0625718
5,7552,1696062817.0833902
5,7680,1696062817.1028879
5,7808,1696062817.1242154
5,7936,1696062817.1441922
5,8064,1696062817.1628225
5,8192,1696062817.183682
5,8320,1696062817.2041993
5,8448,1696062817.2245076
5,8576,1696062817.2447867
5,8704,1696062817.2684257
5,8832,1696062817.288024
5,8960,1696062817.3084106
5,9088,1696062817.327915
5,9216,1696062817.34278
5,9344,1696062817.3632169
5,9472,1696062817.3828928
5,9600,1696062817.4032705
5,9728,1696062817.422863
5,9856,1696062817.4427986
5,9984,1696062817.4634955
5,10112,1696062817.4834502
5,10240,1696062817.502966
5,10368,1696062817.5233583
5,10496,1696062817.5428805
5,10624,1696062817.5676138
5,10752,1696062817.5877216
5,10880,1696062817.609675
5,11008,1696062817.6272538
5,11136,1696062817.6472661
5,11264,1696062817.6671834
5,11392,1696062817.6876147
5,11520,1696062817.707232
5,11648,1696062817.7273035
5,11776,1696062817.7471507
5,11904,1696062817.7674303
5,12032,1696062817.78717
5,12160,1696062817.8076878
5,12288,1696062817.8273177
5,12416,1696062817.849674
5,12544,1696062817.8669517
5,12672,1696062817.8873498
5,12800,1696062817.907801
5,12928,1696062817.9310122
5,13056,1696062817.950521
5,13184,1696062817.9713113
5,13312,1696062817.9910498
5,13440,1696062818.01098
5,13568,1696062818.0322952
5,13696,1696062818.0522149
5,13824,1696062818.0726473
5,13952,1696062818.0925105
5,14080,1696062818.1127083
5,14208,1696062818.1331425
5,14336,1696062818.1534712
5,14464,1696062818.1733415
5,14592,1696062818.1932175
5,14720,1696062818.2129283
5,14848,1696062818.2336442
5,14976,1696062818.254884
5,15104,1696062818.2753603
5,15232,1696062818.2948477
5,15360,1696062818.3156774
5,15488,1696062818.3349166
5,15616,1696062818.3593853
5,15744,1696062818.3797712
5,15872,1696062818.3994522
5,16000,1696062818.4198108
5,16128,1696062818.4404376
5,16256,1696062818.46034
5,16384,1696062818.47953
5,16512,1696062818.5003598
5,16640,1696062818.5198054
5,16768,1696062818.5425606
5,16896,1696062818.5634027
5,17024,1696062818.583169
5,17152,1696062818.6032972
5,17280,1696062818.6230934
5,17408,1696062818.6437001
5,17536,1696062818.6643202
5,17664,1696062818.683251
5,17792,1696062818.703734
5,17920,1696062818.7244148
5,18048,1696062818.7415032
5,18176,1696062818.761556
5,18304,1696062818.7826777
5,18432,1696062818.8025188
5,18560,1696062818.8234205
5,18688,1696062818.8428023
5,18816,1696062818.8636918
5,18944,1696062818.8830388
5,19072,1696062818.9028952
5,19200,1696062818.9230163
5,19328,1696062818.9432228
5,19456,1696062818.9643962
5,19584,1696062818.9844844
5,19712,1696062819.0033467
5,19840,1696062819.0245843
5,19968,1696062819.044349
5,20096,1696062819.064327
5,20224,1696062819.083983
5,20352,1696062819.1095788
5,20480,1696062819.128235
5,20608,1696062819.1466954
5,20736,1696062819.1647882
5,20864,1696062819.1843057
5,20992,1696062819.2069876
5,21120,1696062819.227481
5,21248,1696062819.2451563
5,21376,1696062819.2650213
5,21504,1696062819.2881794
5,21632,1696062819.3091893
5,21760,1696062819.326184
5,21888,1696062819.3478522
5,22016,1696062819.3697019
5,22144,1696062819.3896282
5,22272,1696062819.4095864
5,22400,1696062819.4269462
5,22528,1696062819.4497323
5,22656,1696062819.4694307
5,22784,1696062819.4883516
5,22912,1696062819.5092587
5,23040,1696062819.5320654
5,23168,1696062819.5514164
5,23296,1696062819.5700402
5,23424,1696062819.5888875
5,23552,1696062819.611457
5,23680,1696062819.6328804
5,23808,1696062819.6522791
5,23936,1696062819.6695757
5,24064,1696062819.6931665
5,24192,1696062819.7132897
5,24320,1696062819.7312434
5,24448,1696062819.7504785
5,24576,1696062819.7735543
5,24704,1696062819.7931712
5,24832,1696062819.8122675
5,24960,1696062819.831675
5,25088,1696062819.8551319
5,25216,1696062819.8763604
5,25344,1696062819.8929217
5,25472,1696062819.9121587
5,25600,1696062819.9351125
5,25728,1696062819.9553714
5,25856,1696062819.9790847
5,25984,1696062819.9994013
5,26112,1696062820.0192916
5,26240,1696062820.0398152
5,26368,1696062820.05959
5,26496,1696062820.0798523
5,26624,1696062820.099546
5,26752,1696062820.119558
5,26880,1696062820.139905
5,27008,1696062820.1600006
5,27136,1696062820.1821814
5,27264,1696062820.2023485
5,27392,1696062820.2255976
5,27520,1696062820.2433143
5,27648,1696062820.2626638
5,27776,1696062820.2834027
5,27904,1696062820.30315
5,28032,1696062820.324016
5,28160,1696062820.3443136
5,28288,1696062820.3641853
5,28416,1696062820.3839011
5,28544,1696062820.404209
5,28672,1696062820.4240315
5,28800,1696062820.444062
5,28928,1696062820.4640627
5,29056,1696062820.4843667
5,29184,1696062820.50424
5,29312,1696062820.5240722
5,29440,1696062820.5440826
5,29568,1696062820.5637295
5,29696,1696062820.5870738
5,29824,1696062820.6071038
5,29952,1696062820.6271465
5,30080,1696062820.6475487
5,30208,1696062820.6672573
5,30336,1696062820.6879373
5,30464,1696062820.7086222
5,30592,1696062820.7274702
5,30720,1696062820.7484353
5,30848,1696062820.7674499
5,30976,1696062820.7883716
5,31104,1696062820.8078337
5,31232,1696062820.8304908
5,31360,1696062820.8512397
5,31488,1696062820.871418
5,31616,1696062820.8918648
5,31744,1696062820.911628
5,31872,1696062820.93196
5,32000,1696062820.9523594
5,32128,1696062820.9714627
5,32256,1696062820.9923267
5,32384,1696062821.0117602
5,32512,1696062821.0324
5,32640,1696062821.0517242
5,32768,1696062821.0724409
5,32896,1696062821.0916822
5,33024,1696062821.1124604
5,33152,1696062821.1318223
5,33280,1696062821.1523075
5,33408,1696062821.172147
5,33536,1696062821.1920927
5,33664,1696062821.2120752
5,33792,1696062821.2317052
5,33920,1696062821.2544065
5,34048,1696062821.2757125
5,34176,1696062821.295892
5,34304,1696062821.3153856
5,34432,1696062821.3355784
5,34560,1696062821.3563957
5,34688,1696062821.375311
5,34816,1696062821.3962555
5,34944,1696062821.415589
5,35072,1696062821.436285
5,35200,1696062821.4555852
5,35328,1696062821.476234
5,35456,1696062821.4960105
5,35584,1696062821.5163515
5,35712,1696062821.535898
5,35840,1696062821.5587978
5,35968,1696062821.5791562
5,36096,1696062821.5984893
5,36224,1696062821.6186993
5,36352,1696062821.6392305
5,36480,1696062821.6592298
5,36608,1696062821.6802583
5,36736,1696062821.7000585
5,36864,1696062821.720152
5,36992,1696062821.7401018
5,37120,1696062821.759877
5,37248,1696062821.7804897
5,37376,1696062821.800136
5,37504,1696062821.8202155
5,37632,1696062821.8402047
5,37760,1696062821.8600924
5,37888,1696062821.8799744
5,38016,1696062821.9001877
5,38144,1696062821.9202027
5,38272,1696062821.9396973
5,38400,1696062821.9621956
5,38528,1696062821.9831944
5,38656,1696062822.0035467
5,38784,1696062822.0237653
5,38912,1696062822.0439408
5,39040,1696062822.0633955
5,39168,1696062822.083525
5,39296,1696062822.1031175
5,39424,1696062822.1235354
5,39552,1696062822.1390302
5,39680,1696062822.1616364
5,39808,1696062822.182355
5,39936,1696062822.2026722
5,40064,1696062822.2228632
5,40192,1696062822.242973
5,40320,1696062822.2630105
5,40448,1696062822.2829196
5,40576,1696062822.3032813
5,40704,1696062822.3243964
5,40832,1696062822.3430502
5,40960,1696062822.3675451
5,41088,1696062822.387983
5,41216,1696062822.4082801
5,41344,1696062822.428131
5,41472,1696062822.4475596
5,41600,1696062822.4681056
5,41728,1696062822.4887245
5,41856,1696062822.5119305
5,41984,1696062822.5300832
5,42112,1696062822.5502656
5,42240,1696062822.5724678
5,42368,1696062822.5920765
5,42496,1696062822.6119797
5,42624,1696062822.6321225
5,42752,1696062822.652182
5,42880,1696062822.6723711
5,43008,1696062822.6924722
5,43136,1696062822.7087145
5,43264,1696062822.7297084
5,43392,1696062822.7533023
5,43520,1696062822.7777698
5,43648,1696062822.7960894
5,43776,1696062822.8162675
5,43904,1696062822.835825
5,44032,1696062822.8566446
5,44160,1696062822.8751564
5,44288,1696062822.8931692
5,44416,1696062822.9126399
5,44544,1696062822.9346838
5,44672,1696062822.9544265
5,44800,1696062822.9748797
5,44928,1696062822.9947958
5,45056,1696062823.0147576
5,45184,1696062823.0350068
5,45312,1696062823.0551167
5,45440,1696062823.0760007
5,45568,1696062823.096576
5,45696,1696062823.1165748
5,45824,1696062823.1368115
5,45952,1696062823.1568458
5,46080,1696062823.1770446
5,46208,1696062823.197106
5,46336,1696062823.2169318
5,46464,1696062823.236952
5,46592,1696062823.2570035
5,46720,1696062823.2771099
5,46848,1696062823.296693
5,46976,1696062823.3216019
5,47104,1696062823.3383255
5,47232,1696062823.3591468
5,47360,1696062823.3787801
5,47488,1696062823.402708
5,47616,1696062823.4214573
5,47744,1696062823.4417152
5,47872,1696062823.461465
5,48000,1696062823.481985
5,48128,1696062823.5017703
5,48256,1696062823.5304315
5,48384,1696062823.5500665
5,48512,1696062823.5701838
5,48640,1696062823.5905018
5,48768,1696062823.610739
5,48896,1696062823.6308157
5,49024,1696062823.6489413
5,49152,1696062823.6692836
5,49280,1696062823.6966422
5,49408,1696062823.717701
5,49536,1696062823.7377772
5,49664,1696062823.7528694
5,49792,1696062823.778067
5,49920,1696062823.796016
5,50000,1696062823.8181808
