epoch,trained_sample,time
1,0,1695617514.183493
1,16,1695617515.4368334
1,32,1695617515.458278
1,48,1695617515.4783368
1,64,1695617515.5003135
1,80,1695617515.5237346
1,96,1695617515.5375776
1,112,1695617515.5557592
1,128,1695617515.5804667
1,144,1695617515.60103
1,160,1695617515.6250381
1,176,1695617515.6449697
1,192,1695617515.6640582
1,208,1695617515.6838133
1,224,1695617515.69955
1,240,1695617515.720048
1,256,1695617515.7440603
1,272,1695617515.7649295
1,288,1695617515.7812378
1,304,1695617515.800864
1,320,1695617515.8241243
1,336,1695617515.8442554
1,352,1695617515.8600292
1,368,1695617515.8816798
1,384,1695617515.9060178
1,400,1695617515.928681
1,416,1695617515.9518986
1,432,1695617515.9725869
1,448,1695617515.9959474
1,464,1695617516.0175478
1,480,1695617516.0382175
1,496,1695617516.0562742
1,512,1695617516.0750086
1,528,1695617516.092405
1,544,1695617516.1093159
1,560,1695617516.1254654
1,576,1695617516.1529186
1,592,1695617516.175147
1,608,1695617516.1935484
1,624,1695617516.2151566
1,640,1695617516.238354
1,656,1695617516.2640097
1,672,1695617516.2835867
1,688,1695617516.3022928
1,704,1695617516.319071
1,720,1695617516.3381395
1,736,1695617516.3583226
1,752,1695617516.3793907
1,768,1695617516.3990386
1,784,1695617516.416219
1,800,1695617516.4341338
1,816,1695617516.451814
1,832,1695617516.4694111
1,848,1695617516.4877095
1,864,1695617516.5028756
1,880,1695617516.5227418
1,896,1695617516.5444126
1,912,1695617516.564199
1,928,1695617516.5870197
1,944,1695617516.6077425
1,960,1695617516.6295266
1,976,1695617516.6530323
1,992,1695617516.6725824
1,1008,1695617516.6933951
1,1024,1695617516.717797
1,1040,1695617516.7410264
1,1056,1695617516.7613847
1,1072,1695617516.785123
1,1088,1695617516.8045652
1,1104,1695617516.8253381
1,1120,1695617516.8485687
1,1136,1695617516.8706367
1,1152,1695617516.8901427
1,1168,1695617516.910624
1,1184,1695617516.9304156
1,1200,1695617516.950435
1,1216,1695617516.9703307
1,1232,1695617516.9903245
1,1248,1695617517.0104907
1,1264,1695617517.0306156
1,1280,1695617517.050021
1,1296,1695617517.0709357
1,1312,1695617517.0858054
1,1328,1695617517.1093926
1,1344,1695617517.1288853
1,1360,1695617517.149565
1,1376,1695617517.1650624
1,1392,1695617517.1860535
1,1408,1695617517.2066715
1,1424,1695617517.2265372
1,1440,1695617517.2469113
1,1456,1695617517.2667007
1,1472,1695617517.2832212
1,1488,1695617517.299968
1,1504,1695617517.3168309
1,1520,1695617517.3338459
1,1536,1695617517.3515048
1,1552,1695617517.368314
1,1568,1695617517.3852782
1,1584,1695617517.4029238
1,1600,1695617517.4208713
1,1616,1695617517.440848
1,1632,1695617517.4593563
1,1648,1695617517.476553
1,1664,1695617517.4935057
1,1680,1695617517.5113995
1,1696,1695617517.528527
1,1712,1695617517.5454073
1,1728,1695617517.5633898
1,1744,1695617517.5801864
1,1760,1695617517.596976
1,1776,1695617517.6126041
1,1792,1695617517.6293721
1,1808,1695617517.6474178
1,1824,1695617517.66692
1,1840,1695617517.684708
1,1856,1695617517.7024477
1,1872,1695617517.7225697
1,1888,1695617517.7429242
1,1904,1695617517.7625246
1,1920,1695617517.7823985
1,1936,1695617517.8027601
1,1952,1695617517.8205893
1,1968,1695617517.8375971
1,1984,1695617517.8556802
1,2000,1695617517.8735611
1,2016,1695617517.8915997
1,2032,1695617517.9089086
1,2048,1695617517.9263444
1,2064,1695617517.9430366
1,2080,1695617517.9599674
1,2096,1695617517.9769566
1,2112,1695617517.9942768
1,2128,1695617518.011043
1,2144,1695617518.0281823
1,2160,1695617518.045097
1,2176,1695617518.062913
1,2192,1695617518.0796874
1,2208,1695617518.0963035
1,2224,1695617518.1131797
1,2240,1695617518.1310384
1,2256,1695617518.147726
1,2272,1695617518.1682625
1,2288,1695617518.1910605
1,2304,1695617518.2102249
1,2320,1695617518.2278378
1,2336,1695617518.2446854
1,2352,1695617518.2621653
1,2368,1695617518.2823792
1,2384,1695617518.3022301
1,2400,1695617518.322214
1,2416,1695617518.3397098
1,2432,1695617518.3608572
1,2448,1695617518.385432
1,2464,1695617518.4067886
1,2480,1695617518.4260082
1,2496,1695617518.4464343
1,2512,1695617518.4663277
1,2528,1695617518.4863544
1,2544,1695617518.5061908
1,2560,1695617518.52642
1,2576,1695617518.5462067
1,2592,1695617518.5665398
1,2608,1695617518.586356
1,2624,1695617518.606217
1,2640,1695617518.626509
1,2656,1695617518.6463315
1,2672,1695617518.666472
1,2688,1695617518.6866944
1,2704,1695617518.7062016
1,2720,1695617518.7264256
1,2736,1695617518.7463195
1,2752,1695617518.7667515
1,2768,1695617518.7869394
1,2784,1695617518.803027
1,2800,1695617518.8192766
1,2816,1695617518.8404765
1,2832,1695617518.8628511
1,2848,1695617518.8827333
1,2864,1695617518.8980052
1,2880,1695617518.9218779
1,2896,1695617518.9419878
1,2912,1695617518.9653957
1,2928,1695617518.9869215
1,2944,1695617519.0069025
1,2960,1695617519.0231795
1,2976,1695617519.0398996
1,2992,1695617519.056891
1,3008,1695617519.0742674
1,3024,1695617519.0911214
1,3040,1695617519.1082299
1,3056,1695617519.1253343
1,3072,1695617519.1434984
1,3088,1695617519.1599112
1,3104,1695617519.178778
1,3120,1695617519.1961982
1,3136,1695617519.2131166
1,3152,1695617519.2303941
1,3168,1695617519.2472906
1,3184,1695617519.2640944
1,3200,1695617519.2810771
1,3216,1695617519.2989514
1,3232,1695617519.3154378
1,3248,1695617519.3358326
1,3264,1695617519.3548162
1,3280,1695617519.3721128
1,3296,1695617519.3889854
1,3312,1695617519.4047637
1,3328,1695617519.4228432
1,3344,1695617519.4404335
1,3360,1695617519.4592957
1,3376,1695617519.4787755
1,3392,1695617519.4984858
1,3408,1695617519.51621
1,3424,1695617519.5330527
1,3440,1695617519.550677
1,3456,1695617519.5675616
1,3472,1695617519.584221
1,3488,1695617519.6012387
1,3504,1695617519.6190987
1,3520,1695617519.635995
1,3536,1695617519.6524858
1,3552,1695617519.669267
1,3568,1695617519.6873236
1,3584,1695617519.7041955
1,3600,1695617519.7205343
1,3616,1695617519.7384636
1,3632,1695617519.7569602
1,3648,1695617519.7758946
1,3664,1695617519.8001235
1,3680,1695617519.8191535
1,3696,1695617519.8386145
1,3712,1695617519.8587408
1,3728,1695617519.878719
1,3744,1695617519.8985815
1,3760,1695617519.9183495
1,3776,1695617519.936385
1,3792,1695617519.9531677
1,3808,1695617519.970645
1,3824,1695617519.9873633
1,3840,1695617520.00656
1,3856,1695617520.0240936
1,3872,1695617520.0406163
1,3888,1695617520.0574298
1,3904,1695617520.0757184
1,3920,1695617520.092596
1,3936,1695617520.1084914
1,3952,1695617520.1251075
1,3968,1695617520.1427257
1,3984,1695617520.159493
1,4000,1695617520.1784248
1,4016,1695617520.1988275
1,4032,1695617520.2215497
1,4048,1695617520.242798
1,4064,1695617520.2627528
1,4080,1695617520.2789824
1,4096,1695617520.2958968
1,4112,1695617520.3142614
1,4128,1695617520.3347182
1,4144,1695617520.3546727
1,4160,1695617520.3743706
1,4176,1695617520.3946419
1,4192,1695617520.4148445
1,4208,1695617520.432527
1,4224,1695617520.4489868
1,4240,1695617520.4713407
1,4256,1695617520.4920952
1,4272,1695617520.5126321
1,4288,1695617520.5380929
1,4304,1695617520.5580454
1,4320,1695617520.5811675
1,4336,1695617520.602998
1,4352,1695617520.6225069
1,4368,1695617520.649037
1,4384,1695617520.6686602
1,4400,1695617520.6930704
1,4416,1695617520.7134943
1,4432,1695617520.73718
1,4448,1695617520.7575722
1,4464,1695617520.7803223
1,4480,1695617520.7995234
1,4496,1695617520.8189218
1,4512,1695617520.8388047
1,4528,1695617520.8591237
1,4544,1695617520.8786266
1,4560,1695617520.8984149
1,4576,1695617520.9184413
1,4592,1695617520.9390357
1,4608,1695617520.9588518
1,4624,1695617520.9789426
1,4640,1695617520.9987323
1,4656,1695617521.0188503
1,4672,1695617521.0368416
1,4688,1695617521.05364
1,4704,1695617521.0717416
1,4720,1695617521.089111
1,4736,1695617521.1065862
1,4752,1695617521.1266663
1,4768,1695617521.1470244
1,4784,1695617521.1671429
1,4800,1695617521.1866348
1,4816,1695617521.2044406
1,4832,1695617521.2272587
1,4848,1695617521.2453415
1,4864,1695617521.2657478
1,4880,1695617521.2838693
1,4896,1695617521.3026392
1,4912,1695617521.3224294
1,4928,1695617521.342887
1,4944,1695617521.3629751
1,4960,1695617521.3829064
1,4976,1695617521.402984
1,4992,1695617521.4226937
1,5008,1695617521.440435
1,5024,1695617521.4576535
1,5040,1695617521.4757524
1,5056,1695617521.4926388
1,5072,1695617521.5113392
1,5088,1695617521.5285275
1,5104,1695617521.5457456
1,5120,1695617521.564032
1,5136,1695617521.580953
1,5152,1695617521.5993836
1,5168,1695617521.6165967
1,5184,1695617521.633607
1,5200,1695617521.6519153
1,5216,1695617521.670575
1,5232,1695617521.6905513
1,5248,1695617521.7107913
1,5264,1695617521.7357187
1,5280,1695617521.756004
1,5296,1695617521.7806323
1,5312,1695617521.8012984
1,5328,1695617521.8188813
1,5344,1695617521.835783
1,5360,1695617521.8543599
1,5376,1695617521.8745084
1,5392,1695617521.8943536
1,5408,1695617521.9145303
1,5424,1695617521.9345515
1,5440,1695617521.9545653
1,5456,1695617521.9746761
1,5472,1695617521.9947095
1,5488,1695617522.019469
1,5504,1695617522.0361845
1,5520,1695617522.0535054
1,5536,1695617522.0711558
1,5552,1695617522.0907962
1,5568,1695617522.110569
1,5584,1695617522.1308405
1,5600,1695617522.1507137
1,5616,1695617522.1707106
1,5632,1695617522.1906295
1,5648,1695617522.2107215
1,5664,1695617522.2309875
1,5680,1695617522.2505147
1,5696,1695617522.2702367
1,5712,1695617522.2905934
1,5728,1695617522.3082075
1,5744,1695617522.3270252
1,5760,1695617522.3478513
1,5776,1695617522.3647394
1,5792,1695617522.385299
1,5808,1695617522.40663
1,5824,1695617522.431276
1,5840,1695617522.4615097
1,5856,1695617522.4768643
1,5872,1695617522.4962642
1,5888,1695617522.5206103
1,5904,1695617522.5438151
1,5920,1695617522.5711296
1,5936,1695617522.5973077
1,5952,1695617522.6127837
1,5968,1695617522.6340718
1,5984,1695617522.653744
1,6000,1695617522.6741598
1,6016,1695617522.6929302
1,6032,1695617522.7199464
1,6048,1695617522.7471223
1,6064,1695617522.770075
1,6080,1695617522.791314
1,6096,1695617522.8104012
1,6112,1695617522.8294094
1,6128,1695617522.8475144
1,6144,1695617522.866519
1,6160,1695617522.8869472
1,6176,1695617522.9064813
1,6192,1695617522.9269085
1,6208,1695617522.9467103
1,6224,1695617522.9668555
1,6240,1695617522.986613
1,6256,1695617523.006886
1,6272,1695617523.0266473
1,6288,1695617523.0468874
1,6304,1695617523.066488
1,6320,1695617523.0865927
1,6336,1695617523.1046402
1,6352,1695617523.1212938
1,6368,1695617523.1389744
1,6384,1695617523.1570199
1,6400,1695617523.1764553
1,6416,1695617523.195266
1,6432,1695617523.2123525
1,6448,1695617523.229196
1,6464,1695617523.2470949
1,6480,1695617523.2649562
1,6496,1695617523.2842925
1,6512,1695617523.3032236
1,6528,1695617523.3224838
1,6544,1695617523.339545
1,6560,1695617523.3600805
1,6576,1695617523.3826182
1,6592,1695617523.402871
1,6608,1695617523.424382
1,6624,1695617523.446894
1,6640,1695617523.4666111
1,6656,1695617523.484691
1,6672,1695617523.5041385
1,6688,1695617523.5231075
1,6704,1695617523.5421443
1,6720,1695617523.5672503
1,6736,1695617523.588016
1,6752,1695617523.6111329
1,6768,1695617523.6312644
1,6784,1695617523.6548116
1,6800,1695617523.676841
1,6816,1695617523.6968915
1,6832,1695617523.7189264
1,6848,1695617523.7389858
1,6864,1695617523.7632606
1,6880,1695617523.7854543
1,6896,1695617523.8067954
1,6912,1695617523.8270233
1,6928,1695617523.8513613
1,6944,1695617523.8722787
1,6960,1695617523.8991835
1,6976,1695617523.9214416
1,6992,1695617523.9414601
1,7008,1695617523.9629622
1,7024,1695617523.982784
1,7040,1695617524.00639
1,7056,1695617524.0310664
1,7072,1695617524.0534694
1,7088,1695617524.0750904
1,7104,1695617524.0945377
1,7120,1695617524.1122558
1,7136,1695617524.130804
1,7152,1695617524.1507404
1,7168,1695617524.1709256
1,7184,1695617524.187544
1,7200,1695617524.2057612
1,7216,1695617524.2277143
1,7232,1695617524.2508183
1,7248,1695617524.2656772
1,7264,1695617524.2894711
1,7280,1695617524.3085334
1,7296,1695617524.3307283
1,7312,1695617524.3460314
1,7328,1695617524.3632789
1,7344,1695617524.3835843
1,7360,1695617524.4023805
1,7376,1695617524.4256709
1,7392,1695617524.4466805
1,7408,1695617524.4606123
1,7424,1695617524.4800754
1,7440,1695617524.5048363
1,7456,1695617524.527247
1,7472,1695617524.5513284
1,7488,1695617524.5719178
1,7504,1695617524.5933192
1,7520,1695617524.616434
1,7536,1695617524.63885
1,7552,1695617524.658437
1,7568,1695617524.6790254
1,7584,1695617524.7013245
1,7600,1695617524.7229652
1,7616,1695617524.7460334
1,7632,1695617524.7669876
1,7648,1695617524.7865484
1,7664,1695617524.8044217
1,7680,1695617524.8231125
1,7696,1695617524.8427298
1,7712,1695617524.8622482
1,7728,1695617524.8828704
1,7744,1695617524.902808
1,7760,1695617524.9222245
1,7776,1695617524.9425673
1,7792,1695617524.9628835
1,7808,1695617524.9828503
1,7824,1695617525.0026953
1,7840,1695617525.0223403
1,7856,1695617525.0426445
1,7872,1695617525.0626595
1,7888,1695617525.0799513
1,7904,1695617525.098486
1,7920,1695617525.1196175
1,7936,1695617525.1419606
1,7952,1695617525.1578891
1,7968,1695617525.1721752
1,7984,1695617525.1866114
1,8000,1695617525.2047877
1,8016,1695617525.2192426
1,8032,1695617525.233637
1,8048,1695617525.2481706
1,8064,1695617525.2665982
1,8080,1695617525.2810173
1,8096,1695617525.295533
1,8112,1695617525.3099496
1,8128,1695617525.3329847
1,8144,1695617525.3492932
1,8160,1695617525.370843
1,8176,1695617525.3942738
1,8192,1695617525.4149232
1,8208,1695617525.4394605
1,8224,1695617525.4650347
1,8240,1695617525.4832246
1,8256,1695617525.5014517
1,8272,1695617525.517894
1,8288,1695617525.5383308
1,8304,1695617525.5651696
1,8320,1695617525.5851994
1,8336,1695617525.60882
1,8352,1695617525.6283574
1,8368,1695617525.6530447
1,8384,1695617525.6715567
1,8400,1695617525.6899524
1,8416,1695617525.7056098
1,8432,1695617525.7298157
1,8448,1695617525.7521794
1,8464,1695617525.769818
1,8480,1695617525.785815
1,8496,1695617525.8104687
1,8512,1695617525.825226
1,8528,1695617525.8490055
1,8544,1695617525.868284
1,8560,1695617525.8938546
1,8576,1695617525.9114263
1,8592,1695617525.937426
1,8608,1695617525.9566367
1,8624,1695617525.9788601
1,8640,1695617526.0017436
1,8656,1695617526.0227845
1,8672,1695617526.0428276
1,8688,1695617526.057792
1,8704,1695617526.0779502
1,8720,1695617526.1024935
1,8736,1695617526.1243572
1,8752,1695617526.1496904
1,8768,1695617526.1719227
1,8784,1695617526.1940303
1,8800,1695617526.213638
1,8816,1695617526.2304223
1,8832,1695617526.2534654
1,8848,1695617526.2702138
1,8864,1695617526.2868469
1,8880,1695617526.3029265
1,8896,1695617526.3225367
1,8912,1695617526.339933
1,8928,1695617526.3583586
1,8944,1695617526.3732283
1,8960,1695617526.3914857
1,8976,1695617526.405615
1,8992,1695617526.4198923
1,9008,1695617526.434421
1,9024,1695617526.4526837
1,9040,1695617526.4671159
1,9056,1695617526.4815814
1,9072,1695617526.4959884
1,9088,1695617526.5142393
1,9104,1695617526.528896
1,9120,1695617526.5434015
1,9136,1695617526.5579376
1,9152,1695617526.5762465
1,9168,1695617526.5906634
1,9184,1695617526.6050286
1,9200,1695617526.6269686
1,9216,1695617526.6464944
1,9232,1695617526.663722
1,9248,1695617526.6826305
1,9264,1695617526.7073998
1,9280,1695617526.727402
1,9296,1695617526.7523465
1,9312,1695617526.7748017
1,9328,1695617526.7943168
1,9344,1695617526.8146966
1,9360,1695617526.8347614
1,9376,1695617526.8564079
1,9392,1695617526.8775349
1,9408,1695617526.89326
1,9424,1695617526.9128954
1,9440,1695617526.9347413
1,9456,1695617526.9541554
1,9472,1695617526.9738023
1,9488,1695617526.9942815
1,9504,1695617527.0163972
1,9520,1695617527.0417545
1,9536,1695617527.062852
1,9552,1695617527.0813315
1,9568,1695617527.0976772
1,9584,1695617527.1174014
1,9600,1695617527.13881
1,9616,1695617527.158393
1,9632,1695617527.173818
1,9648,1695617527.1979892
1,9664,1695617527.2208834
1,9680,1695617527.241433
1,9696,1695617527.2653363
1,9712,1695617527.2835827
1,9728,1695617527.301162
1,9744,1695617527.317103
1,9760,1695617527.3381732
1,9776,1695617527.3602202
1,9792,1695617527.381386
1,9808,1695617527.3965273
1,9824,1695617527.4172037
1,9840,1695617527.4412832
1,9856,1695617527.461114
1,9872,1695617527.4779687
1,9888,1695617527.5000563
1,9904,1695617527.5218823
1,9920,1695617527.5427597
1,9936,1695617527.5623796
1,9952,1695617527.589063
1,9968,1695617527.6074207
1,9984,1695617527.6319344
1,10000,1695617527.6584208
1,10016,1695617527.6781244
1,10032,1695617527.6958563
1,10048,1695617527.715848
1,10064,1695617527.7391531
1,10080,1695617527.7592247
1,10096,1695617527.774879
1,10112,1695617527.7922645
1,10128,1695617527.811998
1,10144,1695617527.8320458
1,10160,1695617527.8519084
1,10176,1695617527.8718724
1,10192,1695617527.8916774
1,10208,1695617527.9115217
1,10224,1695617527.9320548
1,10240,1695617527.954418
1,10256,1695617527.9784174
1,10272,1695617528.0010865
1,10288,1695617528.0251267
1,10304,1695617528.0432987
1,10320,1695617528.0611796
1,10336,1695617528.0772653
1,10352,1695617528.098581
1,10368,1695617528.1206317
1,10384,1695617528.1447284
1,10400,1695617528.166373
1,10416,1695617528.1864738
1,10432,1695617528.20621
1,10448,1695617528.2263858
1,10464,1695617528.2464232
1,10480,1695617528.2662668
1,10496,1695617528.2854874
1,10512,1695617528.3055737
1,10528,1695617528.326796
1,10544,1695617528.3536177
1,10560,1695617528.3708937
1,10576,1695617528.3898735
1,10592,1695617528.4055872
1,10608,1695617528.4305267
1,10624,1695617528.4498954
1,10640,1695617528.472851
1,10656,1695617528.4930964
1,10672,1695617528.5103552
1,10688,1695617528.5335112
1,10704,1695617528.5539343
1,10720,1695617528.5768445
1,10736,1695617528.599158
1,10752,1695617528.6180887
1,10768,1695617528.63998
1,10784,1695617528.665492
1,10800,1695617528.6829367
1,10816,1695617528.7086697
1,10832,1695617528.7292464
1,10848,1695617528.7531192
1,10864,1695617528.7715569
1,10880,1695617528.7892735
1,10896,1695617528.805553
1,10912,1695617528.8256414
1,10928,1695617528.8469222
1,10944,1695617528.8661115
1,10960,1695617528.8913183
1,10976,1695617528.9134827
1,10992,1695617528.9367385
1,11008,1695617528.9581876
1,11024,1695617528.978937
1,11040,1695617528.9988177
1,11056,1695617529.0209894
1,11072,1695617529.044311
1,11088,1695617529.0662322
1,11104,1695617529.0866675
1,11120,1695617529.1073751
1,11136,1695617529.1284783
1,11152,1695617529.1532073
1,11168,1695617529.172523
1,11184,1695617529.1937616
1,11200,1695617529.2167883
1,11216,1695617529.2391276
1,11232,1695617529.2586775
1,11248,1695617529.2744315
1,11264,1695617529.2963383
1,11280,1695617529.3186028
1,11296,1695617529.3385384
1,11312,1695617529.358634
1,11328,1695617529.3804567
1,11344,1695617529.4014103
1,11360,1695617529.4261343
1,11376,1695617529.4457748
1,11392,1695617529.4659233
1,11408,1695617529.492748
1,11424,1695617529.5127883
1,11440,1695617529.5341086
1,11456,1695617529.5569308
1,11472,1695617529.5787194
1,11488,1695617529.5935004
1,11504,1695617529.6175454
1,11520,1695617529.6350048
1,11536,1695617529.653437
1,11552,1695617529.6784909
1,11568,1695617529.7011378
1,11584,1695617529.7270563
1,11600,1695617529.749356
1,11616,1695617529.7696378
1,11632,1695617529.7897997
1,11648,1695617529.8123825
1,11664,1695617529.8375642
1,11680,1695617529.8548496
1,11696,1695617529.8799872
1,11712,1695617529.9005523
1,11728,1695617529.9167745
1,11744,1695617529.9376516
1,11760,1695617529.9589422
1,11776,1695617529.9780507
1,11792,1695617529.9988053
1,11808,1695617530.0137193
1,11824,1695617530.0371552
1,11840,1695617530.054983
1,11856,1695617530.072972
1,11872,1695617530.0935423
1,11888,1695617530.1142871
1,11904,1695617530.1386895
1,11920,1695617530.1557033
1,11936,1695617530.1732695
1,11952,1695617530.1905086
1,11968,1695617530.2059789
1,11984,1695617530.2304072
1,12000,1695617530.2497895
1,12016,1695617530.2709756
1,12032,1695617530.29769
1,12048,1695617530.316063
1,12064,1695617530.3366075
1,12080,1695617530.3529332
1,12096,1695617530.3734145
1,12112,1695617530.3950484
1,12128,1695617530.414836
1,12144,1695617530.4366858
1,12160,1695617530.4547188
1,12176,1695617530.4682384
1,12192,1695617530.4836698
1,12208,1695617530.4978278
1,12224,1695617530.514871
1,12240,1695617530.530356
1,12256,1695617530.545015
1,12272,1695617530.5716856
1,12288,1695617530.5949936
1,12304,1695617530.6101098
1,12320,1695617530.629634
1,12336,1695617530.6491392
1,12352,1695617530.6708047
1,12368,1695617530.6914113
1,12384,1695617530.7153137
1,12400,1695617530.7363584
1,12416,1695617530.7593694
1,12432,1695617530.7790787
1,12448,1695617530.800951
1,12464,1695617530.8226104
1,12480,1695617530.8456566
1,12496,1695617530.8667352
1,12512,1695617530.8894596
1,12528,1695617530.910854
1,12544,1695617530.930547
1,12560,1695617530.9549565
1,12576,1695617530.976764
1,12592,1695617530.9992187
1,12608,1695617531.0190916
1,12624,1695617531.0450962
1,12640,1695617531.0654597
1,12656,1695617531.0895946
1,12672,1695617531.1110783
1,12688,1695617531.1353066
1,12704,1695617531.1565015
1,12720,1695617531.1790743
1,12736,1695617531.1986291
1,12752,1695617531.225182
1,12768,1695617531.245616
1,12784,1695617531.2663474
1,12800,1695617531.2865
1,12816,1695617531.3062139
1,12832,1695617531.326358
1,12848,1695617531.3466132
1,12864,1695617531.3663805
1,12880,1695617531.3910449
1,12896,1695617531.4130247
1,12912,1695617531.4327383
1,12928,1695617531.452493
1,12944,1695617531.470753
1,12960,1695617531.490151
1,12976,1695617531.5109904
1,12992,1695617531.5305555
1,13008,1695617531.550276
1,13024,1695617531.5708883
1,13040,1695617531.5907514
1,13056,1695617531.6105967
1,13072,1695617531.6303656
1,13088,1695617531.6506028
1,13104,1695617531.6704428
1,13120,1695617531.6903718
1,13136,1695617531.7109933
1,13152,1695617531.7307997
1,13168,1695617531.7503045
1,13184,1695617531.7706225
1,13200,1695617531.790523
1,13216,1695617531.8109527
1,13232,1695617531.8307714
1,13248,1695617531.850295
1,13264,1695617531.8707662
1,13280,1695617531.8907893
1,13296,1695617531.9101682
1,13312,1695617531.92845
1,13328,1695617531.9473882
1,13344,1695617531.9650574
1,13360,1695617531.982245
1,13376,1695617531.9962296
1,13392,1695617532.0116606
1,13408,1695617532.0255234
1,13424,1695617532.0427012
1,13440,1695617532.0570843
1,13456,1695617532.0715234
1,13472,1695617532.0853102
1,13488,1695617532.1026418
1,13504,1695617532.116581
1,13520,1695617532.1317785
1,13536,1695617532.1473205
1,13552,1695617532.1630604
1,13568,1695617532.1773975
1,13584,1695617532.1921995
1,13600,1695617532.206658
1,13616,1695617532.2219796
1,13632,1695617532.2379494
1,13648,1695617532.2515616
1,13664,1695617532.266699
1,13680,1695617532.2806196
1,13696,1695617532.2962573
1,13712,1695617532.3107913
1,13728,1695617532.326339
1,13744,1695617532.3414872
1,13760,1695617532.3566172
1,13776,1695617532.3738303
1,13792,1695617532.3875444
1,13808,1695617532.4027884
1,13824,1695617532.4181538
1,13840,1695617532.43276
1,13856,1695617532.4479952
1,13872,1695617532.4620245
1,13888,1695617532.478934
1,13904,1695617532.4926493
1,13920,1695617532.508186
1,13936,1695617532.5226758
1,13952,1695617532.5384326
1,13968,1695617532.5524268
1,13984,1695617532.5673609
1,14000,1695617532.5827646
1,14016,1695617532.5985713
1,14032,1695617532.613988
1,14048,1695617532.6288018
1,14064,1695617532.6440313
1,14080,1695617532.658051
1,14096,1695617532.672589
1,14112,1695617532.6876202
1,14128,1695617532.7014954
1,14144,1695617532.716941
1,14160,1695617532.7319465
1,14176,1695617532.7471948
1,14192,1695617532.7629528
1,14208,1695617532.778069
1,14224,1695617532.7924666
1,14240,1695617532.8077545
1,14256,1695617532.822014
1,14272,1695617532.8370094
1,14288,1695617532.8537889
1,14304,1695617532.8674827
1,14320,1695617532.8829548
1,14336,1695617532.8982062
1,14352,1695617532.9129465
1,14368,1695617532.9278338
1,14384,1695617532.943322
1,14400,1695617532.9589815
1,14416,1695617532.9743388
1,14432,1695617532.9938955
1,14448,1695617533.0188007
1,14464,1695617533.0333776
1,14480,1695617533.0573199
1,14496,1695617533.0774043
1,14512,1695617533.0987723
1,14528,1695617533.118127
1,14544,1695617533.1440032
1,14560,1695617533.1665924
1,14576,1695617533.1866448
1,14592,1695617533.2061107
1,14608,1695617533.2267115
1,14624,1695617533.2461717
1,14640,1695617533.2664905
1,14656,1695617533.2861865
1,14672,1695617533.3065104
1,14688,1695617533.3263643
1,14704,1695617533.3463135
1,14720,1695617533.366514
1,14736,1695617533.3864243
1,14752,1695617533.4066608
1,14768,1695617533.4212832
1,14784,1695617533.4446044
1,14800,1695617533.4665174
1,14816,1695617533.4866567
1,14832,1695617533.510058
1,14848,1695617533.5307999
1,14864,1695617533.5498679
1,14880,1695617533.5744379
1,14896,1695617533.5903132
1,14912,1695617533.612705
1,14928,1695617533.6346555
1,14944,1695617533.6542268
1,14960,1695617533.6733503
1,14976,1695617533.693728
1,14992,1695617533.714122
1,15008,1695617533.738245
1,15024,1695617533.758483
1,15040,1695617533.7783194
1,15056,1695617533.7981546
1,15072,1695617533.8217888
1,15088,1695617533.8427923
1,15104,1695617533.8628912
1,15120,1695617533.887579
1,15136,1695617533.9089062
1,15152,1695617533.9308615
1,15168,1695617533.9514494
1,15184,1695617533.9673815
1,15200,1695617533.9877322
1,15216,1695617534.0107417
1,15232,1695617534.0317106
1,15248,1695617534.0527136
1,15264,1695617534.07469
1,15280,1695617534.089872
1,15296,1695617534.1133215
1,15312,1695617534.1327083
1,15328,1695617534.1548505
1,15344,1695617534.1755338
1,15360,1695617534.1990283
1,15376,1695617534.218933
1,15392,1695617534.245051
1,15408,1695617534.2681627
1,15424,1695617534.2906914
1,15440,1695617534.3054342
1,15456,1695617534.3265
1,15472,1695617534.3482234
1,15488,1695617534.3709247
1,15504,1695617534.391025
1,15520,1695617534.4173667
1,15536,1695617534.4352481
1,15552,1695617534.4606924
1,15568,1695617534.4818285
1,15584,1695617534.5026605
1,15600,1695617534.5221891
1,15616,1695617534.5425255
1,15632,1695617534.5624673
1,15648,1695617534.5822713
1,15664,1695617534.6056542
1,15680,1695617534.6267076
1,15696,1695617534.645958
1,15712,1695617534.6631246
1,15728,1695617534.6785603
1,15744,1695617534.6973982
1,15760,1695617534.7149103
1,15776,1695617534.7363017
1,15792,1695617534.7586834
1,15808,1695617534.7792587
1,15824,1695617534.8029578
1,15840,1695617534.8266528
1,15856,1695617534.8462157
1,15872,1695617534.8667374
1,15888,1695617534.893465
1,15904,1695617534.9136157
1,15920,1695617534.9345584
1,15936,1695617534.9543428
1,15952,1695617534.9745548
1,15968,1695617534.9943616
1,15984,1695617535.0146558
1,16000,1695617535.0347672
1,16016,1695617535.059622
1,16032,1695617535.081058
1,16048,1695617535.1027436
1,16064,1695617535.117649
1,16080,1695617535.1409376
1,16096,1695617535.1628196
1,16112,1695617535.1849236
1,16128,1695617535.2065425
1,16144,1695617535.226864
1,16160,1695617535.25013
1,16176,1695617535.270711
1,16192,1695617535.2900872
1,16208,1695617535.310799
1,16224,1695617535.3301947
1,16240,1695617535.3465064
1,16256,1695617535.3706028
1,16272,1695617535.3899596
1,16288,1695617535.4128714
1,16304,1695617535.4339201
1,16320,1695617535.4546597
1,16336,1695617535.4742365
1,16352,1695617535.4941826
1,16368,1695617535.5146928
1,16384,1695617535.528513
1,16400,1695617535.547981
1,16416,1695617535.5735636
1,16432,1695617535.5908575
1,16448,1695617535.6163023
1,16464,1695617535.6380076
1,16480,1695617535.6581888
1,16496,1695617535.6787734
1,16512,1695617535.697959
1,16528,1695617535.7179527
1,16544,1695617535.7385006
1,16560,1695617535.7600808
1,16576,1695617535.785845
1,16592,1695617535.7999034
1,16608,1695617535.8147938
1,16624,1695617535.8344624
1,16640,1695617535.8545501
1,16656,1695617535.8774507
1,16672,1695617535.8989193
1,16688,1695617535.913583
1,16704,1695617535.934266
1,16720,1695617535.9545627
1,16736,1695617535.9744203
1,16752,1695617535.9943905
1,16768,1695617536.0143018
1,16784,1695617536.0345876
1,16800,1695617536.0544326
1,16816,1695617536.07469
1,16832,1695617536.0981877
1,16848,1695617536.1188598
1,16864,1695617536.1335435
1,16880,1695617536.15476
1,16896,1695617536.1759677
1,16912,1695617536.2036107
1,16928,1695617536.2253978
1,16944,1695617536.245231
1,16960,1695617536.269133
1,16976,1695617536.2885318
1,16992,1695617536.3093836
1,17008,1695617536.3325975
1,17024,1695617536.3542635
1,17040,1695617536.37437
1,17056,1695617536.3943734
1,17072,1695617536.4143796
1,17088,1695617536.4343998
1,17104,1695617536.4543462
1,17120,1695617536.474407
1,17136,1695617536.494485
1,17152,1695617536.514543
1,17168,1695617536.5296104
1,17184,1695617536.5531154
1,17200,1695617536.5724378
1,17216,1695617536.5931678
1,17232,1695617536.6125236
1,17248,1695617536.6382504
1,17264,1695617536.657391
1,17280,1695617536.6726844
1,17296,1695617536.6933208
1,17312,1695617536.7150252
1,17328,1695617536.7334158
1,17344,1695617536.7493098
1,17360,1695617536.769758
1,17376,1695617536.7906954
1,17392,1695617536.8102236
1,17408,1695617536.8304665
1,17424,1695617536.8503425
1,17440,1695617536.8702183
1,17456,1695617536.8904395
1,17472,1695617536.910329
1,17488,1695617536.930241
1,17504,1695617536.950637
1,17520,1695617536.9706573
1,17536,1695617536.990748
1,17552,1695617537.0059283
1,17568,1695617537.0238078
1,17584,1695617537.044797
1,17600,1695617537.0700247
1,17616,1695617537.0893457
1,17632,1695617537.1060362
1,17648,1695617537.1299086
1,17664,1695617537.1510694
1,17680,1695617537.1696835
1,17696,1695617537.186174
1,17712,1695617537.2052388
1,17728,1695617537.2271724
1,17744,1695617537.242259
1,17760,1695617537.264517
1,17776,1695617537.2868521
1,17792,1695617537.301809
1,17808,1695617537.319253
1,17824,1695617537.338839
1,17840,1695617537.3629992
1,17856,1695617537.3828833
1,17872,1695617537.4016078
1,17888,1695617537.4174988
1,17904,1695617537.4355054
1,17920,1695617537.455949
1,17936,1695617537.4769893
1,17952,1695617537.4992182
1,17968,1695617537.516642
1,17984,1695617537.5398974
1,18000,1695617537.5606704
1,18016,1695617537.5852306
1,18032,1695617537.604648
1,18048,1695617537.631189
1,18064,1695617537.6520789
1,18080,1695617537.675051
1,18096,1695617537.6955829
1,18112,1695617537.7191021
1,18128,1695617537.7426949
1,18144,1695617537.764147
1,18160,1695617537.7870917
1,18176,1695617537.8074276
1,18192,1695617537.8299103
1,18208,1695617537.8509557
1,18224,1695617537.8659136
1,18240,1695617537.8863275
1,18256,1695617537.9105217
1,18272,1695617537.9323194
1,18288,1695617537.9550211
1,18304,1695617537.9748912
1,18320,1695617538.0013838
1,18336,1695617538.0216396
1,18352,1695617538.042849
1,18368,1695617538.062916
1,18384,1695617538.084986
1,18400,1695617538.1091478
1,18416,1695617538.1292293
1,18432,1695617538.1502664
1,18448,1695617538.17049
1,18464,1695617538.1875353
1,18480,1695617538.2050695
1,18496,1695617538.2241385
1,18512,1695617538.2430632
1,18528,1695617538.262453
1,18544,1695617538.282998
1,18560,1695617538.3005733
1,18576,1695617538.3173697
1,18592,1695617538.3431928
1,18608,1695617538.365244
1,18624,1695617538.3863244
1,18640,1695617538.4073713
1,18656,1695617538.432888
1,18672,1695617538.4530497
1,18688,1695617538.4743893
1,18704,1695617538.4973202
1,18720,1695617538.5188463
1,18736,1695617538.5384912
1,18752,1695617538.5629618
1,18768,1695617538.583144
1,18784,1695617538.6091325
1,18800,1695617538.6290472
1,18816,1695617538.650479
1,18832,1695617538.6729496
1,18848,1695617538.694913
1,18864,1695617538.7097614
1,18880,1695617538.729833
1,18896,1695617538.754354
1,18912,1695617538.7769716
1,18928,1695617538.7991374
1,18944,1695617538.8179307
1,18960,1695617538.8351953
1,18976,1695617538.8530343
1,18992,1695617538.8724759
1,19008,1695617538.8911273
1,19024,1695617538.910546
1,19040,1695617538.9305828
1,19056,1695617538.9502413
1,19072,1695617538.9681344
1,19088,1695617538.9852006
1,19104,1695617539.0034099
1,19120,1695617539.0203545
1,19136,1695617539.0387905
1,19152,1695617539.058251
1,19168,1695617539.0788903
1,19184,1695617539.0992916
1,19200,1695617539.1188636
1,19216,1695617539.139003
1,19232,1695617539.1587203
1,19248,1695617539.1788526
1,19264,1695617539.1985676
1,19280,1695617539.2187412
1,19296,1695617539.2381094
1,19312,1695617539.262227
1,19328,1695617539.2849233
1,19344,1695617539.3057728
1,19360,1695617539.3266153
1,19376,1695617539.3486426
1,19392,1695617539.366592
1,19408,1695617539.3837104
1,19424,1695617539.4008548
1,19440,1695617539.4208617
1,19456,1695617539.4458816
1,19472,1695617539.4664655
1,19488,1695617539.4861526
1,19504,1695617539.5129952
1,19520,1695617539.5335207
1,19536,1695617539.5546672
1,19552,1695617539.5685432
1,19568,1695617539.587934
1,19584,1695617539.6134627
1,19600,1695617539.6304812
1,19616,1695617539.655008
1,19632,1695617539.6697683
1,19648,1695617539.6894357
1,19664,1695617539.7107456
1,19680,1695617539.730187
1,19696,1695617539.7503798
1,19712,1695617539.770183
1,19728,1695617539.790418
1,19744,1695617539.8105488
1,19760,1695617539.8302588
1,19776,1695617539.8498092
1,19792,1695617539.8701434
1,19808,1695617539.8970163
1,19824,1695617539.9176383
1,19840,1695617539.9385881
1,19856,1695617539.958303
1,19872,1695617539.9785597
1,19888,1695617539.998323
1,19904,1695617540.0185716
1,19920,1695617540.038304
1,19936,1695617540.0584655
1,19952,1695617540.0783563
1,19968,1695617540.0984404
1,19984,1695617540.1185353
1,20000,1695617540.1381068
1,20016,1695617540.1584156
1,20032,1695617540.178598
1,20048,1695617540.1979835
1,20064,1695617540.2185397
1,20080,1695617540.238535
1,20096,1695617540.2582161
1,20112,1695617540.2788262
1,20128,1695617540.2982929
1,20144,1695617540.3229365
1,20160,1695617540.3446398
1,20176,1695617540.3675213
1,20192,1695617540.3874166
1,20208,1695617540.4112601
1,20224,1695617540.4315903
1,20240,1695617540.453602
1,20256,1695617540.4767716
1,20272,1695617540.4982588
1,20288,1695617540.5182996
1,20304,1695617540.5382223
1,20320,1695617540.5611806
1,20336,1695617540.5828843
1,20352,1695617540.6019628
1,20368,1695617540.6184747
1,20384,1695617540.6368663
1,20400,1695617540.659201
1,20416,1695617540.6788049
1,20432,1695617540.693387
1,20448,1695617540.717112
1,20464,1695617540.7360206
1,20480,1695617540.7611032
1,20496,1695617540.7786596
1,20512,1695617540.7979867
1,20528,1695617540.8189611
1,20544,1695617540.8337612
1,20560,1695617540.8571508
1,20576,1695617540.8759468
1,20592,1695617540.8973062
1,20608,1695617540.921152
1,20624,1695617540.9404516
1,20640,1695617540.9648027
1,20656,1695617540.986627
1,20672,1695617541.0062768
1,20688,1695617541.0264
1,20704,1695617541.0464666
1,20720,1695617541.0664864
1,20736,1695617541.0854006
1,20752,1695617541.1091154
1,20768,1695617541.13028
1,20784,1695617541.150637
1,20800,1695617541.1711822
1,20816,1695617541.196237
1,20832,1695617541.2177851
1,20848,1695617541.2392375
1,20864,1695617541.2591631
1,20880,1695617541.2744038
1,20896,1695617541.2942235
1,20912,1695617541.314547
1,20928,1695617541.334275
1,20944,1695617541.3545282
1,20960,1695617541.3744714
1,20976,1695617541.3943536
1,20992,1695617541.414147
1,21008,1695617541.4345672
1,21024,1695617541.4542506
1,21040,1695617541.4742432
1,21056,1695617541.494361
1,21072,1695617541.5146966
1,21088,1695617541.5349379
1,21104,1695617541.5510588
1,21120,1695617541.567969
1,21136,1695617541.5864446
1,21152,1695617541.6068928
1,21168,1695617541.6263614
1,21184,1695617541.6467175
1,21200,1695617541.6664596
1,21216,1695617541.6861498
1,21232,1695617541.704318
1,21248,1695617541.721385
1,21264,1695617541.7390301
1,21280,1695617541.7569478
1,21296,1695617541.775705
1,21312,1695617541.7936559
1,21328,1695617541.8097465
1,21344,1695617541.82957
1,21360,1695617541.8519971
1,21376,1695617541.8756318
1,21392,1695617541.8952038
1,21408,1695617541.9167774
1,21424,1695617541.93966
1,21440,1695617541.9625952
1,21456,1695617541.9837048
1,21472,1695617542.0049706
1,21488,1695617542.0255592
1,21504,1695617542.0405989
1,21520,1695617542.0610416
1,21536,1695617542.0828152
1,21552,1695617542.1026142
1,21568,1695617542.1246638
1,21584,1695617542.145511
1,21600,1695617542.165267
1,21616,1695617542.184892
1,21632,1695617542.2075474
1,21648,1695617542.2277427
1,21664,1695617542.2496624
1,21680,1695617542.2715611
1,21696,1695617542.2944295
1,21712,1695617542.3163033
1,21728,1695617542.3383615
1,21744,1695617542.3572974
1,21760,1695617542.3776827
1,21776,1695617542.3982627
1,21792,1695617542.4185176
1,21808,1695617542.4380903
1,21824,1695617542.458486
1,21840,1695617542.478598
1,21856,1695617542.498172
1,21872,1695617542.5184298
1,21888,1695617542.5381532
1,21904,1695617542.558553
1,21920,1695617542.5781667
1,21936,1695617542.598736
1,21952,1695617542.6182034
1,21968,1695617542.6420124
1,21984,1695617542.6627336
1,22000,1695617542.682486
1,22016,1695617542.706606
1,22032,1695617542.7220397
1,22048,1695617542.7434185
1,22064,1695617542.7637274
1,22080,1695617542.7871387
1,22096,1695617542.8081803
1,22112,1695617542.8289073
1,22128,1695617542.848797
1,22144,1695617542.8711298
1,22160,1695617542.890349
1,22176,1695617542.9120235
1,22192,1695617542.936026
1,22208,1695617542.9552097
1,22224,1695617542.978731
1,22240,1695617543.0030274
1,22256,1695617543.0176663
1,22272,1695617543.0384152
1,22288,1695617543.058512
1,22304,1695617543.07827
1,22320,1695617543.0987997
1,22336,1695617543.1172009
1,22352,1695617543.1376987
1,22368,1695617543.1583378
1,22384,1695617543.1785164
1,22400,1695617543.1979158
1,22416,1695617543.2187374
1,22432,1695617543.2380748
1,22448,1695617543.258445
1,22464,1695617543.2784257
1,22480,1695617543.298274
1,22496,1695617543.3184075
1,22512,1695617543.3385901
1,22528,1695617543.358598
1,22544,1695617543.3781476
1,22560,1695617543.3984702
1,22576,1695617543.4186144
1,22592,1695617543.441233
1,22608,1695617543.4629166
1,22624,1695617543.4825585
1,22640,1695617543.5069776
1,22656,1695617543.5285993
1,22672,1695617543.5511835
1,22688,1695617543.565838
1,22704,1695617543.587839
1,22720,1695617543.6110644
1,22736,1695617543.6295211
1,22752,1695617543.650053
1,22768,1695617543.676895
1,22784,1695617543.700312
1,22800,1695617543.7214842
1,22816,1695617543.7427208
1,22832,1695617543.7574248
1,22848,1695617543.7813842
1,22864,1695617543.7989657
1,22880,1695617543.8234537
1,22896,1695617543.8450854
1,22912,1695617543.8668516
1,22928,1695617543.8865025
1,22944,1695617543.913109
1,22960,1695617543.9361026
1,22976,1695617543.9588656
1,22992,1695617543.978475
1,23008,1695617544.0034547
1,23024,1695617544.0239148
1,23040,1695617544.046933
1,23056,1695617544.068373
1,23072,1695617544.0911968
1,23088,1695617544.106132
1,23104,1695617544.128883
1,23120,1695617544.148897
1,23136,1695617544.1680493
1,23152,1695617544.1910095
1,23168,1695617544.211562
1,23184,1695617544.2335129
1,23200,1695617544.2565768
1,23216,1695617544.2751596
1,23232,1695617544.2932863
1,23248,1695617544.3175967
1,23264,1695617544.3353047
1,23280,1695617544.3538961
1,23296,1695617544.3695896
1,23312,1695617544.394503
1,23328,1695617544.416528
1,23344,1695617544.4375327
1,23360,1695617544.453245
1,23376,1695617544.473446
1,23392,1695617544.4947064
1,23408,1695617544.514729
1,23424,1695617544.5367758
1,23440,1695617544.557254
1,23456,1695617544.5748367
1,23472,1695617544.5903873
1,23488,1695617544.6143823
1,23504,1695617544.6360254
1,23520,1695617544.661134
1,23536,1695617544.6817687
1,23552,1695617544.702692
1,23568,1695617544.717585
1,23584,1695617544.73794
1,23600,1695617544.7587266
1,23616,1695617544.7780986
1,23632,1695617544.7984357
1,23648,1695617544.8182385
1,23664,1695617544.8384793
1,23680,1695617544.857824
1,23696,1695617544.8785386
1,23712,1695617544.8984683
1,23728,1695617544.917983
1,23744,1695617544.9388258
1,23760,1695617544.9587216
1,23776,1695617544.9737089
1,23792,1695617544.9975457
1,23808,1695617545.0146213
1,23824,1695617545.0392911
1,23840,1695617545.0604978
1,23856,1695617545.0855534
1,23872,1695617545.104307
1,23888,1695617545.1254427
1,23904,1695617545.1482985
1,23920,1695617545.170502
1,23936,1695617545.1902497
1,23952,1695617545.210375
1,23968,1695617545.2305021
1,23984,1695617545.2499616
1,24000,1695617545.2705867
1,24016,1695617545.2902596
1,24032,1695617545.3104577
1,24048,1695617545.330684
1,24064,1695617545.3505542
1,24080,1695617545.3660743
1,24096,1695617545.3839595
1,24112,1695617545.404326
1,24128,1695617545.4235215
1,24144,1695617545.4427786
1,24160,1695617545.466969
1,24176,1695617545.4878683
1,24192,1695617545.5093603
1,24208,1695617545.5333292
1,24224,1695617545.5595193
1,24240,1695617545.5833604
1,24256,1695617545.60285
1,24272,1695617545.6272008
1,24288,1695617545.642312
1,24304,1695617545.665029
1,24320,1695617545.6865985
1,24336,1695617545.7061484
1,24352,1695617545.7318935
1,24368,1695617545.7523499
1,24384,1695617545.7749574
1,24400,1695617545.7953587
1,24416,1695617545.819238
1,24432,1695617545.840147
1,24448,1695617545.8632154
1,24464,1695617545.8823524
1,24480,1695617545.8988938
1,24496,1695617545.9231205
1,24512,1695617545.9442873
1,24528,1695617545.969536
1,24544,1695617545.9886007
1,24560,1695617546.0107088
1,24576,1695617546.025706
1,24592,1695617546.0491202
1,24608,1695617546.066085
1,24624,1695617546.0931444
1,24640,1695617546.1129813
1,24656,1695617546.1348283
1,24672,1695617546.1549747
1,24688,1695617546.1790094
1,24704,1695617546.1939945
1,24720,1695617546.2138155
1,24736,1695617546.2351043
1,24752,1695617546.2545702
1,24768,1695617546.2809775
1,24784,1695617546.300741
1,24800,1695617546.3220816
1,24816,1695617546.3426168
1,24832,1695617546.3623767
1,24848,1695617546.382363
1,24864,1695617546.402465
1,24880,1695617546.4222791
1,24896,1695617546.4425273
1,24912,1695617546.4626243
1,24928,1695617546.482199
1,24944,1695617546.502423
1,24960,1695617546.5224102
1,24976,1695617546.542315
1,24992,1695617546.5626557
1,25008,1695617546.5775688
1,25024,1695617546.6014535
1,25040,1695617546.6197731
1,25056,1695617546.6454463
1,25072,1695617546.6641953
1,25088,1695617546.6897354
1,25104,1695617546.7093492
1,25120,1695617546.7271686
1,25136,1695617546.751095
1,25152,1695617546.7700193
1,25168,1695617546.7944472
1,25184,1695617546.8169298
1,25200,1695617546.8390336
1,25216,1695617546.8593204
1,25232,1695617546.8834467
1,25248,1695617546.9036996
1,25264,1695617546.927365
1,25280,1695617546.947475
1,25296,1695617546.9694695
1,25312,1695617546.9912968
1,25328,1695617547.0111217
1,25344,1695617547.0354233
1,25360,1695617547.0567234
1,25376,1695617547.0790617
1,25392,1695617547.0986109
1,25408,1695617547.1251235
1,25424,1695617547.1441574
1,25440,1695617547.1694827
1,25456,1695617547.18639
1,25472,1695617547.211207
1,25488,1695617547.232387
1,25504,1695617547.257722
1,25520,1695617547.275331
1,25536,1695617547.3013003
1,25552,1695617547.3199627
1,25568,1695617547.3453436
1,25584,1695617547.3660707
1,25600,1695617547.388504
1,25616,1695617547.410846
1,25632,1695617547.4316266
1,25648,1695617547.4551728
1,25664,1695617547.4698637
1,25680,1695617547.4930532
1,25696,1695617547.5130188
1,25712,1695617547.5351849
1,25728,1695617547.5550773
1,25744,1695617547.5815198
1,25760,1695617547.5999007
1,25776,1695617547.6257486
1,25792,1695617547.6456401
1,25808,1695617547.6669254
1,25824,1695617547.6863947
1,25840,1695617547.7041194
1,25856,1695617547.7223833
1,25872,1695617547.7422898
1,25888,1695617547.7622032
1,25904,1695617547.7826836
1,25920,1695617547.802712
1,25936,1695617547.8222456
1,25952,1695617547.8429697
1,25968,1695617547.862682
1,25984,1695617547.8824742
1,26000,1695617547.9027238
1,26016,1695617547.922625
1,26032,1695617547.9424741
1,26048,1695617547.9629228
1,26064,1695617547.982863
1,26080,1695617548.0026858
1,26096,1695617548.0227518
1,26112,1695617548.0427413
1,26128,1695617548.0624328
1,26144,1695617548.0822763
1,26160,1695617548.102802
1,26176,1695617548.122504
1,26192,1695617548.142392
1,26208,1695617548.1627636
1,26224,1695617548.182732
1,26240,1695617548.20318
1,26256,1695617548.2227693
1,26272,1695617548.2426445
1,26288,1695617548.26289
1,26304,1695617548.2824945
1,26320,1695617548.3021297
1,26336,1695617548.3224492
1,26352,1695617548.342543
1,26368,1695617548.3674476
1,26384,1695617548.3884435
1,26400,1695617548.411149
1,26416,1695617548.431107
1,26432,1695617548.4550586
1,26448,1695617548.4785235
1,26464,1695617548.5025065
1,26480,1695617548.525374
1,26496,1695617548.546863
1,26512,1695617548.5671582
1,26528,1695617548.5935578
1,26544,1695617548.6114452
1,26560,1695617548.6375155
1,26576,1695617548.6567934
1,26592,1695617548.6787663
1,26608,1695617548.6996753
1,26624,1695617548.7229962
1,26640,1695617548.7441344
1,26656,1695617548.766954
1,26672,1695617548.7872527
1,26688,1695617548.8136325
1,26704,1695617548.8315883
1,26720,1695617548.8574722
1,26736,1695617548.8752644
1,26752,1695617548.90152
1,26768,1695617548.9198759
1,26784,1695617548.9455333
1,26800,1695617548.962831
1,26816,1695617548.9874866
1,26832,1695617549.0099275
1,26848,1695617549.030782
1,26864,1695617549.051483
1,26880,1695617549.0752282
1,26896,1695617549.09551
1,26912,1695617549.1193657
1,26928,1695617549.1406174
1,26944,1695617549.1628268
1,26960,1695617549.1776838
1,26976,1695617549.201521
1,26992,1695617549.2228167
1,27008,1695617549.2448819
1,27024,1695617549.2651997
1,27040,1695617549.2849922
1,27056,1695617549.307116
1,27072,1695617549.3272302
1,27088,1695617549.3515294
1,27104,1695617549.3728113
1,27120,1695617549.3951972
1,27136,1695617549.4152927
1,27152,1695617549.4393337
1,27168,1695617549.4602962
1,27184,1695617549.4828222
1,27200,1695617549.5042262
1,27216,1695617549.5271192
1,27232,1695617549.54715
1,27248,1695617549.5696003
1,27264,1695617549.590801
1,27280,1695617549.6112616
1,27296,1695617549.635192
1,27312,1695617549.6566868
1,27328,1695617549.6790442
1,27344,1695617549.6996279
1,27360,1695617549.723553
1,27376,1695617549.7383742
1,27392,1695617549.76025
1,27408,1695617549.782905
1,27424,1695617549.7974136
1,27440,1695617549.8215518
1,27456,1695617549.841526
1,27472,1695617549.8629873
1,27488,1695617549.8768113
1,27504,1695617549.8979335
1,27520,1695617549.9207144
1,27536,1695617549.9421477
1,27552,1695617549.9638638
1,27568,1695617549.9911835
1,27584,1695617550.0139308
1,27600,1695617550.0350623
1,27616,1695617550.054139
1,27632,1695617550.0714297
1,27648,1695617550.0892074
1,27664,1695617550.1076424
1,27680,1695617550.132509
1,27696,1695617550.1522522
1,27712,1695617550.173561
1,27728,1695617550.1884432
1,27744,1695617550.2130806
1,27760,1695617550.2333193
1,27776,1695617550.2569184
1,27792,1695617550.2781732
1,27808,1695617550.2984722
1,27824,1695617550.318408
1,27840,1695617550.3384635
1,27856,1695617550.358314
1,27872,1695617550.37851
1,27888,1695617550.3981884
1,27904,1695617550.4185212
1,27920,1695617550.4386218
1,27936,1695617550.458174
1,27952,1695617550.4784312
1,27968,1695617550.4983613
1,27984,1695617550.5182197
1,28000,1695617550.538533
1,28016,1695617550.5584784
1,28032,1695617550.5784283
1,28048,1695617550.5984123
1,28064,1695617550.6182568
1,28080,1695617550.638495
1,28096,1695617550.6582732
1,28112,1695617550.678389
1,28128,1695617550.6988528
1,28144,1695617550.7135777
1,28160,1695617550.7345603
1,28176,1695617550.7538261
1,28192,1695617550.773391
1,28208,1695617550.7973223
1,28224,1695617550.8190873
1,28240,1695617550.8381026
1,28256,1695617550.8591065
1,28272,1695617550.878741
1,28288,1695617550.8950043
1,28304,1695617550.9142034
1,28320,1695617550.9317236
1,28336,1695617550.9482925
1,28352,1695617550.9649553
1,28368,1695617550.9820387
1,28384,1695617551.0018969
1,28400,1695617551.0229018
1,28416,1695617551.0421069
1,28432,1695617551.0640426
1,28448,1695617551.0895123
1,28464,1695617551.1093209
1,28480,1695617551.1307726
1,28496,1695617551.1505039
1,28512,1695617551.166836
1,28528,1695617551.1837015
1,28544,1695617551.2006443
1,28560,1695617551.2169995
1,28576,1695617551.2351902
1,28592,1695617551.2522097
1,28608,1695617551.268937
1,28624,1695617551.2855883
1,28640,1695617551.303283
1,28656,1695617551.3200774
1,28672,1695617551.3367949
1,28688,1695617551.3535793
1,28704,1695617551.3713963
1,28720,1695617551.388236
1,28736,1695617551.404956
1,28752,1695617551.4217057
1,28768,1695617551.4391835
1,28784,1695617551.4581983
1,28800,1695617551.478826
1,28816,1695617551.496518
1,28832,1695617551.513143
1,28848,1695617551.5305736
1,28864,1695617551.5472069
1,28880,1695617551.5638204
1,28896,1695617551.5805502
1,28912,1695617551.5978205
1,28928,1695617551.6148186
1,28944,1695617551.6319413
1,28960,1695617551.6486568
1,28976,1695617551.6657925
1,28992,1695617551.6826668
1,29008,1695617551.7024863
1,29024,1695617551.7199485
1,29040,1695617551.7384439
1,29056,1695617551.7585378
1,29072,1695617551.7767131
1,29088,1695617551.793322
1,29104,1695617551.8106084
1,29120,1695617551.8273046
1,29136,1695617551.8464448
1,29152,1695617551.8665473
1,29168,1695617551.8844998
1,29184,1695617551.9012175
1,29200,1695617551.918647
1,29216,1695617551.935553
1,29232,1695617551.9523325
1,29248,1695617551.9751098
1,29264,1695617551.9954035
1,29280,1695617552.0165417
1,29296,1695617552.037681
1,29312,1695617552.061825
1,29328,1695617552.0843997
1,29344,1695617552.1082423
1,29360,1695617552.1290317
1,29376,1695617552.152892
1,29392,1695617552.1747077
1,29408,1695617552.1944518
1,29424,1695617552.214563
1,29440,1695617552.2345726
1,29456,1695617552.2542362
1,29472,1695617552.2748325
1,29488,1695617552.2940414
1,29504,1695617552.3115501
1,29520,1695617552.3274696
1,29536,1695617552.3464534
1,29552,1695617552.363927
1,29568,1695617552.380683
1,29584,1695617552.3977766
1,29600,1695617552.4146159
1,29616,1695617552.4319437
1,29632,1695617552.4486194
1,29648,1695617552.4712858
1,29664,1695617552.4888256
1,29680,1695617552.5080338
1,29696,1695617552.527275
1,29712,1695617552.5465739
1,29728,1695617552.5665214
1,29744,1695617552.586737
1,29760,1695617552.607142
1,29776,1695617552.6245646
1,29792,1695617552.6412857
1,29808,1695617552.6587615
1,29824,1695617552.676528
1,29840,1695617552.6949327
1,29856,1695617552.7125573
1,29872,1695617552.7293513
1,29888,1695617552.7468426
1,29904,1695617552.7645962
1,29920,1695617552.7829225
1,29936,1695617552.802723
1,29952,1695617552.8207579
1,29968,1695617552.8374252
1,29984,1695617552.8552587
1,30000,1695617552.8729808
1,30016,1695617552.8916538
1,30032,1695617552.9169602
1,30048,1695617552.939141
1,30064,1695617552.9541183
1,30080,1695617552.976991
1,30096,1695617552.9989088
1,30112,1695617553.0185864
1,30128,1695617553.035126
1,30144,1695617553.0520158
1,30160,1695617553.0687525
1,30176,1695617553.0854082
1,30192,1695617553.1033525
1,30208,1695617553.120214
1,30224,1695617553.1371017
1,30240,1695617553.1596048
1,30256,1695617553.1768808
1,30272,1695617553.1937325
1,30288,1695617553.2112234
1,30304,1695617553.2279367
1,30320,1695617553.2446456
1,30336,1695617553.261806
1,30352,1695617553.2784905
1,30368,1695617553.295752
1,30384,1695617553.3127236
1,30400,1695617553.3298733
1,30416,1695617553.3466876
1,30432,1695617553.363998
1,30448,1695617553.380697
1,30464,1695617553.3973317
1,30480,1695617553.4152057
1,30496,1695617553.432167
1,30512,1695617553.4488497
1,30528,1695617553.4653368
1,30544,1695617553.4830637
1,30560,1695617553.499986
1,30576,1695617553.516647
1,30592,1695617553.5329623
1,30608,1695617553.5510552
1,30624,1695617553.5680566
1,30640,1695617553.5847552
1,30656,1695617553.601311
1,30672,1695617553.6191866
1,30688,1695617553.6382024
1,30704,1695617553.6588333
1,30720,1695617553.676481
1,30736,1695617553.6928215
1,30752,1695617553.7098699
1,30768,1695617553.7276201
1,30784,1695617553.7462862
1,30800,1695617553.766511
1,30816,1695617553.7843487
1,30832,1695617553.8010929
1,30848,1695617553.81859
1,30864,1695617553.835192
1,30880,1695617553.8519275
1,30896,1695617553.8687894
1,30912,1695617553.8859737
1,30928,1695617553.9029093
1,30944,1695617553.920026
1,30960,1695617553.9367301
1,30976,1695617553.953897
1,30992,1695617553.970678
1,31008,1695617553.9878068
1,31024,1695617554.0048344
1,31040,1695617554.0219533
1,31056,1695617554.0387876
1,31072,1695617554.055907
1,31088,1695617554.072676
1,31104,1695617554.0892391
1,31120,1695617554.1071591
1,31136,1695617554.1240664
1,31152,1695617554.140804
1,31168,1695617554.1575701
1,31184,1695617554.1752973
1,31200,1695617554.1921587
1,31216,1695617554.2089062
1,31232,1695617554.2259808
1,31248,1695617554.2435505
1,31264,1695617554.2626324
1,31280,1695617554.2807596
1,31296,1695617554.2973201
1,31312,1695617554.3146253
1,31328,1695617554.3311102
1,31344,1695617554.3511553
1,31360,1695617554.3712935
1,31376,1695617554.3884804
1,31392,1695617554.4051087
1,31408,1695617554.422558
1,31424,1695617554.4417448
1,31440,1695617554.4592278
1,31456,1695617554.4762166
1,31472,1695617554.4924228
1,31488,1695617554.5121777
1,31504,1695617554.530799
1,31520,1695617554.5480714
1,31536,1695617554.5648417
1,31552,1695617554.5819323
1,31568,1695617554.5986145
1,31584,1695617554.6158764
1,31600,1695617554.6325772
1,31616,1695617554.6489398
1,31632,1695617554.6669402
1,31648,1695617554.6839008
1,31664,1695617554.7005832
1,31680,1695617554.7170873
1,31696,1695617554.7352488
1,31712,1695617554.7522063
1,31728,1695617554.7689483
1,31744,1695617554.7857203
1,31760,1695617554.803488
1,31776,1695617554.8200905
1,31792,1695617554.8367715
1,31808,1695617554.853523
1,31824,1695617554.871252
1,31840,1695617554.89028
1,31856,1695617554.9109461
1,31872,1695617554.9309003
1,31888,1695617554.9483778
1,31904,1695617554.9649708
1,31920,1695617554.980523
1,31936,1695617554.9970572
1,31952,1695617555.0144095
1,31968,1695617555.0308704
1,31984,1695617555.0477617
1,32000,1695617555.0647147
1,32016,1695617555.0812302
1,32032,1695617555.0991292
1,32048,1695617555.116009
1,32064,1695617555.132701
1,32080,1695617555.149331
1,32096,1695617555.1670334
1,32112,1695617555.1839907
1,32128,1695617555.2007356
1,32144,1695617555.217269
1,32160,1695617555.2351038
1,32176,1695617555.2541525
1,32192,1695617555.2725954
1,32208,1695617555.2892008
1,32224,1695617555.3057678
1,32240,1695617555.323292
1,32256,1695617555.3424964
1,32272,1695617555.3626766
1,32288,1695617555.3804328
1,32304,1695617555.3970563
1,32320,1695617555.413902
1,32336,1695617555.4315948
1,32352,1695617555.4482229
1,32368,1695617555.4639525
1,32384,1695617555.4806707
1,32400,1695617555.4972389
1,32416,1695617555.5153515
1,32432,1695617555.5321143
1,32448,1695617555.5488708
1,32464,1695617555.5653977
1,32480,1695617555.5833569
1,32496,1695617555.6023567
1,32512,1695617555.6229239
1,32528,1695617555.6404471
1,32544,1695617555.6570394
1,32560,1695617555.6738536
1,32576,1695617555.6915
1,32592,1695617555.7102168
1,32608,1695617555.7309263
1,32624,1695617555.747861
1,32640,1695617555.7689023
1,32656,1695617555.79335
1,32672,1695617555.8147907
1,32688,1695617555.834159
1,32704,1695617555.8545253
1,32720,1695617555.8741946
1,32736,1695617555.894273
1,32752,1695617555.9146442
1,32768,1695617555.934197
1,32784,1695617555.954289
1,32800,1695617555.9748473
1,32816,1695617555.9893277
1,32832,1695617556.0131426
1,32848,1695617556.0324993
1,32864,1695617556.055319
1,32880,1695617556.0754218
1,32896,1695617556.099442
1,32912,1695617556.1203892
1,32928,1695617556.1388803
1,32944,1695617556.1549628
1,32960,1695617556.1727734
1,32976,1695617556.1978297
1,32992,1695617556.2166388
1,33008,1695617556.2368703
1,33024,1695617556.2614844
1,33040,1695617556.281982
1,33056,1695617556.3019986
1,33072,1695617556.3212652
1,33088,1695617556.3410852
1,33104,1695617556.3605716
1,33120,1695617556.3811398
1,33136,1695617556.4019291
1,33152,1695617556.4223063
1,33168,1695617556.4420204
1,33184,1695617556.4622989
1,33200,1695617556.4823918
1,33216,1695617556.5023968
1,33232,1695617556.522314
1,33248,1695617556.5415473
1,33264,1695617556.5611904
1,33280,1695617556.5810459
1,33296,1695617556.6011236
1,33312,1695617556.6208296
1,33328,1695617556.639957
1,33344,1695617556.6648068
1,33360,1695617556.6848743
1,33376,1695617556.7021685
1,33392,1695617556.719047
1,33408,1695617556.7361503
1,33424,1695617556.7529027
1,33440,1695617556.7700074
1,33456,1695617556.786681
1,33472,1695617556.8039677
1,33488,1695617556.820809
1,33504,1695617556.8376231
1,33520,1695617556.8555195
1,33536,1695617556.872548
1,33552,1695617556.8892496
1,33568,1695617556.906736
1,33584,1695617556.9251475
1,33600,1695617556.9468815
1,33616,1695617556.9666657
1,33632,1695617556.993097
1,33648,1695617557.0128558
1,33664,1695617557.0337603
1,33680,1695617557.054073
1,33696,1695617557.076045
1,33712,1695617557.1015468
1,33728,1695617557.120186
1,33744,1695617557.1415942
1,33760,1695617557.1658235
1,33776,1695617557.1880786
1,33792,1695617557.2122586
1,33808,1695617557.2344394
1,33824,1695617557.2544205
1,33840,1695617557.2743292
1,33856,1695617557.29454
1,33872,1695617557.31445
1,33888,1695617557.3344178
1,33904,1695617557.354337
1,33920,1695617557.3744752
1,33936,1695617557.3944774
1,33952,1695617557.41463
1,33968,1695617557.4334784
1,33984,1695617557.4566703
1,34000,1695617557.478561
1,34016,1695617557.4981658
1,34032,1695617557.518406
1,34048,1695617557.5385165
1,34064,1695617557.558436
1,34080,1695617557.5780232
1,34096,1695617557.5985644
1,34112,1695617557.6175964
1,34128,1695617557.640815
1,34144,1695617557.662278
1,34160,1695617557.6827033
1,34176,1695617557.7022145
1,34192,1695617557.7224274
1,34208,1695617557.7424
1,34224,1695617557.7621467
1,34240,1695617557.7828484
1,34256,1695617557.7977395
1,34272,1695617557.8214324
1,34288,1695617557.8402028
1,34304,1695617557.8602839
1,34320,1695617557.8776517
1,34336,1695617557.8956964
1,34352,1695617557.9122007
1,34368,1695617557.930715
1,34384,1695617557.9498096
1,34400,1695617557.9671147
1,34416,1695617557.9856958
1,34432,1695617558.0031831
1,34448,1695617558.020749
1,34464,1695617558.0396812
1,34480,1695617558.058127
1,34496,1695617558.0762985
1,34512,1695617558.0930917
1,34528,1695617558.110544
1,34544,1695617558.1270952
1,34560,1695617558.144017
1,34576,1695617558.1607327
1,34592,1695617558.1772947
1,34608,1695617558.195114
1,34624,1695617558.2143095
1,34640,1695617558.2316067
1,34656,1695617558.2482493
1,34672,1695617558.2649457
1,34688,1695617558.2816873
1,34704,1695617558.299184
1,34720,1695617558.3161452
1,34736,1695617558.3328514
1,34752,1695617558.350623
1,34768,1695617558.367274
1,34784,1695617558.3864613
1,34800,1695617558.4065459
1,34816,1695617558.4243565
1,34832,1695617558.4409962
1,34848,1695617558.4575226
1,34864,1695617558.4754245
1,34880,1695617558.4942706
1,34896,1695617558.5148315
1,34912,1695617558.5325022
1,34928,1695617558.5492625
1,34944,1695617558.5664763
1,34960,1695617558.589829
1,34976,1695617558.605641
1,34992,1695617558.6294272
1,35008,1695617558.6481714
1,35024,1695617558.6692863
1,35040,1695617558.69322
1,35056,1695617558.7143407
1,35072,1695617558.734508
1,35088,1695617558.7542918
1,35104,1695617558.7743487
1,35120,1695617558.7949495
1,35136,1695617558.8144343
1,35152,1695617558.8318174
1,35168,1695617558.8478732
1,35184,1695617558.866763
1,35200,1695617558.886422
1,35216,1695617558.906196
1,35232,1695617558.9266005
1,35248,1695617558.946198
1,35264,1695617558.9645374
1,35280,1695617558.9812407
1,35296,1695617558.9986186
1,35312,1695617559.0155215
1,35328,1695617559.0344598
1,35344,1695617559.0546944
1,35360,1695617559.0725915
1,35376,1695617559.0893052
1,35392,1695617559.1067784
1,35408,1695617559.1244216
1,35424,1695617559.1420603
1,35440,1695617559.159796
1,35456,1695617559.1768084
1,35472,1695617559.1933281
1,35488,1695617559.2111197
1,35504,1695617559.230436
1,35520,1695617559.250626
1,35536,1695617559.2706764
1,35552,1695617559.2908845
1,35568,1695617559.3086288
1,35584,1695617559.3253112
1,35600,1695617559.3426921
1,35616,1695617559.3600876
1,35632,1695617559.378059
1,35648,1695617559.3980608
1,35664,1695617559.4164593
1,35680,1695617559.4331064
1,35696,1695617559.4505074
1,35712,1695617559.466936
1,35728,1695617559.483777
1,35744,1695617559.5007105
1,35760,1695617559.5179265
1,35776,1695617559.5347023
1,35792,1695617559.5516536
1,35808,1695617559.5686207
1,35824,1695617559.585751
1,35840,1695617559.6027236
1,35856,1695617559.6200283
1,35872,1695617559.6368325
1,35888,1695617559.6541219
1,35904,1695617559.6707866
1,35920,1695617559.687764
1,35936,1695617559.7046824
1,35952,1695617559.7212014
1,35968,1695617559.739308
1,35984,1695617559.7561188
1,36000,1695617559.7728589
1,36016,1695617559.789565
1,36032,1695617559.8074088
1,36048,1695617559.8241446
1,36064,1695617559.8409207
1,36080,1695617559.857605
1,36096,1695617559.8751986
1,36112,1695617559.8919597
1,36128,1695617559.9086685
1,36144,1695617559.9254415
1,36160,1695617559.9434876
1,36176,1695617559.9599168
1,36192,1695617559.978318
1,36208,1695617559.9956572
1,36224,1695617560.0121517
1,36240,1695617560.0287561
1,36256,1695617560.0452917
1,36272,1695617560.0632834
1,36288,1695617560.0822358
1,36304,1695617560.0998895
1,36320,1695617560.1168332
1,36336,1695617560.1334295
1,36352,1695617560.1513522
1,36368,1695617560.1705003
1,36384,1695617560.1906753
1,36400,1695617560.208353
1,36416,1695617560.2251
1,36432,1695617560.2424717
1,36448,1695617560.2590947
1,36464,1695617560.275913
1,36480,1695617560.29267
1,36496,1695617560.3097317
1,36512,1695617560.326486
1,36528,1695617560.343915
1,36544,1695617560.3606365
1,36560,1695617560.3778226
1,36576,1695617560.3945127
1,36592,1695617560.4117668
1,36608,1695617560.4288306
1,36624,1695617560.4461346
