epoch,trained_sample,time
1,0,1695614139.667019
1,32,1695614140.9078734
1,64,1695614140.9465885
1,96,1695614140.9899817
1,128,1695614141.0244396
1,160,1695614141.059329
1,192,1695614141.0934117
1,224,1695614141.125178
1,256,1695614141.1547675
1,288,1695614141.1914012
1,320,1695614141.2241774
1,352,1695614141.258264
1,384,1695614141.2907941
1,416,1695614141.3231006
1,448,1695614141.3558648
1,480,1695614141.3899925
1,512,1695614141.4229429
1,544,1695614141.454914
1,576,1695614141.487877
1,608,1695614141.5224965
1,640,1695614141.5549836
1,672,1695614141.5868824
1,704,1695614141.6223478
1,736,1695614141.655141
1,768,1695614141.6872225
1,800,1695614141.7189753
1,832,1695614141.7518423
1,864,1695614141.7856402
1,896,1695614141.8189216
1,928,1695614141.8509486
1,960,1695614141.8865955
1,992,1695614141.918811
1,1024,1695614141.950915
1,1056,1695614141.983149
1,1088,1695614142.018371
1,1120,1695614142.050911
1,1152,1695614142.0829465
1,1184,1695614142.1149046
1,1216,1695614142.1477199
1,1248,1695614142.1809888
1,1280,1695614142.2132232
1,1312,1695614142.249828
1,1344,1695614142.282147
1,1376,1695614142.3157642
1,1408,1695614142.347129
1,1440,1695614142.3874056
1,1472,1695614142.4204755
1,1504,1695614142.453442
1,1536,1695614142.4863024
1,1568,1695614142.527843
1,1600,1695614142.560677
1,1632,1695614142.593545
1,1664,1695614142.6263895
1,1696,1695614142.669742
1,1728,1695614142.7026143
1,1760,1695614142.7355163
1,1792,1695614142.7684128
1,1824,1695614142.8087301
1,1856,1695614142.8416133
1,1888,1695614142.8744586
1,1920,1695614142.9073427
1,1952,1695614142.9476147
1,1984,1695614142.9807894
1,2016,1695614143.0137098
1,2048,1695614143.0468316
1,2080,1695614143.0872731
1,2112,1695614143.1214404
1,2144,1695614143.1591535
1,2176,1695614143.1978228
1,2208,1695614143.2381241
1,2240,1695614143.271068
1,2272,1695614143.3038933
1,2304,1695614143.3367481
1,2336,1695614143.3769867
1,2368,1695614143.409818
1,2400,1695614143.4426394
1,2432,1695614143.4754655
1,2464,1695614143.5161939
1,2496,1695614143.5493438
1,2528,1695614143.5823076
1,2560,1695614143.6151862
1,2592,1695614143.6555645
1,2624,1695614143.688439
1,2656,1695614143.7212348
1,2688,1695614143.7540743
1,2720,1695614143.7943053
1,2752,1695614143.8273427
1,2784,1695614143.8601062
1,2816,1695614143.8929045
1,2848,1695614143.9332438
1,2880,1695614143.9664779
1,2912,1695614143.9995117
1,2944,1695614144.0323815
1,2976,1695614144.0728679
1,3008,1695614144.1057804
1,3040,1695614144.1386473
1,3072,1695614144.1714945
1,3104,1695614144.2153065
1,3136,1695614144.2483552
1,3168,1695614144.281183
1,3200,1695614144.314004
1,3232,1695614144.3542953
1,3264,1695614144.3873289
1,3296,1695614144.4205837
1,3328,1695614144.4535441
1,3360,1695614144.4938936
1,3392,1695614144.5279257
1,3424,1695614144.5651655
1,3456,1695614144.6020494
1,3488,1695614144.6425147
1,3520,1695614144.6754088
1,3552,1695614144.7082202
1,3584,1695614144.7410798
1,3616,1695614144.7813616
1,3648,1695614144.8142996
1,3680,1695614144.8471339
1,3712,1695614144.879975
1,3744,1695614144.9202135
1,3776,1695614144.9531932
1,3808,1695614144.9860325
1,3840,1695614145.0191207
1,3872,1695614145.0593731
1,3904,1695614145.092314
1,3936,1695614145.125154
1,3968,1695614145.1579785
1,4000,1695614145.199592
1,4032,1695614145.2324328
1,4064,1695614145.2652638
1,4096,1695614145.2983263
1,4128,1695614145.3388596
1,4160,1695614145.3717363
1,4192,1695614145.4046035
1,4224,1695614145.4375865
1,4256,1695614145.4779105
1,4288,1695614145.510753
1,4320,1695614145.543609
1,4352,1695614145.5763986
1,4384,1695614145.6180716
1,4416,1695614145.6509156
1,4448,1695614145.6836765
1,4480,1695614145.716657
1,4512,1695614145.7571435
1,4544,1695614145.7943707
1,4576,1695614145.8331075
1,4608,1695614145.8662171
1,4640,1695614145.9067464
1,4672,1695614145.9396384
1,4704,1695614145.9728324
1,4736,1695614146.0056581
1,4768,1695614146.0465176
1,4800,1695614146.0798917
1,4832,1695614146.1202204
1,4864,1695614146.1541674
1,4896,1695614146.1958404
1,4928,1695614146.2293108
1,4960,1695614146.2630572
1,4992,1695614146.2973247
1,5024,1695614146.339978
1,5056,1695614146.3736186
1,5088,1695614146.4070857
1,5120,1695614146.4404533
1,5152,1695614146.4813669
1,5184,1695614146.5146039
1,5216,1695614146.5477662
1,5248,1695614146.5810237
1,5280,1695614146.627193
1,5312,1695614146.6660657
1,5344,1695614146.7038827
1,5376,1695614146.7404647
1,5408,1695614146.7817934
1,5440,1695614146.8150797
1,5472,1695614146.8482184
1,5504,1695614146.881537
1,5536,1695614146.9225297
1,5568,1695614146.9558234
1,5600,1695614146.9891148
1,5632,1695614147.0224035
1,5664,1695614147.0558963
1,5696,1695614147.0890608
1,5728,1695614147.1222765
1,5760,1695614147.1555693
1,5792,1695614147.1890314
1,5824,1695614147.2318559
1,5856,1695614147.2722774
1,5888,1695614147.310019
1,5920,1695614147.3478558
1,5952,1695614147.392544
1,5984,1695614147.4327943
1,6016,1695614147.47699
1,6048,1695614147.5165503
1,6080,1695614147.5564265
1,6112,1695614147.5941088
1,6144,1695614147.631925
1,6176,1695614147.6707973
1,6208,1695614147.707417
1,6240,1695614147.7462
1,6272,1695614147.782978
1,6304,1695614147.8218012
1,6336,1695614147.8592012
1,6368,1695614147.89744
1,6400,1695614147.9369388
1,6432,1695614147.9844644
1,6464,1695614148.032576
1,6496,1695614148.09379
1,6528,1695614148.147984
1,6560,1695614148.1992395
1,6592,1695614148.2552707
1,6624,1695614148.318002
1,6656,1695614148.3752286
1,6688,1695614148.4251425
1,6720,1695614148.4797447
1,6752,1695614148.544226
1,6784,1695614148.6010478
1,6816,1695614148.6494548
1,6848,1695614148.705229
1,6880,1695614148.767217
1,6912,1695614148.8196967
1,6944,1695614148.8762028
1,6976,1695614148.9327893
1,7008,1695614148.998991
1,7040,1695614149.0489192
1,7072,1695614149.1051433
1,7104,1695614149.1611884
1,7136,1695614149.216995
1,7168,1695614149.2757897
1,7200,1695614149.3321218
1,7232,1695614149.3850365
1,7264,1695614149.4481626
1,7296,1695614149.5003068
1,7328,1695614149.5534463
1,7360,1695614149.6117396
1,7392,1695614149.672534
1,7424,1695614149.7228706
1,7456,1695614149.778284
1,7488,1695614149.836909
1,7520,1695614149.896123
1,7552,1695614149.946711
1,7584,1695614150.0040553
1,7616,1695614150.0615244
1,7648,1695614150.1182098
1,7680,1695614150.167282
1,7712,1695614150.226623
1,7744,1695614150.2793314
1,7776,1695614150.3417678
1,7808,1695614150.393264
1,7840,1695614150.4543579
1,7872,1695614150.506982
1,7904,1695614150.5630643
1,7936,1695614150.621583
1,7968,1695614150.6754506
1,8000,1695614150.734167
1,8032,1695614150.7977304
1,8064,1695614150.8389823
1,8096,1695614150.8984606
1,8128,1695614150.9512148
1,8160,1695614151.0105734
1,8192,1695614151.066816
1,8224,1695614151.122154
1,8256,1695614151.1761413
1,8288,1695614151.245661
1,8320,1695614151.2940905
1,8352,1695614151.3494864
1,8384,1695614151.40775
1,8416,1695614151.4683459
1,8448,1695614151.5243104
1,8480,1695614151.5805776
1,8512,1695614151.6372502
1,8544,1695614151.7004185
1,8576,1695614151.7525246
1,8608,1695614151.8083014
1,8640,1695614151.8644533
1,8672,1695614151.92505
1,8704,1695614151.9774559
1,8736,1695614152.0308766
1,8768,1695614152.0876162
1,8800,1695614152.1497743
1,8832,1695614152.2032664
1,8864,1695614152.259572
1,8896,1695614152.3241248
1,8928,1695614152.376106
1,8960,1695614152.428136
1,8992,1695614152.49225
1,9024,1695614152.5438035
1,9056,1695614152.6046169
1,9088,1695614152.6607401
1,9120,1695614152.7112024
1,9152,1695614152.7656093
1,9184,1695614152.827396
1,9216,1695614152.8861077
1,9248,1695614152.9368875
1,9280,1695614152.9979236
1,9312,1695614153.052347
1,9344,1695614153.1128843
1,9376,1695614153.1614532
1,9408,1695614153.2171774
1,9440,1695614153.2770786
1,9472,1695614153.3372784
1,9504,1695614153.391089
1,9536,1695614153.4415104
1,9568,1695614153.5041695
1,9600,1695614153.5634496
1,9632,1695614153.6126654
1,9664,1695614153.6687913
1,9696,1695614153.7286882
1,9728,1695614153.7884238
1,9760,1695614153.8369672
1,9792,1695614153.8930361
1,9824,1695614153.952843
1,9856,1695614154.0128
1,9888,1695614154.0618198
1,9920,1695614154.1203837
1,9952,1695614154.1737173
1,9984,1695614154.2292304
1,10016,1695614154.2856631
1,10048,1695614154.3370466
1,10080,1695614154.3975961
1,10112,1695614154.4574323
1,10144,1695614154.5086715
1,10176,1695614154.565678
1,10208,1695614154.6220345
1,10240,1695614154.6764638
1,10272,1695614154.7342546
1,10304,1695614154.7828748
1,10336,1695614154.8429518
1,10368,1695614154.8976407
1,10400,1695614154.9503772
1,10432,1695614155.0115008
1,10464,1695614155.0722651
1,10496,1695614155.1234891
1,10528,1695614155.1805313
1,10560,1695614155.2302244
1,10592,1695614155.2974482
1,10624,1695614155.3510563
1,10656,1695614155.4045935
1,10688,1695614155.4585364
1,10720,1695614155.5179267
1,10752,1695614155.5779774
1,10784,1695614155.6264718
1,10816,1695614155.6826682
1,10848,1695614155.7361
1,10880,1695614155.8026369
1,10912,1695614155.8580904
1,10944,1695614155.907134
1,10976,1695614155.9628263
1,11008,1695614156.026231
1,11040,1695614156.0857553
1,11072,1695614156.134329
1,11104,1695614156.1941826
1,11136,1695614156.251869
1,11168,1695614156.3060153
1,11200,1695614156.3594015
1,11232,1695614156.4181402
1,11264,1695614156.4811308
1,11296,1695614156.5341494
1,11328,1695614156.5868623
1,11360,1695614156.6392643
1,11392,1695614156.7027335
1,11424,1695614156.7582362
1,11456,1695614156.8127544
1,11488,1695614156.8718655
1,11520,1695614156.9265027
1,11552,1695614156.988259
1,11584,1695614157.0455887
1,11616,1695614157.0938063
1,11648,1695614157.1567497
1,11680,1695614157.2098713
1,11712,1695614157.2638423
1,11744,1695614157.3221416
1,11776,1695614157.378341
1,11808,1695614157.431384
1,11840,1695614157.4908066
1,11872,1695614157.5439384
1,11904,1695614157.5993037
1,11936,1695614157.6658945
1,11968,1695614157.7153423
1,12000,1695614157.7738209
1,12032,1695614157.8302562
1,12064,1695614157.8861423
1,12096,1695614157.9431806
1,12128,1695614158.0021915
1,12160,1695614158.0548692
1,12192,1695614158.1116757
1,12224,1695614158.1703043
1,12256,1695614158.2231288
1,12288,1695614158.2823083
1,12320,1695614158.3353655
1,12352,1695614158.394172
1,12384,1695614158.4488397
1,12416,1695614158.5088835
1,12448,1695614158.563054
1,12480,1695614158.621977
1,12512,1695614158.6782117
1,12544,1695614158.7311268
1,12576,1695614158.790465
1,12608,1695614158.8464477
1,12640,1695614158.9012663
1,12672,1695614158.9560478
1,12704,1695614159.0175319
1,12736,1695614159.0732927
1,12768,1695614159.1295714
1,12800,1695614159.183645
1,12832,1695614159.242042
1,12864,1695614159.2951846
1,12896,1695614159.3513682
1,12928,1695614159.408729
1,12960,1695614159.4665015
1,12992,1695614159.5251434
1,13024,1695614159.5792933
1,13056,1695614159.6385167
1,13088,1695614159.6937482
1,13120,1695614159.7535837
1,13152,1695614159.8096359
1,13184,1695614159.866024
1,13216,1695614159.9282885
1,13248,1695614159.9732294
1,13280,1695614160.0297453
1,13312,1695614160.0864892
1,13344,1695614160.142966
1,13376,1695614160.199435
1,13408,1695614160.2556593
1,13440,1695614160.3126657
1,13472,1695614160.3690968
1,13504,1695614160.425787
1,13536,1695614160.4824302
1,13568,1695614160.5392504
1,13600,1695614160.598811
1,13632,1695614160.6551251
1,13664,1695614160.7081897
1,13696,1695614160.7688916
1,13728,1695614160.823617
1,13760,1695614160.880183
1,13792,1695614160.942673
1,13824,1695614161.0010579
1,13856,1695614161.0503354
1,13888,1695614161.111009
1,13920,1695614161.1629758
1,13952,1695614161.2212386
1,13984,1695614161.2773023
1,14016,1695614161.3310711
1,14048,1695614161.390359
1,14080,1695614161.4433494
1,14112,1695614161.5027704
1,14144,1695614161.5564516
1,14176,1695614161.6169715
1,14208,1695614161.6693292
1,14240,1695614161.7270472
1,14272,1695614161.783512
1,14304,1695614161.8418872
1,14336,1695614161.8979824
1,14368,1695614161.9524384
1,14400,1695614162.0084662
1,14432,1695614162.0663009
1,14464,1695614162.1225777
1,14496,1695614162.175538
1,14528,1695614162.2380242
1,14560,1695614162.2931907
1,14592,1695614162.347485
1,14624,1695614162.4032898
1,14656,1695614162.459561
1,14688,1695614162.5190842
1,14720,1695614162.5778584
1,14752,1695614162.6312482
1,14784,1695614162.690187
1,14816,1695614162.7498622
1,14848,1695614162.8059206
1,14880,1695614162.862074
1,14912,1695614162.9156687
1,14944,1695614162.974117
1,14976,1695614163.0318823
1,15008,1695614163.0873148
1,15040,1695614163.1436744
1,15072,1695614163.2025857
1,15104,1695614163.261569
1,15136,1695614163.3117166
1,15168,1695614163.3736825
1,15200,1695614163.427494
1,15232,1695614163.4858444
1,15264,1695614163.542447
1,15296,1695614163.5953197
1,15328,1695614163.6547287
1,15360,1695614163.707878
1,15392,1695614163.7696593
1,15424,1695614163.8253999
1,15456,1695614163.88167
1,15488,1695614163.9338872
1,15520,1695614163.9928033
1,15552,1695614164.0541468
1,15584,1695614164.1059315
1,15616,1695614164.1670048
1,15648,1695614164.222139
1,15680,1695614164.2817464
1,15712,1695614164.3332686
1,15744,1695614164.391319
1,15776,1695614164.4459786
1,15808,1695614164.5022974
1,15840,1695614164.5551522
1,15872,1695614164.6182709
1,15904,1695614164.6764731
1,15936,1695614164.7285733
1,15968,1695614164.789361
1,16000,1695614164.8421648
1,16032,1695614164.8943443
1,16064,1695614164.955356
1,16096,1695614165.007332
1,16128,1695614165.0673153
1,16160,1695614165.1275673
1,16192,1695614165.184278
1,16224,1695614165.233846
1,16256,1695614165.291926
1,16288,1695614165.345984
1,16320,1695614165.4054127
1,16352,1695614165.4618504
1,16384,1695614165.5143945
1,16416,1695614165.575172
1,16448,1695614165.6348114
1,16480,1695614165.6857882
1,16512,1695614165.7468321
1,16544,1695614165.8061016
1,16576,1695614165.8542962
1,16608,1695614165.9104156
1,16640,1695614165.9764183
1,16672,1695614166.0272045
1,16704,1695614166.0834155
1,16736,1695614166.1385024
1,16768,1695614166.1987529
1,16800,1695614166.253949
1,16832,1695614166.3069994
1,16864,1695614166.3605423
1,16896,1695614166.4219542
1,16928,1695614166.4765344
1,16960,1695614166.5340238
1,16992,1695614166.5898144
1,17024,1695614166.646664
1,17056,1695614166.7028205
1,17088,1695614166.7576942
1,17120,1695614166.8226058
1,17152,1695614166.8782449
1,17184,1695614166.9317815
1,17216,1695614166.985618
1,17248,1695614167.0496438
1,17280,1695614167.0993397
1,17312,1695614167.1556988
1,17344,1695614167.2175815
1,17376,1695614167.271546
1,17408,1695614167.3321934
1,17440,1695614167.3858898
1,17472,1695614167.438722
1,17504,1695614167.5001104
1,17536,1695614167.557244
1,17568,1695614167.6138275
1,17600,1695614167.666619
1,17632,1695614167.722736
1,17664,1695614167.7828727
1,17696,1695614167.834502
1,17728,1695614167.890824
1,17760,1695614167.9530723
1,17792,1695614168.0095725
1,17824,1695614168.067258
1,17856,1695614168.1220782
1,17888,1695614168.1764913
1,17920,1695614168.2317512
1,17952,1695614168.2886155
1,17984,1695614168.3463829
1,18016,1695614168.4062257
1,18048,1695614168.4655514
1,18080,1695614168.5176923
1,18112,1695614168.5704653
1,18144,1695614168.6233804
1,18176,1695614168.687375
1,18208,1695614168.7385385
1,18240,1695614168.7949545
1,18272,1695614168.858358
1,18304,1695614168.9167633
1,18336,1695614168.965934
1,18368,1695614169.0296779
1,18400,1695614169.0815527
1,18432,1695614169.13336
1,18464,1695614169.187716
1,18496,1695614169.2504294
1,18528,1695614169.305033
1,18560,1695614169.366751
1,18592,1695614169.417306
1,18624,1695614169.474846
1,18656,1695614169.530368
1,18688,1695614169.586478
1,18720,1695614169.642503
1,18752,1695614169.7019317
1,18784,1695614169.7546666
1,18816,1695614169.8151836
1,18848,1695614169.8694432
1,18880,1695614169.926029
1,18912,1695614169.9871924
1,18944,1695614170.048245
1,18976,1695614170.0978875
1,19008,1695614170.153855
1,19040,1695614170.2136872
1,19072,1695614170.2655334
1,19104,1695614170.3220046
1,19136,1695614170.3765619
1,19168,1695614170.4340336
1,19200,1695614170.497973
1,19232,1695614170.549481
1,19264,1695614170.602828
1,19296,1695614170.6670177
1,19328,1695614170.725679
1,19360,1695614170.77802
1,19392,1695614170.837625
1,19424,1695614170.8865502
1,19456,1695614170.9422739
1,19488,1695614170.999335
1,19520,1695614171.0625033
1,19552,1695614171.1149635
1,19584,1695614171.1711612
1,19616,1695614171.2296197
1,19648,1695614171.283069
1,19680,1695614171.3388345
1,19712,1695614171.3954804
1,19744,1695614171.4578137
1,19776,1695614171.5104356
1,19808,1695614171.5698538
1,19840,1695614171.6279702
1,19872,1695614171.6812623
1,19904,1695614171.738492
1,19936,1695614171.79637
1,19968,1695614171.8513303
1,20000,1695614171.9135842
1,20032,1695614171.9625177
1,20064,1695614172.018444
1,20096,1695614172.082619
1,20128,1695614172.133337
1,20160,1695614172.190257
1,20192,1695614172.246074
1,20224,1695614172.3057818
1,20256,1695614172.362226
1,20288,1695614172.41855
1,20320,1695614172.4746633
1,20352,1695614172.531021
1,20384,1695614172.589835
1,20416,1695614172.6439137
1,20448,1695614172.6998057
1,20480,1695614172.7553172
1,20512,1695614172.8140519
1,20544,1695614172.8747783
1,20576,1695614172.9250727
1,20608,1695614172.9842603
1,20640,1695614173.0421903
1,20672,1695614173.0942693
1,20704,1695614173.1501138
1,20736,1695614173.2066371
1,20768,1695614173.26245
1,20800,1695614173.3208187
1,20832,1695614173.3781934
1,20864,1695614173.4309945
1,20896,1695614173.490839
1,20928,1695614173.5503209
1,20960,1695614173.602782
1,20992,1695614173.658614
1,21024,1695614173.7218342
1,21056,1695614173.7816553
1,21088,1695614173.8306887
1,21120,1695614173.8866978
1,21152,1695614173.9424913
1,21184,1695614174.001881
1,21216,1695614174.0558121
1,21248,1695614174.1110518
1,21280,1695614174.1675906
1,21312,1695614174.2269416
1,21344,1695614174.2834187
1,21376,1695614174.3381786
1,21408,1695614174.3950517
1,21440,1695614174.4503555
1,21472,1695614174.511228
1,21504,1695614174.5697486
1,21536,1695614174.6284404
1,21568,1695614174.679665
1,21600,1695614174.734991
1,21632,1695614174.79046
1,21664,1695614174.8473885
1,21696,1695614174.9062078
1,21728,1695614174.9621832
1,21760,1695614175.0146198
1,21792,1695614175.0681489
1,21824,1695614175.136275
1,21856,1695614175.1858056
1,21888,1695614175.2497125
1,21920,1695614175.3023217
1,21952,1695614175.3581731
1,21984,1695614175.4159303
1,22016,1695614175.4740129
1,22048,1695614175.5240798
1,22080,1695614175.5791798
1,22112,1695614175.638292
1,22144,1695614175.699305
1,22176,1695614175.739057
1,22208,1695614175.7710512
1,22240,1695614175.8061645
1,22272,1695614175.8472564
1,22304,1695614175.889563
1,22336,1695614175.9203176
1,22368,1695614175.9574966
1,22400,1695614175.9990437
1,22432,1695614176.0348294
1,22464,1695614176.0658395
1,22496,1695614176.0998836
1,22528,1695614176.1375546
1,22560,1695614176.1815104
1,22592,1695614176.2150562
1,22624,1695614176.2547495
1,22656,1695614176.291756
1,22688,1695614176.3297482
1,22720,1695614176.3735666
1,22752,1695614176.4153535
1,22784,1695614176.451884
1,22816,1695614176.4912572
1,22848,1695614176.5308583
1,22880,1695614176.5711927
1,22912,1695614176.6111479
1,22944,1695614176.6532843
1,22976,1695614176.6951246
1,23008,1695614176.73539
1,23040,1695614176.7721539
1,23072,1695614176.8114579
1,23104,1695614176.8537047
1,23136,1695614176.8953688
1,23168,1695614176.932127
1,23200,1695614176.9735184
1,23232,1695614177.0146384
1,23264,1695614177.0573661
1,23296,1695614177.0951412
1,23328,1695614177.1332436
1,23360,1695614177.176289
1,23392,1695614177.2151325
1,23424,1695614177.2516408
1,23456,1695614177.2936072
1,23488,1695614177.3340511
1,23520,1695614177.3764436
1,23552,1695614177.4174979
1,23584,1695614177.4554296
1,23616,1695614177.495123
1,23648,1695614177.537478
1,23680,1695614177.577938
1,23712,1695614177.6167903
1,23744,1695614177.654212
1,23776,1695614177.6974914
1,23808,1695614177.7380583
1,23840,1695614177.779363
1,23872,1695614177.8224294
1,23904,1695614177.8654697
1,23936,1695614177.9058843
1,23968,1695614177.9482136
1,24000,1695614177.9872901
1,24032,1695614178.029804
1,24064,1695614178.0669947
1,24096,1695614178.1019537
1,24128,1695614178.1429377
1,24160,1695614178.1817377
1,24192,1695614178.2194655
1,24224,1695614178.2586043
1,24256,1695614178.2986066
1,24288,1695614178.3338964
1,24320,1695614178.37032
1,24352,1695614178.4135087
1,24384,1695614178.4457953
1,24416,1695614178.489409
1,24448,1695614178.5297916
1,24480,1695614178.569042
1,24512,1695614178.6091905
1,24544,1695614178.6507967
1,24576,1695614178.6934557
1,24608,1695614178.7339153
1,24640,1695614178.7762716
1,24672,1695614178.8153634
1,24704,1695614178.8520277
1,24736,1695614178.8937812
1,24768,1695614178.9345624
1,24800,1695614178.9763854
1,24832,1695614179.015108
1,24864,1695614179.0577388
1,24896,1695614179.0969985
1,24928,1695614179.1366992
1,24960,1695614179.1743526
1,24992,1695614179.2150805
1,25024,1695614179.2573063
1,25056,1695614179.3002417
1,25088,1695614179.3401868
1,25120,1695614179.3817594
1,25152,1695614179.4230657
1,25184,1695614179.4614773
1,25216,1695614179.4994576
1,25248,1695614179.5416737
1,25280,1695614179.5808277
1,25312,1695614179.618759
1,25344,1695614179.656509
1,25376,1695614179.6977665
1,25408,1695614179.7386265
1,25440,1695614179.7789412
1,25472,1695614179.8201973
1,25504,1695614179.858273
1,25536,1695614179.9012606
1,25568,1695614179.933366
1,25600,1695614179.970803
1,25632,1695614180.0138605
1,25664,1695614180.0546286
1,25696,1695614180.0962434
1,25728,1695614180.135274
1,25760,1695614180.1737576
1,25792,1695614180.215107
1,25824,1695614180.257486
1,25856,1695614180.2952943
1,25888,1695614180.3335557
1,25920,1695614180.367618
1,25952,1695614180.40699
1,25984,1695614180.4432282
1,26016,1695614180.485717
1,26048,1695614180.524841
1,26080,1695614180.5649073
1,26112,1695614180.6024542
1,26144,1695614180.637975
1,26176,1695614180.6684268
1,26208,1695614180.7033498
1,26240,1695614180.740027
1,26272,1695614180.780666
1,26304,1695614180.811348
1,26336,1695614180.8501563
1,26368,1695614180.8861213
1,26400,1695614180.9171946
1,26432,1695614180.9516068
1,26464,1695614180.9834037
1,26496,1695614181.016385
1,26528,1695614181.0494661
1,26560,1695614181.0859337
1,26592,1695614181.1191466
1,26624,1695614181.151265
1,26656,1695614181.1852012
1,26688,1695614181.219812
1,26720,1695614181.2545075
1,26752,1695614181.2898076
1,26784,1695614181.321776
1,26816,1695614181.3553805
1,26848,1695614181.387013
1,26880,1695614181.418962
1,26912,1695614181.4613729
1,26944,1695614181.4918501
1,26976,1695614181.5265992
1,27008,1695614181.5674171
1,27040,1695614181.6001596
1,27072,1695614181.6317813
1,27104,1695614181.6666975
1,27136,1695614181.6989815
1,27168,1695614181.7310653
1,27200,1695614181.762995
1,27232,1695614181.7942147
1,27264,1695614181.8270795
1,27296,1695614181.8622928
1,27328,1695614181.8948672
1,27360,1695614181.9268534
1,27392,1695614181.96209
1,27424,1695614181.9924932
1,27456,1695614182.027403
1,27488,1695614182.0604537
1,27520,1695614182.091218
1,27552,1695614182.127362
1,27584,1695614182.1595788
1,27616,1695614182.1925166
1,27648,1695614182.2338173
1,27680,1695614182.2774146
1,27712,1695614182.321173
1,27744,1695614182.359453
1,27776,1695614182.3969815
1,27808,1695614182.4336853
1,27840,1695614182.4699955
1,27872,1695614182.5077705
1,27904,1695614182.5429783
1,27936,1695614182.5812476
1,27968,1695614182.6185737
1,28000,1695614182.6561563
1,28032,1695614182.694208
1,28064,1695614182.7298973
1,28096,1695614182.7601278
1,28128,1695614182.7952185
1,28160,1695614182.8269355
1,28192,1695614182.858841
1,28224,1695614182.8947673
1,28256,1695614182.9268866
1,28288,1695614182.957773
1,28320,1695614182.9917474
1,28352,1695614183.0238032
1,28384,1695614183.058452
1,28416,1695614183.089055
1,28448,1695614183.1230357
1,28480,1695614183.1550288
1,28512,1695614183.186893
1,28544,1695614183.219148
1,28576,1695614183.2548723
1,28608,1695614183.290117
1,28640,1695614183.3201473
1,28672,1695614183.355237
1,28704,1695614183.3883114
1,28736,1695614183.4193044
1,28768,1695614183.4541712
1,28800,1695614183.490921
1,28832,1695614183.5244145
1,28864,1695614183.5557525
1,28896,1695614183.5904808
1,28928,1695614183.6229575
1,28960,1695614183.65657
1,28992,1695614183.6877325
1,29024,1695614183.7228494
1,29056,1695614183.753323
1,29088,1695614183.7873487
1,29120,1695614183.8190289
1,29152,1695614183.8502944
1,29184,1695614183.8840399
1,29216,1695614183.9154196
1,29248,1695614183.9484868
1,29280,1695614183.9801278
1,29312,1695614184.0113091
1,29344,1695614184.0498824
1,29376,1695614184.08558
1,29408,1695614184.1189597
1,29440,1695614184.1508703
1,29472,1695614184.184792
1,29504,1695614184.2157872
1,29536,1695614184.2479095
1,29568,1695614184.2830644
1,29600,1695614184.316618
1,29632,1695614184.3476827
1,29664,1695614184.382286
1,29696,1695614184.4126647
1,29728,1695614184.449757
1,29760,1695614184.4801643
1,29792,1695614184.5147889
1,29824,1695614184.5470362
1,29856,1695614184.5790796
1,29888,1695614184.6116362
1,29920,1695614184.644812
1,29952,1695614184.6787848
1,29984,1695614184.7109349
1,30016,1695614184.7432265
1,30048,1695614184.775224
1,30080,1695614184.807106
1,30112,1695614184.8402565
1,30144,1695614184.8717678
1,30176,1695614184.904096
1,30208,1695614184.9366748
1,30240,1695614184.973831
1,30272,1695614185.0070777
1,30304,1695614185.0419781
1,30336,1695614185.0775611
1,30368,1695614185.108018
1,30400,1695614185.145686
1,30432,1695614185.1756873
1,30464,1695614185.213435
1,30496,1695614185.2443018
1,30528,1695614185.2814589
1,30560,1695614185.3133304
1,30592,1695614185.3474562
1,30624,1695614185.379032
1,30656,1695614185.4124827
1,30688,1695614185.4437659
1,30720,1695614185.477461
1,30752,1695614185.5108898
1,30784,1695614185.5428567
1,30816,1695614185.5762467
1,30848,1695614185.607403
1,30880,1695614185.6424613
1,30912,1695614185.674832
1,30944,1695614185.7098796
1,30976,1695614185.742951
