epoch,trained_sample,time
1,0,1695608415.52226
1,16,1695608416.7273798
1,32,1695608416.7439928
1,48,1695608416.7598965
1,64,1695608416.7716098
1,80,1695608416.784478
1,96,1695608416.7962086
1,112,1695608416.8075788
1,128,1695608416.8200817
1,144,1695608416.8322453
1,160,1695608416.846785
1,176,1695608416.858869
1,192,1695608416.8706887
1,208,1695608416.8827326
1,224,1695608416.8953774
1,240,1695608416.9066634
1,256,1695608416.9186723
1,272,1695608416.9309025
1,288,1695608416.9426124
1,304,1695608416.9545386
1,320,1695608416.967239
1,336,1695608416.9786694
1,352,1695608416.990614
1,368,1695608417.0028527
1,384,1695608417.0145845
1,400,1695608417.0263906
1,416,1695608417.0391433
1,432,1695608417.0503008
1,448,1695608417.0619025
1,464,1695608417.074451
1,480,1695608417.0861788
1,496,1695608417.0977154
1,512,1695608417.1105194
1,528,1695608417.1221683
1,544,1695608417.1337276
1,560,1695608417.1459706
1,576,1695608417.22577
1,592,1695608417.2377641
1,608,1695608417.2507198
1,624,1695608417.2622466
1,640,1695608417.2739322
1,656,1695608417.2862697
1,672,1695608417.2981772
1,688,1695608417.3098402
1,704,1695608417.3232286
1,720,1695608417.3351202
1,736,1695608417.3476336
1,752,1695608417.3600893
1,768,1695608417.372103
1,784,1695608417.3834634
1,800,1695608417.3967593
1,816,1695608417.4092464
1,832,1695608417.4207203
1,848,1695608417.432398
1,864,1695608417.4458773
1,880,1695608417.4579484
1,896,1695608417.469612
1,912,1695608417.482652
1,928,1695608417.4946399
1,944,1695608417.5068588
1,960,1695608417.5218115
1,976,1695608417.53814
1,992,1695608417.5517545
1,1008,1695608417.5637236
1,1024,1695608417.6001065
1,1040,1695608417.61424
1,1056,1695608417.6297834
1,1072,1695608417.6462686
1,1088,1695608417.709537
1,1104,1695608417.7212992
1,1120,1695608417.7337403
1,1136,1695608417.7910128
1,1152,1695608417.81048
1,1168,1695608417.8300931
1,1184,1695608417.8506768
1,1200,1695608417.8694806
1,1216,1695608417.8903744
1,1232,1695608417.9106433
1,1248,1695608417.929445
1,1264,1695608417.9498603
1,1280,1695608417.9705312
1,1296,1695608417.990299
1,1312,1695608418.0102906
1,1328,1695608418.0301497
1,1344,1695608418.0508218
1,1360,1695608418.0700188
1,1376,1695608418.0896313
1,1392,1695608418.1103256
1,1408,1695608418.1303632
1,1424,1695608418.1502502
1,1440,1695608418.1704075
1,1456,1695608418.1897979
1,1472,1695608418.2099442
1,1488,1695608418.229814
1,1504,1695608418.2499003
1,1520,1695608418.2708123
1,1536,1695608418.2903795
1,1552,1695608418.3101184
1,1568,1695608418.3302395
1,1584,1695608418.3504937
1,1600,1695608418.3700671
1,1616,1695608418.3895946
1,1632,1695608418.4134455
1,1648,1695608418.4311988
1,1664,1695608418.4498503
1,1680,1695608418.4702373
1,1696,1695608418.4897614
1,1712,1695608418.5099778
1,1728,1695608418.5300531
1,1744,1695608418.5499878
1,1760,1695608418.5701642
1,1776,1695608418.5900319
1,1792,1695608418.6098106
1,1808,1695608418.6296773
1,1824,1695608418.6499255
1,1840,1695608418.669942
1,1856,1695608418.6899083
1,1872,1695608418.7098649
1,1888,1695608418.7296002
1,1904,1695608418.7504056
1,1920,1695608418.77052
1,1936,1695608418.7908008
1,1952,1695608418.810083
1,1968,1695608418.8298743
1,1984,1695608418.8499
1,2000,1695608418.8702157
1,2016,1695608418.8899453
1,2032,1695608418.9106064
1,2048,1695608418.9304786
1,2064,1695608418.9501717
1,2080,1695608418.969854
1,2096,1695608418.9857817
1,2112,1695608419.000187
1,2128,1695608419.0120997
1,2144,1695608419.0299132
1,2160,1695608419.0469272
1,2176,1695608419.061838
1,2192,1695608419.0741644
1,2208,1695608419.0875986
1,2224,1695608419.1023254
1,2240,1695608419.1144974
1,2256,1695608419.127747
1,2272,1695608419.1471586
1,2288,1695608419.164679
1,2304,1695608419.182772
1,2320,1695608419.2002277
1,2336,1695608419.2181294
1,2352,1695608419.238448
1,2368,1695608419.2582967
1,2384,1695608419.278609
1,2400,1695608419.299005
1,2416,1695608419.3117762
1,2432,1695608419.3248525
1,2448,1695608419.3372862
1,2464,1695608419.3513215
1,2480,1695608419.364176
1,2496,1695608419.378116
1,2512,1695608419.3902318
1,2528,1695608419.403462
1,2544,1695608419.4173255
1,2560,1695608419.4294944
1,2576,1695608419.4433508
1,2592,1695608419.455934
1,2608,1695608419.469543
1,2624,1695608419.4823654
1,2640,1695608419.4952347
1,2656,1695608419.5090213
1,2672,1695608419.5209455
1,2688,1695608419.533132
1,2704,1695608419.5470119
1,2720,1695608419.5596523
1,2736,1695608419.5715828
1,2752,1695608419.585123
1,2768,1695608419.6050801
1,2784,1695608419.6204746
1,2800,1695608419.6338441
1,2816,1695608419.645813
1,2832,1695608419.6590743
1,2848,1695608419.6711636
1,2864,1695608419.683658
1,2880,1695608419.6955686
1,2896,1695608419.709984
1,2912,1695608419.723784
1,2928,1695608419.735485
1,2944,1695608419.7484312
1,2960,1695608419.7609653
1,2976,1695608419.772636
1,2992,1695608419.7842534
1,3008,1695608419.7967658
1,3024,1695608419.8088884
1,3040,1695608419.8218253
1,3056,1695608419.8354907
1,3072,1695608419.8509862
1,3088,1695608419.8691025
1,3104,1695608419.886576
1,3120,1695608419.900025
1,3136,1695608419.9127948
1,3152,1695608419.9253225
1,3168,1695608419.9407814
1,3184,1695608419.9553518
1,3200,1695608419.9708982
1,3216,1695608419.9883716
1,3232,1695608420.0000713
1,3248,1695608420.0133736
1,3264,1695608420.0252457
1,3280,1695608420.0382361
1,3296,1695608420.0502508
1,3312,1695608420.0621693
1,3328,1695608420.0755582
1,3344,1695608420.087533
1,3360,1695608420.0997684
1,3376,1695608420.1227777
1,3392,1695608420.1388981
1,3408,1695608420.151741
1,3424,1695608420.1632202
1,3440,1695608420.176194
1,3456,1695608420.1886973
1,3472,1695608420.2007108
1,3488,1695608420.2139208
1,3504,1695608420.2302213
1,3520,1695608420.2430756
1,3536,1695608420.2553594
1,3552,1695608420.2682202
1,3568,1695608420.2811034
1,3584,1695608420.2925055
1,3600,1695608420.3043907
1,3616,1695608420.3168645
1,3632,1695608420.3290093
1,3648,1695608420.3406692
1,3664,1695608420.353046
1,3680,1695608420.366671
1,3696,1695608420.378833
1,3712,1695608420.3911386
1,3728,1695608420.4037855
1,3744,1695608420.4158607
1,3760,1695608420.4289339
1,3776,1695608420.4412894
1,3792,1695608420.4528306
1,3808,1695608420.4646974
1,3824,1695608420.4778235
1,3840,1695608420.489944
1,3856,1695608420.5016236
1,3872,1695608420.5146728
1,3888,1695608420.5268414
1,3904,1695608420.5392854
1,3920,1695608420.5523741
1,3936,1695608420.5643077
1,3952,1695608420.577151
1,3968,1695608420.5908825
1,3984,1695608420.6034007
1,4000,1695608420.615626
1,4016,1695608420.6288111
1,4032,1695608420.6404636
1,4048,1695608420.6534808
1,4064,1695608420.667292
1,4080,1695608420.6793175
1,4096,1695608420.6918898
1,4112,1695608420.704323
1,4128,1695608420.7163029
1,4144,1695608420.7293563
1,4160,1695608420.7410245
1,4176,1695608420.7541184
1,4192,1695608420.7653918
1,4208,1695608420.7777438
1,4224,1695608420.7913
1,4240,1695608420.803439
1,4256,1695608420.816337
1,4272,1695608420.828862
1,4288,1695608420.8405116
1,4304,1695608420.8537257
1,4320,1695608420.8651633
1,4336,1695608420.877943
1,4352,1695608420.89041
1,4368,1695608420.9028459
1,4384,1695608420.9161272
1,4400,1695608420.9278197
1,4416,1695608420.9393225
1,4432,1695608420.95227
1,4448,1695608420.9647675
1,4464,1695608420.9762702
1,4480,1695608420.989669
1,4496,1695608421.0020115
1,4512,1695608421.0137687
1,4528,1695608421.0268192
1,4544,1695608421.0389116
1,4560,1695608421.0512016
1,4576,1695608421.0638025
1,4592,1695608421.0760112
1,4608,1695608421.0889926
1,4624,1695608421.1008072
1,4640,1695608421.1125243
1,4656,1695608421.125423
1,4672,1695608421.1377778
1,4688,1695608421.1494803
1,4704,1695608421.1625102
1,4720,1695608421.1747377
1,4736,1695608421.1867917
1,4752,1695608421.1993554
1,4768,1695608421.2115674
1,4784,1695608421.228825
1,4800,1695608421.2409048
1,4816,1695608421.2540064
1,4832,1695608421.2664611
1,4848,1695608421.278782
1,4864,1695608421.2919786
1,4880,1695608421.303517
1,4896,1695608421.3165157
1,4912,1695608421.3290646
1,4928,1695608421.3406746
1,4944,1695608421.3539777
1,4960,1695608421.3662198
1,4976,1695608421.3783622
1,4992,1695608421.3909888
1,5008,1695608421.4030514
1,5024,1695608421.4157228
1,5040,1695608421.4282804
1,5056,1695608421.4467385
1,5072,1695608421.4657664
1,5088,1695608421.4863434
1,5104,1695608421.5054004
1,5120,1695608421.5190194
1,5136,1695608421.533577
1,5152,1695608421.547398
1,5168,1695608421.560402
1,5184,1695608421.572435
1,5200,1695608421.586077
1,5216,1695608421.6006556
1,5232,1695608421.612282
1,5248,1695608421.623882
1,5264,1695608421.6369
1,5280,1695608421.6493902
1,5296,1695608421.6612518
1,5312,1695608421.673747
1,5328,1695608421.6916456
1,5344,1695608421.708326
1,5360,1695608421.7197864
1,5376,1695608421.732171
1,5392,1695608421.7436502
1,5408,1695608421.7564507
1,5424,1695608421.770487
1,5440,1695608421.7825646
1,5456,1695608421.7952442
1,5472,1695608421.807546
1,5488,1695608421.8205793
1,5504,1695608421.8352187
1,5520,1695608421.8474581
1,5536,1695608421.8601816
1,5552,1695608421.8724692
1,5568,1695608421.8839986
1,5584,1695608421.8974078
1,5600,1695608421.909805
1,5616,1695608421.921676
1,5632,1695608421.9345345
1,5648,1695608421.9466212
1,5664,1695608421.958811
1,5680,1695608421.9715033
1,5696,1695608421.9836037
1,5712,1695608421.996639
1,5728,1695608422.0090759
1,5744,1695608422.0253282
1,5760,1695608422.040845
1,5776,1695608422.054164
1,5792,1695608422.0666132
1,5808,1695608422.0787208
1,5824,1695608422.0913293
1,5840,1695608422.103391
1,5856,1695608422.1162589
1,5872,1695608422.1286905
1,5888,1695608422.14048
1,5904,1695608422.1520362
1,5920,1695608422.1656382
1,5936,1695608422.1780024
1,5952,1695608422.1900578
1,5968,1695608422.2027984
1,5984,1695608422.2178123
1,6000,1695608422.2302132
1,6016,1695608422.24206
1,6032,1695608422.2552433
1,6048,1695608422.2672522
1,6064,1695608422.2804394
1,6080,1695608422.2934616
1,6096,1695608422.305174
1,6112,1695608422.3179877
1,6128,1695608422.3302438
1,6144,1695608422.3421965
1,6160,1695608422.355394
1,6176,1695608422.368024
1,6192,1695608422.3795068
1,6208,1695608422.392593
1,6224,1695608422.4055252
1,6240,1695608422.4174948
1,6256,1695608422.4311938
1,6272,1695608422.4431522
1,6288,1695608422.4561214
1,6304,1695608422.4691956
1,6320,1695608422.4810822
1,6336,1695608422.4953907
1,6352,1695608422.5080535
1,6368,1695608422.5205724
1,6384,1695608422.5326462
1,6400,1695608422.545904
1,6416,1695608422.5580773
1,6432,1695608422.5697806
1,6448,1695608422.5825691
1,6464,1695608422.5944922
1,6480,1695608422.606433
1,6496,1695608422.6197684
1,6512,1695608422.6315546
1,6528,1695608422.6436417
1,6544,1695608422.655581
1,6560,1695608422.6710174
1,6576,1695608422.6887655
1,6592,1695608422.7030396
1,6608,1695608422.7156506
1,6624,1695608422.7282524
1,6640,1695608422.740365
1,6656,1695608422.7516708
1,6672,1695608422.764655
1,6688,1695608422.7768476
1,6704,1695608422.7885766
1,6720,1695608422.8001068
1,6736,1695608422.8131697
1,6752,1695608422.8249493
1,6768,1695608422.8364153
1,6784,1695608422.8492541
1,6800,1695608422.8614154
1,6816,1695608422.872832
1,6832,1695608422.8858871
1,6848,1695608422.8978012
1,6864,1695608422.909102
1,6880,1695608422.9211667
1,6896,1695608422.9340146
1,6912,1695608422.945679
1,6928,1695608422.9582448
1,6944,1695608422.9696314
1,6960,1695608422.9818575
1,6976,1695608422.9952326
1,6992,1695608423.0074897
1,7008,1695608423.0205798
1,7024,1695608423.0332222
1,7040,1695608423.0446858
1,7056,1695608423.0590029
1,7072,1695608423.0717828
1,7088,1695608423.0848255
1,7104,1695608423.096319
1,7120,1695608423.108685
1,7136,1695608423.1232517
1,7152,1695608423.1354446
1,7168,1695608423.1480248
1,7184,1695608423.1603844
1,7200,1695608423.1719215
1,7216,1695608423.1876347
1,7232,1695608423.2009358
1,7248,1695608423.2158139
1,7264,1695608423.2278693
1,7280,1695608423.2410243
1,7296,1695608423.253254
1,7312,1695608423.264647
1,7328,1695608423.277659
1,7344,1695608423.2896976
1,7360,1695608423.3010683
1,7376,1695608423.318061
1,7392,1695608423.33817
1,7408,1695608423.3565786
1,7424,1695608423.3674707
1,7440,1695608423.3812237
1,7456,1695608423.3937974
1,7472,1695608423.406045
1,7488,1695608423.4203646
1,7504,1695608423.4311793
1,7520,1695608423.445876
1,7536,1695608423.4576511
1,7552,1695608423.4680398
1,7568,1695608423.4792788
1,7584,1695608423.4916775
1,7600,1695608423.5029938
1,7616,1695608423.5134087
1,7632,1695608423.5238001
1,7648,1695608423.537531
1,7664,1695608423.5518935
1,7680,1695608423.5628953
1,7696,1695608423.5756128
1,7712,1695608423.5913186
1,7728,1695608423.6059577
1,7744,1695608423.6180587
1,7760,1695608423.6306257
1,7776,1695608423.643853
1,7792,1695608423.6556587
1,7808,1695608423.6693041
1,7824,1695608423.683448
1,7840,1695608423.6963966
1,7856,1695608423.7085745
1,7872,1695608423.720373
1,7888,1695608423.7318726
1,7904,1695608423.7447662
1,7920,1695608423.7565937
1,7936,1695608423.768103
1,7952,1695608423.780728
1,7968,1695608423.80008
1,7984,1695608423.8114853
1,8000,1695608423.8246598
1,8016,1695608423.8371449
1,8032,1695608423.8488052
1,8048,1695608423.8643763
1,8064,1695608423.8770297
1,8080,1695608423.89079
1,8096,1695608423.9029849
1,8112,1695608423.9154856
1,8128,1695608423.9277093
1,8144,1695608423.9407544
1,8160,1695608423.9534183
1,8176,1695608423.9649127
1,8192,1695608423.9764915
1,8208,1695608423.991119
1,8224,1695608424.0039892
1,8240,1695608424.0166426
1,8256,1695608424.0280585
1,8272,1695608424.0407894
1,8288,1695608424.05262
1,8304,1695608424.0640728
1,8320,1695608424.075616
1,8336,1695608424.0885212
1,8352,1695608424.1015584
1,8368,1695608424.1149192
1,8384,1695608424.127997
1,8400,1695608424.139519
1,8416,1695608424.1516929
1,8432,1695608424.1631541
1,8448,1695608424.178756
1,8464,1695608424.1928134
1,8480,1695608424.2061832
1,8496,1695608424.2178648
1,8512,1695608424.2351582
1,8528,1695608424.247935
1,8544,1695608424.2599654
1,8560,1695608424.271816
1,8576,1695608424.2867072
1,8592,1695608424.2981565
1,8608,1695608424.3118725
1,8624,1695608424.3244014
1,8640,1695608424.3375523
1,8656,1695608424.3493116
1,8672,1695608424.3623009
1,8688,1695608424.3743463
1,8704,1695608424.3862598
1,8720,1695608424.3991613
1,8736,1695608424.4113107
1,8752,1695608424.4242957
1,8768,1695608424.4371603
1,8784,1695608424.4488235
1,8800,1695608424.4625502
1,8816,1695608424.475169
1,8832,1695608424.4882565
1,8848,1695608424.5014129
1,8864,1695608424.5134387
1,8880,1695608424.5265749
1,8896,1695608424.538754
1,8912,1695608424.5519748
1,8928,1695608424.564465
1,8944,1695608424.5775166
1,8960,1695608424.5896149
1,8976,1695608424.6028655
1,8992,1695608424.6149309
1,9008,1695608424.6277962
1,9024,1695608424.641158
1,9040,1695608424.652708
1,9056,1695608424.6661086
1,9072,1695608424.6781075
1,9088,1695608424.691173
1,9104,1695608424.7032862
1,9120,1695608424.7158008
1,9136,1695608424.7280195
1,9152,1695608424.7395842
1,9168,1695608424.7523596
1,9184,1695608424.7648659
1,9200,1695608424.7765734
1,9216,1695608424.790195
1,9232,1695608424.8024752
1,9248,1695608424.814569
1,9264,1695608424.8270965
1,9280,1695608424.839144
1,9296,1695608424.8515475
1,9312,1695608424.8638763
1,9328,1695608424.8755903
1,9344,1695608424.8884318
1,9360,1695608424.900027
1,9376,1695608424.9151564
1,9392,1695608424.9279094
1,9408,1695608424.9407523
1,9424,1695608424.9547386
1,9440,1695608424.9669144
1,9456,1695608424.9794703
1,9472,1695608424.9917681
1,9488,1695608425.0033557
1,9504,1695608425.0164733
1,9520,1695608425.0290294
1,9536,1695608425.0409775
1,9552,1695608425.0571847
1,9568,1695608425.0686822
1,9584,1695608425.0822232
1,9600,1695608425.0948088
1,9616,1695608425.1073415
1,9632,1695608425.119377
1,9648,1695608425.1317222
1,9664,1695608425.147223
1,9680,1695608425.1587687
1,9696,1695608425.1737072
1,9712,1695608425.185608
1,9728,1695608425.1977236
1,9744,1695608425.2119513
1,9760,1695608425.2227297
1,9776,1695608425.2351916
1,9792,1695608425.2513146
1,9808,1695608425.265648
1,9824,1695608425.2772975
1,9840,1695608425.2894142
1,9856,1695608425.3018787
1,9872,1695608425.3142743
1,9888,1695608425.3272505
1,9904,1695608425.3394723
1,9920,1695608425.351076
1,9936,1695608425.3638687
1,9952,1695608425.3760955
1,9968,1695608425.3885136
1,9984,1695608425.4025843
1,10000,1695608425.4140034
1,10016,1695608425.4268777
1,10032,1695608425.4397166
1,10048,1695608425.4527326
1,10064,1695608425.4645095
1,10080,1695608425.4773593
1,10096,1695608425.4914742
1,10112,1695608425.5030282
1,10128,1695608425.5159774
1,10144,1695608425.5286443
1,10160,1695608425.5416036
1,10176,1695608425.5534163
1,10192,1695608425.5665789
1,10208,1695608425.5780473
1,10224,1695608425.5894384
1,10240,1695608425.6026475
1,10256,1695608425.6152513
1,10272,1695608425.6276915
1,10288,1695608425.6400383
1,10304,1695608425.6520562
1,10320,1695608425.665504
1,10336,1695608425.6777167
1,10352,1695608425.688923
1,10368,1695608425.704404
1,10384,1695608425.716715
1,10400,1695608425.7294672
1,10416,1695608425.7426267
1,10432,1695608425.7552567
1,10448,1695608425.768
1,10464,1695608425.7807603
1,10480,1695608425.7932398
1,10496,1695608425.8069952
1,10512,1695608425.8187387
1,10528,1695608425.8305728
1,10544,1695608425.8450387
1,10560,1695608425.8565884
1,10576,1695608425.8683085
1,10592,1695608425.8835404
1,10608,1695608425.8950777
1,10624,1695608425.91113
1,10640,1695608425.9231248
1,10656,1695608425.9375868
1,10672,1695608425.9498837
1,10688,1695608425.9730446
1,10704,1695608425.9910462
1,10720,1695608426.009647
1,10736,1695608426.0307467
1,10752,1695608426.050507
1,10768,1695608426.0697815
1,10784,1695608426.09006
1,10800,1695608426.11016
1,10816,1695608426.129934
1,10832,1695608426.14968
1,10848,1695608426.169395
1,10864,1695608426.190136
1,10880,1695608426.2105284
1,10896,1695608426.2297556
1,10912,1695608426.243061
1,10928,1695608426.2573664
1,10944,1695608426.2705886
1,10960,1695608426.2829719
1,10976,1695608426.2960036
1,10992,1695608426.3077435
1,11008,1695608426.3207436
1,11024,1695608426.3329155
1,11040,1695608426.3463092
1,11056,1695608426.3588278
1,11072,1695608426.3713908
1,11088,1695608426.384578
1,11104,1695608426.3965356
1,11120,1695608426.4096663
1,11136,1695608426.4220192
1,11152,1695608426.433295
1,11168,1695608426.4453948
1,11184,1695608426.4577603
1,11200,1695608426.4701202
1,11216,1695608426.4832156
1,11232,1695608426.4953735
1,11248,1695608426.5080388
1,11264,1695608426.520097
1,11280,1695608426.5319078
1,11296,1695608426.543638
1,11312,1695608426.5560858
1,11328,1695608426.5698552
1,11344,1695608426.5815644
1,11360,1695608426.5942194
1,11376,1695608426.6055775
1,11392,1695608426.6172686
1,11408,1695608426.6317456
1,11424,1695608426.642894
1,11440,1695608426.6561108
1,11456,1695608426.6689537
1,11472,1695608426.6811097
1,11488,1695608426.6930783
1,11504,1695608426.706328
1,11520,1695608426.718428
1,11536,1695608426.7304761
1,11552,1695608426.7438283
1,11568,1695608426.755349
1,11584,1695608426.7682538
1,11600,1695608426.7809057
1,11616,1695608426.7924602
1,11632,1695608426.8041363
1,11648,1695608426.8179755
1,11664,1695608426.8304021
1,11680,1695608426.8430407
1,11696,1695608426.8565226
1,11712,1695608426.8682618
1,11728,1695608426.8813767
1,11744,1695608426.8953035
1,11760,1695608426.9083643
1,11776,1695608426.9209096
1,11792,1695608426.9324489
1,11808,1695608426.9453435
1,11824,1695608426.956942
1,11840,1695608426.9712148
1,11856,1695608426.9858196
1,11872,1695608426.9988382
1,11888,1695608427.0131474
1,11904,1695608427.026673
1,11920,1695608427.0415235
1,11936,1695608427.055257
1,11952,1695608427.0697389
1,11968,1695608427.0925465
1,11984,1695608427.110451
1,12000,1695608427.123962
1,12016,1695608427.1438828
1,12032,1695608427.1627228
1,12048,1695608427.1838038
1,12064,1695608427.2047234
1,12080,1695608427.225163
1,12096,1695608427.2453651
1,12112,1695608427.2649333
1,12128,1695608427.285296
1,12144,1695608427.306107
1,12160,1695608427.3265533
1,12176,1695608427.3402
1,12192,1695608427.3600929
1,12208,1695608427.3752916
1,12224,1695608427.3899739
1,12240,1695608427.4046934
1,12256,1695608427.4199884
1,12272,1695608427.433631
1,12288,1695608427.4493494
1,12304,1695608427.463252
1,12320,1695608427.4783795
1,12336,1695608427.4936807
1,12352,1695608427.5074728
1,12368,1695608427.5224936
1,12384,1695608427.5371542
1,12400,1695608427.5522294
1,12416,1695608427.56774
1,12432,1695608427.5814412
1,12448,1695608427.5966995
1,12464,1695608427.6099772
1,12480,1695608427.6255457
1,12496,1695608427.6398785
1,12512,1695608427.655022
1,12528,1695608427.6703181
1,12544,1695608427.6839342
1,12560,1695608427.6983924
1,12576,1695608427.713494
1,12592,1695608427.7282777
1,12608,1695608427.7434814
1,12624,1695608427.756855
1,12640,1695608427.7719328
1,12656,1695608427.7855756
1,12672,1695608427.8038728
1,12688,1695608427.8229804
1,12704,1695608427.8422549
1,12720,1695608427.856895
1,12736,1695608427.8751857
1,12752,1695608427.8913274
1,12768,1695608427.9076142
1,12784,1695608427.9224136
1,12800,1695608427.9368377
1,12816,1695608427.952195
1,12832,1695608427.9672332
1,12848,1695608427.98137
1,12864,1695608427.9954045
1,12880,1695608428.0105069
1,12896,1695608428.0251296
1,12912,1695608428.0398743
1,12928,1695608428.053803
1,12944,1695608428.0707014
1,12960,1695608428.0862663
1,12976,1695608428.1016011
1,12992,1695608428.1153016
1,13008,1695608428.1301155
1,13024,1695608428.1438806
1,13040,1695608428.1583185
1,13056,1695608428.174637
1,13072,1695608428.190006
1,13088,1695608428.2054343
1,13104,1695608428.2191284
1,13120,1695608428.2343717
1,13136,1695608428.2493525
1,13152,1695608428.2667305
1,13168,1695608428.280196
1,13184,1695608428.293314
1,13200,1695608428.305295
1,13216,1695608428.318965
1,13232,1695608428.3314114
1,13248,1695608428.3442957
1,13264,1695608428.357471
1,13280,1695608428.3687847
1,13296,1695608428.3821611
1,13312,1695608428.3949258
1,13328,1695608428.407777
1,13344,1695608428.420931
1,13360,1695608428.4325135
1,13376,1695608428.446278
1,13392,1695608428.4589171
1,13408,1695608428.4718502
1,13424,1695608428.4846835
1,13440,1695608428.4972794
1,13456,1695608428.5111368
1,13472,1695608428.5239127
1,13488,1695608428.5365217
1,13504,1695608428.5485878
1,13520,1695608428.5601323
1,13536,1695608428.573754
1,13552,1695608428.5862417
1,13568,1695608428.5983477
1,13584,1695608428.6109447
1,13600,1695608428.622307
1,13616,1695608428.6351285
1,13632,1695608428.6483357
1,13648,1695608428.6597447
1,13664,1695608428.671257
1,13680,1695608428.684607
1,13696,1695608428.6967647
1,13712,1695608428.7083418
1,13728,1695608428.721839
1,13744,1695608428.7340748
1,13760,1695608428.7458363
1,13776,1695608428.7584088
1,13792,1695608428.7706337
1,13808,1695608428.7828882
1,13824,1695608428.795903
1,13840,1695608428.8073707
1,13856,1695608428.8202434
1,13872,1695608428.833142
1,13888,1695608428.8450012
1,13904,1695608428.8577516
1,13920,1695608428.870522
1,13936,1695608428.8830369
1,13952,1695608428.8962612
1,13968,1695608428.9084556
1,13984,1695608428.9219565
1,14000,1695608428.9358542
1,14016,1695608428.9481232
1,14032,1695608428.9597921
1,14048,1695608428.9724908
1,14064,1695608428.9863594
1,14080,1695608428.999767
1,14096,1695608429.0115707
1,14112,1695608429.0248656
1,14128,1695608429.037928
1,14144,1695608429.0503178
1,14160,1695608429.0633192
1,14176,1695608429.0761526
1,14192,1695608429.0887249
1,14208,1695608429.1002657
1,14224,1695608429.1157806
1,14240,1695608429.1282916
1,14256,1695608429.1402483
1,14272,1695608429.1621218
1,14288,1695608429.1757557
1,14304,1695608429.1938386
1,14320,1695608429.213091
1,14336,1695608429.2322135
1,14352,1695608429.2526138
1,14368,1695608429.272736
1,14384,1695608429.2926803
1,14400,1695608429.313129
1,14416,1695608429.3331048
1,14432,1695608429.3530006
1,14448,1695608429.372589
1,14464,1695608429.3926709
1,14480,1695608429.412606
1,14496,1695608429.4329255
1,14512,1695608429.4532692
1,14528,1695608429.472962
1,14544,1695608429.4923987
1,14560,1695608429.5127463
1,14576,1695608429.532608
1,14592,1695608429.5508926
1,14608,1695608429.5716538
1,14624,1695608429.5930135
1,14640,1695608429.6126842
1,14656,1695608429.632607
1,14672,1695608429.6527357
1,14688,1695608429.6729853
1,14704,1695608429.6929708
1,14720,1695608429.7128737
1,14736,1695608429.732866
1,14752,1695608429.7528746
1,14768,1695608429.7730668
1,14784,1695608429.793388
1,14800,1695608429.8134286
1,14816,1695608429.8333328
1,14832,1695608429.8536398
1,14848,1695608429.8729708
1,14864,1695608429.8925924
1,14880,1695608429.9126742
1,14896,1695608429.932753
1,14912,1695608429.9527092
1,14928,1695608429.9727974
1,14944,1695608429.9924748
1,14960,1695608430.012663
1,14976,1695608430.0330386
1,14992,1695608430.0529127
1,15008,1695608430.0729573
1,15024,1695608430.0929523
1,15040,1695608430.1129513
1,15056,1695608430.1327417
1,15072,1695608430.152963
1,15088,1695608430.1727705
1,15104,1695608430.192856
1,15120,1695608430.2130861
1,15136,1695608430.2326758
1,15152,1695608430.25262
1,15168,1695608430.2726154
1,15184,1695608430.2928271
1,15200,1695608430.3128638
1,15216,1695608430.3327987
1,15232,1695608430.3531125
1,15248,1695608430.3731256
1,15264,1695608430.393021
1,15280,1695608430.4129057
1,15296,1695608430.4330616
1,15312,1695608430.452921
1,15328,1695608430.4728327
1,15344,1695608430.4924417
1,15360,1695608430.5107887
1,15376,1695608430.5321844
1,15392,1695608430.5527542
1,15408,1695608430.5729444
1,15424,1695608430.5930169
1,15440,1695608430.61258
1,15456,1695608430.632839
1,15472,1695608430.65334
1,15488,1695608430.6731372
1,15504,1695608430.6926286
1,15520,1695608430.712572
1,15536,1695608430.7330585
1,15552,1695608430.7528002
1,15568,1695608430.772619
1,15584,1695608430.7930956
1,15600,1695608430.8134167
1,15616,1695608430.8331692
1,15632,1695608430.8531587
1,15648,1695608430.873028
1,15664,1695608430.8927655
1,15680,1695608430.912419
1,15696,1695608430.9325552
1,15712,1695608430.9529958
1,15728,1695608430.9729831
1,15744,1695608430.9931173
1,15760,1695608431.0127
1,15776,1695608431.0313873
1,15792,1695608431.0446098
1,15808,1695608431.0622814
1,15824,1695608431.0782344
1,15840,1695608431.0917993
1,15856,1695608431.106287
1,15872,1695608431.1213174
1,15888,1695608431.1364994
1,15904,1695608431.1518078
1,15920,1695608431.1651309
1,15936,1695608431.1803062
1,15952,1695608431.1936224
1,15968,1695608431.2092383
1,15984,1695608431.2229095
1,16000,1695608431.2376137
1,16016,1695608431.2513118
1,16032,1695608431.265968
1,16048,1695608431.2797852
1,16064,1695608431.2945273
1,16080,1695608431.3094907
1,16096,1695608431.3245122
1,16112,1695608431.339682
1,16128,1695608431.353534
1,16144,1695608431.3705058
1,16160,1695608431.3889945
1,16176,1695608431.4086149
1,16192,1695608431.4269168
1,16208,1695608431.4413736
1,16224,1695608431.4566498
1,16240,1695608431.4717894
1,16256,1695608431.4860625
1,16272,1695608431.5015538
1,16288,1695608431.5185897
1,16304,1695608431.53356
1,16320,1695608431.548563
1,16336,1695608431.563854
1,16352,1695608431.5799992
1,16368,1695608431.5946865
1,16384,1695608431.607595
1,16400,1695608431.6200628
1,16416,1695608431.6319969
1,16432,1695608431.645113
1,16448,1695608431.6569848
1,16464,1695608431.6687465
1,16480,1695608431.6820226
1,16496,1695608431.6938307
1,16512,1695608431.7069294
1,16528,1695608431.719004
1,16544,1695608431.7319567
1,16560,1695608431.744736
1,16576,1695608431.7575207
1,16592,1695608431.7715642
1,16608,1695608431.783828
1,16624,1695608431.7971148
1,16640,1695608431.809983
1,16656,1695608431.8221903
1,16672,1695608431.835612
1,16688,1695608431.8480437
1,16704,1695608431.8630905
1,16720,1695608431.8759453
1,16736,1695608431.8885298
1,16752,1695608431.900482
1,16768,1695608431.9137409
1,16784,1695608431.926
1,16800,1695608431.9377873
1,16816,1695608431.9508073
1,16832,1695608431.9629166
1,16848,1695608431.975096
1,16864,1695608431.9879467
1,16880,1695608432.0000484
1,16896,1695608432.0116389
1,16912,1695608432.0251832
1,16928,1695608432.0375888
1,16944,1695608432.0513778
1,16960,1695608432.0641768
1,16976,1695608432.0758924
1,16992,1695608432.0876062
1,17008,1695608432.101186
1,17024,1695608432.1129394
1,17040,1695608432.1250055
1,17056,1695608432.138829
1,17072,1695608432.1509264
1,17088,1695608432.163782
1,17104,1695608432.1768022
1,17120,1695608432.1887305
1,17136,1695608432.2025113
1,17152,1695608432.2147048
1,17168,1695608432.2268617
1,17184,1695608432.2400424
1,17200,1695608432.2520537
1,17216,1695608432.2651196
1,17232,1695608432.2770486
1,17248,1695608432.2903042
1,17264,1695608432.3030653
1,17280,1695608432.3161254
1,17296,1695608432.3288937
1,17312,1695608432.3407173
1,17328,1695608432.3561614
1,17344,1695608432.3695426
1,17360,1695608432.3807654
1,17376,1695608432.3928645
1,17392,1695608432.404347
1,17408,1695608432.4156442
1,17424,1695608432.4268734
1,17440,1695608432.438821
1,17456,1695608432.450576
1,17472,1695608432.4629047
1,17488,1695608432.4755015
1,17504,1695608432.4881597
1,17520,1695608432.4999924
1,17536,1695608432.512517
1,17552,1695608432.52617
1,17568,1695608432.5381713
1,17584,1695608432.5510733
1,17600,1695608432.5631902
1,17616,1695608432.576027
1,17632,1695608432.5887911
1,17648,1695608432.6005797
1,17664,1695608432.6156662
1,17680,1695608432.6284065
1,17696,1695608432.6414816
1,17712,1695608432.6535378
1,17728,1695608432.66677
1,17744,1695608432.6789186
1,17760,1695608432.6968718
1,17776,1695608432.714685
1,17792,1695608432.7303298
1,17808,1695608432.747716
1,17824,1695608432.7633376
1,17840,1695608432.776519
1,17856,1695608432.7916296
1,17872,1695608432.8063674
1,17888,1695608432.823549
1,17904,1695608432.8391898
1,17920,1695608432.8538733
1,17936,1695608432.8675382
1,17952,1695608432.8822124
1,17968,1695608432.8955748
1,17984,1695608432.9096482
1,18000,1695608432.9272056
1,18016,1695608432.9424453
1,18032,1695608432.959709
1,18048,1695608432.9726784
1,18064,1695608432.9845803
1,18080,1695608432.9961705
1,18096,1695608433.0088441
1,18112,1695608433.0207055
1,18128,1695608433.032122
1,18144,1695608433.0444596
1,18160,1695608433.0587676
1,18176,1695608433.0717454
1,18192,1695608433.0848036
1,18208,1695608433.0966463
1,18224,1695608433.1085727
1,18240,1695608433.1235332
1,18256,1695608433.1358402
1,18272,1695608433.1493788
1,18288,1695608433.1614528
1,18304,1695608433.1729956
1,18320,1695608433.1850073
1,18336,1695608433.1981063
1,18352,1695608433.209939
1,18368,1695608433.2215486
1,18384,1695608433.2345188
1,18400,1695608433.2465348
1,18416,1695608433.258369
1,18432,1695608433.271176
1,18448,1695608433.2832808
1,18464,1695608433.2960696
1,18480,1695608433.3089168
1,18496,1695608433.3205147
1,18512,1695608433.3321228
1,18528,1695608433.3446198
1,18544,1695608433.3583279
1,18560,1695608433.3717344
1,18576,1695608433.3836844
1,18592,1695608433.3967428
1,18608,1695608433.40923
1,18624,1695608433.420755
1,18640,1695608433.4324408
1,18656,1695608433.445619
1,18672,1695608433.4579396
1,18688,1695608433.4709501
1,18704,1695608433.4831374
1,18720,1695608433.4959753
1,18736,1695608433.5090032
1,18752,1695608433.520566
1,18768,1695608433.5355237
1,18784,1695608433.5476024
1,18800,1695608433.562911
1,18816,1695608433.5755033
1,18832,1695608433.5883403
1,18848,1695608433.6003249
1,18864,1695608433.61292
1,18880,1695608433.6263788
1,18896,1695608433.6378684
1,18912,1695608433.6502657
1,18928,1695608433.6638143
1,18944,1695608433.67544
1,18960,1695608433.6884458
1,18976,1695608433.7003732
1,18992,1695608433.7122438
1,19008,1695608433.7242212
1,19024,1695608433.7437162
1,19040,1695608433.7577734
1,19056,1695608433.7733781
1,19072,1695608433.7872655
1,19088,1695608433.802478
1,19104,1695608433.817391
1,19120,1695608433.8323586
1,19136,1695608433.8475196
1,19152,1695608433.8608968
1,19168,1695608433.8760557
1,19184,1695608433.8899732
1,19200,1695608433.9068205
1,19216,1695608433.9213598
1,19232,1695608433.9363034
1,19248,1695608433.951839
1,19264,1695608433.96503
1,19280,1695608433.9799533
1,19296,1695608433.9937258
1,19312,1695608434.0108736
1,19328,1695608434.0247703
1,19344,1695608434.0402954
1,19360,1695608434.054291
1,19376,1695608434.069664
1,19392,1695608434.0836153
1,19408,1695608434.0986292
1,19424,1695608434.1127288
1,19440,1695608434.1276798
1,19456,1695608434.1413112
1,19472,1695608434.157138
1,19488,1695608434.1707056
1,19504,1695608434.1854544
1,19520,1695608434.2002692
1,19536,1695608434.214873
1,19552,1695608434.2311275
1,19568,1695608434.2490375
1,19584,1695608434.262926
1,19600,1695608434.2758005
1,19616,1695608434.2884169
1,19632,1695608434.300382
1,19648,1695608434.3151734
1,19664,1695608434.327728
1,19680,1695608434.34084
1,19696,1695608434.3525708
1,19712,1695608434.3657868
1,19728,1695608434.379214
1,19744,1695608434.3909469
1,19760,1695608434.4039702
1,19776,1695608434.4172359
1,19792,1695608434.4289763
1,19808,1695608434.444035
1,19824,1695608434.4559793
1,19840,1695608434.4688208
1,19856,1695608434.4807513
1,19872,1695608434.4923675
1,19888,1695608434.508173
1,19904,1695608434.520253
1,19920,1695608434.5317519
1,19936,1695608434.5448687
1,19952,1695608434.5571616
1,19968,1695608434.5705574
1,19984,1695608434.5826554
1,20000,1695608434.5947218
1,20016,1695608434.6074593
1,20032,1695608434.6195986
1,20048,1695608434.6325834
1,20064,1695608434.6453948
1,20080,1695608434.6569784
1,20096,1695608434.6705098
1,20112,1695608434.6827226
1,20128,1695608434.6948235
1,20144,1695608434.7075624
1,20160,1695608434.7196858
1,20176,1695608434.7327194
1,20192,1695608434.7465804
1,20208,1695608434.7611241
1,20224,1695608434.7728002
1,20240,1695608434.7859817
1,20256,1695608434.7988398
1,20272,1695608434.8115432
1,20288,1695608434.8246574
1,20304,1695608434.8360832
1,20320,1695608434.8501406
1,20336,1695608434.8627331
1,20352,1695608434.8754573
1,20368,1695608434.8884337
1,20384,1695608434.899924
1,20400,1695608434.9130616
1,20416,1695608434.925058
1,20432,1695608434.9368222
1,20448,1695608434.9503229
1,20464,1695608434.9625978
1,20480,1695608434.9747894
1,20496,1695608434.9874873
1,20512,1695608434.9988213
1,20528,1695608435.011742
1,20544,1695608435.0243309
1,20560,1695608435.0373616
1,20576,1695608435.0509062
1,20592,1695608435.0623214
1,20608,1695608435.07587
1,20624,1695608435.0890577
1,20640,1695608435.1006668
1,20656,1695608435.113972
1,20672,1695608435.1259663
1,20688,1695608435.1394145
1,20704,1695608435.1514227
1,20720,1695608435.164522
1,20736,1695608435.1774507
1,20752,1695608435.1894467
1,20768,1695608435.2042701
1,20784,1695608435.2161787
1,20800,1695608435.2288666
1,20816,1695608435.244859
1,20832,1695608435.2619793
1,20848,1695608435.2797
1,20864,1695608435.291335
1,20880,1695608435.3025289
1,20896,1695608435.3132925
1,20912,1695608435.3236926
1,20928,1695608435.3348775
1,20944,1695608435.3461227
1,20960,1695608435.3566923
1,20976,1695608435.3670805
1,20992,1695608435.3781104
1,21008,1695608435.3892915
1,21024,1695608435.4003837
1,21040,1695608435.412639
1,21056,1695608435.4257696
1,21072,1695608435.4384074
1,21088,1695608435.4511333
1,21104,1695608435.4639611
1,21120,1695608435.4765537
1,21136,1695608435.4901464
1,21152,1695608435.5032399
1,21168,1695608435.5164068
1,21184,1695608435.5281324
1,21200,1695608435.5417607
1,21216,1695608435.5541592
1,21232,1695608435.5659294
1,21248,1695608435.5780632
1,21264,1695608435.5962327
1,21280,1695608435.6158836
1,21296,1695608435.6345396
1,21312,1695608435.653713
1,21328,1695608435.6759908
1,21344,1695608435.6943684
1,21360,1695608435.7141752
1,21376,1695608435.7291558
1,21392,1695608435.7426975
1,21408,1695608435.7550273
1,21424,1695608435.7681139
1,21440,1695608435.7806292
1,21456,1695608435.7922308
1,21472,1695608435.8060925
1,21488,1695608435.8187106
1,21504,1695608435.831205
1,21520,1695608435.844293
1,21536,1695608435.8556757
1,21552,1695608435.8692667
1,21568,1695608435.8811147
1,21584,1695608435.894306
1,21600,1695608435.907028
1,21616,1695608435.9200182
1,21632,1695608435.9317813
1,21648,1695608435.9438472
1,21664,1695608435.9577968
1,21680,1695608435.9715667
1,21696,1695608435.9830866
1,21712,1695608435.996233
1,21728,1695608436.0087004
1,21744,1695608436.0217605
1,21760,1695608436.034261
1,21776,1695608436.049372
1,21792,1695608436.0628016
1,21808,1695608436.0750954
1,21824,1695608436.0883534
1,21840,1695608436.100467
1,21856,1695608436.115525
1,21872,1695608436.1272686
1,21888,1695608436.1400585
1,21904,1695608436.153417
1,21920,1695608436.166746
1,21936,1695608436.18202
1,21952,1695608436.1970253
1,21968,1695608436.2127995
1,21984,1695608436.2287555
1,22000,1695608436.2427197
1,22016,1695608436.2544868
1,22032,1695608436.2653997
1,22048,1695608436.2764037
1,22064,1695608436.2868705
1,22080,1695608436.2975032
1,22096,1695608436.3089395
1,22112,1695608436.3199337
1,22128,1695608436.3305311
1,22144,1695608436.3409493
1,22160,1695608436.351865
1,22176,1695608436.3630958
1,22192,1695608436.3742979
1,22208,1695608436.3860586
1,22224,1695608436.398369
1,22240,1695608436.4127295
1,22256,1695608436.4248323
1,22272,1695608436.436397
1,22288,1695608436.4503865
1,22304,1695608436.4639163
1,22320,1695608436.4768503
1,22336,1695608436.4902108
1,22352,1695608436.5023453
1,22368,1695608436.5155427
1,22384,1695608436.5272121
1,22400,1695608436.539313
1,22416,1695608436.554971
1,22432,1695608436.571992
1,22448,1695608436.5842242
1,22464,1695608436.5960586
1,22480,1695608436.609151
1,22496,1695608436.6219902
1,22512,1695608436.6343002
1,22528,1695608436.6463068
1,22544,1695608436.659032
1,22560,1695608436.6715016
1,22576,1695608436.683848
1,22592,1695608436.6963632
1,22608,1695608436.7101552
1,22624,1695608436.7227154
1,22640,1695608436.7354546
1,22656,1695608436.7484372
1,22672,1695608436.7607322
1,22688,1695608436.7716336
1,22704,1695608436.7840486
1,22720,1695608436.7958493
1,22736,1695608436.8076792
1,22752,1695608436.8205135
1,22768,1695608436.834052
1,22784,1695608436.8454697
1,22800,1695608436.8584995
1,22816,1695608436.8717468
1,22832,1695608436.883896
1,22848,1695608436.896507
1,22864,1695608436.9083045
1,22880,1695608436.9217288
1,22896,1695608436.934687
1,22912,1695608436.948544
1,22928,1695608436.9622018
1,22944,1695608436.9751222
1,22960,1695608436.9876535
1,22976,1695608437.0015476
1,22992,1695608437.012898
1,23008,1695608437.0259752
1,23024,1695608437.038835
1,23040,1695608437.0534437
1,23056,1695608437.0667202
1,23072,1695608437.0801694
1,23088,1695608437.0923312
1,23104,1695608437.1051633
1,23120,1695608437.1201744
1,23136,1695608437.1312022
1,23152,1695608437.1435316
1,23168,1695608437.158568
1,23184,1695608437.1695793
1,23200,1695608437.1833904
1,23216,1695608437.19572
1,23232,1695608437.2078476
1,23248,1695608437.2201872
1,23264,1695608437.2332954
1,23280,1695608437.2458644
1,23296,1695608437.257907
1,23312,1695608437.2716088
1,23328,1695608437.2855515
1,23344,1695608437.303343
1,23360,1695608437.3150113
1,23376,1695608437.32821
1,23392,1695608437.3405821
1,23408,1695608437.3520997
1,23424,1695608437.365361
1,23440,1695608437.3788276
1,23456,1695608437.3909557
1,23472,1695608437.4036863
1,23488,1695608437.419332
1,23504,1695608437.4326856
1,23520,1695608437.4443448
1,23536,1695608437.4588866
1,23552,1695608437.4706612
1,23568,1695608437.4853964
1,23584,1695608437.4965913
1,23600,1695608437.5083148
1,23616,1695608437.5304964
1,23632,1695608437.5553474
1,23648,1695608437.575093
1,23664,1695608437.5915766
1,23680,1695608437.607887
1,23696,1695608437.6222136
1,23712,1695608437.6360884
1,23728,1695608437.6490688
1,23744,1695608437.6626544
1,23760,1695608437.6743836
1,23776,1695608437.6874118
1,23792,1695608437.6990142
1,23808,1695608437.7133253
1,23824,1695608437.7261696
1,23840,1695608437.7386434
1,23856,1695608437.7549984
1,23872,1695608437.768693
1,23888,1695608437.782118
1,23904,1695608437.7955468
1,23920,1695608437.8067904
1,23936,1695608437.8208575
1,23952,1695608437.8348815
1,23968,1695608437.8530798
1,23984,1695608437.8712068
1,24000,1695608437.8916755
1,24016,1695608437.9116728
1,24032,1695608437.9270277
1,24048,1695608437.9412515
1,24064,1695608437.9585276
1,24080,1695608437.9800267
1,24096,1695608438.0003636
1,24112,1695608438.0171428
1,24128,1695608438.0352125
1,24144,1695608438.0543058
1,24160,1695608438.0725913
1,24176,1695608438.0911303
1,24192,1695608438.1129863
1,24208,1695608438.133201
1,24224,1695608438.1514957
1,24240,1695608438.1667216
1,24256,1695608438.1825058
1,24272,1695608438.2018769
1,24288,1695608438.2212257
1,24304,1695608438.2356825
1,24320,1695608438.2556772
1,24336,1695608438.2766168
1,24352,1695608438.2963953
1,24368,1695608438.3153722
1,24384,1695608438.334315
1,24400,1695608438.356077
1,24416,1695608438.376482
1,24432,1695608438.3954673
1,24448,1695608438.41414
1,24464,1695608438.436029
1,24480,1695608438.4529033
1,24496,1695608438.468537
1,24512,1695608438.4842696
1,24528,1695608438.4980104
1,24544,1695608438.5153205
1,24560,1695608438.5284765
1,24576,1695608438.5463486
1,24592,1695608438.565036
1,24608,1695608438.5803592
1,24624,1695608438.5945
1,24640,1695608438.6095254
1,24656,1695608438.6269279
1,24672,1695608438.6478412
1,24688,1695608438.6678138
1,24704,1695608438.688545
1,24720,1695608438.7085063
1,24736,1695608438.7276618
1,24752,1695608438.7475226
1,24768,1695608438.7675526
1,24784,1695608438.7881677
1,24800,1695608438.8084283
1,24816,1695608438.8283565
1,24832,1695608438.8469884
1,24848,1695608438.8667378
1,24864,1695608438.8879864
1,24880,1695608438.9077501
1,24896,1695608438.9282093
1,24912,1695608438.9482622
1,24928,1695608438.9646978
1,24944,1695608438.9791245
1,24960,1695608438.9938471
1,24976,1695608439.007223
1,24992,1695608439.0210137
1,25008,1695608439.0352783
1,25024,1695608439.0539303
1,25040,1695608439.072957
1,25056,1695608439.0908713
1,25072,1695608439.1051106
1,25088,1695608439.120974
1,25104,1695608439.135215
1,25120,1695608439.1508162
1,25136,1695608439.166373
1,25152,1695608439.1820724
1,25168,1695608439.195699
1,25184,1695608439.209824
1,25200,1695608439.2228992
1,25216,1695608439.2376826
1,25232,1695608439.2544017
1,25248,1695608439.2702856
1,25264,1695608439.285809
1,25280,1695608439.2993274
1,25296,1695608439.3140721
1,25312,1695608439.3276927
1,25328,1695608439.342218
1,25344,1695608439.3561444
1,25360,1695608439.3705926
1,25376,1695608439.3855567
1,25392,1695608439.4004948
1,25408,1695608439.4157794
1,25424,1695608439.4294882
1,25440,1695608439.4450438
1,25456,1695608439.458696
1,25472,1695608439.4736836
1,25488,1695608439.4876459
1,25504,1695608439.5029194
1,25520,1695608439.5162172
1,25536,1695608439.5310555
1,25552,1695608439.5458188
1,25568,1695608439.559747
1,25584,1695608439.571354
1,25600,1695608439.5843039
1,25616,1695608439.59674
1,25632,1695608439.608376
1,25648,1695608439.6215403
1,25664,1695608439.6333082
1,25680,1695608439.6462405
1,25696,1695608439.6587903
1,25712,1695608439.674552
1,25728,1695608439.691495
1,25744,1695608439.7066596
1,25760,1695608439.7205904
1,25776,1695608439.7349243
1,25792,1695608439.7497716
1,25808,1695608439.7644954
1,25824,1695608439.7798362
1,25840,1695608439.7948055
1,25856,1695608439.8093863
1,25872,1695608439.825253
1,25888,1695608439.8389726
1,25904,1695608439.853517
1,25920,1695608439.8707943
1,25936,1695608439.8865516
1,25952,1695608439.9014099
1,25968,1695608439.9159112
1,25984,1695608439.9310265
1,26000,1695608439.9462655
1,26016,1695608439.9599488
1,26032,1695608439.9750779
1,26048,1695608439.9889576
1,26064,1695608440.003963
1,26080,1695608440.019162
1,26096,1695608440.0331995
1,26112,1695608440.0496151
1,26128,1695608440.0663278
1,26144,1695608440.0824854
1,26160,1695608440.097811
1,26176,1695608440.1211212
1,26192,1695608440.1377938
1,26208,1695608440.152484
1,26224,1695608440.1686225
1,26240,1695608440.1825416
1,26256,1695608440.1975088
1,26272,1695608440.2122881
1,26288,1695608440.2270284
1,26304,1695608440.24176
1,26320,1695608440.2587707
1,26336,1695608440.273536
1,26352,1695608440.2846715
1,26368,1695608440.2963674
1,26384,1695608440.3079646
1,26400,1695608440.3204443
1,26416,1695608440.3340232
1,26432,1695608440.3479187
1,26448,1695608440.3602722
1,26464,1695608440.3719337
1,26480,1695608440.3853693
1,26496,1695608440.3971157
1,26512,1695608440.4109368
1,26528,1695608440.42349
1,26544,1695608440.436334
1,26560,1695608440.448832
1,26576,1695608440.4620926
1,26592,1695608440.4742782
1,26608,1695608440.486303
1,26624,1695608440.4991016
1,26640,1695608440.511412
1,26656,1695608440.5244172
1,26672,1695608440.5373645
1,26688,1695608440.5493007
1,26704,1695608440.5625298
1,26720,1695608440.5747652
1,26736,1695608440.588122
1,26752,1695608440.5997472
1,26768,1695608440.6129224
1,26784,1695608440.6257586
1,26800,1695608440.6379638
1,26816,1695608440.651552
1,26832,1695608440.6639726
1,26848,1695608440.6775017
1,26864,1695608440.6902986
1,26880,1695608440.7029414
1,26896,1695608440.7162735
1,26912,1695608440.7280924
1,26928,1695608440.741199
1,26944,1695608440.7549481
1,26960,1695608440.7673452
1,26976,1695608440.7804606
1,26992,1695608440.7921267
1,27008,1695608440.8036544
1,27024,1695608440.8166938
1,27040,1695608440.829186
1,27056,1695608440.840876
1,27072,1695608440.8529093
1,27088,1695608440.8684943
1,27104,1695608440.8807828
1,27120,1695608440.8939412
1,27136,1695608440.906753
1,27152,1695608440.9197645
1,27168,1695608440.93278
1,27184,1695608440.9445505
1,27200,1695608440.956904
1,27216,1695608440.970855
1,27232,1695608440.9835355
1,27248,1695608440.9966726
1,27264,1695608441.009508
1,27280,1695608441.0214481
1,27296,1695608441.0350454
1,27312,1695608441.0474918
1,27328,1695608441.0603523
1,27344,1695608441.0741365
1,27360,1695608441.088231
1,27376,1695608441.0998313
1,27392,1695608441.1115289
1,27408,1695608441.1257257
1,27424,1695608441.136557
1,27440,1695608441.1481464
1,27456,1695608441.163119
1,27472,1695608441.1748602
1,27488,1695608441.1882198
1,27504,1695608441.2005842
1,27520,1695608441.2114568
1,27536,1695608441.2246454
1,27552,1695608441.2434325
1,27568,1695608441.2626488
1,27584,1695608441.281134
1,27600,1695608441.2988071
1,27616,1695608441.3175974
1,27632,1695608441.3310711
1,27648,1695608441.35197
1,27664,1695608441.3701963
1,27680,1695608441.3884053
1,27696,1695608441.4056256
1,27712,1695608441.4203138
1,27728,1695608441.437743
1,27744,1695608441.460042
1,27760,1695608441.4803014
1,27776,1695608441.5002222
1,27792,1695608441.5208309
1,27808,1695608441.5407364
1,27824,1695608441.5598936
1,27840,1695608441.5805843
1,27856,1695608441.601085
1,27872,1695608441.6205714
1,27888,1695608441.6400151
1,27904,1695608441.6604292
1,27920,1695608441.681771
1,27936,1695608441.7006853
1,27952,1695608441.7193727
1,27968,1695608441.7389019
1,27984,1695608441.7553542
1,28000,1695608441.771021
1,28016,1695608441.7865148
1,28032,1695608441.8013973
1,28048,1695608441.8166482
1,28064,1695608441.8321266
1,28080,1695608441.8459208
1,28096,1695608441.8616421
1,28112,1695608441.8749518
1,28128,1695608441.8893213
1,28144,1695608441.9033408
1,28160,1695608441.9183655
1,28176,1695608441.9323301
1,28192,1695608441.9467766
1,28208,1695608441.962084
1,28224,1695608441.9769037
1,28240,1695608441.9925697
1,28256,1695608442.0081847
1,28272,1695608442.0226219
1,28288,1695608442.0375636
1,28304,1695608442.0539505
1,28320,1695608442.0694203
1,28336,1695608442.0844383
1,28352,1695608442.0998995
1,28368,1695608442.1134467
1,28384,1695608442.1282454
1,28400,1695608442.1481225
1,28416,1695608442.1688333
1,28432,1695608442.188829
1,28448,1695608442.2092814
1,28464,1695608442.2290273
1,28480,1695608442.249303
1,28496,1695608442.2694614
1,28512,1695608442.2890553
1,28528,1695608442.308648
1,28544,1695608442.3289552
1,28560,1695608442.3478105
1,28576,1695608442.3634253
1,28592,1695608442.378634
1,28608,1695608442.3944194
1,28624,1695608442.4078228
1,28640,1695608442.4223394
1,28656,1695608442.4357932
1,28672,1695608442.4534671
1,28688,1695608442.4679804
1,28704,1695608442.4879673
1,28720,1695608442.508876
1,28736,1695608442.5292673
1,28752,1695608442.551868
1,28768,1695608442.5691118
1,28784,1695608442.5838768
1,28800,1695608442.5991218
1,28816,1695608442.614793
1,28832,1695608442.6297026
1,28848,1695608442.646876
1,28864,1695608442.6654515
1,28880,1695608442.6796021
1,28896,1695608442.6937113
1,28912,1695608442.705708
1,28928,1695608442.7175968
1,28944,1695608442.7316606
1,28960,1695608442.7426143
1,28976,1695608442.7565749
1,28992,1695608442.7699792
1,29008,1695608442.7821102
1,29024,1695608442.7965791
1,29040,1695608442.8076432
1,29056,1695608442.822689
1,29072,1695608442.8351638
1,29088,1695608442.8501205
1,29104,1695608442.862291
1,29120,1695608442.8756256
1,29136,1695608442.8889332
1,29152,1695608442.9017186
1,29168,1695608442.914788
1,29184,1695608442.927882
1,29200,1695608442.9408514
1,29216,1695608442.955058
1,29232,1695608442.967228
1,29248,1695608442.9826996
1,29264,1695608442.9952354
1,29280,1695608443.007854
1,29296,1695608443.0191185
1,29312,1695608443.031252
1,29328,1695608443.0474827
1,29344,1695608443.0591474
1,29360,1695608443.0730333
1,29376,1695608443.0839708
1,29392,1695608443.0965576
1,29408,1695608443.1110108
1,29424,1695608443.122345
1,29440,1695608443.1355186
1,29456,1695608443.1475728
1,29472,1695608443.160225
1,29488,1695608443.1724944
1,29504,1695608443.1869333
1,29520,1695608443.2014635
1,29536,1695608443.214634
1,29552,1695608443.2275677
1,29568,1695608443.2412243
1,29584,1695608443.2533443
1,29600,1695608443.2667072
1,29616,1695608443.2780135
1,29632,1695608443.2895806
1,29648,1695608443.3037176
1,29664,1695608443.3155212
1,29680,1695608443.3280346
1,29696,1695608443.339874
1,29712,1695608443.3535893
1,29728,1695608443.3700254
1,29744,1695608443.3824875
1,29760,1695608443.3958786
1,29776,1695608443.4074445
1,29792,1695608443.422619
1,29808,1695608443.438653
1,29824,1695608443.4585044
1,29840,1695608443.4777997
1,29856,1695608443.4977462
1,29872,1695608443.5150828
1,29888,1695608443.5326169
1,29904,1695608443.5434246
1,29920,1695608443.5594938
1,29936,1695608443.5777488
1,29952,1695608443.598542
1,29968,1695608443.6175773
1,29984,1695608443.6357007
1,30000,1695608443.6516001
1,30016,1695608443.6633415
1,30032,1695608443.6756575
1,30048,1695608443.691902
1,30064,1695608443.7041562
1,30080,1695608443.7160757
1,30096,1695608443.7301295
1,30112,1695608443.7448018
1,30128,1695608443.7557235
1,30144,1695608443.7671535
1,30160,1695608443.782162
1,30176,1695608443.7941854
1,30192,1695608443.807954
1,30208,1695608443.8217928
1,30224,1695608443.8343985
1,30240,1695608443.846833
1,30256,1695608443.860912
1,30272,1695608443.874504
1,30288,1695608443.886253
1,30304,1695608443.9000242
1,30320,1695608443.911946
1,30336,1695608443.9239883
1,30352,1695608443.9363499
1,30368,1695608443.9475822
1,30384,1695608443.9598815
1,30400,1695608443.9728312
1,30416,1695608443.9847012
1,30432,1695608443.9995177
1,30448,1695608444.0113285
1,30464,1695608444.0265424
1,30480,1695608444.0381417
1,30496,1695608444.052382
1,30512,1695608444.0657585
1,30528,1695608444.0783052
1,30544,1695608444.0908237
1,30560,1695608444.104668
1,30576,1695608444.1181207
1,30592,1695608444.1304443
1,30608,1695608444.1447382
1,30624,1695608444.1639283
1,30640,1695608444.1843133
1,30656,1695608444.2045941
1,30672,1695608444.2241867
1,30688,1695608444.2448287
1,30704,1695608444.2651856
1,30720,1695608444.2847686
1,30736,1695608444.3045588
1,30752,1695608444.3247762
1,30768,1695608444.3448598
1,30784,1695608444.364712
1,30800,1695608444.384137
1,30816,1695608444.4047792
1,30832,1695608444.4250329
1,30848,1695608444.4450428
1,30864,1695608444.4647815
1,30880,1695608444.485101
1,30896,1695608444.5047529
1,30912,1695608444.5247552
1,30928,1695608444.5443127
1,30944,1695608444.5607214
1,30960,1695608444.5768993
1,30976,1695608444.5884526
1,30992,1695608444.600505
1,31008,1695608444.6155062
1,31024,1695608444.6282675
1,31040,1695608444.6406512
1,31056,1695608444.6522117
1,31072,1695608444.6637402
1,31088,1695608444.676621
1,31104,1695608444.6884081
1,31120,1695608444.6999493
1,31136,1695608444.713171
1,31152,1695608444.7249393
1,31168,1695608444.7379053
1,31184,1695608444.7501435
1,31200,1695608444.7618787
1,31216,1695608444.77465
1,31232,1695608444.7866614
1,31248,1695608444.798708
1,31264,1695608444.8116689
1,31280,1695608444.8240538
1,31296,1695608444.8372352
1,31312,1695608444.8491347
1,31328,1695608444.8630574
1,31344,1695608444.8750317
1,31360,1695608444.887513
1,31376,1695608444.900649
1,31392,1695608444.9134135
1,31408,1695608444.924979
1,31424,1695608444.9370818
1,31440,1695608444.951019
1,31456,1695608444.9632678
1,31472,1695608444.9762862
1,31488,1695608444.9887264
1,31504,1695608445.00016
1,31520,1695608445.011784
1,31536,1695608445.0250404
1,31552,1695608445.036684
1,31568,1695608445.0482833
1,31584,1695608445.0617633
1,31600,1695608445.0738232
1,31616,1695608445.0857792
1,31632,1695608445.0988955
1,31648,1695608445.1110773
1,31664,1695608445.123693
1,31680,1695608445.1365185
1,31696,1695608445.148072
1,31712,1695608445.1596882
1,31728,1695608445.1725404
1,31744,1695608445.184491
1,31760,1695608445.1960335
1,31776,1695608445.2092614
1,31792,1695608445.2215004
1,31808,1695608445.233074
1,31824,1695608445.2461364
1,31840,1695608445.2583263
1,31856,1695608445.2701783
1,31872,1695608445.2827513
1,31888,1695608445.294814
1,31904,1695608445.3069346
1,31920,1695608445.3195949
1,31936,1695608445.3315902
1,31952,1695608445.3446214
1,31968,1695608445.357077
1,31984,1695608445.3685126
1,32000,1695608445.380114
1,32016,1695608445.3931625
1,32032,1695608445.4050405
1,32048,1695608445.4181604
1,32064,1695608445.43036
1,32080,1695608445.4422715
1,32096,1695608445.45515
1,32112,1695608445.4672499
1,32128,1695608445.480159
1,32144,1695608445.492974
1,32160,1695608445.5044951
1,32176,1695608445.5240586
1,32192,1695608445.5394793
1,32208,1695608445.552796
1,32224,1695608445.5680754
1,32240,1695608445.5831492
1,32256,1695608445.598089
1,32272,1695608445.6130297
1,32288,1695608445.6285074
1,32304,1695608445.6420717
1,32320,1695608445.657827
1,32336,1695608445.671588
1,32352,1695608445.6864173
1,32368,1695608445.7001176
1,32384,1695608445.7146204
1,32400,1695608445.729685
1,32416,1695608445.7448325
1,32432,1695608445.7599406
1,32448,1695608445.7749758
1,32464,1695608445.7892876
1,32480,1695608445.804438
1,32496,1695608445.8177154
1,32512,1695608445.8341212
1,32528,1695608445.8477917
1,32544,1695608445.8624663
1,32560,1695608445.8773034
1,32576,1695608445.8924234
1,32592,1695608445.9078133
1,32608,1695608445.9215152
1,32624,1695608445.9375045
1,32640,1695608445.9511733
1,32656,1695608445.965804
1,32672,1695608445.9816985
1,32688,1695608445.997818
1,32704,1695608446.0128198
1,32720,1695608446.0266933
1,32736,1695608446.0417233
1,32752,1695608446.0553916
1,32768,1695608446.0698712
1,32784,1695608446.0835214
1,32800,1695608446.0994947
1,32816,1695608446.1127143
1,32832,1695608446.125316
1,32848,1695608446.1370754
1,32864,1695608446.1505487
1,32880,1695608446.1626039
1,32896,1695608446.174565
1,32912,1695608446.187152
1,32928,1695608446.1994946
1,32944,1695608446.212463
1,32960,1695608446.2251291
1,32976,1695608446.2365434
1,32992,1695608446.2498567
1,33008,1695608446.2635596
1,33024,1695608446.2755988
1,33040,1695608446.2886553
1,33056,1695608446.3005667
1,33072,1695608446.3152971
1,33088,1695608446.3296988
1,33104,1695608446.3411932
1,33120,1695608446.3534203
1,33136,1695608446.366904
1,33152,1695608446.3785796
1,33168,1695608446.3918073
1,33184,1695608446.4045339
1,33200,1695608446.4156473
1,33216,1695608446.428373
1,33232,1695608446.442057
1,33248,1695608446.4538107
1,33264,1695608446.4666917
1,33280,1695608446.479033
1,33296,1695608446.4917662
1,33312,1695608446.5042794
1,33328,1695608446.5163105
1,33344,1695608446.529148
1,33360,1695608446.5410082
1,33376,1695608446.554244
1,33392,1695608446.566335
1,33408,1695608446.5782259
1,33424,1695608446.5910118
1,33440,1695608446.603184
1,33456,1695608446.6158147
1,33472,1695608446.6283307
1,33488,1695608446.6403859
1,33504,1695608446.6533887
1,33520,1695608446.6652756
1,33536,1695608446.6783626
1,33552,1695608446.6905024
1,33568,1695608446.7025125
1,33584,1695608446.7151868
1,33600,1695608446.7273135
1,33616,1695608446.7387598
1,33632,1695608446.7516043
1,33648,1695608446.7641125
1,33664,1695608446.776211
1,33680,1695608446.7911186
1,33696,1695608446.804255
1,33712,1695608446.8171234
1,33728,1695608446.8310328
1,33744,1695608446.8427265
1,33760,1695608446.8556824
1,33776,1695608446.8687186
1,33792,1695608446.8802633
1,33808,1695608446.8917758
1,33824,1695608446.9048834
1,33840,1695608446.9169273
1,33856,1695608446.9289098
1,33872,1695608446.9414818
1,33888,1695608446.9530587
1,33904,1695608446.9660518
1,33920,1695608446.9780688
1,33936,1695608446.990865
1,33952,1695608447.0030525
1,33968,1695608447.0153582
1,33984,1695608447.027805
1,34000,1695608447.0403593
1,34016,1695608447.0523646
1,34032,1695608447.0639265
1,34048,1695608447.0762267
1,34064,1695608447.0901577
1,34080,1695608447.1039932
1,34096,1695608447.1159317
1,34112,1695608447.131422
1,34128,1695608447.146558
1,34144,1695608447.1594005
1,34160,1695608447.1723592
1,34176,1695608447.1850717
1,34192,1695608447.1968799
1,34208,1695608447.21282
1,34224,1695608447.2258077
1,34240,1695608447.23856
1,34256,1695608447.2513554
1,34272,1695608447.2646108
1,34288,1695608447.2762253
1,34304,1695608447.2879257
1,34320,1695608447.3017633
1,34336,1695608447.3142738
1,34352,1695608447.3264306
1,34368,1695608447.3394847
1,34384,1695608447.3511205
1,34400,1695608447.3649983
1,34416,1695608447.3779278
1,34432,1695608447.3901205
1,34448,1695608447.4037583
1,34464,1695608447.4157584
1,34480,1695608447.4289296
1,34496,1695608447.4406903
1,34512,1695608447.4611468
1,34528,1695608447.4786592
1,34544,1695608447.4964397
1,34560,1695608447.5117505
1,34576,1695608447.5262372
1,34592,1695608447.5407631
1,34608,1695608447.5630233
1,34624,1695608447.582574
1,34640,1695608447.602171
1,34656,1695608447.620774
1,34672,1695608447.6421204
1,34688,1695608447.6559289
1,34704,1695608447.6686964
1,34720,1695608447.6826808
1,34736,1695608447.6942186
1,34752,1695608447.7070293
1,34768,1695608447.7204025
1,34784,1695608447.7327309
1,34800,1695608447.7459357
1,34816,1695608447.7586143
1,34832,1695608447.7709599
1,34848,1695608447.7844234
1,34864,1695608447.7968946
1,34880,1695608447.8085673
1,34896,1695608447.820326
1,34912,1695608447.8340263
1,34928,1695608447.845758
1,34944,1695608447.8591032
1,34960,1695608447.8709736
1,34976,1695608447.883177
1,34992,1695608447.8956282
1,35008,1695608447.9079661
1,35024,1695608447.9195936
1,35040,1695608447.932506
1,35056,1695608447.9451327
1,35072,1695608447.956651
1,35088,1695608447.9698853
1,35104,1695608447.9844573
1,35120,1695608447.996011
1,35136,1695608448.008622
1,35152,1695608448.0226507
1,35168,1695608448.0349176
1,35184,1695608448.0481591
1,35200,1695608448.0608842
1,35216,1695608448.0724356
1,35232,1695608448.084653
1,35248,1695608448.0976243
1,35264,1695608448.1093545
1,35280,1695608448.1223352
1,35296,1695608448.1352508
1,35312,1695608448.1484568
1,35328,1695608448.161466
1,35344,1695608448.1734903
1,35360,1695608448.186346
1,35376,1695608448.1981187
1,35392,1695608448.2108743
1,35408,1695608448.2229412
1,35424,1695608448.2351127
1,35440,1695608448.2481537
1,35456,1695608448.2597475
1,35472,1695608448.2712533
1,35488,1695608448.2841976
1,35504,1695608448.2966738
1,35520,1695608448.3087306
1,35536,1695608448.320285
1,35552,1695608448.3335185
1,35568,1695608448.3453178
1,35584,1695608448.3583639
1,35600,1695608448.3705552
1,35616,1695608448.3825302
1,35632,1695608448.395116
1,35648,1695608448.407323
1,35664,1695608448.4187593
1,35680,1695608448.4316247
1,35696,1695608448.4445074
1,35712,1695608448.4580448
1,35728,1695608448.4705777
1,35744,1695608448.4835103
1,35760,1695608448.496279
1,35776,1695608448.5091643
1,35792,1695608448.5228357
1,35808,1695608448.5351748
1,35824,1695608448.5477128
1,35840,1695608448.5597374
1,35856,1695608448.5725355
1,35872,1695608448.5845616
1,35888,1695608448.5960276
1,35904,1695608448.6094978
1,35920,1695608448.6218355
1,35936,1695608448.633556
1,35952,1695608448.6468022
1,35968,1695608448.6589692
1,35984,1695608448.6713147
1,36000,1695608448.6839402
1,36016,1695608448.6961
1,36032,1695608448.7077591
1,36048,1695608448.7208073
1,36064,1695608448.7329736
1,36080,1695608448.7445061
1,36096,1695608448.75781
1,36112,1695608448.7695053
1,36128,1695608448.7853556
1,36144,1695608448.7979016
1,36160,1695608448.811469
1,36176,1695608448.8238168
1,36192,1695608448.836943
1,36208,1695608448.8489285
1,36224,1695608448.8605704
1,36240,1695608448.8734777
1,36256,1695608448.885247
1,36272,1695608448.8983684
1,36288,1695608448.9104342
1,36304,1695608448.9220934
1,36320,1695608448.9357097
1,36336,1695608448.9486585
1,36352,1695608448.9627523
1,36368,1695608448.9762483
1,36384,1695608448.9882164
1,36400,1695608448.9996643
1,36416,1695608449.0126288
1,36432,1695608449.0250337
1,36448,1695608449.0367124
1,36464,1695608449.048334
1,36480,1695608449.0606027
1,36496,1695608449.0735743
1,36512,1695608449.0855978
1,36528,1695608449.0985177
1,36544,1695608449.1105976
1,36560,1695608449.1227462
1,36576,1695608449.1356559
1,36592,1695608449.1470454
1,36608,1695608449.1598244
1,36624,1695608449.1726909
1,36640,1695608449.1843898
1,36656,1695608449.2001114
1,36672,1695608449.2128658
1,36688,1695608449.2246382
1,36704,1695608449.2363997
1,36720,1695608449.2497585
1,36736,1695608449.2654796
1,36752,1695608449.2797136
1,36768,1695608449.29264
1,36784,1695608449.3047066
1,36800,1695608449.3180335
1,36816,1695608449.3302135
1,36832,1695608449.341945
1,36848,1695608449.3547158
1,36864,1695608449.3666215
1,36880,1695608449.378581
1,36896,1695608449.3911278
1,36912,1695608449.4033563
1,36928,1695608449.4148252
1,36944,1695608449.4276228
1,36960,1695608449.440312
1,36976,1695608449.4537208
1,36992,1695608449.4676797
1,37008,1695608449.4802122
1,37024,1695608449.491864
1,37040,1695608449.5035884
1,37056,1695608449.5163174
1,37072,1695608449.5287879
1,37088,1695608449.5404246
1,37104,1695608449.5532033
1,37120,1695608449.5666888
1,37136,1695608449.5790734
1,37152,1695608449.591773
1,37168,1695608449.604204
1,37184,1695608449.6162317
1,37200,1695608449.6280246
1,37216,1695608449.641297
1,37232,1695608449.653509
1,37248,1695608449.6650314
1,37264,1695608449.678066
1,37280,1695608449.690385
1,37296,1695608449.7022767
1,37312,1695608449.7152226
1,37328,1695608449.7275743
1,37344,1695608449.7425997
1,37360,1695608449.7552583
1,37376,1695608449.7681603
1,37392,1695608449.7811093
1,37408,1695608449.792993
1,37424,1695608449.8078387
1,37440,1695608449.8194206
1,37456,1695608449.8328054
1,37472,1695608449.8453176
1,37488,1695608449.8567903
1,37504,1695608449.8697226
1,37520,1695608449.8836048
1,37536,1695608449.895398
1,37552,1695608449.9082024
1,37568,1695608449.9206717
1,37584,1695608449.9326437
1,37600,1695608449.9458153
1,37616,1695608449.9580317
1,37632,1695608449.9698327
1,37648,1695608449.982431
1,37664,1695608449.9947824
1,37680,1695608450.0069966
1,37696,1695608450.019996
1,37712,1695608450.0315435
1,37728,1695608450.044369
1,37744,1695608450.057072
1,37760,1695608450.0685987
1,37776,1695608450.0815914
1,37792,1695608450.0932074
1,37808,1695608450.1062634
1,37824,1695608450.1180964
1,37840,1695608450.12985
1,37856,1695608450.142699
1,37872,1695608450.1548786
1,37888,1695608450.167066
1,37904,1695608450.1795206
1,37920,1695608450.1914544
1,37936,1695608450.20452
1,37952,1695608450.2168815
1,37968,1695608450.228642
1,37984,1695608450.2419999
1,38000,1695608450.25423
1,38016,1695608450.2661126
1,38032,1695608450.2793427
1,38048,1695608450.2912772
1,38064,1695608450.3036969
1,38080,1695608450.3161435
1,38096,1695608450.3286412
1,38112,1695608450.340096
1,38128,1695608450.3529406
1,38144,1695608450.3663118
1,38160,1695608450.3781817
1,38176,1695608450.3909097
1,38192,1695608450.4030783
1,38208,1695608450.4154763
1,38224,1695608450.4279196
1,38240,1695608450.4403467
1,38256,1695608450.4520156
1,38272,1695608450.464607
1,38288,1695608450.4827843
1,38304,1695608450.4981008
1,38320,1695608450.5130923
1,38336,1695608450.5289748
1,38352,1695608450.5443454
1,38368,1695608450.557677
1,38384,1695608450.5727844
1,38400,1695608450.5863628
1,38416,1695608450.6009398
1,38432,1695608450.6188438
1,38448,1695608450.6338
1,38464,1695608450.6485443
1,38480,1695608450.663453
1,38496,1695608450.6766818
1,38512,1695608450.6918485
1,38528,1695608450.7051551
1,38544,1695608450.7201095
1,38560,1695608450.7334747
1,38576,1695608450.749597
1,38592,1695608450.763308
1,38608,1695608450.7776296
1,38624,1695608450.7912512
1,38640,1695608450.8057
1,38656,1695608450.822395
1,38672,1695608450.8379679
1,38688,1695608450.8533182
1,38704,1695608450.8675842
1,38720,1695608450.8828921
1,38736,1695608450.898088
1,38752,1695608450.9116755
1,38768,1695608450.9268496
1,38784,1695608450.9416878
1,38800,1695608450.95631
1,38816,1695608450.9715934
1,38832,1695608450.9849746
1,38848,1695608451.000287
1,38864,1695608451.0137987
1,38880,1695608451.0278678
1,38896,1695608451.0475156
1,38912,1695608451.0599797
1,38928,1695608451.077441
1,38944,1695608451.0919378
1,38960,1695608451.1113055
1,38976,1695608451.1319466
1,38992,1695608451.149456
1,39008,1695608451.1632445
1,39024,1695608451.1842117
1,39040,1695608451.2034764
1,39056,1695608451.2233486
1,39072,1695608451.2431355
1,39088,1695608451.2641253
1,39104,1695608451.2852964
1,39120,1695608451.3048663
1,39136,1695608451.3234315
1,39152,1695608451.3419473
1,39168,1695608451.362136
1,39184,1695608451.382595
1,39200,1695608451.4025366
1,39216,1695608451.4234157
1,39232,1695608451.4428432
1,39248,1695608451.4601872
1,39264,1695608451.481965
1,39280,1695608451.5025108
1,39296,1695608451.5219827
1,39312,1695608451.5419772
1,39328,1695608451.56271
1,39344,1695608451.5835836
1,39360,1695608451.6038969
1,39376,1695608451.618
1,39392,1695608451.6322975
1,39408,1695608451.6472642
1,39424,1695608451.6619585
1,39440,1695608451.6765332
1,39456,1695608451.6917515
1,39472,1695608451.7047958
1,39488,1695608451.7197545
1,39504,1695608451.7345219
1,39520,1695608451.7512264
1,39536,1695608451.7670188
1,39552,1695608451.7848275
1,39568,1695608451.8006768
1,39584,1695608451.815556
1,39600,1695608451.82958
1,39616,1695608451.843206
1,39632,1695608451.857671
1,39648,1695608451.8729696
1,39664,1695608451.888251
1,39680,1695608451.903191
1,39696,1695608451.9177473
1,39712,1695608451.9324877
1,39728,1695608451.9434307
1,39744,1695608451.956199
1,39760,1695608451.9685676
1,39776,1695608451.9821985
1,39792,1695608451.995871
1,39808,1695608452.0077775
1,39824,1695608452.0193129
1,39840,1695608452.0323815
1,39856,1695608452.0452647
1,39872,1695608452.0567462
1,39888,1695608452.0686789
1,39904,1695608452.0822685
1,39920,1695608452.0944655
1,39936,1695608452.1064727
1,39952,1695608452.1196542
1,39968,1695608452.1315572
1,39984,1695608452.1437263
1,40000,1695608452.1588814
1,40016,1695608452.170123
1,40032,1695608452.1837735
1,40048,1695608452.1959832
1,40064,1695608452.2089393
1,40080,1695608452.221698
1,40096,1695608452.235042
1,40112,1695608452.2462761
1,40128,1695608452.2585166
1,40144,1695608452.2706587
1,40160,1695608452.2832637
1,40176,1695608452.2952857
1,40192,1695608452.307497
1,40208,1695608452.3226273
1,40224,1695608452.3441021
1,40240,1695608452.3614905
1,40256,1695608452.3767865
1,40272,1695608452.3910475
1,40288,1695608452.403165
1,40304,1695608452.4155085
1,40320,1695608452.431794
1,40336,1695608452.4515126
1,40352,1695608452.4682274
1,40368,1695608452.4921076
1,40384,1695608452.512465
1,40400,1695608452.531948
1,40416,1695608452.5514529
1,40432,1695608452.5708685
1,40448,1695608452.5872495
1,40464,1695608452.601962
1,40480,1695608452.6179385
1,40496,1695608452.6401463
1,40512,1695608452.6612678
1,40528,1695608452.679174
1,40544,1695608452.6960304
1,40560,1695608452.7145717
1,40576,1695608452.7340813
1,40592,1695608452.7563922
1,40608,1695608452.7755725
1,40624,1695608452.7943559
1,40640,1695608452.8086371
1,40656,1695608452.8211997
1,40672,1695608452.83926
1,40688,1695608452.8603015
1,40704,1695608452.8784006
1,40720,1695608452.891324
1,40736,1695608452.9120166
1,40752,1695608452.9310968
1,40768,1695608452.9470346
1,40784,1695608452.9615738
1,40800,1695608452.978122
1,40816,1695608453.0004623
1,40832,1695608453.0206172
1,40848,1695608453.0399442
1,40864,1695608453.0591114
1,40880,1695608453.076145
1,40896,1695608453.0911996
1,40912,1695608453.1062305
1,40928,1695608453.1282892
1,40944,1695608453.1470268
1,40960,1695608453.163502
1,40976,1695608453.177836
1,40992,1695608453.19413
1,41008,1695608453.2159734
1,41024,1695608453.2371762
1,41040,1695608453.2548223
1,41056,1695608453.271788
1,41072,1695608453.2902663
1,41088,1695608453.309031
1,41104,1695608453.3224843
1,41120,1695608453.3363106
1,41136,1695608453.3480155
1,41152,1695608453.360669
1,41168,1695608453.3741744
1,41184,1695608453.3859055
1,41200,1695608453.3980787
1,41216,1695608453.4104862
1,41232,1695608453.422748
1,41248,1695608453.4356055
1,41264,1695608453.4468384
1,41280,1695608453.458747
1,41296,1695608453.472789
1,41312,1695608453.4840355
1,41328,1695608453.4957469
1,41344,1695608453.511786
1,41360,1695608453.5239654
1,41376,1695608453.538603
1,41392,1695608453.5501628
1,41408,1695608453.5625696
1,41424,1695608453.576649
1,41440,1695608453.5882022
1,41456,1695608453.5995955
1,41472,1695608453.6120207
1,41488,1695608453.6277394
1,41504,1695608453.6398327
1,41520,1695608453.6516821
1,41536,1695608453.6637692
1,41552,1695608453.6788034
1,41568,1695608453.6900415
1,41584,1695608453.703116
1,41600,1695608453.716152
1,41616,1695608453.7288177
1,41632,1695608453.7407036
1,41648,1695608453.7534144
1,41664,1695608453.768217
1,41680,1695608453.7797887
1,41696,1695608453.7931156
1,41712,1695608453.8045259
1,41728,1695608453.8157632
1,41744,1695608453.831429
1,41760,1695608453.8441527
1,41776,1695608453.8569617
1,41792,1695608453.8680863
1,41808,1695608453.879813
1,41824,1695608453.892898
1,41840,1695608453.9064505
1,41856,1695608453.9174323
1,41872,1695608453.9304495
1,41888,1695608453.9434109
1,41904,1695608453.9554462
1,41920,1695608453.969834
1,41936,1695608453.9809065
1,41952,1695608453.9938693
1,41968,1695608454.0063398
1,41984,1695608454.0186183
1,42000,1695608454.0320728
1,42016,1695608454.0443945
1,42032,1695608454.0557997
1,42048,1695608454.068416
1,42064,1695608454.0820935
1,42080,1695608454.093901
1,42096,1695608454.1058967
1,42112,1695608454.1181464
1,42128,1695608454.1308672
1,42144,1695608454.1442564
1,42160,1695608454.1553655
1,42176,1695608454.1693168
1,42192,1695608454.182226
1,42208,1695608454.1947587
1,42224,1695608454.2073405
1,42240,1695608454.2212598
1,42256,1695608454.233879
1,42272,1695608454.2460566
1,42288,1695608454.259726
1,42304,1695608454.2708588
1,42320,1695608454.2826395
1,42336,1695608454.2967553
1,42352,1695608454.309278
1,42368,1695608454.3216155
1,42384,1695608454.3337991
1,42400,1695608454.3477523
1,42416,1695608454.359947
1,42432,1695608454.3725739
1,42448,1695608454.3866296
1,42464,1695608454.398156
1,42480,1695608454.410228
1,42496,1695608454.4230766
1,42512,1695608454.4351733
1,42528,1695608454.4485552
1,42544,1695608454.4594462
1,42560,1695608454.4742355
1,42576,1695608454.4858813
1,42592,1695608454.498316
1,42608,1695608454.5113046
1,42624,1695608454.5234094
1,42640,1695608454.5370762
1,42656,1695608454.5488873
1,42672,1695608454.5603907
1,42688,1695608454.5736837
1,42704,1695608454.5857916
1,42720,1695608454.5975385
1,42736,1695608454.610066
1,42752,1695608454.622434
1,42768,1695608454.6347075
1,42784,1695608454.647555
1,42800,1695608454.6588418
1,42816,1695608454.6725204
1,42832,1695608454.6854675
1,42848,1695608454.6979904
1,42864,1695608454.7102814
1,42880,1695608454.7229517
1,42896,1695608454.73693
1,42912,1695608454.7478588
1,42928,1695608454.7605574
1,42944,1695608454.774128
1,42960,1695608454.7860155
1,42976,1695608454.7993283
1,42992,1695608454.8104339
1,43008,1695608454.8229718
1,43024,1695608454.835835
1,43040,1695608454.847111
1,43056,1695608454.861372
1,43072,1695608454.8737955
1,43088,1695608454.8855224
1,43104,1695608454.9003637
1,43120,1695608454.9112496
1,43136,1695608454.925543
1,43152,1695608454.939016
1,43168,1695608454.952184
1,43184,1695608454.9636369
1,43200,1695608454.9783783
1,43216,1695608454.997869
1,43232,1695608455.0184693
1,43248,1695608455.0371082
1,43264,1695608455.0554397
1,43280,1695608455.0766687
1,43296,1695608455.094684
1,43312,1695608455.1130276
1,43328,1695608455.1336818
1,43344,1695608455.1534743
1,43360,1695608455.1687903
1,43376,1695608455.181693
1,43392,1695608455.19413
1,43408,1695608455.2055964
1,43424,1695608455.218085
1,43440,1695608455.2303529
1,43456,1695608455.2428226
1,43472,1695608455.2555375
1,43488,1695608455.2666457
1,43504,1695608455.2784498
1,43520,1695608455.2921467
1,43536,1695608455.3038616
1,43552,1695608455.3190353
1,43568,1695608455.3306537
1,43584,1695608455.3443456
1,43600,1695608455.357987
1,43616,1695608455.370916
1,43632,1695608455.38341
1,43648,1695608455.3970172
1,43664,1695608455.4087
1,43680,1695608455.421485
1,43696,1695608455.4343376
1,43712,1695608455.4467874
1,43728,1695608455.4596944
1,43744,1695608455.472071
1,43760,1695608455.4844964
1,43776,1695608455.497888
1,43792,1695608455.509658
1,43808,1695608455.5229788
1,43824,1695608455.5341866
1,43840,1695608455.5463848
1,43856,1695608455.5594428
1,43872,1695608455.571014
1,43888,1695608455.5847387
1,43904,1695608455.5966518
1,43920,1695608455.6081195
1,43936,1695608455.623309
1,43952,1695608455.6348557
1,43968,1695608455.648249
1,43984,1695608455.6597307
1,44000,1695608455.672695
1,44016,1695608455.684049
1,44032,1695608455.6949153
1,44048,1695608455.707519
1,44064,1695608455.7202463
1,44080,1695608455.7306716
1,44096,1695608455.7425206
1,44112,1695608455.7553456
1,44128,1695608455.766978
1,44144,1695608455.7777355
1,44160,1695608455.7887142
1,44176,1695608455.8011603
1,44192,1695608455.8127632
1,44208,1695608455.8233156
1,44224,1695608455.8356109
1,44240,1695608455.8475797
1,44256,1695608455.8594294
1,44272,1695608455.869973
1,44288,1695608455.8811429
1,44304,1695608455.8936932
1,44320,1695608455.9051998
1,44336,1695608455.915971
1,44352,1695608455.9271014
1,44368,1695608455.9398336
1,44384,1695608455.9513924
1,44400,1695608455.9622457
1,44416,1695608455.9743125
1,44432,1695608455.9857216
1,44448,1695608455.9963434
1,44464,1695608456.007459
1,44480,1695608456.0200942
1,44496,1695608456.031427
1,44512,1695608456.042304
1,44528,1695608456.0544286
1,44544,1695608456.0657372
1,44560,1695608456.0832453
1,44576,1695608456.098863
1,44592,1695608456.1134086
1,44608,1695608456.1283329
1,44624,1695608456.143546
1,44640,1695608456.1580164
1,44656,1695608456.1746836
1,44672,1695608456.190667
1,44688,1695608456.2066174
1,44704,1695608456.2210824
1,44720,1695608456.236059
1,44736,1695608456.251282
1,44752,1695608456.2647655
1,44768,1695608456.2797356
1,44784,1695608456.295207
1,44800,1695608456.3085277
1,44816,1695608456.3236396
1,44832,1695608456.3383033
1,44848,1695608456.3528202
1,44864,1695608456.3680897
1,44880,1695608456.3813162
1,44896,1695608456.3966215
1,44912,1695608456.410234
1,44928,1695608456.4249947
1,44944,1695608456.441881
1,44960,1695608456.4565454
1,44976,1695608456.4702275
1,44992,1695608456.485227
1,45008,1695608456.498746
1,45024,1695608456.51359
1,45040,1695608456.5272553
1,45056,1695608456.5418243
1,45072,1695608456.5556333
1,45088,1695608456.570438
1,45104,1695608456.58535
1,45120,1695608456.6003747
1,45136,1695608456.6151693
1,45152,1695608456.6331112
1,45168,1695608456.6528413
1,45184,1695608456.672689
1,45200,1695608456.6930826
1,45216,1695608456.7121706
1,45232,1695608456.7278519
1,45248,1695608456.7430372
1,45264,1695608456.7585154
1,45280,1695608456.7721727
1,45296,1695608456.7865353
1,45312,1695608456.8014436
1,45328,1695608456.8167439
1,45344,1695608456.832091
1,45360,1695608456.8453891
1,45376,1695608456.8607578
1,45392,1695608456.8765872
1,45408,1695608456.8911567
1,45424,1695608456.9061396
1,45440,1695608456.920839
1,45456,1695608456.934751
1,45472,1695608456.949132
1,45488,1695608456.96451
1,45504,1695608456.9789152
1,45520,1695608456.9927511
1,45536,1695608457.0068197
1,45552,1695608457.0220685
1,45568,1695608457.0358844
1,45584,1695608457.0493815
1,45600,1695608457.0630155
1,45616,1695608457.077806
1,45632,1695608457.0914133
1,45648,1695608457.104997
1,45664,1695608457.1186361
1,45680,1695608457.1334121
1,45696,1695608457.1464977
1,45712,1695608457.1607218
1,45728,1695608457.1739113
1,45744,1695608457.1884286
1,45760,1695608457.2010617
1,45776,1695608457.2180943
1,45792,1695608457.2310228
1,45808,1695608457.2490735
1,45824,1695608457.2640018
1,45840,1695608457.276969
1,45856,1695608457.2940564
1,45872,1695608457.309971
1,45888,1695608457.325943
1,45904,1695608457.340795
1,45920,1695608457.35903
1,45936,1695608457.3789127
1,45952,1695608457.4001484
1,45968,1695608457.4201725
1,45984,1695608457.4380085
1,46000,1695608457.4549084
1,46016,1695608457.4702396
1,46032,1695608457.4833546
1,46048,1695608457.5042388
1,46064,1695608457.5236602
1,46080,1695608457.5385313
1,46096,1695608457.552602
1,46112,1695608457.5701537
1,46128,1695608457.5859854
1,46144,1695608457.6008842
1,46160,1695608457.6165993
1,46176,1695608457.6301646
1,46192,1695608457.6491761
1,46208,1695608457.6635015
1,46224,1695608457.6776347
1,46240,1695608457.6919212
1,46256,1695608457.7058702
1,46272,1695608457.71749
1,46288,1695608457.7303903
1,46304,1695608457.7425964
1,46320,1695608457.7546177
1,46336,1695608457.7672226
1,46352,1695608457.7792776
1,46368,1695608457.7922056
1,46384,1695608457.805159
1,46400,1695608457.816742
1,46416,1695608457.8296802
1,46432,1695608457.8419747
1,46448,1695608457.8536248
1,46464,1695608457.8664641
1,46480,1695608457.8785427
1,46496,1695608457.8905013
1,46512,1695608457.9030848
1,46528,1695608457.9151375
1,46544,1695608457.9277945
1,46560,1695608457.9402697
1,46576,1695608457.952211
1,46592,1695608457.965512
1,46608,1695608457.9776707
1,46624,1695608457.989318
1,46640,1695608458.0021636
1,46656,1695608458.01429
1,46672,1695608458.0263288
1,46688,1695608458.0438676
1,46704,1695608458.0598235
1,46720,1695608458.0721042
1,46736,1695608458.0835552
1,46752,1695608458.096268
1,46768,1695608458.110441
1,46784,1695608458.1243482
1,46800,1695608458.1359198
1,46816,1695608458.149126
1,46832,1695608458.1615415
1,46848,1695608458.173086
1,46864,1695608458.1862106
1,46880,1695608458.1983967
1,46896,1695608458.210442
1,46912,1695608458.2235706
1,46928,1695608458.235334
1,46944,1695608458.2481856
1,46960,1695608458.260815
1,46976,1695608458.2722719
1,46992,1695608458.28381
1,47008,1695608458.2971356
1,47024,1695608458.3095877
1,47040,1695608458.3211415
1,47056,1695608458.3342848
1,47072,1695608458.3464434
1,47088,1695608458.3582788
1,47104,1695608458.3710515
1,47120,1695608458.3830657
1,47136,1695608458.395851
1,47152,1695608458.4086456
1,47168,1695608458.4200118
1,47184,1695608458.4329734
1,47200,1695608458.4449677
1,47216,1695608458.4580019
1,47232,1695608458.4701264
1,47248,1695608458.4818866
1,47264,1695608458.494751
1,47280,1695608458.5068822
1,47296,1695608458.5190327
1,47312,1695608458.5315602
1,47328,1695608458.5438209
1,47344,1695608458.5624106
1,47360,1695608458.5779383
1,47376,1695608458.59441
1,47392,1695608458.6105256
1,47408,1695608458.6352444
1,47424,1695608458.653104
1,47440,1695608458.6680522
1,47456,1695608458.6819801
1,47472,1695608458.697287
1,47488,1695608458.7150126
1,47504,1695608458.7306895
1,47520,1695608458.745676
1,47536,1695608458.7592797
1,47552,1695608458.7738028
1,47568,1695608458.7873735
1,47584,1695608458.8021295
1,47600,1695608458.8159528
1,47616,1695608458.8303413
1,47632,1695608458.8440452
1,47648,1695608458.8584695
1,47664,1695608458.873132
1,47680,1695608458.8881168
1,47696,1695608458.903409
1,47712,1695608458.918193
1,47728,1695608458.932816
1,47744,1695608458.9480262
1,47760,1695608458.9611816
1,47776,1695608458.976967
1,47792,1695608458.990555
1,47808,1695608459.0054293
1,47824,1695608459.0189993
1,47840,1695608459.0338888
1,47856,1695608459.0477777
1,47872,1695608459.062201
1,47888,1695608459.0759227
1,47904,1695608459.0902987
1,47920,1695608459.1039762
1,47936,1695608459.1182966
1,47952,1695608459.1319525
1,47968,1695608459.146344
1,47984,1695608459.159991
1,48000,1695608459.1743138
1,48016,1695608459.1881654
1,48032,1695608459.202549
1,48048,1695608459.2164211
1,48064,1695608459.230664
1,48080,1695608459.24534
1,48096,1695608459.2604434
1,48112,1695608459.2756395
1,48128,1695608459.2888973
1,48144,1695608459.3037775
1,48160,1695608459.3187017
1,48176,1695608459.3329332
1,48192,1695608459.3483117
1,48208,1695608459.3626633
1,48224,1695608459.377983
1,48240,1695608459.3935227
1,48256,1695608459.4070127
1,48272,1695608459.4217155
1,48288,1695608459.435353
1,48304,1695608459.4499214
1,48320,1695608459.4635768
1,48336,1695608459.4780636
1,48352,1695608459.491819
1,48368,1695608459.5062065
1,48384,1695608459.5199816
1,48400,1695608459.5344045
1,48416,1695608459.5486267
1,48432,1695608459.56283
1,48448,1695608459.5775204
1,48464,1695608459.5923793
1,48480,1695608459.6076787
1,48496,1695608459.6246066
1,48512,1695608459.6394641
1,48528,1695608459.654669
1,48544,1695608459.6684089
1,48560,1695608459.6825838
1,48576,1695608459.6973321
1,48592,1695608459.7122173
1,48608,1695608459.7274683
1,48624,1695608459.7420192
1,48640,1695608459.7562225
1,48656,1695608459.7711613
1,48672,1695608459.7858007
1,48688,1695608459.8004262
1,48704,1695608459.8156831
1,48720,1695608459.8288465
1,48736,1695608459.8439622
1,48752,1695608459.8571246
1,48768,1695608459.871864
1,48784,1695608459.8860881
1,48800,1695608459.9018412
1,48816,1695608459.9133437
1,48832,1695608459.9248252
1,48848,1695608459.9382195
1,48864,1695608459.9523587
1,48880,1695608459.9638124
1,48896,1695608459.976147
1,48912,1695608459.990544
1,48928,1695608460.0021956
1,48944,1695608460.0142586
1,48960,1695608460.0268588
1,48976,1695608460.0386262
1,48992,1695608460.0531101
1,49008,1695608460.064142
1,49024,1695608460.0870125
1,49040,1695608460.1037717
1,49056,1695608460.1201794
1,49072,1695608460.1353188
1,49088,1695608460.1505308
1,49104,1695608460.166784
1,49120,1695608460.1818383
1,49136,1695608460.1974888
1,49152,1695608460.2169936
1,49168,1695608460.2376866
1,49184,1695608460.2562587
1,49200,1695608460.2704923
1,49216,1695608460.2859364
1,49232,1695608460.3055568
1,49248,1695608460.3263679
1,49264,1695608460.345765
1,49280,1695608460.3657107
1,49296,1695608460.3855224
1,49312,1695608460.4000163
1,49328,1695608460.410926
1,49344,1695608460.4242525
1,49360,1695608460.4362376
1,49376,1695608460.447878
1,49392,1695608460.463124
1,49408,1695608460.4751992
1,49424,1695608460.4873517
1,49440,1695608460.5027258
1,49456,1695608460.5137064
1,49472,1695608460.5268652
1,49488,1695608460.5388217
1,49504,1695608460.5504317
1,49520,1695608460.564024
1,49536,1695608460.5754895
1,49552,1695608460.5867639
1,49568,1695608460.6029246
1,49584,1695608460.6152086
1,49600,1695608460.6296546
1,49616,1695608460.642691
1,49632,1695608460.655091
1,49648,1695608460.667035
1,49664,1695608460.6811674
1,49680,1695608460.6940234
1,49696,1695608460.7056081
1,49712,1695608460.7188752
1,49728,1695608460.731345
1,49744,1695608460.743455
1,49760,1695608460.7554617
1,49776,1695608460.7695682
1,49792,1695608460.7834363
1,49808,1695608460.7952294
1,49824,1695608460.8082423
1,49840,1695608460.8207743
1,49856,1695608460.8323941
1,49872,1695608460.8438396
1,49888,1695608460.8655005
1,49904,1695608460.8757668
1,49920,1695608460.88606
1,49936,1695608460.8963342
1,49952,1695608460.9066265
1,49968,1695608460.9168963
1,49984,1695608460.927168
1,50000,1695608460.9374964
2,16,1695608461.2260911
2,32,1695608461.2389827
2,48,1695608461.2506852
2,64,1695608461.2623017
2,80,1695608461.2749047
2,96,1695608461.287603
2,112,1695608461.2990382
2,128,1695608461.3117344
2,144,1695608461.324747
2,160,1695608461.3362887
2,176,1695608461.3479395
2,192,1695608461.3610275
2,208,1695608461.373395
2,224,1695608461.384918
2,240,1695608461.398032
2,256,1695608461.410266
2,272,1695608461.422041
2,288,1695608461.4347878
2,304,1695608461.4468012
2,320,1695608461.4582787
2,336,1695608461.4708548
2,352,1695608461.4838374
2,368,1695608461.495216
2,384,1695608461.5083392
2,400,1695608461.5207207
2,416,1695608461.538023
2,432,1695608461.5582612
2,448,1695608461.5777462
