epoch,trained_sample,time
1,0,1696063380.5558867
1,16,1696063381.7637095
1,32,1696063381.8017104
1,48,1696063381.8328612
1,64,1696063381.8636243
1,80,1696063381.898398
1,96,1696063381.929163
1,112,1696063381.9646568
1,128,1696063381.9950042
1,144,1696063382.027898
1,160,1696063382.0591116
1,176,1696063382.0986927
1,192,1696063382.1299338
1,208,1696063382.1633418
1,224,1696063382.1945446
1,240,1696063382.2286897
1,256,1696063382.2590802
1,272,1696063382.2940032
1,288,1696063382.3251445
1,304,1696063382.3601573
1,320,1696063382.401036
1,336,1696063382.4347694
1,352,1696063382.4654405
1,368,1696063382.5015173
1,384,1696063382.5327518
1,400,1696063382.565829
1,416,1696063382.596983
1,432,1696063382.631486
1,448,1696063382.6642976
1,464,1696063382.6950192
1,480,1696063382.7256615
1,496,1696063382.7591803
1,512,1696063382.7906246
1,528,1696063382.8202379
1,544,1696063382.8542366
1,560,1696063382.8881166
1,576,1696063382.9188683
1,592,1696063382.9507382
1,608,1696063382.9805002
1,624,1696063383.010103
1,640,1696063383.0427527
1,656,1696063383.0753298
1,672,1696063383.1099823
1,688,1696063383.1415124
1,704,1696063383.1805818
1,720,1696063383.2143648
1,736,1696063383.246611
1,752,1696063383.2810407
1,768,1696063383.312675
1,784,1696063383.345344
1,800,1696063383.376876
1,816,1696063383.4108043
1,832,1696063383.442736
1,848,1696063383.4783404
1,864,1696063383.5135677
1,880,1696063383.5493891
1,896,1696063383.5807877
1,912,1696063383.6154923
1,928,1696063383.6497061
1,944,1696063383.6812036
1,960,1696063383.715436
1,976,1696063383.7477994
1,992,1696063383.7796113
1,1008,1696063383.810503
1,1024,1696063383.8434603
1,1040,1696063383.8778756
1,1056,1696063383.917526
1,1072,1696063383.948736
1,1088,1696063383.9820666
1,1104,1696063384.0144858
1,1120,1696063384.0445323
1,1136,1696063384.0747833
1,1152,1696063384.1100998
1,1168,1696063384.142629
1,1184,1696063384.1748986
1,1200,1696063384.2067869
1,1216,1696063384.2374072
1,1232,1696063384.273784
1,1248,1696063384.3049426
1,1264,1696063384.3385234
1,1280,1696063384.3731062
1,1296,1696063384.4043791
1,1312,1696063384.4370842
1,1328,1696063384.4686067
1,1344,1696063384.5009987
1,1360,1696063384.5325809
1,1376,1696063384.5654008
1,1392,1696063384.5968869
1,1408,1696063384.6303775
1,1424,1696063384.6624553
1,1440,1696063384.6948798
1,1456,1696063384.7267494
1,1472,1696063384.7586663
1,1488,1696063384.7875407
1,1504,1696063384.8223367
1,1520,1696063384.8559275
1,1536,1696063384.886757
1,1552,1696063384.9186382
1,1568,1696063384.9509943
1,1584,1696063384.9826877
1,1600,1696063385.014973
1,1616,1696063385.050796
1,1632,1696063385.0827076
1,1648,1696063385.1118712
1,1664,1696063385.1471384
1,1680,1696063385.1797502
1,1696,1696063385.2137084
1,1712,1696063385.248721
1,1728,1696063385.2793853
1,1744,1696063385.310462
1,1760,1696063385.3434348
1,1776,1696063385.3782716
1,1792,1696063385.4137793
1,1808,1696063385.4537547
1,1824,1696063385.484738
1,1840,1696063385.5181909
1,1856,1696063385.552519
1,1872,1696063385.5906768
1,1888,1696063385.6226664
1,1904,1696063385.6518111
1,1920,1696063385.6901202
1,1936,1696063385.7262657
1,1952,1696063385.7592306
1,1968,1696063385.794089
1,1984,1696063385.8272607
1,2000,1696063385.8626027
1,2016,1696063385.8977854
1,2032,1696063385.929107
1,2048,1696063385.9629865
1,2064,1696063386.001788
1,2080,1696063386.033112
1,2096,1696063386.0675685
1,2112,1696063386.098748
1,2128,1696063386.1353152
1,2144,1696063386.164897
1,2160,1696063386.2077737
1,2176,1696063386.2495573
1,2192,1696063386.2895818
1,2208,1696063386.3270183
1,2224,1696063386.3678594
1,2240,1696063386.4048886
1,2256,1696063386.4450123
1,2272,1696063386.4852934
1,2288,1696063386.5254705
1,2304,1696063386.5608866
1,2320,1696063386.5977178
1,2336,1696063386.637047
1,2352,1696063386.6765678
1,2368,1696063386.7094862
1,2384,1696063386.7494118
1,2400,1696063386.7805612
1,2416,1696063386.822432
1,2432,1696063386.8547354
1,2448,1696063386.8889802
1,2464,1696063386.9225373
1,2480,1696063386.9616468
1,2496,1696063386.9935248
1,2512,1696063387.0300403
1,2528,1696063387.064083
1,2544,1696063387.1019857
1,2560,1696063387.1354563
1,2576,1696063387.1714091
1,2592,1696063387.204407
1,2608,1696063387.2429724
1,2624,1696063387.2747495
1,2640,1696063387.311331
1,2656,1696063387.3439014
1,2672,1696063387.3796518
1,2688,1696063387.41191
1,2704,1696063387.4481099
1,2720,1696063387.4827328
1,2736,1696063387.5192904
1,2752,1696063387.55201
1,2768,1696063387.5900073
1,2784,1696063387.6226435
1,2800,1696063387.6590004
1,2816,1696063387.6897843
1,2832,1696063387.726293
1,2848,1696063387.758926
1,2864,1696063387.7957077
1,2880,1696063387.8328927
1,2896,1696063387.8738115
1,2912,1696063387.9051607
1,2928,1696063387.9456837
1,2944,1696063387.9769726
1,2960,1696063388.0184486
1,2976,1696063388.0499759
1,2992,1696063388.087346
1,3008,1696063388.120222
1,3024,1696063388.1578178
1,3040,1696063388.19061
1,3056,1696063388.2257507
1,3072,1696063388.2591147
1,3088,1696063388.293995
1,3104,1696063388.335995
1,3120,1696063388.371685
1,3136,1696063388.4038405
1,3152,1696063388.4394627
1,3168,1696063388.474169
1,3184,1696063388.508688
1,3200,1696063388.5428123
1,3216,1696063388.587434
1,3232,1696063388.6185718
1,3248,1696063388.6619854
1,3264,1696063388.694373
1,3280,1696063388.7300138
1,3296,1696063388.763158
1,3312,1696063388.7981048
1,3328,1696063388.8309531
1,3344,1696063388.866052
1,3360,1696063388.8991585
1,3376,1696063388.9340239
1,3392,1696063388.9693093
1,3408,1696063389.0081213
1,3424,1696063389.0394855
1,3440,1696063389.0758145
1,3456,1696063389.1101441
1,3472,1696063389.145505
1,3488,1696063389.1818752
1,3504,1696063389.2175426
1,3520,1696063389.2538147
1,3536,1696063389.2910507
1,3552,1696063389.322625
1,3568,1696063389.354593
1,3584,1696063389.3865893
1,3600,1696063389.4197047
1,3616,1696063389.4518437
1,3632,1696063389.4888022
1,3648,1696063389.5199635
1,3664,1696063389.551217
1,3680,1696063389.5860872
1,3696,1696063389.6187174
1,3712,1696063389.6543317
1,3728,1696063389.6875803
1,3744,1696063389.7186298
1,3760,1696063389.7542396
1,3776,1696063389.7869463
1,3792,1696063389.818702
1,3808,1696063389.8506565
1,3824,1696063389.8826911
1,3840,1696063389.9162261
1,3856,1696063389.9472446
1,3872,1696063389.9778922
1,3888,1696063390.0134673
1,3904,1696063390.0435886
1,3920,1696063390.07833
1,3936,1696063390.1108243
1,3952,1696063390.1427789
1,3968,1696063390.174706
1,3984,1696063390.2068014
1,4000,1696063390.240437
1,4016,1696063390.2711926
1,4032,1696063390.306057
1,4048,1696063390.338982
1,4064,1696063390.3726373
1,4080,1696063390.4040034
1,4096,1696063390.4457488
1,4112,1696063390.478663
1,4128,1696063390.5107973
1,4144,1696063390.5426993
1,4160,1696063390.582098
1,4176,1696063390.6161306
1,4192,1696063390.6521266
1,4208,1696063390.6841881
1,4224,1696063390.7154634
1,4240,1696063390.7500982
1,4256,1696063390.7828972
1,4272,1696063390.818026
1,4288,1696063390.8514075
1,4304,1696063390.8827536
1,4320,1696063390.9148774
1,4336,1696063390.94676
1,4352,1696063390.9818609
1,4368,1696063391.0128057
1,4384,1696063391.0446744
1,4400,1696063391.074823
1,4416,1696063391.1077497
1,4432,1696063391.1390343
1,4448,1696063391.1738698
1,4464,1696063391.2048721
1,4480,1696063391.240315
1,4496,1696063391.270983
1,4512,1696063391.3025727
1,4528,1696063391.3381476
1,4544,1696063391.3707557
1,4560,1696063391.402996
1,4576,1696063391.4307432
1,4592,1696063391.4661667
1,4608,1696063391.5013373
1,4624,1696063391.5414546
1,4640,1696063391.572777
1,4656,1696063391.6076906
1,4672,1696063391.649455
1,4688,1696063391.6894429
1,4704,1696063391.72094
1,4720,1696063391.7625136
1,4736,1696063391.7961152
1,4752,1696063391.826818
1,4768,1696063391.862041
1,4784,1696063391.8913028
1,4800,1696063391.9262779
1,4816,1696063391.9625218
1,4832,1696063391.9927785
1,4848,1696063392.0268583
1,4864,1696063392.0598636
1,4880,1696063392.090797
1,4896,1696063392.1289482
1,4912,1696063392.1627934
1,4928,1696063392.1978319
1,4944,1696063392.234813
1,4960,1696063392.2676828
1,4976,1696063392.2985933
1,4992,1696063392.3336115
1,5008,1696063392.3710759
1,5024,1696063392.4027436
1,5040,1696063392.4347074
1,5056,1696063392.4664228
1,5072,1696063392.505416
1,5088,1696063392.5370033
1,5104,1696063392.5660603
1,5120,1696063392.6018615
1,5136,1696063392.641368
1,5152,1696063392.6746628
1,5168,1696063392.7067578
1,5184,1696063392.7469497
1,5200,1696063392.7868824
1,5216,1696063392.8187003
1,5232,1696063392.8481765
1,5248,1696063392.8829584
1,5264,1696063392.9177978
1,5280,1696063392.9511836
1,5296,1696063392.982734
1,5312,1696063393.0177808
1,5328,1696063393.0570982
1,5344,1696063393.097854
1,5360,1696063393.1308994
1,5376,1696063393.162642
1,5392,1696063393.1992657
1,5408,1696063393.2398713
1,5424,1696063393.270818
1,5440,1696063393.3057592
1,5456,1696063393.3456204
1,5472,1696063393.376608
1,5488,1696063393.40845
1,5504,1696063393.4418385
1,5520,1696063393.4780369
1,5536,1696063393.5114324
1,5552,1696063393.542788
1,5568,1696063393.577407
1,5584,1696063393.6181467
1,5600,1696063393.6539745
1,5616,1696063393.6864834
1,5632,1696063393.7214627
1,5648,1696063393.7615607
1,5664,1696063393.7954295
1,5680,1696063393.826668
1,5696,1696063393.8586853
1,5712,1696063393.8953724
1,5728,1696063393.9267557
1,5744,1696063393.966355
1,5760,1696063393.9975615
1,5776,1696063394.0340803
1,5792,1696063394.0673964
1,5808,1696063394.0989628
1,5824,1696063394.133943
1,5840,1696063394.1711316
1,5856,1696063394.2026467
1,5872,1696063394.2384698
1,5888,1696063394.2791622
1,5904,1696063394.324057
1,5920,1696063394.358679
1,5936,1696063394.3963296
1,5952,1696063394.4333305
1,5968,1696063394.4755878
1,5984,1696063394.5116262
1,6000,1696063394.5492065
1,6016,1696063394.5860138
1,6032,1696063394.6273134
1,6048,1696063394.664434
1,6064,1696063394.703508
1,6080,1696063394.739588
1,6096,1696063394.7816164
1,6112,1696063394.818184
1,6128,1696063394.8566914
1,6144,1696063394.8935804
1,6160,1696063394.9364316
1,6176,1696063394.9725122
1,6192,1696063395.008989
1,6208,1696063395.045071
1,6224,1696063395.0870824
1,6240,1696063395.1269336
1,6256,1696063395.1694546
1,6272,1696063395.2072794
1,6288,1696063395.2492518
1,6304,1696063395.2860205
1,6320,1696063395.3225589
1,6336,1696063395.3591855
1,6352,1696063395.4042034
1,6368,1696063395.444136
1,6384,1696063395.4789019
1,6400,1696063395.521471
1,6416,1696063395.5676482
1,6432,1696063395.6076825
1,6448,1696063395.6450303
1,6464,1696063395.6817095
1,6480,1696063395.7243884
1,6496,1696063395.7644205
1,6512,1696063395.8018465
1,6528,1696063395.8383071
1,6544,1696063395.8826911
1,6560,1696063395.9209275
1,6576,1696063395.9590945
1,6592,1696063395.9980872
1,6608,1696063396.0382402
1,6624,1696063396.0754313
1,6640,1696063396.1134417
1,6656,1696063396.150248
1,6672,1696063396.1946855
1,6688,1696063396.2376418
1,6704,1696063396.2764556
1,6720,1696063396.31352
1,6736,1696063396.3507056
1,6752,1696063396.3962255
1,6768,1696063396.4310465
1,6784,1696063396.4690268
1,6800,1696063396.5148537
1,6816,1696063396.5527637
1,6832,1696063396.5896254
1,6848,1696063396.6284447
1,6864,1696063396.6731167
1,6880,1696063396.7093575
1,6896,1696063396.7467964
1,6912,1696063396.7852235
1,6928,1696063396.8263361
1,6944,1696063396.8629096
1,6960,1696063396.9000874
1,6976,1696063396.9372585
1,6992,1696063396.983114
1,7008,1696063397.0211
1,7024,1696063397.0577517
1,7040,1696063397.0943723
1,7056,1696063397.1357577
1,7072,1696063397.1731226
1,7088,1696063397.2156138
1,7104,1696063397.2553508
1,7120,1696063397.297673
1,7136,1696063397.3341808
1,7152,1696063397.3709404
1,7168,1696063397.4089231
1,7184,1696063397.4537625
1,7200,1696063397.4926977
1,7216,1696063397.5300546
1,7232,1696063397.5666919
1,7248,1696063397.6116004
1,7264,1696063397.6488621
1,7280,1696063397.6859279
1,7296,1696063397.7227726
1,7312,1696063397.7681649
1,7328,1696063397.80569
1,7344,1696063397.8421004
1,7360,1696063397.8788226
1,7376,1696063397.9238167
1,7392,1696063397.9613867
1,7408,1696063397.9980912
1,7424,1696063398.0348892
1,7440,1696063398.0800962
1,7456,1696063398.1160054
1,7472,1696063398.1534622
1,7488,1696063398.1901138
1,7504,1696063398.2341027
1,7520,1696063398.272489
1,7536,1696063398.3096294
1,7552,1696063398.3463714
1,7568,1696063398.39076
1,7584,1696063398.42888
1,7600,1696063398.465959
1,7616,1696063398.5029037
1,7632,1696063398.544793
1,7648,1696063398.583461
1,7664,1696063398.6210315
1,7680,1696063398.660315
1,7696,1696063398.7046876
1,7712,1696063398.741785
1,7728,1696063398.7784393
1,7744,1696063398.8153954
1,7760,1696063398.8584983
1,7776,1696063398.894003
1,7792,1696063398.9327216
1,7808,1696063398.9788802
1,7824,1696063399.0212717
1,7840,1696063399.0601795
1,7856,1696063399.0975902
1,7872,1696063399.1345038
1,7888,1696063399.176333
1,7904,1696063399.2129853
1,7920,1696063399.2585757
1,7936,1696063399.2967181
1,7952,1696063399.3392565
1,7968,1696063399.3849585
1,7984,1696063399.431392
1,8000,1696063399.4743788
1,8016,1696063399.51858
1,8032,1696063399.562614
1,8048,1696063399.5978937
1,8064,1696063399.6348312
1,8080,1696063399.6796815
1,8096,1696063399.7171402
1,8112,1696063399.7536645
1,8128,1696063399.7894886
1,8144,1696063399.8331223
1,8160,1696063399.8816478
1,8176,1696063399.919556
1,8192,1696063399.9603326
1,8208,1696063400.0041168
1,8224,1696063400.0439816
1,8240,1696063400.0815265
1,8256,1696063400.119048
1,8272,1696063400.1644156
1,8288,1696063400.2015688
1,8304,1696063400.2383797
1,8320,1696063400.2750986
1,8336,1696063400.3201127
1,8352,1696063400.3599668
1,8368,1696063400.3948622
1,8384,1696063400.4323404
1,8400,1696063400.476911
1,8416,1696063400.516217
1,8432,1696063400.5513318
1,8448,1696063400.5891283
1,8464,1696063400.6311662
1,8480,1696063400.667187
1,8496,1696063400.7051518
1,8512,1696063400.7445827
1,8528,1696063400.7888565
1,8544,1696063400.8282478
1,8560,1696063400.8682933
1,8576,1696063400.905998
1,8592,1696063400.951179
1,8608,1696063400.9919305
1,8624,1696063401.0322907
1,8640,1696063401.0699859
1,8656,1696063401.1161
1,8672,1696063401.1538239
1,8688,1696063401.1917222
1,8704,1696063401.2318988
1,8720,1696063401.270902
1,8736,1696063401.3094099
1,8752,1696063401.347038
1,8768,1696063401.38239
1,8784,1696063401.422389
1,8800,1696063401.4580052
1,8816,1696063401.4965384
1,8832,1696063401.538517
1,8848,1696063401.5747178
1,8864,1696063401.607639
1,8880,1696063401.6442425
1,8896,1696063401.6853867
1,8912,1696063401.7253513
1,8928,1696063401.757126
1,8944,1696063401.7950518
1,8960,1696063401.8303745
1,8976,1696063401.867702
1,8992,1696063401.8997638
1,9008,1696063401.9365537
1,9024,1696063401.9758353
1,9040,1696063402.0157115
1,9056,1696063402.0466328
1,9072,1696063402.0857825
1,9088,1696063402.1255112
1,9104,1696063402.1616125
1,9120,1696063402.2030756
1,9136,1696063402.2381291
1,9152,1696063402.2800379
1,9168,1696063402.3320155
1,9184,1696063402.3738592
1,9200,1696063402.419417
1,9216,1696063402.4543467
1,9232,1696063402.4990098
1,9248,1696063402.5413394
1,9264,1696063402.5830996
1,9280,1696063402.618777
1,9296,1696063402.6643038
1,9312,1696063402.7019057
1,9328,1696063402.745207
1,9344,1696063402.783264
1,9360,1696063402.8254118
1,9376,1696063402.8641584
1,9392,1696063402.9086401
1,9408,1696063402.9454637
1,9424,1696063402.9861794
1,9440,1696063403.0230203
1,9456,1696063403.0713205
1,9472,1696063403.1087947
1,9488,1696063403.1538641
1,9504,1696063403.1923387
1,9520,1696063403.2362835
1,9536,1696063403.2716062
1,9552,1696063403.314391
1,9568,1696063403.3512132
1,9584,1696063403.393163
1,9600,1696063403.4296093
1,9616,1696063403.4723089
1,9632,1696063403.5158687
1,9648,1696063403.558446
1,9664,1696063403.5949638
1,9680,1696063403.6367888
1,9696,1696063403.6759553
1,9712,1696063403.7185044
1,9728,1696063403.7638607
1,9744,1696063403.807945
1,9760,1696063403.8473556
1,9776,1696063403.8889327
1,9792,1696063403.925653
1,9808,1696063403.9677944
1,9824,1696063404.0028481
1,9840,1696063404.0455654
1,9856,1696063404.0813513
1,9872,1696063404.123712
1,9888,1696063404.1587648
1,9904,1696063404.204138
1,9920,1696063404.241289
1,9936,1696063404.2875404
1,9952,1696063404.3248727
1,9968,1696063404.3660629
1,9984,1696063404.4015186
1,10000,1696063404.445194
1,10016,1696063404.484035
1,10032,1696063404.5271618
1,10048,1696063404.5709767
1,10064,1696063404.6133745
1,10080,1696063404.6511693
1,10096,1696063404.696105
1,10112,1696063404.7314596
1,10128,1696063404.7744286
1,10144,1696063404.8128865
1,10160,1696063404.8568957
1,10176,1696063404.8937163
1,10192,1696063404.9362853
1,10208,1696063404.9717352
1,10224,1696063405.0150273
1,10240,1696063405.0511253
1,10256,1696063405.091954
1,10272,1696063405.1288493
1,10288,1696063405.1738377
1,10304,1696063405.2170484
1,10320,1696063405.2632363
1,10336,1696063405.3010612
1,10352,1696063405.3466032
1,10368,1696063405.3847857
1,10384,1696063405.4264836
1,10400,1696063405.4619622
1,10416,1696063405.5061903
1,10432,1696063405.5443985
1,10448,1696063405.5860455
1,10464,1696063405.6303124
1,10480,1696063405.6731892
1,10496,1696063405.709843
1,10512,1696063405.752379
1,10528,1696063405.7921863
1,10544,1696063405.8364515
1,10560,1696063405.8787515
1,10576,1696063405.922991
1,10592,1696063405.9609966
1,10608,1696063406.0023713
1,10624,1696063406.0401635
1,10640,1696063406.084879
1,10656,1696063406.1217446
1,10672,1696063406.163763
1,10688,1696063406.2031665
1,10704,1696063406.2453241
1,10720,1696063406.281854
1,10736,1696063406.3250647
1,10752,1696063406.3706737
1,10768,1696063406.4129288
1,10784,1696063406.4497764
1,10800,1696063406.4922795
1,10816,1696063406.5319984
1,10832,1696063406.573729
1,10848,1696063406.6103563
1,10864,1696063406.654658
1,10880,1696063406.6925745
1,10896,1696063406.7344809
1,10912,1696063406.7710857
1,10928,1696063406.8158977
1,10944,1696063406.853558
1,10960,1696063406.8972068
1,10976,1696063406.9333735
1,10992,1696063406.9748385
1,11008,1696063407.012021
1,11024,1696063407.0539243
1,11040,1696063407.090206
1,11056,1696063407.1360152
1,11072,1696063407.171296
1,11088,1696063407.214514
1,11104,1696063407.2496543
1,11120,1696063407.2938938
1,11136,1696063407.3322818
1,11152,1696063407.3745823
1,11168,1696063407.4130704
1,11184,1696063407.4588683
1,11200,1696063407.496841
1,11216,1696063407.5411437
1,11232,1696063407.58482
1,11248,1696063407.6261349
1,11264,1696063407.661736
1,11280,1696063407.701643
1,11296,1696063407.7434547
1,11312,1696063407.7839038
1,11328,1696063407.8259652
1,11344,1696063407.8686185
1,11360,1696063407.9072342
1,11376,1696063407.9488885
1,11392,1696063407.9885807
1,11408,1696063408.0308447
1,11424,1696063408.0673325
1,11440,1696063408.1090755
1,11456,1696063408.1450593
1,11472,1696063408.1861877
1,11488,1696063408.221634
1,11504,1696063408.267649
1,11520,1696063408.3030035
1,11536,1696063408.3522105
1,11552,1696063408.3917785
1,11568,1696063408.4360077
1,11584,1696063408.4758859
1,11600,1696063408.5178816
1,11616,1696063408.5545194
1,11632,1696063408.5999389
1,11648,1696063408.6353328
1,11664,1696063408.6783857
1,11680,1696063408.7240677
1,11696,1696063408.766591
1,11712,1696063408.8017063
1,11728,1696063408.8458753
1,11744,1696063408.884471
1,11760,1696063408.92603
1,11776,1696063408.962998
1,11792,1696063409.0049648
1,11808,1696063409.041759
1,11824,1696063409.0843408
1,11840,1696063409.1241124
1,11856,1696063409.166517
1,11872,1696063409.2016003
1,11888,1696063409.244463
1,11904,1696063409.2841022
1,11920,1696063409.3293583
1,11936,1696063409.3657923
1,11952,1696063409.4076853
1,11968,1696063409.442695
1,11984,1696063409.485524
1,12000,1696063409.5215545
1,12016,1696063409.5651338
1,12032,1696063409.6112187
1,12048,1696063409.652892
1,12064,1696063409.6921499
1,12080,1696063409.7338588
1,12096,1696063409.7701657
1,12112,1696063409.814215
1,12128,1696063409.8525913
1,12144,1696063409.8961668
1,12160,1696063409.9360156
1,12176,1696063409.9784718
1,12192,1696063410.0151918
1,12208,1696063410.0574675
1,12224,1696063410.0939746
1,12240,1696063410.1363592
1,12256,1696063410.1762474
1,12272,1696063410.2203786
1,12288,1696063410.2601247
1,12304,1696063410.302723
1,12320,1696063410.3382123
1,12336,1696063410.3831713
1,12352,1696063410.420908
1,12368,1696063410.4657419
1,12384,1696063410.5042875
1,12400,1696063410.5483963
1,12416,1696063410.5880048
1,12432,1696063410.6319866
1,12448,1696063410.6661687
1,12464,1696063410.7118845
1,12480,1696063410.749127
1,12496,1696063410.7905731
1,12512,1696063410.8297346
1,12528,1696063410.8725448
1,12544,1696063410.9093928
1,12560,1696063410.9511168
1,12576,1696063410.9960136
1,12592,1696063411.038243
1,12608,1696063411.0750415
1,12624,1696063411.1159866
1,12640,1696063411.1613305
1,12656,1696063411.2031355
1,12672,1696063411.2392194
1,12688,1696063411.2814734
1,12704,1696063411.3202634
1,12720,1696063411.3637238
1,12736,1696063411.3988216
1,12752,1696063411.444273
1,12768,1696063411.4838688
1,12784,1696063411.528205
1,12800,1696063411.563385
1,12816,1696063411.606332
1,12832,1696063411.652127
1,12848,1696063411.6934688
1,12864,1696063411.7298875
1,12880,1696063411.7731543
1,12896,1696063411.8195875
1,12912,1696063411.8614163
1,12928,1696063411.898099
1,12944,1696063411.9402378
1,12960,1696063411.9771862
1,12976,1696063412.0189755
1,12992,1696063412.054126
1,13008,1696063412.0991728
1,13024,1696063412.136975
1,13040,1696063412.1817713
1,13056,1696063412.220604
1,13072,1696063412.2644093
1,13088,1696063412.304125
1,13104,1696063412.3460517
1,13120,1696063412.382657
1,13136,1696063412.4272578
1,13152,1696063412.4648955
1,13168,1696063412.5100987
1,13184,1696063412.5487342
1,13200,1696063412.5923507
1,13216,1696063412.6319757
1,13232,1696063412.6760712
1,13248,1696063412.716011
1,13264,1696063412.7578156
1,13280,1696063412.794231
1,13296,1696063412.8384054
1,13312,1696063412.8765779
1,13328,1696063412.920466
1,13344,1696063412.9600518
1,13360,1696063413.0023394
1,13376,1696063413.0376263
1,13392,1696063413.0836504
1,13408,1696063413.1211739
1,13424,1696063413.1669695
1,13440,1696063413.2028954
1,13456,1696063413.2451982
1,13472,1696063413.291644
1,13488,1696063413.3284233
1,13504,1696063413.3652816
1,13520,1696063413.4076865
1,13536,1696063413.4479296
1,13552,1696063413.4899747
1,13568,1696063413.5261202
1,13584,1696063413.566813
1,13600,1696063413.6035423
1,13616,1696063413.648268
1,13632,1696063413.6855023
1,13648,1696063413.7308364
1,13664,1696063413.7687714
1,13680,1696063413.8136911
1,13696,1696063413.8524075
1,13712,1696063413.8939655
1,13728,1696063413.9306054
1,13744,1696063413.97439
1,13760,1696063414.0128992
1,13776,1696063414.057277
1,13792,1696063414.0964904
1,13808,1696063414.1404183
1,13824,1696063414.1799557
1,13840,1696063414.221656
1,13856,1696063414.2605672
1,13872,1696063414.3050947
1,13888,1696063414.343362
1,13904,1696063414.3803134
1,13920,1696063414.4177077
1,13936,1696063414.4582849
1,13952,1696063414.4947429
1,13968,1696063414.5391
1,13984,1696063414.5767891
1,14000,1696063414.6218708
1,14016,1696063414.6606405
1,14032,1696063414.704397
1,14048,1696063414.743909
1,14064,1696063414.785524
1,14080,1696063414.8228047
1,14096,1696063414.8594108
1,14112,1696063414.8904889
1,14128,1696063414.9298813
1,14144,1696063414.9690402
1,14160,1696063415.007043
1,14176,1696063415.0386703
1,14192,1696063415.0752995
1,14208,1696063415.1066203
1,14224,1696063415.1454024
1,14240,1696063415.1787097
1,14256,1696063415.217171
1,14272,1696063415.2494488
1,14288,1696063415.2857652
1,14304,1696063415.3193755
1,14320,1696063415.3543184
1,14336,1696063415.3898675
1,14352,1696063415.4256573
1,14368,1696063415.4591053
1,14384,1696063415.4939158
1,14400,1696063415.5270703
1,14416,1696063415.5659695
1,14432,1696063415.5983322
1,14448,1696063415.6375122
1,14464,1696063415.6708984
1,14480,1696063415.7101138
1,14496,1696063415.742599
1,14512,1696063415.78143
1,14528,1696063415.812749
1,14544,1696063415.8509345
1,14560,1696063415.8825195
1,14576,1696063415.9178486
1,14592,1696063415.954172
1,14608,1696063415.9934788
1,14624,1696063416.0263467
1,14640,1696063416.0657203
1,14656,1696063416.0988224
1,14672,1696063416.1348255
1,14688,1696063416.1676514
1,14704,1696063416.2053678
1,14720,1696063416.238646
1,14736,1696063416.2734895
1,14752,1696063416.308671
1,14768,1696063416.3438163
1,14784,1696063416.3830256
1,14800,1696063416.4177096
1,14816,1696063416.4510913
1,14832,1696063416.4860234
1,14848,1696063416.5213387
1,14864,1696063416.561523
1,14880,1696063416.591999
1,14896,1696063416.6277387
1,14912,1696063416.6650174
1,14928,1696063416.6973133
1,14944,1696063416.7336216
1,14960,1696063416.7707086
1,14976,1696063416.8040075
1,14992,1696063416.8396437
1,15008,1696063416.8718612
1,15024,1696063416.9087439
1,15040,1696063416.940525
1,15056,1696063416.9771001
1,15072,1696063417.0107563
1,15088,1696063417.0581837
1,15104,1696063417.0872192
1,15120,1696063417.127402
1,15136,1696063417.1597195
1,15152,1696063417.1962373
1,15168,1696063417.2270396
1,15184,1696063417.2660537
1,15200,1696063417.298726
1,15216,1696063417.3338404
1,15232,1696063417.3672633
1,15248,1696063417.4022167
1,15264,1696063417.4350922
1,15280,1696063417.469996
1,15296,1696063417.5031846
1,15312,1696063417.5377703
1,15328,1696063417.5712192
1,15344,1696063417.6058779
1,15360,1696063417.6390476
1,15376,1696063417.6737168
1,15392,1696063417.7073507
1,15408,1696063417.7424843
1,15424,1696063417.7754567
1,15440,1696063417.8107347
1,15456,1696063417.8433502
1,15472,1696063417.87841
1,15488,1696063417.9114678
1,15504,1696063417.9500115
1,15520,1696063417.9825776
1,15536,1696063418.0190084
1,15552,1696063418.0510116
1,15568,1696063418.0898132
1,15584,1696063418.1224768
1,15600,1696063418.1578207
1,15616,1696063418.1964731
1,15632,1696063418.2371504
1,15648,1696063418.2683702
1,15664,1696063418.306876
1,15680,1696063418.337555
1,15696,1696063418.3768175
1,15712,1696063418.4099498
1,15728,1696063418.4511585
1,15744,1696063418.4897137
1,15760,1696063418.5194097
1,15776,1696063418.5540245
1,15792,1696063418.5911608
1,15808,1696063418.6226788
1,15824,1696063418.6629667
1,15840,1696063418.6945324
1,15856,1696063418.733341
1,15872,1696063418.764718
1,15888,1696063418.801655
1,15904,1696063418.8351357
1,15920,1696063418.8736613
1,15936,1696063418.9050944
1,15952,1696063418.9465094
1,15968,1696063418.9786043
1,15984,1696063419.0137537
1,16000,1696063419.0491807
1,16016,1696063419.0851061
1,16032,1696063419.1192145
1,16048,1696063419.157106
1,16064,1696063419.186265
1,16080,1696063419.218828
1,16096,1696063419.2518144
1,16112,1696063419.2884474
1,16128,1696063419.3227937
1,16144,1696063419.3629937
1,16160,1696063419.394673
1,16176,1696063419.4299333
1,16192,1696063419.4631367
1,16208,1696063419.499861
1,16224,1696063419.53126
1,16240,1696063419.5743449
1,16256,1696063419.6033282
1,16272,1696063419.6417606
1,16288,1696063419.675073
1,16304,1696063419.7138271
1,16320,1696063419.7499673
1,16336,1696063419.7888522
1,16352,1696063419.8224306
1,16368,1696063419.8590016
1,16384,1696063419.8904536
1,16400,1696063419.9304485
1,16416,1696063419.9625714
1,16432,1696063420.0026443
1,16448,1696063420.0345864
1,16464,1696063420.0750623
1,16480,1696063420.1159189
1,16496,1696063420.1559305
1,16512,1696063420.1969137
1,16528,1696063420.2373486
1,16544,1696063420.2671158
1,16560,1696063420.304031
1,16576,1696063420.343657
1,16592,1696063420.385734
1,16608,1696063420.4213936
1,16624,1696063420.4589207
1,16640,1696063420.4916823
1,16656,1696063420.5331573
1,16672,1696063420.5631278
1,16688,1696063420.599714
1,16704,1696063420.6317918
1,16720,1696063420.673015
1,16736,1696063420.7044296
1,16752,1696063420.7408164
1,16768,1696063420.7743876
1,16784,1696063420.8150415
1,16800,1696063420.8479693
1,16816,1696063420.8835833
1,16832,1696063420.9160182
1,16848,1696063420.9574625
1,16864,1696063420.9905455
1,16880,1696063421.0258179
1,16896,1696063421.0590758
1,16912,1696063421.1032114
1,16928,1696063421.1346583
1,16944,1696063421.1735487
1,16960,1696063421.2031374
1,16976,1696063421.242561
1,16992,1696063421.2747312
1,17008,1696063421.3096774
1,17024,1696063421.3435397
1,17040,1696063421.3840706
1,17056,1696063421.4145646
1,17072,1696063421.4540718
1,17088,1696063421.486567
1,17104,1696063421.5245094
1,17120,1696063421.5573337
1,17136,1696063421.5974038
1,17152,1696063421.6296537
1,17168,1696063421.6707265
1,17184,1696063421.7011251
1,17200,1696063421.740998
1,17216,1696063421.7723024
1,17232,1696063421.8133926
1,17248,1696063421.8443985
1,17264,1696063421.8806686
1,17280,1696063421.9135664
1,17296,1696063421.9537504
1,17312,1696063421.984653
1,17328,1696063422.0214164
1,17344,1696063422.0575762
1,17360,1696063422.0975378
1,17376,1696063422.1285782
1,17392,1696063422.1653092
1,17408,1696063422.1941135
1,17424,1696063422.229796
1,17440,1696063422.2694523
1,17456,1696063422.309126
1,17472,1696063422.340516
1,17488,1696063422.3775504
1,17504,1696063422.4109068
1,17520,1696063422.4460216
1,17536,1696063422.479173
1,17552,1696063422.5197468
1,17568,1696063422.5506077
1,17584,1696063422.5858347
1,17600,1696063422.619218
1,17616,1696063422.6587598
1,17632,1696063422.690644
1,17648,1696063422.7255857
1,17664,1696063422.7590342
1,17680,1696063422.7985818
1,17696,1696063422.832584
1,17712,1696063422.8690493
1,17728,1696063422.909188
1,17744,1696063422.949475
1,17760,1696063422.9790375
1,17776,1696063423.0187407
1,17792,1696063423.052168
1,17808,1696063423.0932631
1,17824,1696063423.1231709
1,17840,1696063423.1579113
1,17856,1696063423.1877093
1,17872,1696063423.220072
1,17888,1696063423.2553654
1,17904,1696063423.2872906
1,17920,1696063423.3260279
1,17936,1696063423.3655493
1,17952,1696063423.3981862
1,17968,1696063423.433838
1,17984,1696063423.4770672
1,18000,1696063423.5069244
1,18016,1696063423.539841
1,18032,1696063423.5801184
1,18048,1696063423.615006
1,18064,1696063423.6559749
1,18080,1696063423.6879084
1,18096,1696063423.7194073
1,18112,1696063423.754081
1,18128,1696063423.7864962
1,18144,1696063423.8186154
1,18160,1696063423.8508878
1,18176,1696063423.8828442
1,18192,1696063423.9126449
1,18208,1696063423.9466834
1,18224,1696063423.9850855
1,18240,1696063424.0192318
1,18256,1696063424.0506768
1,18272,1696063424.0843518
1,18288,1696063424.1226714
1,18304,1696063424.1534376
1,18320,1696063424.1869948
1,18336,1696063424.222053
1,18352,1696063424.25691
1,18368,1696063424.2978828
1,18384,1696063424.3293712
1,18400,1696063424.35887
1,18416,1696063424.3930135
1,18432,1696063424.4249184
1,18448,1696063424.4699318
1,18464,1696063424.5027237
1,18480,1696063424.5347703
1,18496,1696063424.5668762
1,18512,1696063424.598906
1,18528,1696063424.6320164
1,18544,1696063424.6665413
1,18560,1696063424.698979
1,18576,1696063424.7288704
1,18592,1696063424.7651596
1,18608,1696063424.796621
1,18624,1696063424.8262873
1,18640,1696063424.8569093
1,18656,1696063424.886649
1,18672,1696063424.9203138
1,18688,1696063424.9522078
1,18704,1696063424.9832985
1,18720,1696063425.0216105
1,18736,1696063425.058964
1,18752,1696063425.0907447
1,18768,1696063425.122954
1,18784,1696063425.1547675
1,18800,1696063425.1894877
1,18816,1696063425.2208357
1,18832,1696063425.2546194
1,18848,1696063425.2867782
1,18864,1696063425.3189435
1,18880,1696063425.3485327
1,18896,1696063425.383359
1,18912,1696063425.4148536
1,18928,1696063425.4464629
1,18944,1696063425.4757793
1,18960,1696063425.5113258
1,18976,1696063425.5530245
1,18992,1696063425.5846167
1,19008,1696063425.6170025
1,19024,1696063425.6560159
1,19040,1696063425.6879337
1,19056,1696063425.719138
1,19072,1696063425.7508202
1,19088,1696063425.7859719
1,19104,1696063425.81713
1,19120,1696063425.8508854
1,19136,1696063425.882699
1,19152,1696063425.921423
1,19168,1696063425.9527318
1,19184,1696063425.987428
1,19200,1696063426.0189557
1,19216,1696063426.048891
1,19232,1696063426.08263
1,19248,1696063426.1148732
1,19264,1696063426.1440296
1,19280,1696063426.1787338
1,19296,1696063426.2107656
1,19312,1696063426.241393
1,19328,1696063426.270821
1,19344,1696063426.3050447
1,19360,1696063426.336535
1,19376,1696063426.3655002
1,19392,1696063426.402045
1,19408,1696063426.4330695
1,19424,1696063426.4664466
1,19440,1696063426.4987872
1,19456,1696063426.5305808
1,19472,1696063426.5628932
1,19488,1696063426.5946693
1,19504,1696063426.6268845
