epoch,trained_sample,time
1,0,1695609500.2242284
1,32,1695609501.440788
1,64,1695609501.4560337
1,96,1695609501.4690742
1,128,1695609501.483811
1,160,1695609501.4970264
1,192,1695609501.5095363
1,224,1695609501.5214133
1,256,1695609501.533504
1,288,1695609501.5523138
1,320,1695609501.5711777
1,352,1695609501.5911574
1,384,1695609501.6107976
1,416,1695609501.6308587
1,448,1695609501.6501405
1,480,1695609501.6657972
1,512,1695609501.6815042
1,544,1695609501.69518
1,576,1695609501.7103271
1,608,1695609501.725218
1,640,1695609501.7405732
1,672,1695609501.756164
1,704,1695609501.7699487
1,736,1695609501.7876625
1,768,1695609501.803533
1,800,1695609501.820711
1,832,1695609501.8373857
1,864,1695609501.853256
1,896,1695609501.8690305
1,928,1695609501.8849356
1,960,1695609501.8985813
1,992,1695609501.9217644
1,1024,1695609501.9668558
1,1056,1695609501.9829707
1,1088,1695609501.999403
1,1120,1695609502.013953
1,1152,1695609502.1155539
1,1184,1695609502.1366436
1,1216,1695609502.1578307
1,1248,1695609502.176937
1,1280,1695609502.1975324
1,1312,1695609502.2181513
1,1344,1695609502.2409592
1,1376,1695609502.2573345
1,1408,1695609502.2772846
1,1440,1695609502.2966428
1,1472,1695609502.317382
1,1504,1695609502.337573
1,1536,1695609502.3579159
1,1568,1695609502.3780267
1,1600,1695609502.3970435
1,1632,1695609502.417818
1,1664,1695609502.437975
1,1696,1695609502.4568863
1,1728,1695609502.4772398
1,1760,1695609502.4973087
1,1792,1695609502.5179842
1,1824,1695609502.537061
1,1856,1695609502.557155
1,1888,1695609502.5776484
1,1920,1695609502.5977833
1,1952,1695609502.6174107
1,1984,1695609502.6354132
1,2016,1695609502.6497786
1,2048,1695609502.665748
1,2080,1695609502.6808262
1,2112,1695609502.695815
1,2144,1695609502.710737
1,2176,1695609502.7258632
1,2208,1695609502.741192
1,2240,1695609502.7569895
1,2272,1695609502.7708313
1,2304,1695609502.785984
1,2336,1695609502.8001297
1,2368,1695609502.8148973
1,2400,1695609502.8298502
1,2432,1695609502.8451087
1,2464,1695609502.8605936
1,2496,1695609502.8745112
1,2528,1695609502.890272
1,2560,1695609502.9065013
1,2592,1695609502.9201636
1,2624,1695609502.9355109
1,2656,1695609502.950515
1,2688,1695609502.965598
1,2720,1695609502.9819713
1,2752,1695609502.9958458
1,2784,1695609503.010791
1,2816,1695609503.0249617
1,2848,1695609503.039575
1,2880,1695609503.0574822
1,2912,1695609503.072473
1,2944,1695609503.0875347
1,2976,1695609503.10246
1,3008,1695609503.1175816
1,3040,1695609503.13311
1,3072,1695609503.1486707
1,3104,1695609503.1627333
1,3136,1695609503.1788158
1,3168,1695609503.19246
1,3200,1695609503.2078547
1,3232,1695609503.221545
1,3264,1695609503.2377596
1,3296,1695609503.2514575
1,3328,1695609503.26644
1,3360,1695609503.2804072
1,3392,1695609503.2951043
1,3424,1695609503.3100827
1,3456,1695609503.3253798
1,3488,1695609503.3412747
1,3520,1695609503.3570485
1,3552,1695609503.3710659
1,3584,1695609503.3861735
1,3616,1695609503.4001157
1,3648,1695609503.4148118
1,3680,1695609503.4297688
1,3712,1695609503.4450443
1,3744,1695609503.460628
1,3776,1695609503.4766092
1,3808,1695609503.490844
1,3840,1695609503.50755
1,3872,1695609503.523301
1,3904,1695609503.5370915
1,3936,1695609503.5518186
1,3968,1695609503.5710564
1,4000,1695609503.5898685
1,4032,1695609503.609494
1,4064,1695609503.629499
1,4096,1695609503.650153
1,4128,1695609503.6693883
1,4160,1695609503.690193
1,4192,1695609503.7090466
1,4224,1695609503.7293556
1,4256,1695609503.7493873
1,4288,1695609503.7701848
1,4320,1695609503.7900114
1,4352,1695609503.809172
1,4384,1695609503.8295817
1,4416,1695609503.8494532
1,4448,1695609503.8696613
1,4480,1695609503.8873866
1,4512,1695609503.9072845
1,4544,1695609503.9267478
1,4576,1695609503.9471579
1,4608,1695609503.9634666
1,4640,1695609503.978929
1,4672,1695609503.9938993
1,4704,1695609504.0092585
1,4736,1695609504.024995
1,4768,1695609504.041189
1,4800,1695609504.0588787
1,4832,1695609504.070531
1,4864,1695609504.0836997
1,4896,1695609504.0970197
1,4928,1695609504.1087396
1,4960,1695609504.122216
1,4992,1695609504.1339757
1,5024,1695609504.1468523
1,5056,1695609504.1606846
1,5088,1695609504.1725729
1,5120,1695609504.1844425
1,5152,1695609504.19774
1,5184,1695609504.2097235
1,5216,1695609504.2231326
1,5248,1695609504.2355125
1,5280,1695609504.2485185
1,5312,1695609504.2612002
1,5344,1695609504.2729743
1,5376,1695609504.2940376
1,5408,1695609504.311197
1,5440,1695609504.327392
1,5472,1695609504.3431504
1,5504,1695609504.358161
1,5536,1695609504.373565
1,5568,1695609504.389865
1,5600,1695609504.403568
1,5632,1695609504.4185085
1,5664,1695609504.4336262
1,5696,1695609504.449097
1,5728,1695609504.4646246
1,5760,1695609504.4788408
1,5792,1695609504.4946995
1,5824,1695609504.508767
1,5856,1695609504.523381
1,5888,1695609504.5380802
1,5920,1695609504.5519104
1,5952,1695609504.570862
1,5984,1695609504.5905967
1,6016,1695609504.6065068
1,6048,1695609504.6214948
1,6080,1695609504.636138
1,6112,1695609504.6513124
1,6144,1695609504.6661727
1,6176,1695609504.6811655
1,6208,1695609504.6966693
1,6240,1695609504.7107074
1,6272,1695609504.7267406
1,6304,1695609504.741641
1,6336,1695609504.7615259
1,6368,1695609504.777492
1,6400,1695609504.79302
1,6432,1695609504.8086545
1,6464,1695609504.8227115
1,6496,1695609504.8387856
1,6528,1695609504.8536856
1,6560,1695609504.8690002
1,6592,1695609504.8845086
1,6624,1695609504.8976557
1,6656,1695609504.9139314
1,6688,1695609504.9289172
1,6720,1695609504.9433234
1,6752,1695609504.9618773
1,6784,1695609504.9773467
1,6816,1695609504.9924667
1,6848,1695609505.007296
1,6880,1695609505.0224566
1,6912,1695609505.037834
1,6944,1695609505.053492
1,6976,1695609505.0695012
1,7008,1695609505.086797
1,7040,1695609505.1016798
1,7072,1695609505.1169372
1,7104,1695609505.1324139
1,7136,1695609505.146143
1,7168,1695609505.161706
1,7200,1695609505.175477
1,7232,1695609505.1903372
1,7264,1695609505.2042804
1,7296,1695609505.2190175
1,7328,1695609505.2340522
1,7360,1695609505.2493641
1,7392,1695609505.2652528
1,7424,1695609505.281378
1,7456,1695609505.2959917
1,7488,1695609505.311823
1,7520,1695609505.3275561
1,7552,1695609505.3422844
1,7584,1695609505.3590794
1,7616,1695609505.3752854
1,7648,1695609505.3914697
1,7680,1695609505.4072099
1,7712,1695609505.4223747
1,7744,1695609505.4419367
1,7776,1695609505.458167
1,7808,1695609505.473243
1,7840,1695609505.4891691
1,7872,1695609505.5047245
1,7904,1695609505.518818
1,7936,1695609505.5354242
1,7968,1695609505.5514522
1,8000,1695609505.5674834
1,8032,1695609505.582198
1,8064,1695609505.5973995
1,8096,1695609505.6134617
1,8128,1695609505.6285152
1,8160,1695609505.6444921
1,8192,1695609505.6598766
1,8224,1695609505.6735244
1,8256,1695609505.6893604
1,8288,1695609505.705739
1,8320,1695609505.7194064
1,8352,1695609505.7343967
1,8384,1695609505.7494974
1,8416,1695609505.7650287
1,8448,1695609505.7805054
1,8480,1695609505.7975688
1,8512,1695609505.8150618
1,8544,1695609505.8294592
1,8576,1695609505.846383
1,8608,1695609505.8622313
1,8640,1695609505.8759089
1,8672,1695609505.891376
1,8704,1695609505.907123
1,8736,1695609505.9228594
1,8768,1695609505.9391649
1,8800,1695609505.9540987
1,8832,1695609505.9688773
1,8864,1695609505.9843738
1,8896,1695609505.9981086
1,8928,1695609506.0139115
1,8960,1695609506.030612
1,8992,1695609506.0474563
1,9024,1695609506.0636263
1,9056,1695609506.0793831
1,9088,1695609506.0940642
1,9120,1695609506.109136
1,9152,1695609506.1250143
1,9184,1695609506.139364
1,9216,1695609506.1555195
1,9248,1695609506.1718798
1,9280,1695609506.1880088
1,9312,1695609506.2036355
1,9344,1695609506.2186067
1,9376,1695609506.2330837
1,9408,1695609506.2486508
1,9440,1695609506.2646835
1,9472,1695609506.279896
1,9504,1695609506.2949157
1,9536,1695609506.3099694
1,9568,1695609506.327088
1,9600,1695609506.3436663
1,9632,1695609506.3589702
1,9664,1695609506.374424
1,9696,1695609506.393176
1,9728,1695609506.4081492
1,9760,1695609506.4234042
1,9792,1695609506.4384432
1,9824,1695609506.4528759
1,9856,1695609506.4675763
1,9888,1695609506.482777
1,9920,1695609506.4984443
1,9952,1695609506.5143654
1,9984,1695609506.5306127
1,10016,1695609506.5466297
1,10048,1695609506.5609045
1,10080,1695609506.5757475
1,10112,1695609506.5914605
1,10144,1695609506.606434
1,10176,1695609506.6221058
1,10208,1695609506.6362214
1,10240,1695609506.6510258
1,10272,1695609506.6661084
1,10304,1695609506.6816087
1,10336,1695609506.6981473
1,10368,1695609506.714969
1,10400,1695609506.7314165
1,10432,1695609506.747883
1,10464,1695609506.7638032
1,10496,1695609506.7778025
1,10528,1695609506.7942028
1,10560,1695609506.8082585
1,10592,1695609506.8230739
1,10624,1695609506.8381429
1,10656,1695609506.8533828
1,10688,1695609506.8694832
1,10720,1695609506.8858824
1,10752,1695609506.9024708
1,10784,1695609506.9241416
1,10816,1695609506.9459183
1,10848,1695609506.9658606
1,10880,1695609506.985153
1,10912,1695609507.0055895
1,10944,1695609507.0255866
1,10976,1695609507.0450532
1,11008,1695609507.0656934
1,11040,1695609507.08598
1,11072,1695609507.1080973
1,11104,1695609507.13012
1,11136,1695609507.1498368
1,11168,1695609507.1691012
1,11200,1695609507.1895216
1,11232,1695609507.2101202
1,11264,1695609507.2288046
1,11296,1695609507.2490883
1,11328,1695609507.2698772
1,11360,1695609507.289846
1,11392,1695609507.3099692
1,11424,1695609507.3298335
1,11456,1695609507.348906
1,11488,1695609507.3692777
1,11520,1695609507.389736
1,11552,1695609507.4098203
1,11584,1695609507.4326122
1,11616,1695609507.4539807
1,11648,1695609507.473308
1,11680,1695609507.4938712
1,11712,1695609507.5142522
1,11744,1695609507.5333366
1,11776,1695609507.5531874
1,11808,1695609507.5738368
1,11840,1695609507.5937395
1,11872,1695609507.6139107
1,11904,1695609507.6328049
1,11936,1695609507.6536
1,11968,1695609507.6740742
1,12000,1695609507.6939359
1,12032,1695609507.7130423
1,12064,1695609507.733902
1,12096,1695609507.7538757
1,12128,1695609507.7731338
1,12160,1695609507.793338
1,12192,1695609507.8139315
1,12224,1695609507.8338237
1,12256,1695609507.8531356
1,12288,1695609507.873435
1,12320,1695609507.8936589
1,12352,1695609507.9143054
1,12384,1695609507.9335535
1,12416,1695609507.9533813
1,12448,1695609507.9737651
1,12480,1695609507.9943645
1,12512,1695609508.013787
1,12544,1695609508.0332794
1,12576,1695609508.053407
1,12608,1695609508.0736604
1,12640,1695609508.093323
1,12672,1695609508.112728
1,12704,1695609508.1330888
1,12736,1695609508.1581297
1,12768,1695609508.1756232
1,12800,1695609508.1981344
1,12832,1695609508.2178326
1,12864,1695609508.2369063
1,12896,1695609508.2586887
1,12928,1695609508.2813866
1,12960,1695609508.3020785
1,12992,1695609508.3210974
1,13024,1695609508.3412461
1,13056,1695609508.3617406
1,13088,1695609508.3819907
1,13120,1695609508.400997
1,13152,1695609508.4212728
1,13184,1695609508.4419127
1,13216,1695609508.462145
1,13248,1695609508.481577
1,13280,1695609508.5016391
1,13312,1695609508.52207
1,13344,1695609508.5407345
1,13376,1695609508.5601966
1,13408,1695609508.58102
1,13440,1695609508.6013079
1,13472,1695609508.6219003
1,13504,1695609508.6420321
1,13536,1695609508.6610186
1,13568,1695609508.6811428
1,13600,1695609508.70175
1,13632,1695609508.7250092
1,13664,1695609508.741932
1,13696,1695609508.7573223
1,13728,1695609508.7734275
1,13760,1695609508.7898424
1,13792,1695609508.803712
1,13824,1695609508.8185568
1,13856,1695609508.8335862
1,13888,1695609508.848945
1,13920,1695609508.8645606
1,13952,1695609508.8789258
1,13984,1695609508.8948724
1,14016,1695609508.9107046
1,14048,1695609508.9258182
1,14080,1695609508.9410558
1,14112,1695609508.956638
1,14144,1695609508.9711568
1,14176,1695609508.9873385
1,14208,1695609509.0032048
1,14240,1695609509.018333
1,14272,1695609509.0376697
1,14304,1695609509.0542307
1,14336,1695609509.069498
1,14368,1695609509.085532
1,14400,1695609509.1013956
1,14432,1695609509.115446
1,14464,1695609509.130326
1,14496,1695609509.1443186
1,14528,1695609509.1590524
1,14560,1695609509.173106
1,14592,1695609509.1883335
1,14624,1695609509.2022443
1,14656,1695609509.2218761
1,14688,1695609509.238251
1,14720,1695609509.2537515
1,14752,1695609509.2694995
1,14784,1695609509.2875597
1,14816,1695609509.3031585
1,14848,1695609509.317836
1,14880,1695609509.3351629
1,14912,1695609509.3519402
1,14944,1695609509.3681824
1,14976,1695609509.3838184
1,15008,1695609509.398905
1,15040,1695609509.4136093
1,15072,1695609509.4297647
1,15104,1695609509.443611
1,15136,1695609509.4585333
1,15168,1695609509.4735532
1,15200,1695609509.4889824
1,15232,1695609509.5044255
1,15264,1695609509.518977
1,15296,1695609509.5348809
1,15328,1695609509.550774
1,15360,1695609509.5647697
1,15392,1695609509.5802104
1,15424,1695609509.595787
1,15456,1695609509.6109552
1,15488,1695609509.6268942
1,15520,1695609509.6427524
1,15552,1695609509.6580505
1,15584,1695609509.67343
1,15616,1695609509.6897233
1,15648,1695609509.7035291
1,15680,1695609509.7183702
1,15712,1695609509.7353263
1,15744,1695609509.7517722
1,15776,1695609509.7679145
1,15808,1695609509.7836533
1,15840,1695609509.7976546
1,15872,1695609509.8134272
1,15904,1695609509.8295
1,15936,1695609509.8443189
1,15968,1695609509.8595016
1,16000,1695609509.8744595
1,16032,1695609509.8898177
1,16064,1695609509.9054217
1,16096,1695609509.9214177
1,16128,1695609509.9375381
1,16160,1695609509.9517674
1,16192,1695609509.9669557
1,16224,1695609509.9819393
1,16256,1695609509.9974334
1,16288,1695609510.013437
1,16320,1695609510.0291448
1,16352,1695609510.0432553
1,16384,1695609510.0648615
1,16416,1695609510.0813625
1,16448,1695609510.0972245
1,16480,1695609510.113271
1,16512,1695609510.129064
1,16544,1695609510.14304
1,16576,1695609510.1582382
1,16608,1695609510.173508
1,16640,1695609510.188916
1,16672,1695609510.2045739
1,16704,1695609510.218798
1,16736,1695609510.2348306
1,16768,1695609510.249935
1,16800,1695609510.2653592
1,16832,1695609510.2811818
1,16864,1695609510.2973719
1,16896,1695609510.3109674
1,16928,1695609510.326085
1,16960,1695609510.341279
1,16992,1695609510.356863
1,17024,1695609510.3722463
1,17056,1695609510.3861785
1,17088,1695609510.402442
1,17120,1695609510.4176836
1,17152,1695609510.4331594
1,17184,1695609510.4477932
1,17216,1695609510.4619718
1,17248,1695609510.4778848
1,17280,1695609510.4937844
1,17312,1695609510.5076106
1,17344,1695609510.522655
1,17376,1695609510.537986
1,17408,1695609510.55329
1,17440,1695609510.5692034
1,17472,1695609510.5849965
1,17504,1695609510.5991895
1,17536,1695609510.614114
1,17568,1695609510.6283882
1,17600,1695609510.6435244
1,17632,1695609510.6589491
1,17664,1695609510.6738946
1,17696,1695609510.6893437
1,17728,1695609510.7055888
1,17760,1695609510.7214537
1,17792,1695609510.7388542
1,17824,1695609510.7530763
1,17856,1695609510.7675195
1,17888,1695609510.782846
1,17920,1695609510.7974925
1,17952,1695609510.8130176
1,17984,1695609510.827354
1,18016,1695609510.8432415
1,18048,1695609510.859069
1,18080,1695609510.8744543
1,18112,1695609510.8893769
1,18144,1695609510.9050145
1,18176,1695609510.9214497
1,18208,1695609510.9361098
1,18240,1695609510.9517934
1,18272,1695609510.965789
1,18304,1695609510.9820197
1,18336,1695609510.995929
1,18368,1695609511.0109208
1,18400,1695609511.0263734
1,18432,1695609511.042182
1,18464,1695609511.058282
1,18496,1695609511.0742042
1,18528,1695609511.0913079
1,18560,1695609511.1069386
1,18592,1695609511.1221893
1,18624,1695609511.1362867
1,18656,1695609511.1511993
1,18688,1695609511.1665592
1,18720,1695609511.1814046
1,18752,1695609511.1973958
1,18784,1695609511.2125516
1,18816,1695609511.2273283
1,18848,1695609511.242469
1,18880,1695609511.2578762
1,18912,1695609511.2737272
1,18944,1695609511.2899132
1,18976,1695609511.3038325
1,19008,1695609511.3186665
1,19040,1695609511.3336065
1,19072,1695609511.3488388
1,19104,1695609511.3645468
1,19136,1695609511.3786623
1,19168,1695609511.3946128
1,19200,1695609511.4096456
1,19232,1695609511.4249606
1,19264,1695609511.4408553
1,19296,1695609511.4569557
1,19328,1695609511.470843
1,19360,1695609511.4862328
1,19392,1695609511.5016606
1,19424,1695609511.5173538
1,19456,1695609511.5334165
1,19488,1695609511.5490348
1,19520,1695609511.5651803
1,19552,1695609511.5789073
1,19584,1695609511.594186
1,19616,1695609511.6094341
1,19648,1695609511.6251814
1,19680,1695609511.6411815
1,19712,1695609511.6569016
1,19744,1695609511.6729405
1,19776,1695609511.6870706
1,19808,1695609511.7023237
1,19840,1695609511.7256567
1,19872,1695609511.7420228
1,19904,1695609511.7579541
1,19936,1695609511.7718217
1,19968,1695609511.7873688
1,20000,1695609511.8024013
1,20032,1695609511.816531
1,20064,1695609511.8296888
1,20096,1695609511.8417273
1,20128,1695609511.8550675
1,20160,1695609511.867889
1,20192,1695609511.880955
1,20224,1695609511.893513
1,20256,1695609511.9071314
1,20288,1695609511.9198005
1,20320,1695609511.9332392
1,20352,1695609511.9471238
1,20384,1695609511.959775
1,20416,1695609511.9730613
1,20448,1695609511.9849672
1,20480,1695609511.996865
1,20512,1695609512.0120332
1,20544,1695609512.023995
1,20576,1695609512.037924
1,20608,1695609512.0507429
1,20640,1695609512.0637343
1,20672,1695609512.0772388
1,20704,1695609512.0887518
1,20736,1695609512.1007345
1,20768,1695609512.1138892
1,20800,1695609512.126052
1,20832,1695609512.1390433
1,20864,1695609512.1514087
1,20896,1695609512.164529
1,20928,1695609512.177248
1,20960,1695609512.1892533
1,20992,1695609512.2040098
1,21024,1695609512.2180872
1,21056,1695609512.2320325
1,21088,1695609512.2460332
1,21120,1695609512.2579358
1,21152,1695609512.2711773
1,21184,1695609512.2837834
1,21216,1695609512.2970018
1,21248,1695609512.3090565
1,21280,1695609512.3237958
1,21312,1695609512.3371582
1,21344,1695609512.3522375
1,21376,1695609512.3646448
1,21408,1695609512.3765402
1,21440,1695609512.388362
1,21472,1695609512.4016593
1,21504,1695609512.41362
1,21536,1695609512.427298
1,21568,1695609512.4399543
1,21600,1695609512.451615
1,21632,1695609512.4650252
1,21664,1695609512.4779375
1,21696,1695609512.490614
1,21728,1695609512.5044277
1,21760,1695609512.5161994
1,21792,1695609512.5297368
1,21824,1695609512.5419455
1,21856,1695609512.5552764
1,21888,1695609512.5677786
1,21920,1695609512.5810678
1,21952,1695609512.5957243
1,21984,1695609512.614703
1,22016,1695609512.6303444
1,22048,1695609512.645666
1,22080,1695609512.6614783
1,22112,1695609512.6754885
1,22144,1695609512.690358
1,22176,1695609512.7054331
1,22208,1695609512.721485
1,22240,1695609512.7380624
1,22272,1695609512.7538552
1,22304,1695609512.7711139
1,22336,1695609512.78799
1,22368,1695609512.8042998
1,22400,1695609512.8191984
1,22432,1695609512.834464
1,22464,1695609512.8497965
1,22496,1695609512.8655045
1,22528,1695609512.8815842
1,22560,1695609512.8990326
1,22592,1695609512.9138317
1,22624,1695609512.9289546
1,22656,1695609512.9445715
1,22688,1695609512.9588268
1,22720,1695609512.9748492
1,22752,1695609512.9908073
1,22784,1695609513.0059419
1,22816,1695609513.0212648
1,22848,1695609513.0372415
1,22880,1695609513.053143
1,22912,1695609513.0670862
1,22944,1695609513.0823727
1,22976,1695609513.097594
1,23008,1695609513.1130915
1,23040,1695609513.128467
1,23072,1695609513.1444404
1,23104,1695609513.1595068
1,23136,1695609513.1753445
1,23168,1695609513.1911995
1,23200,1695609513.2061415
1,23232,1695609513.2213302
1,23264,1695609513.237229
1,23296,1695609513.253436
1,23328,1695609513.2683012
1,23360,1695609513.2858245
1,23392,1695609513.3023221
1,23424,1695609513.316072
1,23456,1695609513.3315291
1,23488,1695609513.3467894
1,23520,1695609513.3644266
1,23552,1695609513.378791
1,23584,1695609513.3952324
1,23616,1695609513.4089963
1,23648,1695609513.4243019
1,23680,1695609513.4395835
1,23712,1695609513.4548244
1,23744,1695609513.4695752
1,23776,1695609513.4857101
1,23808,1695609513.4996254
1,23840,1695609513.5141926
1,23872,1695609513.530997
1,23904,1695609513.5467193
1,23936,1695609513.5640476
1,23968,1695609513.5807424
1,24000,1695609513.5983121
1,24032,1695609513.6138656
1,24064,1695609513.6296473
1,24096,1695609513.6434503
1,24128,1695609513.6585567
1,24160,1695609513.6738224
1,24192,1695609513.6891534
1,24224,1695609513.7050836
1,24256,1695609513.7214515
1,24288,1695609513.7363074
1,24320,1695609513.7515996
1,24352,1695609513.766286
1,24384,1695609513.7813742
1,24416,1695609513.7969027
1,24448,1695609513.8124776
1,24480,1695609513.8266149
1,24512,1695609513.842745
1,24544,1695609513.8567173
1,24576,1695609513.8721325
1,24608,1695609513.886132
1,24640,1695609513.9014566
1,24672,1695609513.9187856
1,24704,1695609513.9337208
1,24736,1695609513.9490526
1,24768,1695609513.9646533
1,24800,1695609513.978785
1,24832,1695609513.9941294
1,24864,1695609514.0094993
1,24896,1695609514.0258617
1,24928,1695609514.042388
1,24960,1695609514.05612
1,24992,1695609514.0715778
1,25024,1695609514.0852804
1,25056,1695609514.1006317
1,25088,1695609514.1147478
1,25120,1695609514.1300352
1,25152,1695609514.1438646
1,25184,1695609514.1587749
1,25216,1695609514.1741047
1,25248,1695609514.1895378
1,25280,1695609514.2059531
1,25312,1695609514.2198124
1,25344,1695609514.235317
1,25376,1695609514.2502992
1,25408,1695609514.2654483
1,25440,1695609514.2814152
1,25472,1695609514.2985992
1,25504,1695609514.3146744
1,25536,1695609514.3282523
1,25568,1695609514.3451033
1,25600,1695609514.3580062
1,25632,1695609514.3703084
1,25664,1695609514.3840318
1,25696,1695609514.3963203
1,25728,1695609514.4084663
1,25760,1695609514.420165
1,25792,1695609514.432606
1,25824,1695609514.4460957
1,25856,1695609514.4581075
1,25888,1695609514.4713144
1,25920,1695609514.4837615
1,25952,1695609514.4979138
1,25984,1695609514.5102696
1,26016,1695609514.5228255
1,26048,1695609514.53622
1,26080,1695609514.5485146
1,26112,1695609514.5616157
1,26144,1695609514.5760283
1,26176,1695609514.587744
1,26208,1695609514.601479
1,26240,1695609514.6135824
1,26272,1695609514.6268094
1,26304,1695609514.6407242
1,26336,1695609514.652686
1,26368,1695609514.6645918
1,26400,1695609514.677872
1,26432,1695609514.6914272
1,26464,1695609514.7046428
1,26496,1695609514.7164571
1,26528,1695609514.728175
1,26560,1695609514.7420623
1,26592,1695609514.7549334
1,26624,1695609514.768013
1,26656,1695609514.7813907
1,26688,1695609514.7934692
1,26720,1695609514.8074107
1,26752,1695609514.8194458
1,26784,1695609514.8324356
1,26816,1695609514.845799
1,26848,1695609514.8576107
1,26880,1695609514.8708897
1,26912,1695609514.8833628
1,26944,1695609514.896522
1,26976,1695609514.9093986
1,27008,1695609514.9211857
1,27040,1695609514.9341378
1,27072,1695609514.9459574
1,27104,1695609514.957432
1,27136,1695609514.9698586
1,27168,1695609514.9817114
1,27200,1695609514.993089
1,27232,1695609515.0055969
1,27264,1695609515.0172968
1,27296,1695609515.028613
1,27328,1695609515.04146
1,27360,1695609515.0533712
1,27392,1695609515.0646644
1,27424,1695609515.0763366
1,27456,1695609515.0891578
1,27488,1695609515.1010673
1,27520,1695609515.1125162
1,27552,1695609515.1253622
1,27584,1695609515.1375353
1,27616,1695609515.1490035
1,27648,1695609515.1606915
1,27680,1695609515.1728246
1,27712,1695609515.185629
1,27744,1695609515.197076
1,27776,1695609515.208661
1,27808,1695609515.2205937
1,27840,1695609515.2333255
1,27872,1695609515.2447715
1,27904,1695609515.2587085
1,27936,1695609515.2732925
1,27968,1695609515.2880585
1,28000,1695609515.301541
1,28032,1695609515.3157907
1,28064,1695609515.329033
1,28096,1695609515.3440578
1,28128,1695609515.3576932
1,28160,1695609515.3725162
1,28192,1695609515.3855934
1,28224,1695609515.4003975
1,28256,1695609515.4138317
1,28288,1695609515.4283895
1,28320,1695609515.4418776
1,28352,1695609515.456788
1,28384,1695609515.469858
1,28416,1695609515.48349
1,28448,1695609515.4978497
1,28480,1695609515.511995
1,28512,1695609515.5262697
1,28544,1695609515.5401797
1,28576,1695609515.5543642
1,28608,1695609515.5686405
1,28640,1695609515.582004
1,28672,1695609515.5966728
1,28704,1695609515.6098816
1,28736,1695609515.6249206
1,28768,1695609515.638921
1,28800,1695609515.6536405
1,28832,1695609515.6665804
1,28864,1695609515.6807775
1,28896,1695609515.6946738
1,28928,1695609515.7088962
1,28960,1695609515.722101
1,28992,1695609515.7367382
1,29024,1695609515.7500935
1,29056,1695609515.7638066
1,29088,1695609515.7781932
1,29120,1695609515.7930224
1,29152,1695609515.8067417
1,29184,1695609515.8211803
1,29216,1695609515.834112
1,29248,1695609515.8486662
1,29280,1695609515.8622067
1,29312,1695609515.8761947
1,29344,1695609515.890107
1,29376,1695609515.9046905
1,29408,1695609515.917873
1,29440,1695609515.9327385
1,29472,1695609515.9459784
1,29504,1695609515.9606173
1,29536,1695609515.9740212
1,29568,1695609515.9883986
1,29600,1695609516.0017204
1,29632,1695609516.0165637
1,29664,1695609516.0300813
1,29696,1695609516.0449374
1,29728,1695609516.058523
1,29760,1695609516.072736
1,29792,1695609516.0857077
1,29824,1695609516.0999434
1,29856,1695609516.1149144
1,29888,1695609516.1285007
1,29920,1695609516.1414692
1,29952,1695609516.1562123
1,29984,1695609516.1708946
1,30016,1695609516.1882293
1,30048,1695609516.2027788
1,30080,1695609516.2212265
1,30112,1695609516.2380278
1,30144,1695609516.2535646
1,30176,1695609516.2674637
1,30208,1695609516.281447
1,30240,1695609516.2956064
1,30272,1695609516.3103476
1,30304,1695609516.3244083
1,30336,1695609516.338626
1,30368,1695609516.3502827
1,30400,1695609516.365653
1,30432,1695609516.3771336
1,30464,1695609516.3934126
1,30496,1695609516.4048932
1,30528,1695609516.4178534
1,30560,1695609516.4316773
1,30592,1695609516.444194
1,30624,1695609516.4570687
1,30656,1695609516.4709206
1,30688,1695609516.4835286
1,30720,1695609516.4977434
1,30752,1695609516.5096824
1,30784,1695609516.5255775
1,30816,1695609516.53681
1,30848,1695609516.5547616
1,30880,1695609516.5742307
1,30912,1695609516.59166
1,30944,1695609516.6100683
1,30976,1695609516.6295068
1,31008,1695609516.6437194
1,31040,1695609516.6597745
1,31072,1695609516.6722386
1,31104,1695609516.6871183
1,31136,1695609516.7037258
1,31168,1695609516.7167685
1,31200,1695609516.7284188
1,31232,1695609516.7400842
1,31264,1695609516.7560325
1,31296,1695609516.768617
1,31328,1695609516.7816932
1,31360,1695609516.7935483
1,31392,1695609516.8086033
1,31424,1695609516.8198252
1,31456,1695609516.8328512
1,31488,1695609516.8469028
1,31520,1695609516.8679352
1,31552,1695609516.8873627
1,31584,1695609516.9063547
1,31616,1695609516.9256387
1,31648,1695609516.9451563
1,31680,1695609516.9609454
1,31712,1695609516.974211
1,31744,1695609516.98636
1,31776,1695609516.9982288
1,31808,1695609517.0154214
1,31840,1695609517.0274534
1,31872,1695609517.0427463
1,31904,1695609517.0544171
1,31936,1695609517.069658
1,31968,1695609517.0825038
1,32000,1695609517.0961814
1,32032,1695609517.1089044
1,32064,1695609517.1208706
1,32096,1695609517.1486602
1,32128,1695609517.1675215
1,32160,1695609517.188629
1,32192,1695609517.2094061
1,32224,1695609517.2275178
1,32256,1695609517.2440944
1,32288,1695609517.2621024
1,32320,1695609517.2779865
1,32352,1695609517.290862
1,32384,1695609517.3088734
1,32416,1695609517.327077
1,32448,1695609517.3460107
1,32480,1695609517.3644578
1,32512,1695609517.3836718
1,32544,1695609517.4028091
1,32576,1695609517.419623
1,32608,1695609517.435922
1,32640,1695609517.45177
1,32672,1695609517.4653845
1,32704,1695609517.4881647
1,32736,1695609517.5073051
1,32768,1695609517.5238695
1,32800,1695609517.5423005
1,32832,1695609517.561409
1,32864,1695609517.5850728
1,32896,1695609517.6036773
1,32928,1695609517.6221583
1,32960,1695609517.6426342
1,32992,1695609517.6627724
1,33024,1695609517.6825008
1,33056,1695609517.7023282
1,33088,1695609517.7222495
1,33120,1695609517.7427082
1,33152,1695609517.7625122
1,33184,1695609517.782173
1,33216,1695609517.8020375
1,33248,1695609517.8230612
1,33280,1695609517.8429914
1,33312,1695609517.861848
1,33344,1695609517.882895
1,33376,1695609517.903182
1,33408,1695609517.9232888
1,33440,1695609517.9430346
1,33472,1695609517.962573
1,33504,1695609517.9825253
1,33536,1695609518.000885
1,33568,1695609518.0213552
1,33600,1695609518.0418637
1,33632,1695609518.0626292
1,33664,1695609518.0833414
1,33696,1695609518.1026165
1,33728,1695609518.1227002
1,33760,1695609518.1429482
1,33792,1695609518.1627266
1,33824,1695609518.1822472
1,33856,1695609518.20327
1,33888,1695609518.2231033
1,33920,1695609518.2425377
1,33952,1695609518.262077
1,33984,1695609518.2825782
1,34016,1695609518.3029768
1,34048,1695609518.3228455
1,34080,1695609518.3420665
1,34112,1695609518.363158
1,34144,1695609518.3825424
1,34176,1695609518.402721
1,34208,1695609518.4222186
1,34240,1695609518.4423752
1,34272,1695609518.4626904
1,34304,1695609518.4827526
1,34336,1695609518.5025918
1,34368,1695609518.5222473
1,34400,1695609518.543204
1,34432,1695609518.5627499
1,34464,1695609518.58201
1,34496,1695609518.602752
1,34528,1695609518.6230755
1,34560,1695609518.6424913
1,34592,1695609518.6620076
1,34624,1695609518.6828723
1,34656,1695609518.7049952
1,34688,1695609518.726393
1,34720,1695609518.7462966
1,34752,1695609518.766734
1,34784,1695609518.7867782
1,34816,1695609518.8063612
1,34848,1695609518.8259468
1,34880,1695609518.846651
1,34912,1695609518.867005
1,34944,1695609518.8870163
1,34976,1695609518.9067729
1,35008,1695609518.9268734
1,35040,1695609518.9467793
1,35072,1695609518.9672353
1,35104,1695609518.986544
1,35136,1695609518.9999764
1,35168,1695609519.0161128
1,35200,1695609519.0291843
1,35232,1695609519.040847
1,35264,1695609519.055973
1,35296,1695609519.0687714
1,35328,1695609519.0803947
1,35360,1695609519.0921474
1,35392,1695609519.1053905
1,35424,1695609519.117434
1,35456,1695609519.1306934
1,35488,1695609519.142406
1,35520,1695609519.155232
1,35552,1695609519.1689267
1,35584,1695609519.181444
1,35616,1695609519.1938357
1,35648,1695609519.206534
1,35680,1695609519.2189312
1,35712,1695609519.2318776
1,35744,1695609519.243957
1,35776,1695609519.258502
1,35808,1695609519.27104
1,35840,1695609519.2836611
1,35872,1695609519.295714
1,35904,1695609519.3115819
1,35936,1695609519.3265502
1,35968,1695609519.3396778
1,36000,1695609519.353957
1,36032,1695609519.3652194
1,36064,1695609519.377523
1,36096,1695609519.3888896
1,36128,1695609519.40407
1,36160,1695609519.417388
1,36192,1695609519.4281247
1,36224,1695609519.4393287
1,36256,1695609519.4547665
1,36288,1695609519.4665644
1,36320,1695609519.4788167
1,36352,1695609519.4905298
1,36384,1695609519.5039434
1,36416,1695609519.5158648
1,36448,1695609519.5273805
1,36480,1695609519.5386395
1,36512,1695609519.553533
1,36544,1695609519.5656123
1,36576,1695609519.5768094
1,36608,1695609519.5936887
1,36640,1695609519.6099806
1,36672,1695609519.6231127
1,36704,1695609519.6369357
1,36736,1695609519.6485622
1,36768,1695609519.66258
1,36800,1695609519.673804
1,36832,1695609519.6854763
1,36864,1695609519.6962304
1,36896,1695609519.710048
1,36928,1695609519.7238088
1,36960,1695609519.7349122
1,36992,1695609519.7461646
1,37024,1695609519.7607877
1,37056,1695609519.7732563
1,37088,1695609519.7840755
1,37120,1695609519.7957368
1,37152,1695609519.809811
1,37184,1695609519.8206995
1,37216,1695609519.8324733
1,37248,1695609519.8438673
1,37280,1695609519.857979
1,37312,1695609519.8689487
1,37344,1695609519.8805375
1,37376,1695609519.8916109
1,37408,1695609519.9059105
1,37440,1695609519.9168618
1,37472,1695609519.927822
1,37504,1695609519.939735
1,37536,1695609519.9537585
1,37568,1695609519.9654217
1,37600,1695609519.9762914
1,37632,1695609519.9880898
1,37664,1695609520.0019414
1,37696,1695609520.0131366
1,37728,1695609520.0251248
1,37760,1695609520.0363376
1,37792,1695609520.0497897
1,37824,1695609520.0630324
1,37856,1695609520.0737963
1,37888,1695609520.0849042
1,37920,1695609520.0998578
1,37952,1695609520.1116073
1,37984,1695609520.1225188
1,38016,1695609520.134182
1,38048,1695609520.148491
1,38080,1695609520.159853
1,38112,1695609520.1704972
1,38144,1695609520.1824014
1,38176,1695609520.196948
1,38208,1695609520.208486
1,38240,1695609520.2190201
1,38272,1695609520.2304761
1,38304,1695609520.2453701
1,38336,1695609520.2579694
1,38368,1695609520.269035
1,38400,1695609520.280697
1,38432,1695609520.2945359
1,38464,1695609520.305759
1,38496,1695609520.3174074
1,38528,1695609520.3283968
1,38560,1695609520.3459916
1,38592,1695609520.360541
1,38624,1695609520.3721373
1,38656,1695609520.3845437
1,38688,1695609520.3987
1,38720,1695609520.4118226
1,38752,1695609520.4231315
1,38784,1695609520.434228
1,38816,1695609520.449472
1,38848,1695609520.4616067
1,38880,1695609520.4748807
1,38912,1695609520.4886043
1,38944,1695609520.5033514
1,38976,1695609520.5165803
1,39008,1695609520.527808
1,39040,1695609520.5385618
1,39072,1695609520.5534978
1,39104,1695609520.5649436
1,39136,1695609520.5757012
1,39168,1695609520.5882285
1,39200,1695609520.602102
1,39232,1695609520.6135523
1,39264,1695609520.6252341
1,39296,1695609520.6365633
1,39328,1695609520.6497886
1,39360,1695609520.6627789
1,39392,1695609520.6737165
1,39424,1695609520.6852906
1,39456,1695609520.6998708
1,39488,1695609520.7115152
1,39520,1695609520.7224152
1,39552,1695609520.7342794
1,39584,1695609520.7488735
1,39616,1695609520.7632036
1,39648,1695609520.774914
1,39680,1695609520.7862797
1,39712,1695609520.799523
1,39744,1695609520.812265
1,39776,1695609520.8233078
1,39808,1695609520.8346753
1,39840,1695609520.849813
1,39872,1695609520.8619006
1,39904,1695609520.8732045
1,39936,1695609520.8849046
1,39968,1695609520.8985255
1,40000,1695609520.910112
1,40032,1695609520.921624
1,40064,1695609520.9327035
1,40096,1695609520.9465735
1,40128,1695609520.9606547
1,40160,1695609520.9732919
1,40192,1695609520.9856718
1,40224,1695609521.0019672
1,40256,1695609521.014821
1,40288,1695609521.0283852
1,40320,1695609521.0408165
1,40352,1695609521.0574706
1,40384,1695609521.0712395
1,40416,1695609521.0847912
1,40448,1695609521.097308
1,40480,1695609521.1123707
1,40512,1695609521.125893
1,40544,1695609521.1383905
1,40576,1695609521.153717
1,40608,1695609521.168931
1,40640,1695609521.1813977
1,40672,1695609521.1948707
1,40704,1695609521.2074366
1,40736,1695609521.2234232
1,40768,1695609521.2363899
1,40800,1695609521.2494297
1,40832,1695609521.2617834
1,40864,1695609521.278396
1,40896,1695609521.291617
1,40928,1695609521.3053567
1,40960,1695609521.31797
1,40992,1695609521.3345494
1,41024,1695609521.3487253
1,41056,1695609521.3610709
1,41088,1695609521.3747392
1,41120,1695609521.390678
1,41152,1695609521.405521
1,41184,1695609521.41917
1,41216,1695609521.4316359
1,41248,1695609521.4479475
1,41280,1695609521.461986
1,41312,1695609521.475075
1,41344,1695609521.4887354
1,41376,1695609521.5061476
1,41408,1695609521.5208561
1,41440,1695609521.5340917
1,41472,1695609521.5468972
1,41504,1695609521.5628815
1,41536,1695609521.5763018
1,41568,1695609521.5893102
1,41600,1695609521.602805
1,41632,1695609521.6186996
1,41664,1695609521.633945
1,41696,1695609521.6476066
1,41728,1695609521.6601758
1,41760,1695609521.6761322
1,41792,1695609521.6891274
1,41824,1695609521.70291
1,41856,1695609521.7155282
1,41888,1695609521.7316518
1,41920,1695609521.7445157
1,41952,1695609521.7566578
1,41984,1695609521.7735364
1,42016,1695609521.791441
1,42048,1695609521.8016713
1,42080,1695609521.8161218
1,42112,1695609521.8275964
1,42144,1695609521.842915
1,42176,1695609521.8550293
1,42208,1695609521.8662632
1,42240,1695609521.8777022
1,42272,1695609521.8932679
1,42304,1695609521.9053566
1,42336,1695609521.9168105
1,42368,1695609521.9283922
1,42400,1695609521.943766
1,42432,1695609521.9558349
1,42464,1695609521.9670942
1,42496,1695609521.9785123
1,42528,1695609521.9938273
1,42560,1695609522.0059078
1,42592,1695609522.0171065
1,42624,1695609522.0283997
1,42656,1695609522.0440528
1,42688,1695609522.0564709
1,42720,1695609522.0677526
1,42752,1695609522.0785651
1,42784,1695609522.0952787
1,42816,1695609522.1075974
1,42848,1695609522.1191065
1,42880,1695609522.1300948
1,42912,1695609522.1458766
1,42944,1695609522.1574905
1,42976,1695609522.169769
1,43008,1695609522.1806502
1,43040,1695609522.196255
1,43072,1695609522.2189164
1,43104,1695609522.239058
1,43136,1695609522.2580843
1,43168,1695609522.27753
1,43200,1695609522.2973135
1,43232,1695609522.318426
1,43264,1695609522.3384957
1,43296,1695609522.3577569
1,43328,1695609522.3767822
1,43360,1695609522.3923872
1,43392,1695609522.4059443
1,43424,1695609522.419169
1,43456,1695609522.4314792
1,43488,1695609522.4428194
1,43520,1695609522.453804
1,43552,1695609522.4690223
1,43584,1695609522.4815934
1,43616,1695609522.4941835
1,43648,1695609522.5065398
1,43680,1695609522.5203304
1,43712,1695609522.5324864
1,43744,1695609522.5438118
1,43776,1695609522.555854
1,43808,1695609522.5705137
1,43840,1695609522.5823882
1,43872,1695609522.594467
1,43904,1695609522.6062279
1,43936,1695609522.6216936
1,43968,1695609522.6337981
1,44000,1695609522.6463177
1,44032,1695609522.6581056
1,44064,1695609522.671774
1,44096,1695609522.683642
1,44128,1695609522.6955826
1,44160,1695609522.707542
1,44192,1695609522.7214031
1,44224,1695609522.7325687
1,44256,1695609522.7441993
1,44288,1695609522.7581875
1,44320,1695609522.7738276
1,44352,1695609522.7857587
1,44384,1695609522.798723
1,44416,1695609522.8110557
1,44448,1695609522.824829
1,44480,1695609522.835728
1,44512,1695609522.8476567
1,44544,1695609522.8595605
1,44576,1695609522.874366
1,44608,1695609522.8876011
1,44640,1695609522.8995013
1,44672,1695609522.9109807
1,44704,1695609522.9258032
1,44736,1695609522.937736
1,44768,1695609522.9497259
1,44800,1695609522.9622233
1,44832,1695609522.976726
1,44864,1695609522.989716
1,44896,1695609523.0017784
1,44928,1695609523.013081
1,44960,1695609523.0283816
1,44992,1695609523.039787
1,45024,1695609523.0540123
1,45056,1695609523.065355
1,45088,1695609523.0813034
1,45120,1695609523.0931706
1,45152,1695609523.1044679
1,45184,1695609523.1158526
1,45216,1695609523.131163
1,45248,1695609523.143265
1,45280,1695609523.1545222
1,45312,1695609523.1659045
1,45344,1695609523.1812441
1,45376,1695609523.1933498
1,45408,1695609523.204601
1,45440,1695609523.2158234
1,45472,1695609523.2326393
1,45504,1695609523.243856
1,45536,1695609523.2552726
1,45568,1695609523.266732
1,45600,1695609523.281688
1,45632,1695609523.2958045
1,45664,1695609523.3068607
1,45696,1695609523.3184009
1,45728,1695609523.33381
1,45760,1695609523.3459165
1,45792,1695609523.3573287
1,45824,1695609523.36864
1,45856,1695609523.3841653
1,45888,1695609523.3961384
1,45920,1695609523.407425
1,45952,1695609523.4187841
1,45984,1695609523.4341567
1,46016,1695609523.4461691
1,46048,1695609523.4575582
1,46080,1695609523.4689229
1,46112,1695609523.4843395
1,46144,1695609523.4964397
1,46176,1695609523.5078068
1,46208,1695609523.5191514
1,46240,1695609523.5364702
1,46272,1695609523.5484488
1,46304,1695609523.5598643
1,46336,1695609523.571412
1,46368,1695609523.5868661
1,46400,1695609523.5992908
1,46432,1695609523.610708
1,46464,1695609523.6222074
1,46496,1695609523.6375816
1,46528,1695609523.649655
1,46560,1695609523.6609378
1,46592,1695609523.6723022
1,46624,1695609523.6875718
1,46656,1695609523.6995707
1,46688,1695609523.7107935
1,46720,1695609523.721662
1,46752,1695609523.7361221
1,46784,1695609523.7470975
1,46816,1695609523.7615685
1,46848,1695609523.7731059
1,46880,1695609523.7877219
1,46912,1695609523.8010798
1,46944,1695609523.812759
1,46976,1695609523.8242884
1,47008,1695609523.835849
1,47040,1695609523.8478467
1,47072,1695609523.8598464
1,47104,1695609523.8713791
1,47136,1695609523.8823073
1,47168,1695609523.8936915
1,47200,1695609523.9061677
1,47232,1695609523.9178908
1,47264,1695609523.9287314
1,47296,1695609523.9403057
1,47328,1695609523.952252
1,47360,1695609523.964136
1,47392,1695609523.974779
1,47424,1695609523.9866478
1,47456,1695609523.9994628
1,47488,1695609524.011119
1,47520,1695609524.0221095
1,47552,1695609524.034369
1,47584,1695609524.0460968
1,47616,1695609524.0609255
1,47648,1695609524.073502
1,47680,1695609524.0845482
1,47712,1695609524.0959902
1,47744,1695609524.107371
1,47776,1695609524.118168
1,47808,1695609524.130672
1,47840,1695609524.1419697
1,47872,1695609524.1526842
1,47904,1695609524.1643367
1,47936,1695609524.1770809
1,47968,1695609524.1873894
1,48000,1695609524.1993985
1,48032,1695609524.2130044
1,48064,1695609524.2267241
1,48096,1695609524.239719
1,48128,1695609524.252214
1,48160,1695609524.2656288
1,48192,1695609524.279997
1,48224,1695609524.2918062
1,48256,1695609524.304352
1,48288,1695609524.3212442
1,48320,1695609524.3423917
1,48352,1695609524.3629217
1,48384,1695609524.382445
1,48416,1695609524.4017622
1,48448,1695609524.418803
1,48480,1695609524.434069
1,48512,1695609524.4467552
1,48544,1695609524.4619007
1,48576,1695609524.4830732
1,48608,1695609524.5028982
1,48640,1695609524.522247
1,48672,1695609524.5421846
1,48704,1695609524.561154
1,48736,1695609524.5770645
1,48768,1695609524.588695
1,48800,1695609524.6023347
1,48832,1695609524.615908
1,48864,1695609524.6276207
1,48896,1695609524.6407413
1,48928,1695609524.6554527
1,48960,1695609524.6676857
1,48992,1695609524.680605
1,49024,1695609524.6928606
1,49056,1695609524.7060857
1,49088,1695609524.720433
1,49120,1695609524.7325742
1,49152,1695609524.7459722
1,49184,1695609524.7618318
1,49216,1695609524.7819355
1,49248,1695609524.8008626
1,49280,1695609524.82162
1,49312,1695609524.8435163
1,49344,1695609524.863021
1,49376,1695609524.883012
1,49408,1695609524.9023654
1,49440,1695609524.92171
1,49472,1695609524.940774
1,49504,1695609524.956401
1,49536,1695609524.9680758
1,49568,1695609524.9810588
1,49600,1695609524.9931903
1,49632,1695609525.0079188
1,49664,1695609525.0199542
1,49696,1695609525.0342155
1,49728,1695609525.0465155
1,49760,1695609525.062572
1,49792,1695609525.0753088
1,49824,1695609525.0874841
1,49856,1695609525.0995743
1,49888,1695609525.1113436
1,49920,1695609525.1230257
1,49952,1695609525.1345642
1,49984,1695609525.1463912
1,50000,1695609525.1653385
2,32,1695609525.4897516
2,64,1695609525.5011935
2,96,1695609525.5135705
2,128,1695609525.5244393
2,160,1695609525.5353658
2,192,1695609525.5465102
2,224,1695609525.5585191
2,256,1695609525.5698574
2,288,1695609525.5826604
2,320,1695609525.59498
2,352,1695609525.608206
2,384,1695609525.6225843
2,416,1695609525.6349473
2,448,1695609525.6476247
2,480,1695609525.6630678
2,512,1695609525.6756134
2,544,1695609525.6896207
2,576,1695609525.7008886
2,608,1695609525.7141757
2,640,1695609525.727753
2,672,1695609525.7421532
2,704,1695609525.753181
2,736,1695609525.7653806
2,768,1695609525.7799208
2,800,1695609525.7917073
2,832,1695609525.8053524
2,864,1695609525.8165514
2,896,1695609525.8283098
2,928,1695609525.848293
2,960,1695609525.858995
2,992,1695609525.8749843
2,1024,1695609525.8884125
2,1056,1695609525.9000516
2,1088,1695609525.9135706
2,1120,1695609525.9274197
2,1152,1695609525.9404428
2,1184,1695609525.9527955
2,1216,1695609525.9661143
2,1248,1695609525.9791322
2,1280,1695609525.9929473
2,1312,1695609526.005062
2,1344,1695609526.0176916
2,1376,1695609526.0299578
2,1408,1695609526.0442805
2,1440,1695609526.0562208
2,1472,1695609526.0694523
2,1504,1695609526.0827885
2,1536,1695609526.0955005
2,1568,1695609526.1102612
2,1600,1695609526.12136
2,1632,1695609526.1337721
2,1664,1695609526.148266
2,1696,1695609526.1600535
2,1728,1695609526.1733148
2,1760,1695609526.1854258
2,1792,1695609526.1974423
2,1824,1695609526.2127814
2,1856,1695609526.2245643
2,1888,1695609526.237919
2,1920,1695609526.2528896
2,1952,1695609526.2643545
2,1984,1695609526.2800887
2,2016,1695609526.2920003
2,2048,1695609526.3050241
2,2080,1695609526.319238
2,2112,1695609526.3323002
2,2144,1695609526.3445392
2,2176,1695609526.3571758
2,2208,1695609526.372177
2,2240,1695609526.3832023
2,2272,1695609526.3968372
2,2304,1695609526.411311
2,2336,1695609526.4230464
2,2368,1695609526.4378214
2,2400,1695609526.449714
2,2432,1695609526.463048
2,2464,1695609526.4765553
2,2496,1695609526.4909742
2,2528,1695609526.502493
2,2560,1695609526.517898
2,2592,1695609526.5316167
2,2624,1695609526.5446131
2,2656,1695609526.556787
2,2688,1695609526.5685573
2,2720,1695609526.5810392
2,2752,1695609526.5963233
2,2784,1695609526.6078708
2,2816,1695609526.6244252
2,2848,1695609526.6370313
2,2880,1695609526.648996
2,2912,1695609526.6620677
2,2944,1695609526.6740737
2,2976,1695609526.6872432
2,3008,1695609526.6992476
2,3040,1695609526.7147605
2,3072,1695609526.7292566
2,3104,1695609526.7445853
2,3136,1695609526.756001
2,3168,1695609526.7676933
2,3200,1695609526.7811093
2,3232,1695609526.7958598
2,3264,1695609526.810685
2,3296,1695609526.823568
2,3328,1695609526.836546
2,3360,1695609526.84884
2,3392,1695609526.860524
2,3424,1695609526.873442
2,3456,1695609526.8859448
2,3488,1695609526.8994913
2,3520,1695609526.9108539
2,3552,1695609526.9261887
2,3584,1695609526.9397514
2,3616,1695609526.9532387
2,3648,1695609526.9646497
2,3680,1695609526.9764287
2,3712,1695609526.992821
2,3744,1695609527.0053265
2,3776,1695609527.0170135
2,3808,1695609527.0288801
2,3840,1695609527.0441103
2,3872,1695609527.0565758
2,3904,1695609527.0684109
2,3936,1695609527.0806408
2,3968,1695609527.0936859
2,4000,1695609527.1074536
2,4032,1695609527.1186602
2,4064,1695609527.13667
2,4096,1695609527.1536336
2,4128,1695609527.1679752
2,4160,1695609527.1813376
2,4192,1695609527.192671
2,4224,1695609527.2043707
2,4256,1695609527.2198484
2,4288,1695609527.2332006
2,4320,1695609527.2466702
2,4352,1695609527.2601569
2,4384,1695609527.273701
2,4416,1695609527.2856264
2,4448,1695609527.299317
2,4480,1695609527.311955
2,4512,1695609527.3254607
2,4544,1695609527.3372307
2,4576,1695609527.3504968
2,4608,1695609527.364228
2,4640,1695609527.3782358
2,4672,1695609527.3901553
2,4704,1695609527.4032009
2,4736,1695609527.4168608
2,4768,1695609527.4288085
2,4800,1695609527.440809
2,4832,1695609527.453492
2,4864,1695609527.4659662
2,4896,1695609527.4787629
2,4928,1695609527.4916608
2,4960,1695609527.50713
2,4992,1695609527.518664
2,5024,1695609527.5358486
2,5056,1695609527.5538893
2,5088,1695609527.5746927
2,5120,1695609527.5950644
2,5152,1695609527.6147435
2,5184,1695609527.6349714
2,5216,1695609527.654497
2,5248,1695609527.6745877
2,5280,1695609527.6964352
2,5312,1695609527.7145584
2,5344,1695609527.7347002
2,5376,1695609527.754835
2,5408,1695609527.774271
2,5440,1695609527.7943814
2,5472,1695609527.8142853
2,5504,1695609527.827993
2,5536,1695609527.841425
2,5568,1695609527.8564103
2,5600,1695609527.867482
2,5632,1695609527.8850167
2,5664,1695609527.904154
2,5696,1695609527.9233813
2,5728,1695609527.9424372
2,5760,1695609527.9628181
2,5792,1695609527.9826076
2,5824,1695609528.0026958
2,5856,1695609528.0227804
2,5888,1695609528.042904
2,5920,1695609528.0617082
2,5952,1695609528.0788927
2,5984,1695609528.0943644
2,6016,1695609528.1079452
2,6048,1695609528.121207
2,6080,1695609528.1341856
2,6112,1695609528.1467457
2,6144,1695609528.1606386
2,6176,1695609528.1728559
2,6208,1695609528.1847625
2,6240,1695609528.197973
2,6272,1695609528.2098758
2,6304,1695609528.2227683
2,6336,1695609528.2368517
2,6368,1695609528.2486763
2,6400,1695609528.260757
2,6432,1695609528.2743275
2,6464,1695609528.286699
2,6496,1695609528.2992473
2,6528,1695609528.3123333
2,6560,1695609528.3281891
2,6592,1695609528.3418481
2,6624,1695609528.353996
2,6656,1695609528.3663225
2,6688,1695609528.3862286
2,6720,1695609528.403661
2,6752,1695609528.4228895
2,6784,1695609528.4428015
2,6816,1695609528.4624195
2,6848,1695609528.482464
2,6880,1695609528.5028336
2,6912,1695609528.5227292
2,6944,1695609528.5455203
2,6976,1695609528.5637505
2,7008,1695609528.5823832
2,7040,1695609528.6028533
2,7072,1695609528.62148
2,7104,1695609528.6367042
2,7136,1695609528.6485207
2,7168,1695609528.6625364
2,7200,1695609528.6753733
2,7232,1695609528.688431
2,7264,1695609528.7009168
2,7296,1695609528.7142353
2,7328,1695609528.7263124
2,7360,1695609528.739567
2,7392,1695609528.7521887
2,7424,1695609528.7638886
2,7456,1695609528.7781332
2,7488,1695609528.7902105
2,7520,1695609528.8036776
2,7552,1695609528.8161502
2,7584,1695609528.827914
2,7616,1695609528.8417048
2,7648,1695609528.8538854
2,7680,1695609528.871146
2,7712,1695609528.8845003
2,7744,1695609528.897289
2,7776,1695609528.9147568
2,7808,1695609528.92751
2,7840,1695609528.9408407
2,7872,1695609528.9528
2,7904,1695609528.9688601
2,7936,1695609528.9862742
2,7968,1695609529.007266
2,8000,1695609529.0268052
2,8032,1695609529.046266
2,8064,1695609529.0664423
2,8096,1695609529.085695
2,8128,1695609529.105205
2,8160,1695609529.1267576
2,8192,1695609529.1469982
2,8224,1695609529.1664727
2,8256,1695609529.1865966
2,8288,1695609529.2063735
2,8320,1695609529.2274446
2,8352,1695609529.2473693
2,8384,1695609529.267218
2,8416,1695609529.2867694
2,8448,1695609529.306962
2,8480,1695609529.3267202
2,8512,1695609529.3473144
2,8544,1695609529.3668852
2,8576,1695609529.3864436
2,8608,1695609529.4064612
2,8640,1695609529.4263604
2,8672,1695609529.4464636
2,8704,1695609529.466704
2,8736,1695609529.4864023
2,8768,1695609529.5061042
2,8800,1695609529.5265236
2,8832,1695609529.5463736
2,8864,1695609529.5672185
2,8896,1695609529.5871003
2,8928,1695609529.6069841
2,8960,1695609529.6272461
2,8992,1695609529.6467133
2,9024,1695609529.6662111
2,9056,1695609529.6866033
2,9088,1695609529.708402
2,9120,1695609529.725978
2,9152,1695609529.7460003
2,9184,1695609529.767113
2,9216,1695609529.7864563
2,9248,1695609529.8068185
2,9280,1695609529.8261867
2,9312,1695609529.8454003
2,9344,1695609529.8651187
2,9376,1695609529.8794138
2,9408,1695609529.8939662
2,9440,1695609529.9078584
2,9472,1695609529.9211507
2,9504,1695609529.9368293
2,9536,1695609529.950204
2,9568,1695609529.9621947
2,9600,1695609529.9756274
2,9632,1695609529.9890974
2,9664,1695609530.002299
2,9696,1695609530.0154552
2,9728,1695609530.030851
2,9760,1695609530.0489628
2,9792,1695609530.06022
2,9824,1695609530.075769
2,9856,1695609530.092794
2,9888,1695609530.1068087
2,9920,1695609530.1193323
2,9952,1695609530.1325204
2,9984,1695609530.1436427
2,10016,1695609530.1605952
2,10048,1695609530.1794927
2,10080,1695609530.197608
2,10112,1695609530.2177658
2,10144,1695609530.2319882
2,10176,1695609530.2453635
2,10208,1695609530.2595515
2,10240,1695609530.2717953
2,10272,1695609530.2843091
2,10304,1695609530.297911
2,10336,1695609530.310789
2,10368,1695609530.3246138
2,10400,1695609530.3368545
2,10432,1695609530.35017
2,10464,1695609530.3627508
2,10496,1695609530.3756056
2,10528,1695609530.388121
2,10560,1695609530.4003112
2,10592,1695609530.414272
2,10624,1695609530.432506
2,10656,1695609530.4456198
2,10688,1695609530.4575822
2,10720,1695609530.4690895
2,10752,1695609530.486829
2,10784,1695609530.501924
2,10816,1695609530.5134416
2,10848,1695609530.5272446
2,10880,1695609530.5398066
2,10912,1695609530.5523155
2,10944,1695609530.5667148
2,10976,1695609530.57896
2,11008,1695609530.5927966
2,11040,1695609530.6055782
2,11072,1695609530.6174827
2,11104,1695609530.6314425
2,11136,1695609530.6430886
2,11168,1695609530.6573524
2,11200,1695609530.6692948
2,11232,1695609530.6827743
2,11264,1695609530.6963036
2,11296,1695609530.711983
2,11328,1695609530.7238734
2,11360,1695609530.7384026
2,11392,1695609530.757989
2,11424,1695609530.7787955
2,11456,1695609530.7979739
2,11488,1695609530.8175237
2,11520,1695609530.832667
2,11552,1695609530.8484213
2,11584,1695609530.8604188
2,11616,1695609530.8755243
2,11648,1695609530.8871655
2,11680,1695609530.9016225
2,11712,1695609530.9139676
2,11744,1695609530.9272504
2,11776,1695609530.9410136
2,11808,1695609530.9543164
2,11840,1695609530.9678621
2,11872,1695609530.983087
2,11904,1695609531.0033011
2,11936,1695609531.0231795
2,11968,1695609531.042292
2,12000,1695609531.062951
2,12032,1695609531.0816126
2,12064,1695609531.0925462
2,12096,1695609531.1053123
2,12128,1695609531.1214306
2,12160,1695609531.1322656
2,12192,1695609531.1450686
2,12224,1695609531.157133
2,12256,1695609531.1711166
2,12288,1695609531.1876636
2,12320,1695609531.1980546
2,12352,1695609531.2131534
2,12384,1695609531.2340884
2,12416,1695609531.2453523
2,12448,1695609531.2578056
2,12480,1695609531.2681434
2,12512,1695609531.2856376
2,12544,1695609531.2970796
2,12576,1695609531.3083324
2,12608,1695609531.320778
2,12640,1695609531.335511
2,12672,1695609531.349307
2,12704,1695609531.3601575
2,12736,1695609531.3719015
2,12768,1695609531.3885028
2,12800,1695609531.3989124
2,12832,1695609531.4113557
2,12864,1695609531.4222965
2,12896,1695609531.4391701
2,12928,1695609531.4493058
2,12960,1695609531.4614506
2,12992,1695609531.4732537
2,13024,1695609531.4872766
2,13056,1695609531.5018651
2,13088,1695609531.513248
2,13120,1695609531.5243351
2,13152,1695609531.539731
2,13184,1695609531.552507
2,13216,1695609531.564092
2,13248,1695609531.5755572
2,13280,1695609531.5912976
2,13312,1695609531.603939
2,13344,1695609531.6153088
2,13376,1695609531.6260605
2,13408,1695609531.6458516
2,13440,1695609531.6666582
2,13472,1695609531.6865125
2,13504,1695609531.7057137
2,13536,1695609531.7254846
2,13568,1695609531.7445376
2,13600,1695609531.7664773
2,13632,1695609531.7828035
2,13664,1695609531.7951665
2,13696,1695609531.812404
2,13728,1695609531.8329196
2,13760,1695609531.8488932
2,13792,1695609531.86479
2,13824,1695609531.8788667
2,13856,1695609531.895801
2,13888,1695609531.9115152
2,13920,1695609531.923911
2,13952,1695609531.9401584
2,13984,1695609531.9527507
2,14016,1695609531.964624
2,14048,1695609531.9781394
2,14080,1695609531.9922583
2,14112,1695609532.005289
2,14144,1695609532.01827
2,14176,1695609532.0335813
2,14208,1695609532.0461373
2,14240,1695609532.0642288
2,14272,1695609532.0823152
2,14304,1695609532.1021342
2,14336,1695609532.1212597
2,14368,1695609532.1385727
2,14400,1695609532.1514106
2,14432,1695609532.168087
2,14464,1695609532.1806958
2,14496,1695609532.1932938
2,14528,1695609532.2059162
2,14560,1695609532.219298
2,14592,1695609532.2323716
2,14624,1695609532.2464426
2,14656,1695609532.2582495
2,14688,1695609532.2719033
2,14720,1695609532.2848938
2,14752,1695609532.2979856
2,14784,1695609532.311421
2,14816,1695609532.3266127
2,14848,1695609532.345087
2,14880,1695609532.3625998
2,14912,1695609532.3765483
2,14944,1695609532.389458
2,14976,1695609532.4017262
2,15008,1695609532.416665
2,15040,1695609532.4287038
2,15072,1695609532.4459126
2,15104,1695609532.4594913
2,15136,1695609532.472695
2,15168,1695609532.4849598
2,15200,1695609532.496872
2,15232,1695609532.5087364
2,15264,1695609532.5218732
2,15296,1695609532.5321674
2,15328,1695609532.5503242
2,15360,1695609532.5616724
2,15392,1695609532.5740223
2,15424,1695609532.5848572
2,15456,1695609532.6003273
2,15488,1695609532.6124012
2,15520,1695609532.6233203
2,15552,1695609532.63427
2,15584,1695609532.6524673
2,15616,1695609532.6656902
2,15648,1695609532.6787584
2,15680,1695609532.690935
2,15712,1695609532.7033825
2,15744,1695609532.7181284
2,15776,1695609532.7302742
2,15808,1695609532.7426372
2,15840,1695609532.7597601
2,15872,1695609532.7786858
2,15904,1695609532.7935941
2,15936,1695609532.8059833
2,15968,1695609532.821157
2,16000,1695609532.8351235
2,16032,1695609532.8481333
2,16064,1695609532.860924
2,16096,1695609532.8745432
2,16128,1695609532.887308
2,16160,1695609532.90077
2,16192,1695609532.9135883
2,16224,1695609532.9257762
2,16256,1695609532.9390574
2,16288,1695609532.9516387
2,16320,1695609532.9645166
2,16352,1695609532.9772694
2,16384,1695609532.9891596
2,16416,1695609533.002597
2,16448,1695609533.0149758
2,16480,1695609533.0275435
2,16512,1695609533.0404289
2,16544,1695609533.0531735
2,16576,1695609533.0654151
2,16608,1695609533.0788395
2,16640,1695609533.091421
2,16672,1695609533.1077776
2,16704,1695609533.1209052
2,16736,1695609533.1347015
2,16768,1695609533.146982
2,16800,1695609533.1594434
2,16832,1695609533.1723
2,16864,1695609533.1844509
2,16896,1695609533.196053
2,16928,1695609533.208525
2,16960,1695609533.221976
2,16992,1695609533.2372057
2,17024,1695609533.2487514
2,17056,1695609533.2605345
2,17088,1695609533.2733805
2,17120,1695609533.2883708
2,17152,1695609533.3007262
2,17184,1695609533.3130417
2,17216,1695609533.3270938
2,17248,1695609533.3432317
2,17280,1695609533.357328
2,17312,1695609533.3686395
2,17344,1695609533.380011
2,17376,1695609533.395327
2,17408,1695609533.4076178
2,17440,1695609533.4188783
2,17472,1695609533.430376
2,17504,1695609533.445665
2,17536,1695609533.4576845
2,17568,1695609533.4688892
2,17600,1695609533.4802704
2,17632,1695609533.497129
2,17664,1695609533.5090501
2,17696,1695609533.520217
2,17728,1695609533.5317101
2,17760,1695609533.5469701
2,17792,1695609533.5590756
2,17824,1695609533.5709794
2,17856,1695609533.5835872
2,17888,1695609533.6024876
2,17920,1695609533.6184332
2,17952,1695609533.6316597
2,17984,1695609533.643899
2,18016,1695609533.6571145
2,18048,1695609533.6714892
2,18080,1695609533.6858873
2,18112,1695609533.6976142
2,18144,1695609533.7103596
2,18176,1695609533.7244334
2,18208,1695609533.7364626
2,18240,1695609533.7522526
2,18272,1695609533.7647321
2,18304,1695609533.7763383
2,18336,1695609533.792254
2,18368,1695609533.8049147
2,18400,1695609533.8168569
2,18432,1695609533.8305418
2,18464,1695609533.8424418
2,18496,1695609533.855538
2,18528,1695609533.8691041
2,18560,1695609533.881059
2,18592,1695609533.8948138
2,18624,1695609533.906992
2,18656,1695609533.919535
2,18688,1695609533.9325655
2,18720,1695609533.9451888
2,18752,1695609533.9569025
2,18784,1695609533.9706407
2,18816,1695609533.9832234
2,18848,1695609533.9960594
2,18880,1695609534.009347
2,18912,1695609534.020966
2,18944,1695609534.0345972
2,18976,1695609534.047031
2,19008,1695609534.0585997
2,19040,1695609534.0715625
2,19072,1695609534.0851042
2,19104,1695609534.0969658
2,19136,1695609534.1089215
2,19168,1695609534.1246421
2,19200,1695609534.1374693
2,19232,1695609534.1495063
2,19264,1695609534.1629653
2,19296,1695609534.1758566
2,19328,1695609534.1889257
2,19360,1695609534.2005672
2,19392,1695609534.2134094
2,19424,1695609534.226954
2,19456,1695609534.2392628
2,19488,1695609534.2521431
2,19520,1695609534.2655427
2,19552,1695609534.2776842
2,19584,1695609534.2908864
2,19616,1695609534.3034678
2,19648,1695609534.3166065
2,19680,1695609534.3292994
2,19712,1695609534.341145
2,19744,1695609534.3545544
2,19776,1695609534.3702662
2,19808,1695609534.3829846
2,19840,1695609534.395908
2,19872,1695609534.4092765
2,19904,1695609534.4211862
2,19936,1695609534.4351158
2,19968,1695609534.4475691
2,20000,1695609534.4610386
2,20032,1695609534.4738698
2,20064,1695609534.4864357
2,20096,1695609534.500045
2,20128,1695609534.5122886
2,20160,1695609534.5247242
2,20192,1695609534.53661
2,20224,1695609534.5501654
2,20256,1695609534.5625544
2,20288,1695609534.574884
2,20320,1695609534.5879288
2,20352,1695609534.60029
2,20384,1695609534.6120472
2,20416,1695609534.625463
2,20448,1695609534.6374974
2,20480,1695609534.6508718
2,20512,1695609534.6632283
2,20544,1695609534.675987
2,20576,1695609534.6894484
2,20608,1695609534.7038224
2,20640,1695609534.7166412
2,20672,1695609534.728406
2,20704,1695609534.7418468
2,20736,1695609534.7546382
2,20768,1695609534.767435
2,20800,1695609534.780561
2,20832,1695609534.7920697
2,20864,1695609534.8057399
2,20896,1695609534.820346
2,20928,1695609534.832032
2,20960,1695609534.8456671
2,20992,1695609534.857616
2,21024,1695609534.8710392
2,21056,1695609534.8837502
2,21088,1695609534.8973053
2,21120,1695609534.9098785
2,21152,1695609534.921738
2,21184,1695609534.9351087
2,21216,1695609534.9474437
2,21248,1695609534.9603987
2,21280,1695609534.9730139
2,21312,1695609534.984842
2,21344,1695609534.9977305
2,21376,1695609535.0108588
2,21408,1695609535.02379
2,21440,1695609535.0371032
2,21472,1695609535.049041
2,21504,1695609535.0646725
2,21536,1695609535.0779614
2,21568,1695609535.0891488
2,21600,1695609535.1043506
2,21632,1695609535.1164813
2,21664,1695609535.1277375
2,21696,1695609535.1391068
2,21728,1695609535.1545258
2,21760,1695609535.166583
2,21792,1695609535.177864
2,21824,1695609535.1893961
2,21856,1695609535.204635
2,21888,1695609535.216745
2,21920,1695609535.2296405
2,21952,1695609535.2408233
2,21984,1695609535.2564826
2,22016,1695609535.2686331
2,22048,1695609535.2798314
2,22080,1695609535.2911494
2,22112,1695609535.3059387
2,22144,1695609535.3202133
2,22176,1695609535.3314903
2,22208,1695609535.3428488
2,22240,1695609535.3582258
2,22272,1695609535.370259
2,22304,1695609535.3815215
2,22336,1695609535.3929865
2,22368,1695609535.4098341
2,22400,1695609535.4227376
2,22432,1695609535.4352224
2,22464,1695609535.451017
2,22496,1695609535.4630125
2,22528,1695609535.4756112
2,22560,1695609535.4885945
2,22592,1695609535.5010808
2,22624,1695609535.5147176
2,22656,1695609535.5272665
2,22688,1695609535.5399399
2,22720,1695609535.5527692
2,22752,1695609535.5653136
2,22784,1695609535.5788336
2,22816,1695609535.5910945
2,22848,1695609535.6039548
2,22880,1695609535.6171272
2,22912,1695609535.6289582
2,22944,1695609535.6407466
2,22976,1695609535.655996
2,23008,1695609535.6697357
2,23040,1695609535.682382
2,23072,1695609535.6957314
2,23104,1695609535.7084334
2,23136,1695609535.7209368
2,23168,1695609535.7326927
2,23200,1695609535.744666
2,23232,1695609535.7604184
2,23264,1695609535.7729044
2,23296,1695609535.7848146
2,23328,1695609535.7988029
2,23360,1695609535.8115828
2,23392,1695609535.8246884
2,23424,1695609535.8377492
2,23456,1695609535.8510895
2,23488,1695609535.8633263
2,23520,1695609535.8762968
2,23552,1695609535.889545
2,23584,1695609535.9015157
2,23616,1695609535.9148972
2,23648,1695609535.9275224
2,23680,1695609535.9392993
2,23712,1695609535.9525983
2,23744,1695609535.9657743
2,23776,1695609535.9779255
2,23808,1695609535.9911468
2,23840,1695609536.0028787
2,23872,1695609536.0159562
2,23904,1695609536.0289044
2,23936,1695609536.041367
2,23968,1695609536.0547516
2,24000,1695609536.0670128
2,24032,1695609536.079468
2,24064,1695609536.0924244
2,24096,1695609536.1051402
2,24128,1695609536.1168363
2,24160,1695609536.1302774
2,24192,1695609536.1427102
2,24224,1695609536.154959
2,24256,1695609536.1678874
2,24288,1695609536.18061
2,24320,1695609536.1925404
2,24352,1695609536.2043312
2,24384,1695609536.217789
2,24416,1695609536.229916
2,24448,1695609536.2433562
2,24480,1695609536.2556272
2,24512,1695609536.2672195
2,24544,1695609536.280672
2,24576,1695609536.2935567
2,24608,1695609536.3054185
2,24640,1695609536.3187728
2,24672,1695609536.331109
2,24704,1695609536.3439481
2,24736,1695609536.3561897
2,24768,1695609536.3699586
2,24800,1695609536.3823366
2,24832,1695609536.3944116
2,24864,1695609536.4073775
2,24896,1695609536.4198203
2,24928,1695609536.4330842
2,24960,1695609536.4457247
2,24992,1695609536.4575598
2,25024,1695609536.4709563
2,25056,1695609536.483252
2,25088,1695609536.495923
2,25120,1695609536.5085278
2,25152,1695609536.5207133
2,25184,1695609536.5344243
2,25216,1695609536.546727
2,25248,1695609536.5592327
2,25280,1695609536.5720034
2,25312,1695609536.5847747
2,25344,1695609536.5990467
2,25376,1695609536.6119344
2,25408,1695609536.6251047
2,25440,1695609536.6370304
2,25472,1695609536.652513
2,25504,1695609536.6645741
2,25536,1695609536.6762223
2,25568,1695609536.6894617
2,25600,1695609536.7014575
2,25632,1695609536.7147906
2,25664,1695609536.727095
2,25696,1695609536.7398486
2,25728,1695609536.7527878
2,25760,1695609536.7647066
2,25792,1695609536.7803257
2,25824,1695609536.7926009
2,25856,1695609536.8043134
2,25888,1695609536.8177564
2,25920,1695609536.830147
2,25952,1695609536.8420832
2,25984,1695609536.8552272
2,26016,1695609536.86745
2,26048,1695609536.8818212
2,26080,1695609536.8952265
2,26112,1695609536.9083607
2,26144,1695609536.9208043
2,26176,1695609536.9326553
2,26208,1695609536.9461806
2,26240,1695609536.9586048
2,26272,1695609536.9707735
2,26304,1695609536.9836411
2,26336,1695609536.9961069
2,26368,1695609537.0077224
2,26400,1695609537.020715
2,26432,1695609537.03316
2,26464,1695609537.0455902
2,26496,1695609537.0594413
2,26528,1695609537.0715008
2,26560,1695609537.0844705
2,26592,1695609537.096909
2,26624,1695609537.1089385
2,26656,1695609537.1222405
2,26688,1695609537.1344743
2,26720,1695609537.1469436
2,26752,1695609537.160453
2,26784,1695609537.172107
2,26816,1695609537.1853275
2,26848,1695609537.1971397
2,26880,1695609537.2104654
2,26912,1695609537.2225938
2,26944,1695609537.2350557
2,26976,1695609537.2483745
2,27008,1695609537.2600105
2,27040,1695609537.2734025
2,27072,1695609537.285934
2,27104,1695609537.2982023
2,27136,1695609537.3117344
2,27168,1695609537.3234785
2,27200,1695609537.336524
2,27232,1695609537.3491418
2,27264,1695609537.3608046
2,27296,1695609537.3756351
2,27328,1695609537.388743
2,27360,1695609537.40061
2,27392,1695609537.4124017
2,27424,1695609537.425463
2,27456,1695609537.437224
2,27488,1695609537.454599
2,27520,1695609537.467272
2,27552,1695609537.4805486
2,27584,1695609537.492702
2,27616,1695609537.504023
2,27648,1695609537.5165858
2,27680,1695609537.530068
2,27712,1695609537.541893
2,27744,1695609537.5548105
2,27776,1695609537.5685155
2,27808,1695609537.5806203
2,27840,1695609537.5923078
2,27872,1695609537.6065285
2,27904,1695609537.6189115
2,27936,1695609537.6313164
2,27968,1695609537.6442099
2,28000,1695609537.6567342
2,28032,1695609537.6686597
2,28064,1695609537.6804583
2,28096,1695609537.692939
2,28128,1695609537.7060835
2,28160,1695609537.7180967
2,28192,1695609537.7311428
2,28224,1695609537.7435071
2,28256,1695609537.7563612
2,28288,1695609537.7713757
2,28320,1695609537.7837365
2,28352,1695609537.7964315
2,28384,1695609537.8087392
2,28416,1695609537.8220773
2,28448,1695609537.834095
2,28480,1695609537.8473377
2,28512,1695609537.859668
2,28544,1695609537.87288
2,28576,1695609537.884951
2,28608,1695609537.8984923
2,28640,1695609537.9108489
2,28672,1695609537.9237888
2,28704,1695609537.9364002
2,28736,1695609537.949462
2,28768,1695609537.9635549
2,28800,1695609537.9751976
2,28832,1695609537.9881885
2,28864,1695609538.0012841
2,28896,1695609538.013091
2,28928,1695609538.026418
2,28960,1695609538.0385795
2,28992,1695609538.050937
2,29024,1695609538.063805
2,29056,1695609538.076172
2,29088,1695609538.091739
2,29120,1695609538.1079104
2,29152,1695609538.1227152
2,29184,1695609538.1363695
2,29216,1695609538.1484623
2,29248,1695609538.1606023
2,29280,1695609538.1739955
2,29312,1695609538.1858487
2,29344,1695609538.1982636
2,29376,1695609538.2120638
2,29408,1695609538.2245739
2,29440,1695609538.2363377
2,29472,1695609538.2501073
2,29504,1695609538.2647524
2,29536,1695609538.278123
2,29568,1695609538.2904255
2,29600,1695609538.3033237
2,29632,1695609538.3158317
2,29664,1695609538.3292677
2,29696,1695609538.341876
2,29728,1695609538.3538008
2,29760,1695609538.3672082
2,29792,1695609538.3796098
2,29824,1695609538.3930779
2,29856,1695609538.4055736
2,29888,1695609538.4174588
2,29920,1695609538.4308562
2,29952,1695609538.443181
2,29984,1695609538.4558887
2,30016,1695609538.4686441
2,30048,1695609538.4809585
2,30080,1695609538.4945092
2,30112,1695609538.5069566
2,30144,1695609538.5195272
2,30176,1695609538.5323346
2,30208,1695609538.5445435
2,30240,1695609538.5579658
2,30272,1695609538.5692892
2,30304,1695609538.5825758
2,30336,1695609538.5957472
2,30368,1695609538.6091373
2,30400,1695609538.6215768
2,30432,1695609538.6335907
2,30464,1695609538.647234
2,30496,1695609538.6594257
2,30528,1695609538.6724339
2,30560,1695609538.685083
2,30592,1695609538.697293
2,30624,1695609538.710852
2,30656,1695609538.7231896
2,30688,1695609538.736041
2,30720,1695609538.7487326
2,30752,1695609538.7610388
2,30784,1695609538.7747092
2,30816,1695609538.7869694
2,30848,1695609538.7994556
2,30880,1695609538.812314
2,30912,1695609538.8244724
2,30944,1695609538.838283
2,30976,1695609538.8506784
2,31008,1695609538.8629699
2,31040,1695609538.8758242
2,31072,1695609538.8885062
2,31104,1695609538.9004002
2,31136,1695609538.9135346
2,31168,1695609538.9277408
2,31200,1695609538.93937
2,31232,1695609538.9525518
2,31264,1695609538.965223
2,31296,1695609538.9769301
2,31328,1695609538.9907887
2,31360,1695609539.0031
2,31392,1695609539.0157933
2,31424,1695609539.0285
2,31456,1695609539.040793
2,31488,1695609539.054153
2,31520,1695609539.066449
2,31552,1695609539.0800455
2,31584,1695609539.0919242
2,31616,1695609539.1054573
2,31648,1695609539.11806
2,31680,1695609539.1298585
2,31712,1695609539.1427536
2,31744,1695609539.1557777
2,31776,1695609539.1674535
2,31808,1695609539.1808715
2,31840,1695609539.1935408
2,31872,1695609539.2057295
2,31904,1695609539.219496
2,31936,1695609539.231538
2,31968,1695609539.2447195
2,32000,1695609539.2575705
2,32032,1695609539.269418
2,32064,1695609539.2830465
2,32096,1695609539.2955203
2,32128,1695609539.3085017
2,32160,1695609539.3213072
2,32192,1695609539.333091
2,32224,1695609539.346757
2,32256,1695609539.3590899
2,32288,1695609539.371951
2,32320,1695609539.3850055
2,32352,1695609539.3967633
2,32384,1695609539.4105651
2,32416,1695609539.422967
2,32448,1695609539.4355123
2,32480,1695609539.4483387
2,32512,1695609539.4603379
2,32544,1695609539.4734976
2,32576,1695609539.4877172
2,32608,1695609539.4993868
2,32640,1695609539.5124805
2,32672,1695609539.5249386
2,32704,1695609539.5385337
2,32736,1695609539.5509343
2,32768,1695609539.563438
2,32800,1695609539.5788524
2,32832,1695609539.5917916
2,32864,1695609539.604036
2,32896,1695609539.6173189
2,32928,1695609539.6292245
2,32960,1695609539.641179
2,32992,1695609539.6549218
2,33024,1695609539.6673386
2,33056,1695609539.6802616
2,33088,1695609539.6933167
2,33120,1695609539.7053564
2,33152,1695609539.7199352
2,33184,1695609539.7315595
2,33216,1695609539.7443984
2,33248,1695609539.7594068
2,33280,1695609539.771945
2,33312,1695609539.784471
2,33344,1695609539.7966847
2,33376,1695609539.8083277
2,33408,1695609539.8216808
2,33440,1695609539.8336837
2,33472,1695609539.846969
2,33504,1695609539.8592203
2,33536,1695609539.8720298
2,33568,1695609539.8849688
2,33600,1695609539.8966205
2,33632,1695609539.9093435
2,33664,1695609539.9228258
2,33696,1695609539.935019
2,33728,1695609539.94743
2,33760,1695609539.9602227
2,33792,1695609539.9724889
2,33824,1695609539.9861908
2,33856,1695609539.9985867
2,33888,1695609540.010948
2,33920,1695609540.0239224
2,33952,1695609540.0365486
2,33984,1695609540.048447
2,34016,1695609540.060248
2,34048,1695609540.0727515
2,34080,1695609540.0860085
2,34112,1695609540.097978
2,34144,1695609540.1110845
2,34176,1695609540.1233454
2,34208,1695609540.1363318
2,34240,1695609540.1493225
2,34272,1695609540.1611207
2,34304,1695609540.1743863
2,34336,1695609540.1865659
2,34368,1695609540.199508
2,34400,1695609540.2110696
2,34432,1695609540.2232714
2,34464,1695609540.238394
2,34496,1695609540.2508628
2,34528,1695609540.2642138
2,34560,1695609540.2759612
2,34592,1695609540.2934678
2,34624,1695609540.3069844
2,34656,1695609540.319027
2,34688,1695609540.3319423
2,34720,1695609540.345234
2,34752,1695609540.3571124
2,34784,1695609540.3703356
2,34816,1695609540.3824658
2,34848,1695609540.3955102
2,34880,1695609540.4078405
2,34912,1695609540.4210157
2,34944,1695609540.4330416
2,34976,1695609540.4462962
2,35008,1695609540.4586737
2,35040,1695609540.4713523
2,35072,1695609540.4849544
2,35104,1695609540.4967752
2,35136,1695609540.5102882
2,35168,1695609540.5226831
2,35200,1695609540.5349195
2,35232,1695609540.547778
2,35264,1695609540.5601192
2,35296,1695609540.573528
2,35328,1695609540.585435
2,35360,1695609540.5987678
2,35392,1695609540.6110847
2,35424,1695609540.623938
2,35456,1695609540.6369164
2,35488,1695609540.6486466
2,35520,1695609540.6614096
2,35552,1695609540.674954
2,35584,1695609540.6872358
2,35616,1695609540.7001278
2,35648,1695609540.712829
2,35680,1695609540.725116
2,35712,1695609540.7386436
2,35744,1695609540.750989
2,35776,1695609540.7626338
2,35808,1695609540.775522
2,35840,1695609540.7883835
2,35872,1695609540.8005998
2,35904,1695609540.8143947
2,35936,1695609540.8267386
2,35968,1695609540.8390713
2,36000,1695609540.8519495
2,36032,1695609540.8642693
2,36064,1695609540.875894
2,36096,1695609540.8892348
2,36128,1695609540.901849
2,36160,1695609540.9137495
2,36192,1695609540.927125
2,36224,1695609540.9394302
2,36256,1695609540.9510562
2,36288,1695609540.9642608
2,36320,1695609540.9768763
2,36352,1695609540.9887924
2,36384,1695609541.0023663
2,36416,1695609541.0147214
2,36448,1695609541.027285
2,36480,1695609541.0407603
2,36512,1695609541.0525286
2,36544,1695609541.0643847
2,36576,1695609541.0775669
2,36608,1695609541.0895147
2,36640,1695609541.1029003
2,36672,1695609541.115281
2,36704,1695609541.1282396
2,36736,1695609541.1415324
2,36768,1695609541.1535747
2,36800,1695609541.168252
2,36832,1695609541.1799083
2,36864,1695609541.1931002
2,36896,1695609541.2071667
2,36928,1695609541.219767
2,36960,1695609541.2324393
2,36992,1695609541.2446907
2,37024,1695609541.2585046
2,37056,1695609541.2708862
2,37088,1695609541.2834198
2,37120,1695609541.2962713
2,37152,1695609541.308695
2,37184,1695609541.3225298
2,37216,1695609541.3348954
2,37248,1695609541.3474507
2,37280,1695609541.360228
2,37312,1695609541.37277
2,37344,1695609541.384678
2,37376,1695609541.3965368
2,37408,1695609541.4100099
2,37440,1695609541.422328
2,37472,1695609541.4359555
2,37504,1695609541.4478197
2,37536,1695609541.4595673
2,37568,1695609541.4729943
2,37600,1695609541.4857621
2,37632,1695609541.4976666
2,37664,1695609541.5110939
2,37696,1695609541.5234213
2,37728,1695609541.5364273
2,37760,1695609541.549103
2,37792,1695609541.5608428
2,37824,1695609541.573692
2,37856,1695609541.5868297
2,37888,1695609541.5992997
2,37920,1695609541.6121833
2,37952,1695609541.6245167
2,37984,1695609541.6382766
2,38016,1695609541.6506999
2,38048,1695609541.6629963
2,38080,1695609541.675863
2,38112,1695609541.6882064
2,38144,1695609541.6998758
2,38176,1695609541.7129087
2,38208,1695609541.7273047
2,38240,1695609541.740175
2,38272,1695609541.752862
2,38304,1695609541.7682307
2,38336,1695609541.7813492
2,38368,1695609541.7932572
2,38400,1695609541.8064346
2,38432,1695609541.8186555
2,38464,1695609541.8316908
2,38496,1695609541.844018
2,38528,1695609541.8556874
2,38560,1695609541.8687987
2,38592,1695609541.881073
2,38624,1695609541.8946574
2,38656,1695609541.907128
2,38688,1695609541.9199471
2,38720,1695609541.9330294
2,38752,1695609541.9447396
2,38784,1695609541.9585385
2,38816,1695609541.970909
2,38848,1695609541.9835205
2,38880,1695609541.9963112
2,38912,1695609542.008531
2,38944,1695609542.0219214
2,38976,1695609542.0339065
2,39008,1695609542.047089
2,39040,1695609542.059434
2,39072,1695609542.0726852
2,39104,1695609542.0855231
2,39136,1695609542.0966609
2,39168,1695609542.1083522
2,39200,1695609542.1234095
2,39232,1695609542.1388729
2,39264,1695609542.1518006
2,39296,1695609542.1644895
2,39328,1695609542.176705
2,39360,1695609542.1900282
2,39392,1695609542.2020905
2,39424,1695609542.2166681
2,39456,1695609542.228398
2,39488,1695609542.240259
2,39520,1695609542.2538102
2,39552,1695609542.2658494
2,39584,1695609542.278975
2,39616,1695609542.291358
2,39648,1695609542.3042715
2,39680,1695609542.3174565
2,39712,1695609542.3294683
2,39744,1695609542.342496
2,39776,1695609542.354732
2,39808,1695609542.3678143
2,39840,1695609542.3801594
2,39872,1695609542.393544
2,39904,1695609542.405445
2,39936,1695609542.4187627
2,39968,1695609542.4310887
2,40000,1695609542.4426873
2,40032,1695609542.4558752
2,40064,1695609542.46879
2,40096,1695609542.4821804
2,40128,1695609542.496725
2,40160,1695609542.5085359
2,40192,1695609542.5204108
2,40224,1695609542.5329936
2,40256,1695609542.5466945
2,40288,1695609542.5590703
2,40320,1695609542.571712
2,40352,1695609542.5836697
2,40384,1695609542.5962937
2,40416,1695609542.608374
2,40448,1695609542.6220355
2,40480,1695609542.6344316
2,40512,1695609542.6465816
2,40544,1695609542.6595626
2,40576,1695609542.6718543
2,40608,1695609542.6856608
2,40640,1695609542.6982417
2,40672,1695609542.7102695
2,40704,1695609542.723365
2,40736,1695609542.7358446
2,40768,1695609542.7493734
2,40800,1695609542.7620265
2,40832,1695609542.7740803
2,40864,1695609542.7872372
2,40896,1695609542.7995837
2,40928,1695609542.811248
2,40960,1695609542.8245375
2,40992,1695609542.8375764
2,41024,1695609542.8494062
2,41056,1695609542.86283
2,41088,1695609542.875161
2,41120,1695609542.8879743
2,41152,1695609542.9010084
2,41184,1695609542.9127262
2,41216,1695609542.9261286
2,41248,1695609542.938188
2,41280,1695609542.9514022
2,41312,1695609542.9637465
2,41344,1695609542.9771347
2,41376,1695609542.9897776
2,41408,1695609543.0020576
2,41440,1695609543.015684
2,41472,1695609543.0275617
2,41504,1695609543.0407627
2,41536,1695609543.0534728
2,41568,1695609543.0656345
2,41600,1695609543.0789554
2,41632,1695609543.0899498
2,41664,1695609543.1033447
2,41696,1695609543.1176448
2,41728,1695609543.1304853
2,41760,1695609543.1445942
2,41792,1695609543.1565003
2,41824,1695609543.168349
2,41856,1695609543.1818535
2,41888,1695609543.193857
2,41920,1695609543.207038
2,41952,1695609543.2193441
2,41984,1695609543.2323084
2,42016,1695609543.2455733
2,42048,1695609543.257361
2,42080,1695609543.2707772
2,42112,1695609543.2846727
2,42144,1695609543.2979677
2,42176,1695609543.3096695
2,42208,1695609543.322229
2,42240,1695609543.335522
2,42272,1695609543.347817
2,42304,1695609543.3612945
2,42336,1695609543.373952
2,42368,1695609543.3892534
2,42400,1695609543.401235
2,42432,1695609543.4136097
2,42464,1695609543.426944
2,42496,1695609543.4392757
2,42528,1695609543.4521582
2,42560,1695609543.4653847
2,42592,1695609543.477237
2,42624,1695609543.490788
2,42656,1695609543.502997
2,42688,1695609543.5145543
2,42720,1695609543.5290277
2,42752,1695609543.5418823
2,42784,1695609543.55417
2,42816,1695609543.5669048
2,42848,1695609543.5794203
2,42880,1695609543.5922434
2,42912,1695609543.6050825
2,42944,1695609543.6167858
2,42976,1695609543.629499
2,43008,1695609543.642542
2,43040,1695609543.6546507
2,43072,1695609543.6676455
2,43104,1695609543.6799037
2,43136,1695609543.6930757
2,43168,1695609543.7074738
2,43200,1695609543.7200181
2,43232,1695609543.7321346
2,43264,1695609543.7449527
2,43296,1695609543.758689
2,43328,1695609543.7710888
2,43360,1695609543.78389
2,43392,1695609543.7961597
2,43424,1695609543.8077538
2,43456,1695609543.820523
2,43488,1695609543.8345394
2,43520,1695609543.8481457
2,43552,1695609543.8600466
2,43584,1695609543.8716567
2,43616,1695609543.884718
2,43648,1695609543.8969681
2,43680,1695609543.9086409
2,43712,1695609543.9219992
2,43744,1695609543.9345124
2,43776,1695609543.9466946
2,43808,1695609543.9596608
2,43840,1695609543.9719434
2,43872,1695609543.9856215
2,43904,1695609543.998132
2,43936,1695609544.010096
2,43968,1695609544.023186
2,44000,1695609544.0354428
2,44032,1695609544.0483005
2,44064,1695609544.0640306
2,44096,1695609544.077795
2,44128,1695609544.0896225
2,44160,1695609544.1030154
2,44192,1695609544.1152942
2,44224,1695609544.1283724
2,44256,1695609544.1413786
2,44288,1695609544.1534588
2,44320,1695609544.1681511
2,44352,1695609544.1798942
2,44384,1695609544.1926723
2,44416,1695609544.2074153
2,44448,1695609544.2194374
2,44480,1695609544.232608
2,44512,1695609544.2447724
2,44544,1695609544.2578816
2,44576,1695609544.2699735
2,44608,1695609544.283489
2,44640,1695609544.295561
2,44672,1695609544.3085485
2,44704,1695609544.321114
2,44736,1695609544.3328953
2,44768,1695609544.3464406
2,44800,1695609544.3590043
2,44832,1695609544.3714685
2,44864,1695609544.3843036
2,44896,1695609544.3964834
2,44928,1695609544.4098232
2,44960,1695609544.421792
2,44992,1695609544.4351692
2,45024,1695609544.4474757
2,45056,1695609544.4604099
2,45088,1695609544.473019
2,45120,1695609544.4846969
2,45152,1695609544.4983907
2,45184,1695609544.5166264
2,45216,1695609544.5284042
2,45248,1695609544.5411882
2,45280,1695609544.5549932
2,45312,1695609544.5672333
2,45344,1695609544.57996
2,45376,1695609544.5924003
2,45408,1695609544.6070666
2,45440,1695609544.6207316
2,45472,1695609544.6326756
2,45504,1695609544.6463883
2,45536,1695609544.6587787
2,45568,1695609544.6712885
2,45600,1695609544.6841588
2,45632,1695609544.6963856
2,45664,1695609544.7080154
2,45696,1695609544.721531
2,45728,1695609544.7335804
2,45760,1695609544.7470267
2,45792,1695609544.75943
2,45824,1695609544.7711194
2,45856,1695609544.7843535
2,45888,1695609544.7970371
2,45920,1695609544.80898
2,45952,1695609544.8224037
2,45984,1695609544.8347552
2,46016,1695609544.8474073
2,46048,1695609544.8606455
2,46080,1695609544.8723438
2,46112,1695609544.885126
2,46144,1695609544.8983672
2,46176,1695609544.9107249
2,46208,1695609544.9243748
2,46240,1695609544.936308
2,46272,1695609544.9494271
2,46304,1695609544.9637532
2,46336,1695609544.9768422
2,46368,1695609544.9891305
2,46400,1695609545.0026526
2,46432,1695609545.0149322
2,46464,1695609545.0275192
2,46496,1695609545.0403252
2,46528,1695609545.0553188
2,46560,1695609545.0683954
2,46592,1695609545.080614
2,46624,1695609545.0923169
2,46656,1695609545.10494
2,46688,1695609545.117568
2,46720,1695609545.1312363
2,46752,1695609545.143455
2,46784,1695609545.156469
2,46816,1695609545.1696563
2,46848,1695609545.1815238
2,46880,1695609545.196303
2,46912,1695609545.208922
2,46944,1695609545.222506
2,46976,1695609545.2364378
2,47008,1695609545.2489378
2,47040,1695609545.2606704
2,47072,1695609545.2723527
2,47104,1695609545.2881832
2,47136,1695609545.3010602
2,47168,1695609545.3126733
2,47200,1695609545.3244553
2,47232,1695609545.3408575
2,47264,1695609545.353414
2,47296,1695609545.365316
2,47328,1695609545.378589
2,47360,1695609545.3908093
2,47392,1695609545.4038806
2,47424,1695609545.4160504
2,47456,1695609545.4276547
2,47488,1695609545.4407775
2,47520,1695609545.453087
2,47552,1695609545.4666026
2,47584,1695609545.4789555
2,47616,1695609545.4914622
2,47648,1695609545.5042863
2,47680,1695609545.5160978
2,47712,1695609545.5294485
2,47744,1695609545.5413184
2,47776,1695609545.5547037
2,47808,1695609545.5668166
2,47840,1695609545.5792766
2,47872,1695609545.5922186
2,47904,1695609545.6077652
2,47936,1695609545.6207979
2,47968,1695609545.6330426
2,48000,1695609545.6465695
2,48032,1695609545.658971
2,48064,1695609545.671442
2,48096,1695609545.6843574
2,48128,1695609545.6970549
2,48160,1695609545.7134569
2,48192,1695609545.7272272
2,48224,1695609545.7394378
2,48256,1695609545.752512
2,48288,1695609545.7664936
2,48320,1695609545.780253
2,48352,1695609545.792966
2,48384,1695609545.8047178
2,48416,1695609545.8179955
2,48448,1695609545.8309486
2,48480,1695609545.8455126
2,48512,1695609545.8592231
2,48544,1695609545.8714056
2,48576,1695609545.8838487
2,48608,1695609545.8966765
2,48640,1695609545.9104383
2,48672,1695609545.9222198
2,48704,1695609545.9360292
2,48736,1695609545.9486184
2,48768,1695609545.9596944
2,48800,1695609545.9723942
2,48832,1695609545.985778
2,48864,1695609545.9972277
2,48896,1695609546.0108738
2,48928,1695609546.0241995
2,48960,1695609546.037318
2,48992,1695609546.051146
2,49024,1695609546.0632422
2,49056,1695609546.0756772
2,49088,1695609546.0911498
2,49120,1695609546.1026096
2,49152,1695609546.1170113
2,49184,1695609546.1291258
2,49216,1695609546.1418788
2,49248,1695609546.1556818
2,49280,1695609546.1683257
2,49312,1695609546.1799088
2,49344,1695609546.1926324
2,49376,1695609546.2057009
2,49408,1695609546.2180412
2,49440,1695609546.2312791
2,49472,1695609546.2448912
2,49504,1695609546.2580774
2,49536,1695609546.271019
2,49568,1695609546.2831347
