epoch,trained_sample,time
1,0,1695619321.8587084
1,32,1695619323.190391
1,64,1695619323.2089477
1,96,1695619323.2304778
1,128,1695619323.2507272
1,160,1695619323.265112
1,192,1695619323.2804358
1,224,1695619323.2968357
1,256,1695619323.3148365
1,288,1695619323.3307097
1,320,1695619323.3472645
1,352,1695619323.3615787
1,384,1695619323.3843143
1,416,1695619323.399535
1,448,1695619323.4169302
1,480,1695619323.4337227
1,512,1695619323.4508193
1,544,1695619323.466141
1,576,1695619323.4824243
1,608,1695619323.497878
1,640,1695619323.5197744
1,672,1695619323.5362153
1,704,1695619323.5520964
1,736,1695619323.5673542
1,768,1695619323.5855644
1,800,1695619323.6001062
1,832,1695619323.6162434
1,864,1695619323.631638
1,896,1695619323.6495767
1,928,1695619323.6725178
1,960,1695619323.6878579
1,992,1695619323.7032714
1,1024,1695619323.7194955
1,1056,1695619323.7405744
1,1088,1695619323.756352
1,1120,1695619323.7715442
1,1152,1695619323.7870092
1,1184,1695619323.809568
1,1216,1695619323.8315132
1,1248,1695619323.8514514
1,1280,1695619323.8742886
1,1312,1695619323.898204
1,1344,1695619323.9146373
1,1376,1695619323.9302814
1,1408,1695619323.9465165
1,1440,1695619323.9668565
1,1472,1695619323.9842064
1,1504,1695619324.000253
1,1536,1695619324.014569
1,1568,1695619324.0380409
1,1600,1695619324.0544338
1,1632,1695619324.0698724
1,1664,1695619324.086078
1,1696,1695619324.1061563
1,1728,1695619324.1229203
1,1760,1695619324.1383307
1,1792,1695619324.1540792
1,1824,1695619324.1780746
1,1856,1695619324.1934526
1,1888,1695619324.208032
1,1920,1695619324.2231317
1,1952,1695619324.2423792
1,1984,1695619324.2579226
1,2016,1695619324.2736766
1,2048,1695619324.2902107
1,2080,1695619324.3093998
1,2112,1695619324.3260007
1,2144,1695619324.3422985
1,2176,1695619324.358653
1,2208,1695619324.3777263
1,2240,1695619324.3937745
1,2272,1695619324.4099898
1,2304,1695619324.4264574
1,2336,1695619324.445882
1,2368,1695619324.4617352
1,2400,1695619324.4773514
1,2432,1695619324.4939718
1,2464,1695619324.5128973
1,2496,1695619324.5286918
1,2528,1695619324.5442345
1,2560,1695619324.5594423
1,2592,1695619324.5788596
1,2624,1695619324.5962307
1,2656,1695619324.6122928
1,2688,1695619324.626514
1,2720,1695619324.6465554
1,2752,1695619324.668401
1,2784,1695619324.6939108
1,2816,1695619324.7071319
1,2848,1695619324.7209759
1,2880,1695619324.7382734
1,2912,1695619324.7577112
1,2944,1695619324.7716076
1,2976,1695619324.7876384
1,3008,1695619324.8041518
1,3040,1695619324.8252864
1,3072,1695619324.839595
1,3104,1695619324.8576405
1,3136,1695619324.875129
1,3168,1695619324.896137
1,3200,1695619324.9121563
1,3232,1695619324.9279695
1,3264,1695619324.945116
1,3296,1695619324.964934
1,3328,1695619324.979966
1,3360,1695619324.9984179
1,3392,1695619325.0182445
1,3424,1695619325.0405495
1,3456,1695619325.0563562
1,3488,1695619325.0713432
1,3520,1695619325.087276
1,3552,1695619325.1080465
1,3584,1695619325.1224675
1,3616,1695619325.1393914
1,3648,1695619325.158529
1,3680,1695619325.1813157
1,3712,1695619325.1959167
1,3744,1695619325.210696
1,3776,1695619325.2273068
1,3808,1695619325.2484672
1,3840,1695619325.2641678
1,3872,1695619325.2797732
1,3904,1695619325.2969427
1,3936,1695619325.3171265
1,3968,1695619325.3317215
1,4000,1695619325.3482597
1,4032,1695619325.364509
1,4064,1695619325.3857388
1,4096,1695619325.4027538
1,4128,1695619325.4195929
1,4160,1695619325.4359138
1,4192,1695619325.4552338
1,4224,1695619325.4721353
1,4256,1695619325.4891553
1,4288,1695619325.5068576
1,4320,1695619325.5262148
1,4352,1695619325.5398736
1,4384,1695619325.5564106
1,4416,1695619325.5731566
1,4448,1695619325.5900714
1,4480,1695619325.6089985
1,4512,1695619325.6266317
1,4544,1695619325.6453123
1,4576,1695619325.6629763
1,4608,1695619325.6816418
1,4640,1695619325.698947
1,4672,1695619325.7173946
1,4704,1695619325.7348957
1,4736,1695619325.7532835
1,4768,1695619325.7779684
1,4800,1695619325.8002467
1,4832,1695619325.8212311
1,4864,1695619325.8388999
1,4896,1695619325.8605268
1,4928,1695619325.8778007
1,4960,1695619325.9021754
1,4992,1695619325.920962
1,5024,1695619325.9434516
1,5056,1695619325.9607525
1,5088,1695619325.9823518
1,5120,1695619325.9994118
1,5152,1695619326.0209975
1,5184,1695619326.038143
1,5216,1695619326.0597305
1,5248,1695619326.0768018
1,5280,1695619326.098491
1,5312,1695619326.117353
1,5344,1695619326.139648
1,5376,1695619326.1585019
1,5408,1695619326.1830008
1,5440,1695619326.2006965
1,5472,1695619326.2174323
1,5504,1695619326.233698
1,5536,1695619326.2563694
1,5568,1695619326.2710729
1,5600,1695619326.2860413
1,5632,1695619326.3003197
1,5664,1695619326.316561
1,5696,1695619326.333696
1,5728,1695619326.3502305
1,5760,1695619326.3676598
1,5792,1695619326.3843138
1,5824,1695619326.3998995
1,5856,1695619326.4186175
1,5888,1695619326.4358604
1,5920,1695619326.452318
1,5952,1695619326.4680443
1,5984,1695619326.48662
1,6016,1695619326.508696
1,6048,1695619326.5249963
1,6080,1695619326.5410216
1,6112,1695619326.5584412
1,6144,1695619326.5771437
1,6176,1695619326.5949194
1,6208,1695619326.6117399
1,6240,1695619326.6289036
1,6272,1695619326.645284
1,6304,1695619326.661416
1,6336,1695619326.6777523
1,6368,1695619326.6964724
1,6400,1695619326.714751
1,6432,1695619326.7316027
1,6464,1695619326.7481945
1,6496,1695619326.763881
1,6528,1695619326.782429
1,6560,1695619326.7999442
1,6592,1695619326.8164434
1,6624,1695619326.8319108
1,6656,1695619326.8535955
1,6688,1695619326.871072
1,6720,1695619326.8894672
1,6752,1695619326.9069257
1,6784,1695619326.9234493
1,6816,1695619326.9400573
1,6848,1695619326.9561305
1,6880,1695619326.9743536
1,6912,1695619326.9914715
1,6944,1695619327.008004
1,6976,1695619327.024674
1,7008,1695619327.0399969
1,7040,1695619327.0640702
1,7072,1695619327.0800695
1,7104,1695619327.0962791
1,7136,1695619327.112851
1,7168,1695619327.130681
1,7200,1695619327.1473505
1,7232,1695619327.1641831
1,7264,1695619327.1796777
1,7296,1695619327.1981924
1,7328,1695619327.215644
1,7360,1695619327.2324212
1,7392,1695619327.2482696
1,7424,1695619327.2664788
1,7456,1695619327.2857044
1,7488,1695619327.3028762
1,7520,1695619327.3210602
1,7552,1695619327.3386874
1,7584,1695619327.3576713
1,7616,1695619327.374841
1,7648,1695619327.3931963
1,7680,1695619327.4108233
1,7712,1695619327.4290774
1,7744,1695619327.4467363
1,7776,1695619327.4652014
1,7808,1695619327.4829566
1,7840,1695619327.5016034
1,7872,1695619327.5189786
1,7904,1695619327.5371454
1,7936,1695619327.5540023
1,7968,1695619327.578357
1,8000,1695619327.6003706
1,8032,1695619327.6213753
1,8064,1695619327.644343
1,8096,1695619327.6667628
1,8128,1695619327.6813593
1,8160,1695619327.704705
1,8192,1695619327.7242422
1,8224,1695619327.7455568
1,8256,1695619327.768916
1,8288,1695619327.790406
1,8320,1695619327.8102362
1,8352,1695619327.8361716
1,8384,1695619327.8588376
1,8416,1695619327.8829582
1,8448,1695619327.9041722
1,8480,1695619327.9245577
1,8512,1695619327.9493334
1,8544,1695619327.9677148
1,8576,1695619327.9884052
1,8608,1695619328.011027
1,8640,1695619328.025857
1,8672,1695619328.048724
1,8704,1695619328.0687122
1,8736,1695619328.092101
1,8768,1695619328.1143918
1,8800,1695619328.1341186
1,8832,1695619328.1544144
1,8864,1695619328.1743155
1,8896,1695619328.1941235
1,8928,1695619328.2140498
1,8960,1695619328.2344387
1,8992,1695619328.259577
1,9024,1695619328.2833
1,9056,1695619328.3046298
1,9088,1695619328.325506
1,9120,1695619328.3494377
1,9152,1695619328.3721614
1,9184,1695619328.3927846
1,9216,1695619328.4131162
1,9248,1695619328.4365253
1,9280,1695619328.458128
1,9312,1695619328.4786816
1,9344,1695619328.4978886
1,9376,1695619328.5184715
1,9408,1695619328.5382695
1,9440,1695619328.5581017
1,9472,1695619328.5784922
1,9504,1695619328.5982835
1,9536,1695619328.6182027
1,9568,1695619328.638501
1,9600,1695619328.6579778
1,9632,1695619328.6785915
1,9664,1695619328.699128
1,9696,1695619328.7201762
1,9728,1695619328.7412581
1,9760,1695619328.7649508
1,9792,1695619328.7862303
1,9824,1695619328.8060586
1,9856,1695619328.8266242
1,9888,1695619328.8470037
1,9920,1695619328.8687427
1,9952,1695619328.888336
1,9984,1695619328.9136689
1,10016,1695619328.9360907
1,10048,1695619328.957019
1,10080,1695619328.9804592
1,10112,1695619329.000675
1,10144,1695619329.0246375
1,10176,1695619329.0390606
1,10208,1695619329.05292
1,10240,1695619329.0679257
1,10272,1695619329.0815568
1,10304,1695619329.0965936
1,10336,1695619329.1104243
1,10368,1695619329.1249545
1,10400,1695619329.1387553
1,10432,1695619329.1534812
1,10464,1695619329.1673996
1,10496,1695619329.1820784
1,10528,1695619329.1963992
1,10560,1695619329.2104478
1,10592,1695619329.2249827
1,10624,1695619329.2383099
1,10656,1695619329.2529597
1,10688,1695619329.266919
1,10720,1695619329.2864714
1,10752,1695619329.3014607
1,10784,1695619329.315449
1,10816,1695619329.3300776
1,10848,1695619329.3443565
1,10880,1695619329.3583205
1,10912,1695619329.3726547
1,10944,1695619329.3864214
1,10976,1695619329.4008074
1,11008,1695619329.4157465
1,11040,1695619329.429267
1,11072,1695619329.4464853
1,11104,1695619329.4626179
1,11136,1695619329.4806135
1,11168,1695619329.498756
1,11200,1695619329.5156162
1,11232,1695619329.532114
1,11264,1695619329.548604
1,11296,1695619329.5666585
1,11328,1695619329.5853744
1,11360,1695619329.6030288
1,11392,1695619329.621464
1,11424,1695619329.6389453
1,11456,1695619329.6578906
1,11488,1695619329.6753027
1,11520,1695619329.6917896
1,11552,1695619329.7073588
1,11584,1695619329.723515
1,11616,1695619329.7437704
1,11648,1695619329.7668457
1,11680,1695619329.7804928
1,11712,1695619329.800907
1,11744,1695619329.822706
1,11776,1695619329.8420742
1,11808,1695619329.858633
1,11840,1695619329.8772392
1,11872,1695619329.8948195
1,11904,1695619329.9134574
1,11936,1695619329.930689
1,11968,1695619329.948956
1,12000,1695619329.9664805
1,12032,1695619329.9900293
1,12064,1695619330.0052302
1,12096,1695619330.029022
1,12128,1695619330.04913
1,12160,1695619330.0734892
1,12192,1695619330.0946932
1,12224,1695619330.113424
1,12256,1695619330.132946
1,12288,1695619330.1528773
1,12320,1695619330.172849
1,12352,1695619330.1924186
1,12384,1695619330.208465
1,12416,1695619330.2290685
1,12448,1695619330.2506716
1,12480,1695619330.2704506
1,12512,1695619330.2864714
1,12544,1695619330.3042665
1,12576,1695619330.322723
1,12608,1695619330.3396
1,12640,1695619330.3561304
1,12672,1695619330.3729358
1,12704,1695619330.388178
1,12736,1695619330.4101279
1,12768,1695619330.4303293
1,12800,1695619330.4501493
1,12832,1695619330.4677174
1,12864,1695619330.4841044
1,12896,1695619330.500133
1,12928,1695619330.5160885
1,12960,1695619330.53427
1,12992,1695619330.553559
1,13024,1695619330.5708477
1,13056,1695619330.5893073
1,13088,1695619330.606969
1,13120,1695619330.6250458
1,13152,1695619330.6427343
1,13184,1695619330.6613226
1,13216,1695619330.6796873
1,13248,1695619330.6962578
1,13280,1695619330.712083
1,13312,1695619330.7303596
1,13344,1695619330.7477007
1,13376,1695619330.764288
1,13408,1695619330.779942
1,13440,1695619330.7984445
1,13472,1695619330.8178926
1,13504,1695619330.8356798
1,13536,1695619330.8519273
1,13568,1695619330.8682666
1,13600,1695619330.8850865
1,13632,1695619330.901039
1,13664,1695619330.9195085
1,13696,1695619330.939673
1,13728,1695619330.9608324
1,13760,1695619330.9787483
1,13792,1695619330.9968977
1,13824,1695619331.014473
1,13856,1695619331.0328684
1,13888,1695619331.050756
1,13920,1695619331.0692525
1,13952,1695619331.08676
1,13984,1695619331.10574
1,14016,1695619331.1228273
1,14048,1695619331.139359
1,14080,1695619331.1578088
1,14112,1695619331.1774902
1,14144,1695619331.1949797
1,14176,1695619331.211589
1,14208,1695619331.2280698
1,14240,1695619331.2442222
1,14272,1695619331.260733
1,14304,1695619331.2767453
1,14336,1695619331.2926307
1,14368,1695619331.3104625
1,14400,1695619331.3292024
1,14432,1695619331.3467069
1,14464,1695619331.3654928
1,14496,1695619331.3829503
1,14528,1695619331.4012973
1,14560,1695619331.4188964
1,14592,1695619331.4355695
1,14624,1695619331.4521093
1,14656,1695619331.4680746
1,14688,1695619331.4865048
1,14720,1695619331.5055206
1,14752,1695619331.5229027
1,14784,1695619331.5414598
1,14816,1695619331.5588295
1,14848,1695619331.5768626
1,14880,1695619331.5944731
1,14912,1695619331.6129382
1,14944,1695619331.6306305
1,14976,1695619331.6494296
1,15008,1695619331.6669085
1,15040,1695619331.6852238
1,15072,1695619331.7028296
1,15104,1695619331.7196043
1,15136,1695619331.7360775
1,15168,1695619331.7512374
1,15200,1695619331.7744138
1,15232,1695619331.7961469
1,15264,1695619331.816141
1,15296,1695619331.835974
1,15328,1695619331.8542728
1,15360,1695619331.8731773
1,15392,1695619331.8909519
1,15424,1695619331.9151642
1,15456,1695619331.9355848
1,15488,1695619331.95458
1,15520,1695619331.9735959
1,15552,1695619331.9924273
1,15584,1695619332.0106423
1,15616,1695619332.0275733
1,15648,1695619332.0440419
1,15680,1695619332.0607321
1,15712,1695619332.0775957
1,15744,1695619332.097588
1,15776,1695619332.1149929
1,15808,1695619332.1333039
1,15840,1695619332.1508
1,15872,1695619332.1749928
1,15904,1695619332.1966105
1,15936,1695619332.2188206
1,15968,1695619332.2381785
1,16000,1695619332.2574198
1,16032,1695619332.2774155
1,16064,1695619332.298439
1,16096,1695619332.3185444
1,16128,1695619332.3376231
1,16160,1695619332.358443
1,16192,1695619332.3782134
1,16224,1695619332.3981037
1,16256,1695619332.4182487
1,16288,1695619332.4406185
1,16320,1695619332.4627151
1,16352,1695619332.4819295
1,16384,1695619332.506383
1,16416,1695619332.5284636
1,16448,1695619332.5506287
1,16480,1695619332.5705457
1,16512,1695619332.58991
1,16544,1695619332.6103592
1,16576,1695619332.6302063
1,16608,1695619332.6503596
1,16640,1695619332.6699052
1,16672,1695619332.689926
1,16704,1695619332.7102838
1,16736,1695619332.7316852
1,16768,1695619332.7535553
1,16800,1695619332.7747252
1,16832,1695619332.7958038
1,16864,1695619332.816988
1,16896,1695619332.8363671
1,16928,1695619332.8545976
1,16960,1695619332.876331
1,16992,1695619332.8961713
1,17024,1695619332.915899
1,17056,1695619332.9351125
1,17088,1695619332.9587398
1,17120,1695619332.9734797
1,17152,1695619332.996895
1,17184,1695619333.016338
1,17216,1695619333.0360534
1,17248,1695619333.0567632
1,17280,1695619333.0789182
1,17312,1695619333.0978518
1,17344,1695619333.120687
1,17376,1695619333.1414316
1,17408,1695619333.1625147
1,17440,1695619333.1819797
1,17472,1695619333.2023787
1,17504,1695619333.2221289
1,17536,1695619333.24254
1,17568,1695619333.262091
1,17600,1695619333.2823012
1,17632,1695619333.3022633
1,17664,1695619333.3221452
1,17696,1695619333.3420117
1,17728,1695619333.362468
1,17760,1695619333.382053
1,17792,1695619333.4021273
1,17824,1695619333.4220097
1,17856,1695619333.4424348
1,17888,1695619333.4621537
1,17920,1695619333.482883
1,17952,1695619333.501924
1,17984,1695619333.5223615
1,18016,1695619333.5424182
1,18048,1695619333.5619307
1,18080,1695619333.582127
1,18112,1695619333.6026108
1,18144,1695619333.6249762
1,18176,1695619333.6463711
1,18208,1695619333.665893
1,18240,1695619333.6862469
1,18272,1695619333.7065365
1,18304,1695619333.7258246
1,18336,1695619333.7453518
1,18368,1695619333.765054
1,18400,1695619333.7855122
1,18432,1695619333.8063905
1,18464,1695619333.8267117
1,18496,1695619333.845893
1,18528,1695619333.8661945
1,18560,1695619333.8863919
1,18592,1695619333.9061105
1,18624,1695619333.9265056
1,18656,1695619333.9458942
1,18688,1695619333.9663277
1,18720,1695619333.986082
1,18752,1695619334.0064483
1,18784,1695619334.0261815
1,18816,1695619334.0462584
1,18848,1695619334.0663066
1,18880,1695619334.086203
1,18912,1695619334.1063795
1,18944,1695619334.1292284
1,18976,1695619334.148471
1,19008,1695619334.166501
1,19040,1695619334.189156
1,19072,1695619334.2107375
1,19104,1695619334.2290661
1,19136,1695619334.2482336
1,19168,1695619334.2680926
1,19200,1695619334.2861676
1,19232,1695619334.3047087
1,19264,1695619334.3239908
1,19296,1695619334.3469021
1,19328,1695619334.361874
1,19360,1695619334.379039
1,19392,1695619334.398737
1,19424,1695619334.4210255
1,19456,1695619334.442734
1,19488,1695619334.4618478
1,19520,1695619334.4845512
1,19552,1695619334.5037608
1,19584,1695619334.5238438
1,19616,1695619334.542762
1,19648,1695619334.5668204
1,19680,1695619334.5866053
1,19712,1695619334.6080637
1,19744,1695619334.6305654
1,19776,1695619334.6501653
1,19808,1695619334.6699963
1,19840,1695619334.6906374
1,19872,1695619334.7103765
1,19904,1695619334.7314837
1,19936,1695619334.753303
1,19968,1695619334.7745342
1,20000,1695619334.7939572
1,20032,1695619334.8141286
1,20064,1695619334.834559
1,20096,1695619334.8536396
1,20128,1695619334.8720288
1,20160,1695619334.895087
1,20192,1695619334.914789
1,20224,1695619334.93421
1,20256,1695619334.9579558
1,20288,1695619334.9765313
1,20320,1695619334.9955728
1,20352,1695619335.0140603
1,20384,1695619335.0379412
1,20416,1695619335.0567875
1,20448,1695619335.0753849
1,20480,1695619335.0941355
1,20512,1695619335.1176581
1,20544,1695619335.1366835
1,20576,1695619335.1557302
1,20608,1695619335.1741858
1,20640,1695619335.1983135
1,20672,1695619335.2167408
1,20704,1695619335.2338068
1,20736,1695619335.2511375
1,20768,1695619335.2663438
1,20800,1695619335.2878687
1,20832,1695619335.3080595
1,20864,1695619335.3280709
1,20896,1695619335.346505
1,20928,1695619335.3653324
1,20960,1695619335.38274
1,20992,1695619335.4015975
1,21024,1695619335.4191222
1,21056,1695619335.4373376
1,21088,1695619335.4546597
1,21120,1695619335.4729156
1,21152,1695619335.49061
1,21184,1695619335.507642
1,21216,1695619335.5239954
1,21248,1695619335.5405643
1,21280,1695619335.5561063
1,21312,1695619335.5788336
1,21344,1695619335.5992975
1,21376,1695619335.6253529
1,21408,1695619335.6448107
1,21440,1695619335.6665952
1,21472,1695619335.6861517
1,21504,1695619335.70608
1,21536,1695619335.7264633
1,21568,1695619335.746229
1,21600,1695619335.7661364
1,21632,1695619335.7864552
1,21664,1695619335.8060567
1,21696,1695619335.826368
1,21728,1695619335.8463764
1,21760,1695619335.866269
1,21792,1695619335.8860338
1,21824,1695619335.9062443
1,21856,1695619335.9265034
1,21888,1695619335.9462764
1,21920,1695619335.9661796
1,21952,1695619335.9863813
1,21984,1695619336.0063245
1,22016,1695619336.0264003
1,22048,1695619336.0408525
1,22080,1695619336.0551713
1,22112,1695619336.0693877
1,22144,1695619336.0827854
1,22176,1695619336.0968406
1,22208,1695619336.1102948
1,22240,1695619336.1248162
1,22272,1695619336.1384864
1,22304,1695619336.153043
1,22336,1695619336.1659875
1,22368,1695619336.1804786
1,22400,1695619336.1940587
1,22432,1695619336.2079368
1,22464,1695619336.222358
1,22496,1695619336.2364256
1,22528,1695619336.2505233
1,22560,1695619336.266481
1,22592,1695619336.283895
1,22624,1695619336.3068283
1,22656,1695619336.3211167
1,22688,1695619336.3424935
1,22720,1695619336.3621001
1,22752,1695619336.3830297
1,22784,1695619336.4022343
1,22816,1695619336.4203382
1,22848,1695619336.4389071
1,22880,1695619336.462501
1,22912,1695619336.48256
1,22944,1695619336.5015068
1,22976,1695619336.524654
1,23008,1695619336.545885
1,23040,1695619336.5665085
1,23072,1695619336.585875
1,23104,1695619336.6065996
1,23136,1695619336.626047
1,23168,1695619336.645928
1,23200,1695619336.666022
1,23232,1695619336.6861687
1,23264,1695619336.7093053
1,23296,1695619336.7306209
1,23328,1695619336.7500515
1,23360,1695619336.770141
1,23392,1695619336.7904155
1,23424,1695619336.8102472
1,23456,1695619336.8302913
1,23488,1695619336.849411
1,23520,1695619336.8696206
1,23552,1695619336.8903968
1,23584,1695619336.9102983
1,23616,1695619336.9301689
1,23648,1695619336.9504259
1,23680,1695619336.9702446
1,23712,1695619336.9902499
1,23744,1695619337.010422
1,23776,1695619337.0300872
1,23808,1695619337.0534892
1,23840,1695619337.0724354
1,23872,1695619337.090814
1,23904,1695619337.1128893
1,23936,1695619337.1346686
1,23968,1695619337.1539686
1,24000,1695619337.1744988
1,24032,1695619337.1942515
1,24064,1695619337.214372
1,24096,1695619337.2340264
1,24128,1695619337.2542863
1,24160,1695619337.2742705
1,24192,1695619337.2941933
1,24224,1695619337.3142667
1,24256,1695619337.3344328
1,24288,1695619337.353769
1,24320,1695619337.3745883
1,24352,1695619337.3939853
1,24384,1695619337.4144428
1,24416,1695619337.4341383
1,24448,1695619337.454217
1,24480,1695619337.4742055
1,24512,1695619337.494319
1,24544,1695619337.5140772
1,24576,1695619337.5344477
1,24608,1695619337.553779
1,24640,1695619337.574606
1,24672,1695619337.594218
1,24704,1695619337.6144545
1,24736,1695619337.6339474
1,24768,1695619337.6544363
1,24800,1695619337.674244
1,24832,1695619337.6941767
1,24864,1695619337.7142313
1,24896,1695619337.7344794
1,24928,1695619337.7541165
1,24960,1695619337.7743223
1,24992,1695619337.793768
1,25024,1695619337.8147514
1,25056,1695619337.8342633
1,25088,1695619337.854211
1,25120,1695619337.8741693
1,25152,1695619337.8941982
1,25184,1695619337.9143057
1,25216,1695619337.9340372
1,25248,1695619337.9541714
1,25280,1695619337.9743695
1,25312,1695619337.9939928
1,25344,1695619338.0142722
1,25376,1695619338.0343046
1,25408,1695619338.0541635
1,25440,1695619338.0756218
1,25472,1695619338.0941691
1,25504,1695619338.1162302
1,25536,1695619338.1358786
1,25568,1695619338.155683
1,25600,1695619338.1738045
1,25632,1695619338.1977382
1,25664,1695619338.2186222
1,25696,1695619338.2382782
1,25728,1695619338.2581768
1,25760,1695619338.2780485
1,25792,1695619338.2984478
1,25824,1695619338.31796
1,25856,1695619338.3383014
1,25888,1695619338.3579497
1,25920,1695619338.3785474
1,25952,1695619338.3980527
1,25984,1695619338.4180024
1,26016,1695619338.4380558
1,26048,1695619338.4585886
1,26080,1695619338.478093
1,26112,1695619338.501511
1,26144,1695619338.5223696
1,26176,1695619338.5420942
1,26208,1695619338.5620325
1,26240,1695619338.582466
1,26272,1695619338.6019864
1,26304,1695619338.6225345
1,26336,1695619338.6418686
1,26368,1695619338.6624606
1,26400,1695619338.6820924
1,26432,1695619338.7024834
1,26464,1695619338.7221496
1,26496,1695619338.7456095
1,26528,1695619338.766357
1,26560,1695619338.7859695
1,26592,1695619338.8061619
1,26624,1695619338.8262436
1,26656,1695619338.8462362
1,26688,1695619338.866429
1,26720,1695619338.8858216
1,26752,1695619338.9060428
1,26784,1695619338.929312
1,26816,1695619338.9488225
1,26848,1695619338.9673395
1,26880,1695619338.9860177
1,26912,1695619339.0097442
1,26944,1695619339.0289457
1,26976,1695619339.0467403
1,27008,1695619339.0686524
1,27040,1695619339.0882497
1,27072,1695619339.108292
1,27104,1695619339.126222
1,27136,1695619339.1436303
1,27168,1695619339.1600692
1,27200,1695619339.1764762
1,27232,1695619339.1916997
1,27264,1695619339.211687
1,27296,1695619339.2320266
1,27328,1695619339.2547672
1,27360,1695619339.2743597
1,27392,1695619339.2939622
1,27424,1695619339.3143232
1,27456,1695619339.3339784
1,27488,1695619339.3543816
1,27520,1695619339.3742154
1,27552,1695619339.3942616
1,27584,1695619339.4144905
1,27616,1695619339.4343457
1,27648,1695619339.4541903
1,27680,1695619339.4748447
1,27712,1695619339.4961052
1,27744,1695619339.5163221
1,27776,1695619339.5382857
1,27808,1695619339.557337
1,27840,1695619339.5826106
1,27872,1695619339.6039393
1,27904,1695619339.624604
1,27936,1695619339.6533875
1,27968,1695619339.6720471
1,28000,1695619339.6911597
1,28032,1695619339.7084432
1,28064,1695619339.725322
1,28096,1695619339.7475533
1,28128,1695619339.7731593
1,28160,1695619339.791562
1,28192,1695619339.8135667
1,28224,1695619339.832654
1,28256,1695619339.8514397
1,28288,1695619339.8697698
1,28320,1695619339.8937802
1,28352,1695619339.9130225
1,28384,1695619339.9314744
1,28416,1695619339.9477909
1,28448,1695619339.9640121
1,28480,1695619339.979605
1,28512,1695619339.9975886
1,28544,1695619340.0199072
1,28576,1695619340.0402906
1,28608,1695619340.0590246
1,28640,1695619340.0805311
1,28672,1695619340.1024668
1,28704,1695619340.1221678
1,28736,1695619340.142408
1,28768,1695619340.1621282
1,28800,1695619340.182595
1,28832,1695619340.202061
1,28864,1695619340.2217262
1,28896,1695619340.236942
1,28928,1695619340.2576675
1,28960,1695619340.2767549
1,28992,1695619340.2946146
1,29024,1695619340.3158293
1,29056,1695619340.3381002
1,29088,1695619340.3582337
1,29120,1695619340.3779798
1,29152,1695619340.397611
1,29184,1695619340.42081
1,29216,1695619340.4386778
1,29248,1695619340.457608
1,29280,1695619340.4783888
1,29312,1695619340.4982905
1,29344,1695619340.5182319
1,29376,1695619340.5383525
1,29408,1695619340.5582635
1,29440,1695619340.5785832
1,29472,1695619340.5977418
1,29504,1695619340.6182632
1,29536,1695619340.6382186
1,29568,1695619340.6580448
1,29600,1695619340.678129
1,29632,1695619340.6983645
1,29664,1695619340.7180147
1,29696,1695619340.7384317
1,29728,1695619340.757804
1,29760,1695619340.7783103
1,29792,1695619340.7981718
1,29824,1695619340.818504
1,29856,1695619340.838108
1,29888,1695619340.8582983
1,29920,1695619340.8782177
1,29952,1695619340.8982146
1,29984,1695619340.9181008
1,30016,1695619340.9376862
1,30048,1695619340.9609103
1,30080,1695619340.9826107
1,30112,1695619341.001962
1,30144,1695619341.022392
1,30176,1695619341.042429
1,30208,1695619341.061959
1,30240,1695619341.08202
1,30272,1695619341.1034608
1,30304,1695619341.1225631
1,30336,1695619341.138629
1,30368,1695619341.1555817
1,30400,1695619341.1811597
1,30432,1695619341.20326
1,30464,1695619341.225107
1,30496,1695619341.2441473
1,30528,1695619341.26268
1,30560,1695619341.2835276
1,30592,1695619341.305249
1,30624,1695619341.3241308
1,30656,1695619341.3435302
1,30688,1695619341.3617213
1,30720,1695619341.379541
1,30752,1695619341.396028
1,30784,1695619341.4115248
1,30816,1695619341.432054
1,30848,1695619341.452098
1,30880,1695619341.4720194
1,30912,1695619341.4907753
1,30944,1695619341.5094087
1,30976,1695619341.5303876
1,31008,1695619341.5500796
1,31040,1695619341.5703905
1,31072,1695619341.5901988
1,31104,1695619341.6102674
1,31136,1695619341.6301913
1,31168,1695619341.6503198
1,31200,1695619341.6701083
1,31232,1695619341.690454
1,31264,1695619341.7099957
1,31296,1695619341.7301414
1,31328,1695619341.7504277
1,31360,1695619341.7701225
1,31392,1695619341.7902098
1,31424,1695619341.8104658
1,31456,1695619341.8301048
1,31488,1695619341.8499138
1,31520,1695619341.8697648
1,31552,1695619341.8891556
1,31584,1695619341.9089093
1,31616,1695619341.9292996
1,31648,1695619341.9483368
1,31680,1695619341.9670448
1,31712,1695619341.9875395
1,31744,1695619342.0093503
1,31776,1695619342.0301762
1,31808,1695619342.050151
1,31840,1695619342.0702503
1,31872,1695619342.0899787
1,31904,1695619342.110354
1,31936,1695619342.1300027
1,31968,1695619342.1502604
1,32000,1695619342.1701207
1,32032,1695619342.1899648
1,32064,1695619342.210447
1,32096,1695619342.230141
1,32128,1695619342.250263
1,32160,1695619342.270271
1,32192,1695619342.2939699
1,32224,1695619342.3145459
1,32256,1695619342.3334355
1,32288,1695619342.352883
1,32320,1695619342.373266
1,32352,1695619342.3929427
1,32384,1695619342.4130197
1,32416,1695619342.432612
1,32448,1695619342.453205
1,32480,1695619342.4725122
1,32512,1695619342.4970481
1,32544,1695619342.5163622
1,32576,1695619342.5345135
1,32608,1695619342.5558124
1,32640,1695619342.5768394
1,32672,1695619342.5962856
1,32704,1695619342.6151285
1,32736,1695619342.6367824
1,32768,1695619342.6585784
1,32800,1695619342.677808
1,32832,1695619342.6982362
1,32864,1695619342.718358
1,32896,1695619342.738201
1,32928,1695619342.7581813
1,32960,1695619342.7785714
1,32992,1695619342.7981863
1,33024,1695619342.81813
1,33056,1695619342.8383353
1,33088,1695619342.8582385
1,33120,1695619342.8786051
1,33152,1695619342.8981624
1,33184,1695619342.9178576
1,33216,1695619342.9382122
1,33248,1695619342.958446
1,33280,1695619342.9781094
1,33312,1695619342.9979043
1,33344,1695619343.01834
1,33376,1695619343.038006
1,33408,1695619343.058321
1,33440,1695619343.0781264
1,33472,1695619343.0981379
1,33504,1695619343.1182961
1,33536,1695619343.1381395
1,33568,1695619343.1583033
1,33600,1695619343.1781776
1,33632,1695619343.1982303
1,33664,1695619343.218462
1,33696,1695619343.2379837
1,33728,1695619343.2584918
1,33760,1695619343.2782764
1,33792,1695619343.298197
1,33824,1695619343.3182306
1,33856,1695619343.3385463
1,33888,1695619343.3579335
1,33920,1695619343.3784292
1,33952,1695619343.3978384
1,33984,1695619343.4180827
1,34016,1695619343.4385517
1,34048,1695619343.458097
1,34080,1695619343.4782085
1,34112,1695619343.4982505
1,34144,1695619343.5184336
1,34176,1695619343.5379503
1,34208,1695619343.5579064
1,34240,1695619343.5784373
1,34272,1695619343.5981264
1,34304,1695619343.6182263
1,34336,1695619343.6380153
1,34368,1695619343.658404
1,34400,1695619343.6780457
1,34432,1695619343.6984713
1,34464,1695619343.7180033
1,34496,1695619343.7381227
1,34528,1695619343.7582185
1,34560,1695619343.7785435
1,34592,1695619343.7982128
1,34624,1695619343.8185375
1,34656,1695619343.8381438
1,34688,1695619343.8582692
1,34720,1695619343.8781526
1,34752,1695619343.8981843
1,34784,1695619343.9185946
1,34816,1695619343.9379036
1,34848,1695619343.9583669
1,34880,1695619343.9782624
1,34912,1695619343.9979715
1,34944,1695619344.0183496
1,34976,1695619344.0380945
1,35008,1695619344.0583375
1,35040,1695619344.078226
1,35072,1695619344.0982358
1,35104,1695619344.1183329
1,35136,1695619344.140286
1,35168,1695619344.1611156
1,35200,1695619344.182393
1,35232,1695619344.2021902
1,35264,1695619344.2222626
1,35296,1695619344.2448056
1,35328,1695619344.266496
1,35360,1695619344.2862246
1,35392,1695619344.306247
1,35424,1695619344.3262112
1,35456,1695619344.3464308
1,35488,1695619344.3662539
1,35520,1695619344.3864524
1,35552,1695619344.40601
1,35584,1695619344.4263706
1,35616,1695619344.4458275
1,35648,1695619344.466168
1,35680,1695619344.486189
1,35712,1695619344.5061986
1,35744,1695619344.5261407
1,35776,1695619344.546421
1,35808,1695619344.5662873
1,35840,1695619344.5861824
1,35872,1695619344.6039424
1,35904,1695619344.6228592
1,35936,1695619344.6451688
1,35968,1695619344.6665475
1,36000,1695619344.6893115
1,36032,1695619344.7086592
1,36064,1695619344.727425
1,36096,1695619344.745749
1,36128,1695619344.769886
1,36160,1695619344.7889998
1,36192,1695619344.8073497
1,36224,1695619344.825922
1,36256,1695619344.849986
1,36288,1695619344.8689444
1,36320,1695619344.887255
1,36352,1695619344.906256
1,36384,1695619344.930089
1,36416,1695619344.9488487
1,36448,1695619344.9674337
1,36480,1695619344.9857676
1,36512,1695619345.009502
1,36544,1695619345.0288775
1,36576,1695619345.047436
1,36608,1695619345.067641
1,36640,1695619345.090435
1,36672,1695619345.111581
1,36704,1695619345.132151
1,36736,1695619345.156082
1,36768,1695619345.1766288
1,36800,1695619345.1997135
1,36832,1695619345.2203627
1,36864,1695619345.242473
1,36896,1695619345.2629797
1,36928,1695619345.28699
1,36960,1695619345.310265
1,36992,1695619345.331376
1,37024,1695619345.3522003
1,37056,1695619345.3761365
1,37088,1695619345.3971198
1,37120,1695619345.417817
1,37152,1695619345.437963
1,37184,1695619345.4594967
1,37216,1695619345.479866
1,37248,1695619345.502683
1,37280,1695619345.52307
1,37312,1695619345.5439181
1,37344,1695619345.5726984
1,37376,1695619345.5941978
1,37408,1695619345.6151447
1,37440,1695619345.6371133
1,37472,1695619345.659523
1,37504,1695619345.6814704
1,37536,1695619345.7039304
1,37568,1695619345.724116
1,37600,1695619345.7480285
1,37632,1695619345.7695007
1,37664,1695619345.79173
1,37696,1695619345.8125746
1,37728,1695619345.835857
1,37760,1695619345.8565629
1,37792,1695619345.8796964
1,37824,1695619345.901374
1,37856,1695619345.923721
1,37888,1695619345.9397173
1,37920,1695619345.9591596
1,37952,1695619345.9852047
1,37984,1695619346.0073373
1,38016,1695619346.028514
1,38048,1695619346.051713
1,38080,1695619346.0723624
1,38112,1695619346.0958862
1,38144,1695619346.1170168
1,38176,1695619346.1359012
1,38208,1695619346.1619039
1,38240,1695619346.1804316
1,38272,1695619346.199266
1,38304,1695619346.2252636
1,38336,1695619346.2460291
1,38368,1695619346.2672966
1,38400,1695619346.2834895
1,38432,1695619346.3059056
1,38464,1695619346.3275442
1,38496,1695619346.3475785
1,38528,1695619346.3735766
1,38560,1695619346.394307
1,38592,1695619346.4150903
1,38624,1695619346.4363482
1,38656,1695619346.459698
1,38688,1695619346.4811022
1,38720,1695619346.5038688
1,38752,1695619346.5241184
1,38784,1695619346.5483565
1,38816,1695619346.568623
1,38848,1695619346.5930102
1,38880,1695619346.6147695
1,38912,1695619346.635055
1,38944,1695619346.6561413
1,38976,1695619346.6798098
1,39008,1695619346.7030802
1,39040,1695619346.7241242
1,39072,1695619346.7478836
1,39104,1695619346.7648482
1,39136,1695619346.7852905
1,39168,1695619346.8057656
1,39200,1695619346.8251088
1,39232,1695619346.8477974
1,39264,1695619346.8682897
1,39296,1695619346.8906877
1,39328,1695619346.9122777
1,39360,1695619346.9356232
1,39392,1695619346.95779
1,39424,1695619346.9797473
1,39456,1695619347.0021346
1,39488,1695619347.0237167
1,39520,1695619347.0467718
1,39552,1695619347.0640318
1,39584,1695619347.0854933
1,39616,1695619347.1077368
1,39648,1695619347.1270254
1,39680,1695619347.1531658
1,39712,1695619347.1750152
1,39744,1695619347.1962235
1,39776,1695619347.2197502
1,39808,1695619347.2406123
1,39840,1695619347.262614
1,39872,1695619347.2827232
1,39904,1695619347.3048377
1,39936,1695619347.3275864
1,39968,1695619347.348373
1,40000,1695619347.372003
1,40032,1695619347.3928301
1,40064,1695619347.4159212
1,40096,1695619347.4350665
1,40128,1695619347.458253
1,40160,1695619347.479594
1,40192,1695619347.4960046
1,40224,1695619347.5172951
1,40256,1695619347.5395133
1,40288,1695619347.5602143
1,40320,1695619347.583727
1,40352,1695619347.6061766
1,40384,1695619347.6235962
1,40416,1695619347.6451926
1,40448,1695619347.6674256
1,40480,1695619347.6886923
1,40512,1695619347.7117655
1,40544,1695619347.7325807
1,40576,1695619347.755702
1,40608,1695619347.775665
1,40640,1695619347.800979
1,40672,1695619347.8229363
1,40704,1695619347.8429754
1,40736,1695619347.8670344
1,40768,1695619347.8904407
1,40800,1695619347.911463
1,40832,1695619347.9323835
1,40864,1695619347.9558759
1,40896,1695619347.9765615
1,40928,1695619347.9997063
1,40960,1695619348.0207562
1,40992,1695619348.0436237
1,41024,1695619348.0643096
1,41056,1695619348.086088
1,41088,1695619348.110941
1,41120,1695619348.1343772
1,41152,1695619348.155186
1,41184,1695619348.1760633
1,41216,1695619348.1999116
1,41248,1695619348.2210128
1,41280,1695619348.2429807
1,41312,1695619348.2632422
1,41344,1695619348.2879875
1,41376,1695619348.3091779
1,41408,1695619348.3320422
1,41440,1695619348.3527312
1,41472,1695619348.3758054
1,41504,1695619348.3964508
1,41536,1695619348.4176617
1,41568,1695619348.4362197
1,41600,1695619348.4549072
1,41632,1695619348.4760492
1,41664,1695619348.4997404
1,41696,1695619348.5204804
1,41728,1695619348.543187
1,41760,1695619348.5677767
1,41792,1695619348.59174
1,41824,1695619348.612799
1,41856,1695619348.6355217
1,41888,1695619348.6571143
1,41920,1695619348.679803
1,41952,1695619348.7004905
1,41984,1695619348.728127
1,42016,1695619348.7496943
1,42048,1695619348.7715194
1,42080,1695619348.787605
1,42112,1695619348.8072155
1,42144,1695619348.8324573
1,42176,1695619348.8536038
1,42208,1695619348.8753903
1,42240,1695619348.8970907
1,42272,1695619348.9197505
1,42304,1695619348.9410663
1,42336,1695619348.963952
1,42368,1695619348.985984
1,42400,1695619349.0033991
1,42432,1695619349.0212424
1,42464,1695619349.0384195
1,42496,1695619349.056533
1,42528,1695619349.0746117
1,42560,1695619349.0918174
1,42592,1695619349.108501
1,42624,1695619349.1307864
1,42656,1695619349.1520753
1,42688,1695619349.1749692
1,42720,1695619349.1958537
1,42752,1695619349.2186038
1,42784,1695619349.2383647
1,42816,1695619349.2559304
1,42848,1695619349.2747636
1,42880,1695619349.294282
1,42912,1695619349.3140862
1,42944,1695619349.331983
1,42976,1695619349.348337
1,43008,1695619349.3638723
1,43040,1695619349.3894641
1,43072,1695619349.4098089
1,43104,1695619349.4303026
1,43136,1695619349.4519594
1,43168,1695619349.47508
1,43200,1695619349.4899335
1,43232,1695619349.5072134
1,43264,1695619349.5239549
1,43296,1695619349.5403774
1,43328,1695619349.556013
1,43360,1695619349.5746896
1,43392,1695619349.5939074
1,43424,1695619349.6146624
1,43456,1695619349.6345642
1,43488,1695619349.6538477
1,43520,1695619349.6739175
1,43552,1695619349.6944711
1,43584,1695619349.7142587
1,43616,1695619349.7342482
1,43648,1695619349.7545583
1,43680,1695619349.7743313
1,43712,1695619349.7939994
1,43744,1695619349.814108
1,43776,1695619349.8345912
1,43808,1695619349.8522177
1,43840,1695619349.870126
1,43872,1695619349.8894691
1,43904,1695619349.9080887
1,43936,1695619349.9261553
1,43968,1695619349.945857
1,44000,1695619349.9621625
1,44032,1695619349.984736
1,44064,1695619350.0065746
1,44096,1695619350.0261858
1,44128,1695619350.0462012
1,44160,1695619350.0664763
1,44192,1695619350.0852242
1,44224,1695619350.1055038
1,44256,1695619350.1261554
1,44288,1695619350.1465387
1,44320,1695619350.1667075
1,44352,1695619350.1908624
1,44384,1695619350.2056177
1,44416,1695619350.2290652
1,44448,1695619350.2484553
1,44480,1695619350.2709317
1,44512,1695619350.2920053
1,44544,1695619350.3149776
1,44576,1695619350.3295162
1,44608,1695619350.352919
1,44640,1695619350.370531
1,44672,1695619350.3919206
1,44704,1695619350.4147437
1,44736,1695619350.4341602
1,44768,1695619350.4541414
1,44800,1695619350.4744322
1,44832,1695619350.4937847
1,44864,1695619350.5140016
1,44896,1695619350.5343368
1,44928,1695619350.554351
1,44960,1695619350.5739405
1,44992,1695619350.5945077
1,45024,1695619350.6141665
1,45056,1695619350.634261
1,45088,1695619350.6545777
1,45120,1695619350.6734443
1,45152,1695619350.6920955
1,45184,1695619350.7170212
1,45216,1695619350.7366824
1,45248,1695619350.7562485
1,45280,1695619350.7811506
1,45312,1695619350.799481
1,45344,1695619350.8210957
1,45376,1695619350.8384786
1,45408,1695619350.8552814
1,45440,1695619350.8750846
1,45472,1695619350.8924274
1,45504,1695619350.9083867
1,45536,1695619350.9229658
1,45568,1695619350.9461813
1,45600,1695619350.9656115
1,45632,1695619350.988756
1,45664,1695619351.0105925
1,45696,1695619351.0297654
1,45728,1695619351.0500643
1,45760,1695619351.0703058
1,45792,1695619351.0899062
1,45824,1695619351.1102393
1,45856,1695619351.130594
1,45888,1695619351.1500728
1,45920,1695619351.170099
1,45952,1695619351.1905417
1,45984,1695619351.2100863
1,46016,1695619351.2292767
1,46048,1695619351.249203
1,46080,1695619351.2720246
1,46112,1695619351.2937024
1,46144,1695619351.3130007
1,46176,1695619351.3360965
1,46208,1695619351.358496
1,46240,1695619351.3779652
1,46272,1695619351.398339
1,46304,1695619351.4179692
1,46336,1695619351.438448
1,46368,1695619351.4581106
1,46400,1695619351.477915
1,46432,1695619351.4982197
1,46464,1695619351.5182776
1,46496,1695619351.5380278
1,46528,1695619351.5581539
1,46560,1695619351.5786736
1,46592,1695619351.5982022
1,46624,1695619351.6179993
1,46656,1695619351.638418
1,46688,1695619351.658144
1,46720,1695619351.6782713
1,46752,1695619351.6981797
1,46784,1695619351.7182705
1,46816,1695619351.7382312
1,46848,1695619351.7583365
1,46880,1695619351.7778215
1,46912,1695619351.7980435
1,46944,1695619351.8183877
1,46976,1695619351.8382115
1,47008,1695619351.8585608
1,47040,1695619351.878098
1,47072,1695619351.8979843
1,47104,1695619351.9182365
1,47136,1695619351.9382336
1,47168,1695619351.958352
1,47200,1695619351.9780617
1,47232,1695619351.9983342
1,47264,1695619352.0182762
1,47296,1695619352.0382907
1,47328,1695619352.0581138
1,47360,1695619352.0783515
1,47392,1695619352.0979698
1,47424,1695619352.11839
1,47456,1695619352.138341
1,47488,1695619352.1581173
1,47520,1695619352.1780062
1,47552,1695619352.1983826
1,47584,1695619352.2182631
1,47616,1695619352.237948
1,47648,1695619352.2580976
1,47680,1695619352.278489
1,47712,1695619352.2980988
1,47744,1695619352.3185344
1,47776,1695619352.3380437
1,47808,1695619352.3581285
1,47840,1695619352.3781772
1,47872,1695619352.398314
1,47904,1695619352.4181263
1,47936,1695619352.4382973
1,47968,1695619352.4579573
1,48000,1695619352.4782693
1,48032,1695619352.4983003
1,48064,1695619352.517976
1,48096,1695619352.5384445
1,48128,1695619352.558089
1,48160,1695619352.5782921
1,48192,1695619352.5980887
1,48224,1695619352.618524
1,48256,1695619352.6380818
1,48288,1695619352.6585026
1,48320,1695619352.6780877
1,48352,1695619352.6983268
1,48384,1695619352.7180104
1,48416,1695619352.7382977
1,48448,1695619352.757911
1,48480,1695619352.7785237
1,48512,1695619352.7980745
1,48544,1695619352.8179843
1,48576,1695619352.838448
1,48608,1695619352.858059
1,48640,1695619352.878081
1,48672,1695619352.8981905
1,48704,1695619352.9183064
1,48736,1695619352.9382713
1,48768,1695619352.9583633
1,48800,1695619352.9781342
1,48832,1695619352.997734
1,48864,1695619353.017498
1,48896,1695619353.0342307
1,48928,1695619353.0505667
1,48960,1695619353.0687678
1,48992,1695619353.0839782
1,49024,1695619353.103495
1,49056,1695619353.1293068
1,49088,1695619353.1494658
1,49120,1695619353.1708612
1,49152,1695619353.189822
1,49184,1695619353.2060378
1,49216,1695619353.2240322
1,49248,1695619353.2427087
1,49280,1695619353.262352
1,49312,1695619353.2798615
1,49344,1695619353.2962108
1,49376,1695619353.3111796
1,49408,1695619353.333871
1,49440,1695619353.35627
1,49472,1695619353.371849
1,49504,1695619353.3883846
1,49536,1695619353.4076235
1,49568,1695619353.4241483
1,49600,1695619353.4402392
1,49632,1695619353.4548805
1,49664,1695619353.4783006
1,49696,1695619353.5063903
1,49728,1695619353.520829
1,49760,1695619353.5491965
1,49792,1695619353.563251
1,49824,1695619353.578113
1,49856,1695619353.5920222
1,49888,1695619353.6068807
1,49920,1695619353.621595
1,49952,1695619353.6358607
1,49984,1695619353.6510456
1,50000,1695619353.67017
2,32,1695619354.0069072
2,64,1695619354.0237558
2,96,1695619354.0428038
2,128,1695619354.0630682
2,160,1695619354.0828238
2,192,1695619354.1030617
2,224,1695619354.1234558
2,256,1695619354.143539
2,288,1695619354.1632693
2,320,1695619354.1834686
2,352,1695619354.2032263
2,384,1695619354.2228394
2,416,1695619354.2432268
2,448,1695619354.2632356
2,480,1695619354.281097
2,512,1695619354.302576
2,544,1695619354.3235168
2,576,1695619354.3417108
2,608,1695619354.3639193
2,640,1695619354.3833356
2,672,1695619354.4031746
2,704,1695619354.4236898
2,736,1695619354.4431515
2,768,1695619354.4631958
2,800,1695619354.4837377
2,832,1695619354.5029533
2,864,1695619354.5236554
2,896,1695619354.5431285
2,928,1695619354.563029
2,960,1695619354.5832553
2,992,1695619354.6029565
2,1024,1695619354.6236467
2,1056,1695619354.64338
2,1088,1695619354.6631
2,1120,1695619354.6832776
2,1152,1695619354.7038271
2,1184,1695619354.722906
2,1216,1695619354.7432525
2,1248,1695619354.7629166
2,1280,1695619354.783675
2,1312,1695619354.8035917
2,1344,1695619354.8234894
2,1376,1695619354.843455
2,1408,1695619354.8633475
2,1440,1695619354.8829389
2,1472,1695619354.9031396
2,1504,1695619354.9231627
2,1536,1695619354.9436243
2,1568,1695619354.9636528
2,1600,1695619354.9828682
2,1632,1695619355.001855
2,1664,1695619355.0217843
2,1696,1695619355.039361
2,1728,1695619355.057682
2,1760,1695619355.0777557
2,1792,1695619355.095157
2,1824,1695619355.1133528
2,1856,1695619355.1307313
2,1888,1695619355.1486905
2,1920,1695619355.1665664
2,1952,1695619355.1851294
2,1984,1695619355.2025962
2,2016,1695619355.2214053
2,2048,1695619355.238951
2,2080,1695619355.255598
2,2112,1695619355.272141
2,2144,1695619355.2885485
2,2176,1695619355.3066013
2,2208,1695619355.3250358
2,2240,1695619355.3424888
2,2272,1695619355.3612401
2,2304,1695619355.378661
2,2336,1695619355.3966882
2,2368,1695619355.4144645
2,2400,1695619355.434417
2,2432,1695619355.4540565
2,2464,1695619355.4739556
2,2496,1695619355.4917626
2,2528,1695619355.5082183
2,2560,1695619355.5238752
2,2592,1695619355.5425394
2,2624,1695619355.5601282
2,2656,1695619355.5827463
2,2688,1695619355.6060207
2,2720,1695619355.6267292
2,2752,1695619355.6457214
2,2784,1695619355.6697428
2,2816,1695619355.6905057
2,2848,1695619355.7099683
2,2880,1695619355.7301898
2,2912,1695619355.7502615
2,2944,1695619355.7702384
2,2976,1695619355.7902923
2,3008,1695619355.810069
2,3040,1695619355.8302715
2,3072,1695619355.8503575
2,3104,1695619355.8729098
2,3136,1695619355.894803
2,3168,1695619355.9172814
2,3200,1695619355.9386792
2,3232,1695619355.9577374
2,3264,1695619355.9822276
2,3296,1695619356.0026078
2,3328,1695619356.0218349
2,3360,1695619356.0429025
2,3392,1695619356.0635295
2,3424,1695619356.0840468
2,3456,1695619356.1049109
2,3488,1695619356.124936
2,3520,1695619356.1444678
2,3552,1695619356.1632018
2,3584,1695619356.183123
2,3616,1695619356.202808
2,3648,1695619356.2225113
2,3680,1695619356.2398598
2,3712,1695619356.2570345
2,3744,1695619356.2767317
2,3776,1695619356.296537
2,3808,1695619356.3139293
2,3840,1695619356.331637
2,3872,1695619356.3480983
2,3904,1695619356.3682687
2,3936,1695619356.3835738
2,3968,1695619356.3976538
2,4000,1695619356.4108942
2,4032,1695619356.428441
2,4064,1695619356.443023
2,4096,1695619356.4566643
2,4128,1695619356.4709
2,4160,1695619356.489097
2,4192,1695619356.5034637
2,4224,1695619356.5178761
2,4256,1695619356.5317116
2,4288,1695619356.5493407
2,4320,1695619356.5649989
2,4352,1695619356.5799575
2,4384,1695619356.5932996
2,4416,1695619356.6114771
2,4448,1695619356.6255097
2,4480,1695619356.6389632
2,4512,1695619356.652997
2,4544,1695619356.6716979
2,4576,1695619356.6872084
2,4608,1695619356.7015674
2,4640,1695619356.7153182
2,4672,1695619356.7331078
2,4704,1695619356.7485237
2,4736,1695619356.7619996
2,4768,1695619356.7760873
2,4800,1695619356.7942996
2,4832,1695619356.8078942
2,4864,1695619356.8217964
2,4896,1695619356.835629
2,4928,1695619356.8531125
2,4960,1695619356.868856
2,4992,1695619356.8836234
2,5024,1695619356.8970342
2,5056,1695619356.9150727
2,5088,1695619356.9293404
2,5120,1695619356.942652
2,5152,1695619356.9568577
2,5184,1695619356.9753819
2,5216,1695619356.9903672
2,5248,1695619357.0046365
2,5280,1695619357.0180514
2,5312,1695619357.0359848
2,5344,1695619357.0500832
2,5376,1695619357.0634286
2,5408,1695619357.0773532
2,5440,1695619357.0955248
2,5472,1695619357.1108181
2,5504,1695619357.1252239
2,5536,1695619357.1387749
2,5568,1695619357.1565201
2,5600,1695619357.1704059
2,5632,1695619357.185079
2,5664,1695619357.1983263
2,5696,1695619357.216135
2,5728,1695619357.2298455
2,5760,1695619357.2447004
2,5792,1695619357.2579696
2,5824,1695619357.2773573
2,5856,1695619357.2920902
2,5888,1695619357.3068197
2,5920,1695619357.3203835
2,5952,1695619357.338
2,5984,1695619357.3535724
2,6016,1695619357.366677
2,6048,1695619357.3809106
2,6080,1695619357.399458
2,6112,1695619357.4147515
2,6144,1695619357.429414
2,6176,1695619357.4425023
2,6208,1695619357.4600794
2,6240,1695619357.4748652
2,6272,1695619357.4886174
2,6304,1695619357.50368
2,6336,1695619357.523395
2,6368,1695619357.5395696
2,6400,1695619357.554175
2,6432,1695619357.5682137
2,6464,1695619357.5874112
2,6496,1695619357.6033869
2,6528,1695619357.6178806
2,6560,1695619357.6318042
2,6592,1695619357.6493099
2,6624,1695619357.6650589
2,6656,1695619357.6798074
2,6688,1695619357.6932762
2,6720,1695619357.7113242
2,6752,1695619357.7258382
2,6784,1695619357.739243
2,6816,1695619357.754179
2,6848,1695619357.774035
2,6880,1695619357.7912242
2,6912,1695619357.807473
2,6944,1695619357.8234663
2,6976,1695619357.842051
2,7008,1695619357.8574789
2,7040,1695619357.870504
2,7072,1695619357.8846989
2,7104,1695619357.901942
2,7136,1695619357.9177172
2,7168,1695619357.93254
2,7200,1695619357.9456353
2,7232,1695619357.9636805
2,7264,1695619357.9776967
2,7296,1695619357.9926877
2,7328,1695619358.006026
2,7360,1695619358.024227
2,7392,1695619358.039157
2,7424,1695619358.0538085
2,7456,1695619358.0668159
2,7488,1695619358.0857012
2,7520,1695619358.1008813
2,7552,1695619358.1138337
2,7584,1695619358.1282222
2,7616,1695619358.1471577
2,7648,1695619358.163181
2,7680,1695619358.1773684
2,7712,1695619358.191968
2,7744,1695619358.2111404
2,7776,1695619358.226888
2,7808,1695619358.240989
2,7840,1695619358.2541313
2,7872,1695619358.2733142
2,7904,1695619358.2878869
2,7936,1695619358.3007998
2,7968,1695619358.315593
2,8000,1695619358.3347678
2,8032,1695619358.3511734
2,8064,1695619358.3654997
2,8096,1695619358.3791142
2,8128,1695619358.399611
2,8160,1695619358.414942
2,8192,1695619358.4291103
2,8224,1695619358.443511
2,8256,1695619358.4608045
2,8288,1695619358.4756582
2,8320,1695619358.489193
2,8352,1695619358.5037355
2,8384,1695619358.5229008
2,8416,1695619358.5391254
2,8448,1695619358.5534525
2,8480,1695619358.5668604
2,8512,1695619358.5896115
2,8544,1695619358.6043875
2,8576,1695619358.617962
2,8608,1695619358.6311088
2,8640,1695619358.6484213
2,8672,1695619358.668106
2,8704,1695619358.682508
2,8736,1695619358.6960366
2,8768,1695619358.7133636
2,8800,1695619358.7287083
2,8832,1695619358.741787
2,8864,1695619358.756475
2,8896,1695619358.7756617
2,8928,1695619358.791154
2,8960,1695619358.805506
2,8992,1695619358.8190804
2,9024,1695619358.836832
2,9056,1695619358.850837
2,9088,1695619358.8652973
2,9120,1695619358.8788114
2,9152,1695619358.896592
2,9184,1695619358.9111474
2,9216,1695619358.9252908
2,9248,1695619358.9393137
2,9280,1695619358.9568934
2,9312,1695619358.9718814
2,9344,1695619358.9852762
2,9376,1695619358.9992988
2,9408,1695619359.0174127
2,9440,1695619359.031863
2,9472,1695619359.0462706
2,9504,1695619359.0601447
2,9536,1695619359.0778124
2,9568,1695619359.0934627
2,9600,1695619359.1083465
2,9632,1695619359.1216717
2,9664,1695619359.1396158
2,9696,1695619359.1537275
2,9728,1695619359.1668382
2,9760,1695619359.1809204
2,9792,1695619359.1994286
2,9824,1695619359.2151895
2,9856,1695619359.229516
2,9888,1695619359.2429636
2,9920,1695619359.2631395
2,9952,1695619359.2792754
2,9984,1695619359.2935953
2,10016,1695619359.3065636
2,10048,1695619359.325258
2,10080,1695619359.340489
2,10112,1695619359.353713
2,10144,1695619359.368356
2,10176,1695619359.3874414
2,10208,1695619359.4033487
2,10240,1695619359.4176724
2,10272,1695619359.4314554
2,10304,1695619359.4526353
2,10336,1695619359.4675882
2,10368,1695619359.481569
2,10400,1695619359.4947395
2,10432,1695619359.5132935
2,10464,1695619359.5285015
2,10496,1695619359.5419512
2,10528,1695619359.5566056
2,10560,1695619359.5775328
2,10592,1695619359.5917077
2,10624,1695619359.6056154
2,10656,1695619359.618755
2,10688,1695619359.6374228
2,10720,1695619359.6527364
2,10752,1695619359.665822
2,10784,1695619359.6802428
2,10816,1695619359.7002711
2,10848,1695619359.7153723
2,10880,1695619359.7294421
2,10912,1695619359.7428966
2,10944,1695619359.7658212
2,10976,1695619359.779788
2,11008,1695619359.793379
2,11040,1695619359.807962
2,11072,1695619359.828529
2,11104,1695619359.8434343
2,11136,1695619359.8573039
2,11168,1695619359.870407
2,11200,1695619359.8893027
2,11232,1695619359.9038892
2,11264,1695619359.920355
2,11296,1695619359.9340243
2,11328,1695619359.9536583
2,11360,1695619359.968008
2,11392,1695619359.9822495
2,11424,1695619359.9967363
2,11456,1695619360.0176501
2,11488,1695619360.0318995
2,11520,1695619360.0458314
2,11552,1695619360.0589025
2,11584,1695619360.0775743
2,11616,1695619360.0930028
2,11648,1695619360.1060336
2,11680,1695619360.1199274
2,11712,1695619360.1418614
2,11744,1695619360.1563644
2,11776,1695619360.1700225
2,11808,1695619360.1832755
2,11840,1695619360.2023783
2,11872,1695619360.218174
2,11904,1695619360.2310145
2,11936,1695619360.245157
2,11968,1695619360.2655418
2,12000,1695619360.2796414
2,12032,1695619360.2934895
2,12064,1695619360.3065472
2,12096,1695619360.3251793
2,12128,1695619360.3403277
2,12160,1695619360.3535924
2,12192,1695619360.3683243
2,12224,1695619360.3893704
2,12256,1695619360.4037564
2,12288,1695619360.4176836
2,12320,1695619360.4307606
2,12352,1695619360.4494069
2,12384,1695619360.4647195
2,12416,1695619360.4777713
2,12448,1695619360.4924142
2,12480,1695619360.5132957
2,12512,1695619360.5277615
2,12544,1695619360.5417686
2,12576,1695619360.5586383
2,12608,1695619360.5798042
2,12640,1695619360.5954218
2,12672,1695619360.6096604
2,12704,1695619360.6290638
2,12736,1695619360.6493185
2,12768,1695619360.6635318
2,12800,1695619360.6780095
2,12832,1695619360.6918314
2,12864,1695619360.7143667
2,12896,1695619360.7285204
2,12928,1695619360.7420166
2,12960,1695619360.756599
2,12992,1695619360.7773523
2,13024,1695619360.7914374
2,13056,1695619360.8080668
2,13088,1695619360.8263948
2,13120,1695619360.8477957
2,13152,1695619360.863763
2,13184,1695619360.8780954
2,13216,1695619360.8920565
2,13248,1695619360.9122229
2,13280,1695619360.9277802
2,13312,1695619360.9420972
2,13344,1695619360.95597
2,13376,1695619360.9778345
2,13408,1695619360.9930813
2,13440,1695619361.0072415
2,13472,1695619361.0213606
2,13504,1695619361.041656
2,13536,1695619361.0557723
2,13568,1695619361.0696416
2,13600,1695619361.0827928
2,13632,1695619361.1013668
2,13664,1695619361.1166728
2,13696,1695619361.1297503
2,13728,1695619361.1441758
2,13760,1695619361.1643069
2,13792,1695619361.179936
2,13824,1695619361.194266
2,13856,1695619361.2082353
2,13888,1695619361.230009
2,13920,1695619361.2450619
2,13952,1695619361.2591825
2,13984,1695619361.2737343
2,14016,1695619361.2969472
2,14048,1695619361.3105822
2,14080,1695619361.324467
2,14112,1695619361.3388197
2,14144,1695619361.3582764
2,14176,1695619361.3719258
2,14208,1695619361.3857095
2,14240,1695619361.3988285
2,14272,1695619361.417356
2,14304,1695619361.4324946
2,14336,1695619361.4457984
2,14368,1695619361.4604006
2,14400,1695619361.4816692
2,14432,1695619361.4958928
2,14464,1695619361.5096576
2,14496,1695619361.5236247
2,14528,1695619361.5459738
2,14560,1695619361.5602026
2,14592,1695619361.573727
2,14624,1695619361.5884705
2,14656,1695619361.6090944
2,14688,1695619361.623655
2,14720,1695619361.6375356
2,14752,1695619361.6508017
2,14784,1695619361.6694844
2,14816,1695619361.6847682
2,14848,1695619361.6978035
2,14880,1695619361.7121823
2,14912,1695619361.7324052
2,14944,1695619361.7525327
2,14976,1695619361.7656171
2,15008,1695619361.7801583
2,15040,1695619361.8006268
2,15072,1695619361.8157074
2,15104,1695619361.8295496
2,15136,1695619361.8427484
2,15168,1695619361.8614042
2,15200,1695619361.8762648
2,15232,1695619361.8893433
2,15264,1695619361.9033742
2,15296,1695619361.9225056
2,15328,1695619361.93617
2,15360,1695619361.9499266
2,15392,1695619361.9679265
2,15424,1695619361.9877315
2,15456,1695619362.0032532
2,15488,1695619362.0175824
2,15520,1695619362.0311327
2,15552,1695619362.0497856
2,15584,1695619362.0656064
2,15616,1695619362.0785396
2,15648,1695619362.092676
2,15680,1695619362.1137247
2,15712,1695619362.1279838
2,15744,1695619362.141862
2,15776,1695619362.1588547
2,15808,1695619362.1801465
2,15840,1695619362.1950705
2,15872,1695619362.209198
2,15904,1695619362.2222648
2,15936,1695619362.2411327
2,15968,1695619362.261808
2,16000,1695619362.277779
2,16032,1695619362.2933786
2,16064,1695619362.3165424
2,16096,1695619362.3363671
2,16128,1695619362.3500702
2,16160,1695619362.3636162
2,16192,1695619362.3826253
2,16224,1695619362.3962224
2,16256,1695619362.4098678
2,16288,1695619362.4233594
2,16320,1695619362.4451344
2,16352,1695619362.461039
2,16384,1695619362.480899
2,16416,1695619362.494131
2,16448,1695619362.5115142
2,16480,1695619362.527192
2,16512,1695619362.5413904
2,16544,1695619362.5544546
2,16576,1695619362.573322
2,16608,1695619362.588339
2,16640,1695619362.6013274
2,16672,1695619362.6153216
2,16704,1695619362.6344047
2,16736,1695619362.647886
2,16768,1695619362.662581
2,16800,1695619362.6761904
2,16832,1695619362.6943111
2,16864,1695619362.7098253
2,16896,1695619362.7238593
2,16928,1695619362.7381487
2,16960,1695619362.7604396
2,16992,1695619362.7745805
2,17024,1695619362.7886062
2,17056,1695619362.80279
2,17088,1695619362.8206697
2,17120,1695619362.835332
2,17152,1695619362.849662
2,17184,1695619362.86391
2,17216,1695619362.8863103
2,17248,1695619362.9013472
2,17280,1695619362.9152377
2,17312,1695619362.92934
2,17344,1695619362.949683
2,17376,1695619362.9638307
2,17408,1695619362.977854
2,17440,1695619362.9909885
2,17472,1695619363.0096827
2,17504,1695619363.0249808
2,17536,1695619363.037952
2,17568,1695619363.0524411
2,17600,1695619363.0733118
2,17632,1695619363.0877464
2,17664,1695619363.101593
2,17696,1695619363.1147509
2,17728,1695619363.133405
2,17760,1695619363.1487465
2,17792,1695619363.1617444
2,17824,1695619363.1761584
2,17856,1695619363.1961522
2,17888,1695619363.211916
2,17920,1695619363.2261944
2,17952,1695619363.2400908
2,17984,1695619363.2618284
2,18016,1695619363.2764704
2,18048,1695619363.2900906
2,18080,1695619363.3033376
2,18112,1695619363.3217347
2,18144,1695619363.3367484
2,18176,1695619363.3501644
2,18208,1695619363.3646073
2,18240,1695619363.3856628
2,18272,1695619363.3997235
2,18304,1695619363.4135966
2,18336,1695619363.4267383
2,18368,1695619363.4454994
2,18400,1695619363.4608264
2,18432,1695619363.4739294
2,18464,1695619363.4883854
2,18496,1695619363.509293
2,18528,1695619363.523662
2,18560,1695619363.5375323
2,18592,1695619363.5507395
2,18624,1695619363.56942
2,18656,1695619363.5847445
2,18688,1695619363.5977833
2,18720,1695619363.6121614
2,18752,1695619363.6320217
2,18784,1695619363.6471047
2,18816,1695619363.661036
2,18848,1695619363.674194
2,18880,1695619363.6918597
2,18912,1695619363.7063124
2,18944,1695619363.720115
2,18976,1695619363.7343087
2,19008,1695619363.7540104
2,19040,1695619363.767828
2,19072,1695619363.7817948
2,19104,1695619363.7950943
2,19136,1695619363.813532
2,19168,1695619363.8289256
2,19200,1695619363.8419201
2,19232,1695619363.856353
2,19264,1695619363.87723
2,19296,1695619363.892584
2,19328,1695619363.9063022
2,19360,1695619363.9228125
2,19392,1695619363.9418168
2,19424,1695619363.9564307
2,19456,1695619363.970163
2,19488,1695619363.9845562
2,19520,1695619364.0055575
2,19552,1695619364.019911
2,19584,1695619364.0336282
2,19616,1695619364.0471375
2,19648,1695619364.0659034
2,19680,1695619364.0811293
2,19712,1695619364.094168
2,19744,1695619364.1085138
2,19776,1695619364.1292071
2,19808,1695619364.1445901
2,19840,1695619364.1583486
2,19872,1695619364.1725395
2,19904,1695619364.1936493
2,19936,1695619364.208814
2,19968,1695619364.2229416
2,20000,1695619364.237193
2,20032,1695619364.2607076
2,20064,1695619364.2743063
2,20096,1695619364.2879546
2,20128,1695619364.305137
2,20160,1695619364.3250978
2,20192,1695619364.3394637
2,20224,1695619364.3533394
2,20256,1695619364.3668015
2,20288,1695619364.3857028
2,20320,1695619364.4012372
2,20352,1695619364.414241
2,20384,1695619364.432409
2,20416,1695619364.4524076
2,20448,1695619364.4667425
2,20480,1695619364.4801962
2,20512,1695619364.4932833
2,20544,1695619364.5122652
2,20576,1695619364.5279315
2,20608,1695619364.542646
2,20640,1695619364.5562158
2,20672,1695619364.575369
2,20704,1695619364.5923393
2,20736,1695619364.6066017
2,20768,1695619364.6199782
2,20800,1695619364.6380057
2,20832,1695619364.653673
2,20864,1695619364.666945
2,20896,1695619364.6812396
2,20928,1695619364.7014794
2,20960,1695619364.7158077
2,20992,1695619364.7296257
2,21024,1695619364.7431111
2,21056,1695619364.7649689
2,21088,1695619364.7811918
2,21120,1695619364.795258
2,21152,1695619364.8097541
2,21184,1695619364.8328133
2,21216,1695619364.8463287
2,21248,1695619364.859922
2,21280,1695619364.8741026
2,21312,1695619364.8964922
2,21344,1695619364.9101474
2,21376,1695619364.9237757
2,21408,1695619364.9378846
2,21440,1695619364.9578426
2,21472,1695619364.9716556
2,21504,1695619364.9854953
2,21536,1695619364.99852
2,21568,1695619365.0172675
2,21600,1695619365.0320075
2,21632,1695619365.0467393
2,21664,1695619365.0603034
2,21696,1695619365.0795913
2,21728,1695619365.0963182
2,21760,1695619365.111096
2,21792,1695619365.1243842
2,21824,1695619365.1442983
2,21856,1695619365.1594799
2,21888,1695619365.173348
2,21920,1695619365.1863422
2,21952,1695619365.2053356
2,21984,1695619365.2199407
2,22016,1695619365.2345083
2,22048,1695619365.2479515
2,22080,1695619365.2669165
2,22112,1695619365.2832148
2,22144,1695619365.2973266
2,22176,1695619365.3105118
2,22208,1695619365.3291888
2,22240,1695619365.3437555
2,22272,1695619365.3565705
2,22304,1695619365.3765764
2,22336,1695619365.3970435
2,22368,1695619365.4128022
2,22400,1695619365.4264941
2,22432,1695619365.4407225
2,22464,1695619365.461482
2,22496,1695619365.4757378
2,22528,1695619365.4896073
2,22560,1695619365.502758
2,22592,1695619365.5213962
2,22624,1695619365.536516
2,22656,1695619365.5497067
2,22688,1695619365.5643852
2,22720,1695619365.586146
2,22752,1695619365.6002872
2,22784,1695619365.6139479
2,22816,1695619365.6271496
2,22848,1695619365.6455913
2,22880,1695619365.66049
2,22912,1695619365.6735864
2,22944,1695619365.68826
2,22976,1695619365.708193
2,23008,1695619365.7239115
2,23040,1695619365.7382302
2,23072,1695619365.7572582
2,23104,1695619365.777353
2,23136,1695619365.7916725
2,23168,1695619365.8059413
2,23200,1695619365.8200207
2,23232,1695619365.8419073
2,23264,1695619365.8562465
2,23296,1695619365.8698773
2,23328,1695619365.8834417
2,23360,1695619365.9058821
2,23392,1695619365.9202602
2,23424,1695619365.934024
2,23456,1695619365.947275
2,23488,1695619365.9659934
2,23520,1695619365.9813921
2,23552,1695619365.9948583
2,23584,1695619366.0090504
2,23616,1695619366.0294516
2,23648,1695619366.0438576
2,23680,1695619366.0577483
2,23712,1695619366.0711956
2,23744,1695619366.0899594
2,23776,1695619366.1054301
2,23808,1695619366.1184251
2,23840,1695619366.1324544
2,23872,1695619366.15371
2,23904,1695619366.1687198
2,23936,1695619366.1825423
2,23968,1695619366.1970506
2,24000,1695619366.2192883
2,24032,1695619366.2336893
2,24064,1695619366.2475383
2,24096,1695619366.26163
2,24128,1695619366.2816145
2,24160,1695619366.2966096
2,24192,1695619366.3103492
2,24224,1695619366.3245301
2,24256,1695619366.3449383
2,24288,1695619366.3594437
2,24320,1695619366.3733065
2,24352,1695619366.3863645
2,24384,1695619366.4052932
2,24416,1695619366.419876
2,24448,1695619366.433899
2,24480,1695619366.4469326
2,24512,1695619366.4657984
2,24544,1695619366.4807072
2,24576,1695619366.4938166
2,24608,1695619366.508391
2,24640,1695619366.5291731
2,24672,1695619366.5436783
2,24704,1695619366.557535
2,24736,1695619366.5705707
2,24768,1695619366.589289
2,24800,1695619366.6038282
2,24832,1695619366.618148
2,24864,1695619366.6318028
2,24896,1695619366.6507351
2,24928,1695619366.6650674
2,24960,1695619366.6791086
2,24992,1695619366.693154
2,25024,1695619366.7153075
2,25056,1695619366.7294574
2,25088,1695619366.743285
2,25120,1695619366.7573495
2,25152,1695619366.777618
2,25184,1695619366.7918224
2,25216,1695619366.8056955
2,25248,1695619366.8187923
2,25280,1695619366.8374686
2,25312,1695619366.8527577
2,25344,1695619366.865886
2,25376,1695619366.880404
2,25408,1695619366.9017322
2,25440,1695619366.916881
2,25472,1695619366.932084
2,25504,1695619366.9454303
2,25536,1695619366.9651113
2,25568,1695619366.9796543
2,25600,1695619366.9924872
2,25632,1695619367.0067627
2,25664,1695619367.0246542
2,25696,1695619367.0393777
2,25728,1695619367.0534353
2,25760,1695619367.0673978
2,25792,1695619367.088918
2,25824,1695619367.1091223
2,25856,1695619367.1239047
2,25888,1695619367.137123
2,25920,1695619367.156118
2,25952,1695619367.1718776
2,25984,1695619367.186042
2,26016,1695619367.1997879
2,26048,1695619367.2224858
2,26080,1695619367.2363064
2,26112,1695619367.25002
2,26144,1695619367.2645433
2,26176,1695619367.2857695
2,26208,1695619367.299895
2,26240,1695619367.3135831
2,26272,1695619367.326748
2,26304,1695619367.3447475
2,26336,1695619367.3596604
2,26368,1695619367.3729362
2,26400,1695619367.387521
2,26432,1695619367.4080327
2,26464,1695619367.423144
2,26496,1695619367.4370232
2,26528,1695619367.45018
2,26560,1695619367.4690535
2,26592,1695619367.4833193
2,26624,1695619367.4972928
2,26656,1695619367.5112946
2,26688,1695619367.532481
2,26720,1695619367.5474412
2,26752,1695619367.5613039
2,26784,1695619367.574565
2,26816,1695619367.5934308
2,26848,1695619367.6087039
2,26880,1695619367.6218085
2,26912,1695619367.636393
2,26944,1695619367.6574566
2,26976,1695619367.672148
2,27008,1695619367.6858838
2,27040,1695619367.6989863
2,27072,1695619367.7174883
2,27104,1695619367.732865
2,27136,1695619367.7459428
2,27168,1695619367.7603788
2,27200,1695619367.7815228
2,27232,1695619367.7958395
2,27264,1695619367.8096657
2,27296,1695619367.822782
2,27328,1695619367.848997
2,27360,1695619367.8700068
2,27392,1695619367.8951955
2,27424,1695619367.911367
2,27456,1695619367.929864
2,27488,1695619367.9514964
2,27520,1695619367.9722154
2,27552,1695619367.9978938
2,27584,1695619368.0231264
2,27616,1695619368.0464563
2,27648,1695619368.0660605
2,27680,1695619368.0895638
2,27712,1695619368.1091456
2,27744,1695619368.1276913
2,27776,1695619368.1460178
