epoch,trained_sample,time
1,0,1696071696.0065415
1,64,1696071697.3345804
1,128,1696071697.3620994
1,192,1696071697.3863223
1,256,1696071697.405088
1,320,1696071697.4275541
1,384,1696071697.4414942
1,448,1696071697.4626062
1,512,1696071697.4831626
1,576,1696071697.4981186
1,640,1696071697.5131702
1,704,1696071697.531612
1,768,1696071697.550514
1,832,1696071697.5654056
1,896,1696071697.578649
1,960,1696071697.5964208
1,1024,1696071697.6149843
1,1088,1696071697.630504
1,1152,1696071697.644763
1,1216,1696071697.6634593
1,1280,1696071697.6796458
1,1344,1696071697.6939805
1,1408,1696071697.7075655
1,1472,1696071697.7251148
1,1536,1696071697.742374
1,1600,1696071697.7561457
1,1664,1696071697.7713573
1,1728,1696071697.7922206
1,1792,1696071697.8064718
1,1856,1696071697.820828
1,1920,1696071697.8351946
1,1984,1696071697.8510711
1,2048,1696071697.8653715
1,2112,1696071697.880153
1,2176,1696071697.894475
1,2240,1696071697.9109018
1,2304,1696071697.9263933
1,2368,1696071697.9408567
1,2432,1696071697.9641778
1,2496,1696071697.983111
1,2560,1696071698.0031807
1,2624,1696071698.0202699
1,2688,1696071698.0358896
1,2752,1696071698.0506132
1,2816,1696071698.0677395
1,2880,1696071698.0849931
1,2944,1696071698.100369
1,3008,1696071698.1147678
1,3072,1696071698.132914
1,3136,1696071698.1503818
1,3200,1696071698.1659465
1,3264,1696071698.1819785
1,3328,1696071698.2015212
1,3392,1696071698.223256
1,3456,1696071698.2410917
1,3520,1696071698.258872
1,3584,1696071698.2825809
1,3648,1696071698.3018796
1,3712,1696071698.31608
1,3776,1696071698.3299131
1,3840,1696071698.348164
1,3904,1696071698.3647943
1,3968,1696071698.379412
1,4032,1696071698.3937037
1,4096,1696071698.413481
1,4160,1696071698.4285827
1,4224,1696071698.4424236
1,4288,1696071698.4560502
1,4352,1696071698.4733841
1,4416,1696071698.4902897
1,4480,1696071698.5057588
1,4544,1696071698.519835
1,4608,1696071698.5378954
1,4672,1696071698.5553727
1,4736,1696071698.5705519
1,4800,1696071698.5848987
1,4864,1696071698.6039934
1,4928,1696071698.6207237
1,4992,1696071698.6347969
1,5056,1696071698.6491034
1,5120,1696071698.6675696
1,5184,1696071698.6836147
1,5248,1696071698.6980016
1,5312,1696071698.711283
1,5376,1696071698.7288485
1,5440,1696071698.746031
1,5504,1696071698.7601013
1,5568,1696071698.7740157
1,5632,1696071698.7919424
1,5696,1696071698.8083482
1,5760,1696071698.823141
1,5824,1696071698.8371418
1,5888,1696071698.8548222
1,5952,1696071698.8718433
1,6016,1696071698.8864372
1,6080,1696071698.9000654
1,6144,1696071698.9173913
1,6208,1696071698.9357128
1,6272,1696071698.9517078
1,6336,1696071698.9687612
1,6400,1696071698.9891996
1,6464,1696071699.0134816
1,6528,1696071699.0313349
1,6592,1696071699.0491915
1,6656,1696071699.0712671
1,6720,1696071699.0877168
1,6784,1696071699.1025293
1,6848,1696071699.1194706
1,6912,1696071699.1424985
1,6976,1696071699.1620486
1,7040,1696071699.1762397
1,7104,1696071699.190189
1,7168,1696071699.2112694
1,7232,1696071699.2274613
1,7296,1696071699.243054
1,7360,1696071699.2646594
1,7424,1696071699.2843256
1,7488,1696071699.302854
1,7552,1696071699.320122
1,7616,1696071699.3368623
1,7680,1696071699.3615215
1,7744,1696071699.3771403
1,7808,1696071699.3915877
1,7872,1696071699.405953
1,7936,1696071699.4239047
1,8000,1696071699.4443822
1,8064,1696071699.4640143
1,8128,1696071699.483108
1,8192,1696071699.5072615
1,8256,1696071699.5294974
1,8320,1696071699.552615
1,8384,1696071699.576244
1,8448,1696071699.5961592
1,8512,1696071699.6168575
1,8576,1696071699.634934
1,8640,1696071699.6604652
1,8704,1696071699.6818333
1,8768,1696071699.7032633
1,8832,1696071699.7191904
1,8896,1696071699.738459
1,8960,1696071699.7682843
1,9024,1696071699.787964
1,9088,1696071699.8117483
1,9152,1696071699.832223
1,9216,1696071699.8575583
1,9280,1696071699.8801274
1,9344,1696071699.9052663
1,9408,1696071699.9253848
1,9472,1696071699.9493012
1,9536,1696071699.9637563
1,9600,1696071699.9800906
1,9664,1696071699.9965932
1,9728,1696071700.017588
1,9792,1696071700.0430918
1,9856,1696071700.06267
1,9920,1696071700.082413
1,9984,1696071700.1087704
1,10048,1696071700.1301982
1,10112,1696071700.150622
1,10176,1696071700.1695075
1,10240,1696071700.186645
1,10304,1696071700.2065208
1,10368,1696071700.2257247
1,10432,1696071700.2448194
1,10496,1696071700.2638402
1,10560,1696071700.283074
1,10624,1696071700.3022738
1,10688,1696071700.3271108
1,10752,1696071700.3526168
1,10816,1696071700.3740482
1,10880,1696071700.4012454
1,10944,1696071700.4285333
1,11008,1696071700.4443305
1,11072,1696071700.4659424
1,11136,1696071700.4935634
1,11200,1696071700.5158982
1,11264,1696071700.5369778
1,11328,1696071700.5644925
1,11392,1696071700.5852041
1,11456,1696071700.6065707
1,11520,1696071700.6273956
1,11584,1696071700.6500976
1,11648,1696071700.670034
1,11712,1696071700.6901107
1,11776,1696071700.7123687
1,11840,1696071700.735884
1,11904,1696071700.7561166
1,11968,1696071700.7755468
1,12032,1696071700.7940323
1,12096,1696071700.8183017
1,12160,1696071700.8369844
1,12224,1696071700.853954
1,12288,1696071700.876787
1,12352,1696071700.8981593
1,12416,1696071700.9163747
1,12480,1696071700.9404776
1,12544,1696071700.960314
1,12608,1696071700.9826555
1,12672,1696071701.0040567
1,12736,1696071701.0224433
1,12800,1696071701.0385284
1,12864,1696071701.061831
1,12928,1696071701.0809677
1,12992,1696071701.0981925
1,13056,1696071701.1211658
1,13120,1696071701.1421251
1,13184,1696071701.162238
1,13248,1696071701.1822808
1,13312,1696071701.201952
1,13376,1696071701.229556
1,13440,1696071701.2592487
1,13504,1696071701.2788506
1,13568,1696071701.3015456
1,13632,1696071701.3213394
1,13696,1696071701.3544207
1,13760,1696071701.378702
1,13824,1696071701.400653
1,13888,1696071701.4205086
1,13952,1696071701.44101
1,14016,1696071701.4609365
1,14080,1696071701.480523
1,14144,1696071701.504592
1,14208,1696071701.5266788
1,14272,1696071701.545181
1,14336,1696071701.5619562
1,14400,1696071701.5771928
1,14464,1696071701.6011517
1,14528,1696071701.6206186
1,14592,1696071701.6422586
1,14656,1696071701.6634982
1,14720,1696071701.6805634
1,14784,1696071701.6958916
1,14848,1696071701.7201772
1,14912,1696071701.7406833
1,14976,1696071701.7594755
1,15040,1696071701.7786443
1,15104,1696071701.7983637
1,15168,1696071701.8222198
1,15232,1696071701.8426075
1,15296,1696071701.864226
1,15360,1696071701.8862088
1,15424,1696071701.9081287
1,15488,1696071701.9275005
1,15552,1696071701.9482758
1,15616,1696071701.9704013
1,15680,1696071701.9905899
1,15744,1696071702.0057042
1,15808,1696071702.0239613
1,15872,1696071702.044336
1,15936,1696071702.0628433
1,16000,1696071702.0865166
1,16064,1696071702.1120267
1,16128,1696071702.1329167
1,16192,1696071702.15904
1,16256,1696071702.1813586
1,16320,1696071702.2002776
1,16384,1696071702.219201
1,16448,1696071702.237737
1,16512,1696071702.2563763
1,16576,1696071702.2724745
1,16640,1696071702.2973838
1,16704,1696071702.3157537
1,16768,1696071702.33459
1,16832,1696071702.3635755
1,16896,1696071702.3805957
1,16960,1696071702.4008243
1,17024,1696071702.4224184
1,17088,1696071702.4416683
1,17152,1696071702.4617984
1,17216,1696071702.4801118
1,17280,1696071702.5021455
1,17344,1696071702.5216563
1,17408,1696071702.5416822
1,17472,1696071702.5645263
1,17536,1696071702.5945287
1,17600,1696071702.6146631
1,17664,1696071702.6361876
1,17728,1696071702.6610024
1,17792,1696071702.6835647
1,17856,1696071702.7094014
1,17920,1696071702.7310596
1,17984,1696071702.7547038
1,18048,1696071702.773857
1,18112,1696071702.7928138
1,18176,1696071702.81381
1,18240,1696071702.8414202
1,18304,1696071702.8691294
1,18368,1696071702.889574
1,18432,1696071702.909703
1,18496,1696071702.937712
1,18560,1696071702.9657779
1,18624,1696071702.9904635
1,18688,1696071703.0078871
1,18752,1696071703.024126
1,18816,1696071703.0410643
1,18880,1696071703.0576866
1,18944,1696071703.0769606
1,19008,1696071703.0983622
1,19072,1696071703.1181989
1,19136,1696071703.1381001
1,19200,1696071703.1581762
1,19264,1696071703.1780787
1,19328,1696071703.1981604
1,19392,1696071703.2184618
1,19456,1696071703.2378526
1,19520,1696071703.2580636
1,19584,1696071703.2781844
1,19648,1696071703.3008144
1,19712,1696071703.3206468
1,19776,1696071703.3381286
1,19840,1696071703.3597662
1,19904,1696071703.381165
1,19968,1696071703.402516
1,20032,1696071703.421508
1,20096,1696071703.445368
1,20160,1696071703.463053
1,20224,1696071703.4839501
1,20288,1696071703.5063136
1,20352,1696071703.5263476
1,20416,1696071703.5457146
1,20480,1696071703.5660057
1,20544,1696071703.585956
1,20608,1696071703.606647
1,20672,1696071703.6255426
1,20736,1696071703.6434767
1,20800,1696071703.6606596
1,20864,1696071703.6791475
1,20928,1696071703.698712
1,20992,1696071703.7184355
1,21056,1696071703.7419934
1,21120,1696071703.7640893
1,21184,1696071703.7866328
1,21248,1696071703.8076556
1,21312,1696071703.8302267
1,21376,1696071703.850801
1,21440,1696071703.876259
1,21504,1696071703.898333
1,21568,1696071703.9177895
1,21632,1696071703.9375062
1,21696,1696071703.9569814
1,21760,1696071703.977112
1,21824,1696071703.9989266
1,21888,1696071704.0185158
1,21952,1696071704.0401173
1,22016,1696071704.0624893
1,22080,1696071704.0819793
1,22144,1696071704.1023085
1,22208,1696071704.121916
1,22272,1696071704.14209
1,22336,1696071704.162076
1,22400,1696071704.182238
1,22464,1696071704.2019942
1,22528,1696071704.2218058
1,22592,1696071704.241445
1,22656,1696071704.2641673
1,22720,1696071704.2866642
1,22784,1696071704.306933
1,22848,1696071704.3280246
1,22912,1696071704.3476233
1,22976,1696071704.3685758
1,23040,1696071704.390565
1,23104,1696071704.4118526
1,23168,1696071704.4318218
1,23232,1696071704.4524276
1,23296,1696071704.4746482
1,23360,1696071704.4943883
1,23424,1696071704.51623
1,23488,1696071704.5367804
1,23552,1696071704.55861
1,23616,1696071704.5777662
1,23680,1696071704.6020591
1,23744,1696071704.617638
1,23808,1696071704.6411564
1,23872,1696071704.659052
1,23936,1696071704.6795974
1,24000,1696071704.7011104
1,24064,1696071704.7226157
1,24128,1696071704.7417247
1,24192,1696071704.7615957
1,24256,1696071704.7817824
1,24320,1696071704.8085842
1,24384,1696071704.8269427
1,24448,1696071704.8518343
1,24512,1696071704.8712041
1,24576,1696071704.8918593
1,24640,1696071704.9145973
1,24704,1696071704.9341888
1,24768,1696071704.9571009
1,24832,1696071704.9783297
1,24896,1696071704.9999664
1,24960,1696071705.0196981
1,25024,1696071705.0403848
1,25088,1696071705.0625908
1,25152,1696071705.0820007
1,25216,1696071705.101384
1,25280,1696071705.1243873
1,25344,1696071705.1460192
1,25408,1696071705.1663313
1,25472,1696071705.186245
1,25536,1696071705.2058141
1,25600,1696071705.2206793
1,25664,1696071705.2396219
1,25728,1696071705.261768
1,25792,1696071705.2793698
1,25856,1696071705.2996397
1,25920,1696071705.3187008
1,25984,1696071705.3428922
1,26048,1696071705.3633645
1,26112,1696071705.3851194
1,26176,1696071705.4081671
1,26240,1696071705.4363205
1,26304,1696071705.4559863
1,26368,1696071705.4762163
1,26432,1696071705.4960923
1,26496,1696071705.5186923
1,26560,1696071705.538159
1,26624,1696071705.5608933
1,26688,1696071705.5804107
1,26752,1696071705.598564
1,26816,1696071705.6201892
1,26880,1696071705.6424427
1,26944,1696071705.662173
1,27008,1696071705.6848187
1,27072,1696071705.7039618
1,27136,1696071705.7235868
1,27200,1696071705.7432091
1,27264,1696071705.7669277
1,27328,1696071705.7872002
1,27392,1696071705.8105588
1,27456,1696071705.8343976
1,27520,1696071705.857004
1,27584,1696071705.8738282
1,27648,1696071705.8932507
1,27712,1696071705.9122345
1,27776,1696071705.9320533
1,27840,1696071705.9545243
1,27904,1696071705.9754505
1,27968,1696071705.9976246
1,28032,1696071706.0170355
1,28096,1696071706.034247
1,28160,1696071706.057023
1,28224,1696071706.0761337
1,28288,1696071706.0955937
1,28352,1696071706.1183286
1,28416,1696071706.14178
1,28480,1696071706.1604116
1,28544,1696071706.1796136
1,28608,1696071706.1991549
1,28672,1696071706.2187023
1,28736,1696071706.2416546
1,28800,1696071706.2607286
1,28864,1696071706.278
1,28928,1696071706.3009079
1,28992,1696071706.3205054
1,29056,1696071706.3396611
1,29120,1696071706.3629658
1,29184,1696071706.3834043
1,29248,1696071706.4060986
1,29312,1696071706.4264772
1,29376,1696071706.4461944
1,29440,1696071706.469867
1,29504,1696071706.4885914
1,29568,1696071706.506525
1,29632,1696071706.529306
1,29696,1696071706.5504134
1,29760,1696071706.5703213
1,29824,1696071706.5916896
1,29888,1696071706.6115692
1,29952,1696071706.6323564
1,30016,1696071706.65438
1,30080,1696071706.6737278
1,30144,1696071706.6942346
1,30208,1696071706.7193677
1,30272,1696071706.7366583
1,30336,1696071706.7532825
1,30400,1696071706.7702234
1,30464,1696071706.7885804
1,30528,1696071706.8078523
1,30592,1696071706.830928
1,30656,1696071706.8514993
1,30720,1696071706.8742597
1,30784,1696071706.8985043
1,30848,1696071706.9181337
1,30912,1696071706.9403524
1,30976,1696071706.9623168
1,31040,1696071706.9837937
1,31104,1696071707.0034065
1,31168,1696071707.0239232
1,31232,1696071707.046591
1,31296,1696071707.0680714
1,31360,1696071707.087382
1,31424,1696071707.1085548
1,31488,1696071707.1304247
1,31552,1696071707.1504025
1,31616,1696071707.170427
1,31680,1696071707.189567
1,31744,1696071707.2134855
1,31808,1696071707.2325058
1,31872,1696071707.2505052
1,31936,1696071707.2723937
1,32000,1696071707.2946353
1,32064,1696071707.3139162
1,32128,1696071707.3360941
1,32192,1696071707.355619
1,32256,1696071707.3760993
1,32320,1696071707.3986204
1,32384,1696071707.4180489
1,32448,1696071707.4412463
1,32512,1696071707.4626327
1,32576,1696071707.4770002
1,32640,1696071707.498446
1,32704,1696071707.5191727
1,32768,1696071707.5424943
1,32832,1696071707.5622368
1,32896,1696071707.5820146
1,32960,1696071707.6023033
1,33024,1696071707.6251988
1,33088,1696071707.6440248
1,33152,1696071707.6626036
1,33216,1696071707.6857393
1,33280,1696071707.7065978
1,33344,1696071707.7261224
1,33408,1696071707.7481859
1,33472,1696071707.7695963
1,33536,1696071707.7904937
1,33600,1696071707.8099427
1,33664,1696071707.831976
1,33728,1696071707.8516376
1,33792,1696071707.8721309
1,33856,1696071707.8946877
1,33920,1696071707.914363
1,33984,1696071707.9360552
1,34048,1696071707.9586706
1,34112,1696071707.978513
1,34176,1696071708.0004983
1,34240,1696071708.0190127
1,34304,1696071708.0371394
1,34368,1696071708.052764
1,34432,1696071708.0721884
1,34496,1696071708.0911818
1,34560,1696071708.1123583
1,34624,1696071708.132321
1,34688,1696071708.1512227
1,34752,1696071708.1724834
1,34816,1696071708.1948822
1,34880,1696071708.214235
1,34944,1696071708.2368438
1,35008,1696071708.2556787
1,35072,1696071708.275638
1,35136,1696071708.2950594
1,35200,1696071708.3187504
1,35264,1696071708.3389122
1,35328,1696071708.365154
1,35392,1696071708.3827243
1,35456,1696071708.404334
1,35520,1696071708.4223106
1,35584,1696071708.4453063
1,35648,1696071708.4645965
1,35712,1696071708.4827466
1,35776,1696071708.5046778
1,35840,1696071708.5265162
1,35904,1696071708.5454037
1,35968,1696071708.5615313
1,36032,1696071708.5797396
1,36096,1696071708.6003172
1,36160,1696071708.6224797
1,36224,1696071708.6425443
1,36288,1696071708.6641486
1,36352,1696071708.6865315
1,36416,1696071708.7012475
1,36480,1696071708.7199075
1,36544,1696071708.7399015
1,36608,1696071708.7626367
1,36672,1696071708.7821858
1,36736,1696071708.804021
1,36800,1696071708.828521
1,36864,1696071708.8482118
1,36928,1696071708.8676295
1,36992,1696071708.890069
1,37056,1696071708.9072957
1,37120,1696071708.9277368
1,37184,1696071708.9503472
1,37248,1696071708.970209
1,37312,1696071708.991712
1,37376,1696071709.0134063
1,37440,1696071709.032006
1,37504,1696071709.0505393
1,37568,1696071709.0725348
1,37632,1696071709.094228
1,37696,1696071709.1140556
1,37760,1696071709.1338556
1,37824,1696071709.15166
1,37888,1696071709.1692266
1,37952,1696071709.1916847
1,38016,1696071709.2120981
1,38080,1696071709.2305853
1,38144,1696071709.2533617
1,38208,1696071709.2721093
1,38272,1696071709.290402
1,38336,1696071709.3125699
1,38400,1696071709.3345702
1,38464,1696071709.355715
1,38528,1696071709.375324
1,38592,1696071709.3958972
1,38656,1696071709.4187713
1,38720,1696071709.4374385
1,38784,1696071709.4571702
1,38848,1696071709.477338
1,38912,1696071709.4948556
1,38976,1696071709.510081
1,39040,1696071709.5319836
1,39104,1696071709.554453
1,39168,1696071709.5740626
1,39232,1696071709.5941045
1,39296,1696071709.6141462
1,39360,1696071709.636522
1,39424,1696071709.6588128
1,39488,1696071709.677238
1,39552,1696071709.702724
1,39616,1696071709.7204642
1,39680,1696071709.7377715
1,39744,1696071709.7598608
1,39808,1696071709.7802668
1,39872,1696071709.799602
1,39936,1696071709.8184297
1,40000,1696071709.841942
1,40064,1696071709.860772
1,40128,1696071709.8780622
1,40192,1696071709.9012656
1,40256,1696071709.920632
1,40320,1696071709.9384787
1,40384,1696071709.9586859
1,40448,1696071709.979496
1,40512,1696071709.9989388
1,40576,1696071710.02284
1,40640,1696071710.0433815
1,40704,1696071710.0687654
1,40768,1696071710.0881042
1,40832,1696071710.1065712
1,40896,1696071710.1275947
1,40960,1696071710.1486466
1,41024,1696071710.1683755
1,41088,1696071710.1882713
1,41152,1696071710.2106152
1,41216,1696071710.2255485
1,41280,1696071710.2453718
1,41344,1696071710.2629645
1,41408,1696071710.283824
1,41472,1696071710.302196
1,41536,1696071710.3257425
1,41600,1696071710.3464482
1,41664,1696071710.3679662
1,41728,1696071710.386156
1,41792,1696071710.4036474
1,41856,1696071710.421996
1,41920,1696071710.4430196
1,41984,1696071710.465791
1,42048,1696071710.4844787
1,42112,1696071710.5026834
1,42176,1696071710.5243146
1,42240,1696071710.5460136
1,42304,1696071710.567834
1,42368,1696071710.587419
1,42432,1696071710.6082027
1,42496,1696071710.6307607
1,42560,1696071710.6510196
1,42624,1696071710.6744595
1,42688,1696071710.696199
1,42752,1696071710.7161787
1,42816,1696071710.7359023
1,42880,1696071710.758776
1,42944,1696071710.7785542
1,43008,1696071710.796466
1,43072,1696071710.8150961
1,43136,1696071710.8389523
1,43200,1696071710.857696
1,43264,1696071710.8771837
1,43328,1696071710.892786
1,43392,1696071710.91163
1,43456,1696071710.9327593
1,43520,1696071710.9543033
1,43584,1696071710.9741666
1,43648,1696071710.9939132
1,43712,1696071711.0174417
1,43776,1696071711.0385187
1,43840,1696071711.057898
1,43904,1696071711.077561
1,43968,1696071711.096916
1,44032,1696071711.1210597
1,44096,1696071711.1390252
1,44160,1696071711.158887
1,44224,1696071711.1813457
1,44288,1696071711.2048604
1,44352,1696071711.2220273
1,44416,1696071711.2424538
1,44480,1696071711.2614617
1,44544,1696071711.2822754
1,44608,1696071711.2998698
1,44672,1696071711.3178816
1,44736,1696071711.33593
1,44800,1696071711.3551466
1,44864,1696071711.3739986
1,44928,1696071711.3930027
1,44992,1696071711.4116786
1,45056,1696071711.4304447
1,45120,1696071711.4490898
1,45184,1696071711.4677587
1,45248,1696071711.486724
1,45312,1696071711.5056863
1,45376,1696071711.524357
1,45440,1696071711.5437477
1,45504,1696071711.566705
1,45568,1696071711.5868745
1,45632,1696071711.6100805
1,45696,1696071711.628758
1,45760,1696071711.6456819
1,45824,1696071711.669432
1,45888,1696071711.6882503
1,45952,1696071711.7065105
1,46016,1696071711.7283778
1,46080,1696071711.7507238
1,46144,1696071711.7702882
1,46208,1696071711.7950397
1,46272,1696071711.8154109
1,46336,1696071711.8388581
1,46400,1696071711.8598416
1,46464,1696071711.8830125
1,46528,1696071711.9039757
1,46592,1696071711.9223223
1,46656,1696071711.945746
1,46720,1696071711.9646468
1,46784,1696071711.9819813
1,46848,1696071712.0058045
1,46912,1696071712.0245194
1,46976,1696071712.0435786
1,47040,1696071712.062667
1,47104,1696071712.0820644
1,47168,1696071712.1032703
1,47232,1696071712.1249268
1,47296,1696071712.141585
1,47360,1696071712.165538
1,47424,1696071712.1844149
1,47488,1696071712.2026296
1,47552,1696071712.2235894
1,47616,1696071712.2437387
1,47680,1696071712.2643096
1,47744,1696071712.2865586
1,47808,1696071712.3062227
1,47872,1696071712.3281982
1,47936,1696071712.3475916
1,48000,1696071712.3673005
1,48064,1696071712.3888376
1,48128,1696071712.4108233
1,48192,1696071712.4303472
1,48256,1696071712.4544911
1,48320,1696071712.4759574
1,48384,1696071712.4987218
1,48448,1696071712.5182614
1,48512,1696071712.5445743
1,48576,1696071712.5628874
1,48640,1696071712.5835602
1,48704,1696071712.6063433
1,48768,1696071712.6260505
1,48832,1696071712.6487145
1,48896,1696071712.6705213
1,48960,1696071712.6898034
1,49024,1696071712.7104838
1,49088,1696071712.730209
1,49152,1696071712.7541926
1,49216,1696071712.772674
1,49280,1696071712.7903364
1,49344,1696071712.8127928
1,49408,1696071712.8346975
1,49472,1696071712.8536546
1,49536,1696071712.874075
1,49600,1696071712.8968837
1,49664,1696071712.9121451
1,49728,1696071712.9324472
1,49792,1696071712.9524233
1,49856,1696071712.9720168
1,49920,1696071712.9898598
1,49984,1696071713.0134256
1,50000,1696071713.0398803
2,64,1696071713.3422122
2,128,1696071713.3591044
2,192,1696071713.3757648
2,256,1696071713.3940597
2,320,1696071713.4108984
2,384,1696071713.4281607
2,448,1696071713.4444966
2,512,1696071713.46082
2,576,1696071713.4779465
2,640,1696071713.497926
2,704,1696071713.5181572
2,768,1696071713.5361345
2,832,1696071713.552624
2,896,1696071713.5697927
2,960,1696071713.5871615
2,1024,1696071713.6049273
2,1088,1696071713.618627
2,1152,1696071713.6329696
2,1216,1696071713.6475291
2,1280,1696071713.6623027
2,1344,1696071713.676402
2,1408,1696071713.694356
2,1472,1696071713.7090144
2,1536,1696071713.722253
2,1600,1696071713.7367568
2,1664,1696071713.7505357
2,1728,1696071713.764943
2,1792,1696071713.7788
2,1856,1696071713.793283
2,1920,1696071713.8065152
2,1984,1696071713.8208904
2,2048,1696071713.834241
2,2112,1696071713.8487692
2,2176,1696071713.862546
2,2240,1696071713.8769486
2,2304,1696071713.8909082
2,2368,1696071713.905544
2,2432,1696071713.9203324
2,2496,1696071713.9345655
2,2560,1696071713.9489532
2,2624,1696071713.9623191
2,2688,1696071713.9767227
2,2752,1696071713.9901586
2,2816,1696071714.0047219
2,2880,1696071714.0185165
2,2944,1696071714.0328665
2,3008,1696071714.0472374
2,3072,1696071714.0616179
2,3136,1696071714.0751836
2,3200,1696071714.0893838
2,3264,1696071714.1030765
2,3328,1696071714.1172469
2,3392,1696071714.1306772
2,3456,1696071714.1450453
2,3520,1696071714.1582112
2,3584,1696071714.1726794
2,3648,1696071714.1865065
2,3712,1696071714.2009053
2,3776,1696071714.2152624
2,3840,1696071714.2296214
2,3904,1696071714.2431426
2,3968,1696071714.2573955
2,4032,1696071714.2705827
2,4096,1696071714.2849371
2,4160,1696071714.302895
2,4224,1696071714.3173995
2,4288,1696071714.331383
2,4352,1696071714.3457742
2,4416,1696071714.3603556
2,4480,1696071714.3743591
2,4544,1696071714.3887093
2,4608,1696071714.4023635
2,4672,1696071714.416806
2,4736,1696071714.4344542
2,4800,1696071714.4489236
2,4864,1696071714.4624996
2,4928,1696071714.47692
2,4992,1696071714.4909005
2,5056,1696071714.5055485
2,5120,1696071714.5193923
2,5184,1696071714.5337963
2,5248,1696071714.5483859
2,5312,1696071714.562466
2,5376,1696071714.5769503
2,5440,1696071714.590387
2,5504,1696071714.6048827
2,5568,1696071714.6182
2,5632,1696071714.6326303
2,5696,1696071714.6496396
2,5760,1696071714.6638806
2,5824,1696071714.6787472
2,5888,1696071714.6926095
2,5952,1696071714.7069561
2,6016,1696071714.7213478
2,6080,1696071714.7354102
2,6144,1696071714.749827
2,6208,1696071714.763797
2,6272,1696071714.778193
2,6336,1696071714.792678
2,6400,1696071714.8065517
2,6464,1696071714.8209567
2,6528,1696071714.8344874
2,6592,1696071714.8488662
2,6656,1696071714.862182
2,6720,1696071714.876513
2,6784,1696071714.8904214
2,6848,1696071714.9050639
2,6912,1696071714.9186482
2,6976,1696071714.932983
2,7040,1696071714.9469857
2,7104,1696071714.9617443
2,7168,1696071714.9759164
2,7232,1696071714.9903185
2,7296,1696071715.0046973
2,7360,1696071715.01892
2,7424,1696071715.0333285
2,7488,1696071715.046652
2,7552,1696071715.0610716
2,7616,1696071715.0744407
2,7680,1696071715.088894
2,7744,1696071715.1022446
2,7808,1696071715.1168532
2,7872,1696071715.1304448
2,7936,1696071715.144979
2,8000,1696071715.1581585
2,8064,1696071715.1730049
2,8128,1696071715.1866667
2,8192,1696071715.2011104
2,8256,1696071715.21433
2,8320,1696071715.2289577
2,8384,1696071715.24232
2,8448,1696071715.2567825
2,8512,1696071715.2704146
2,8576,1696071715.2851126
2,8640,1696071715.2983315
2,8704,1696071715.312961
2,8768,1696071715.326789
2,8832,1696071715.3405392
2,8896,1696071715.3543046
2,8960,1696071715.3688307
2,9024,1696071715.3823102
2,9088,1696071715.3966546
2,9152,1696071715.4120088
2,9216,1696071715.425678
2,9280,1696071715.4400036
2,9344,1696071715.453367
2,9408,1696071715.4682753
2,9472,1696071715.481713
2,9536,1696071715.4967432
2,9600,1696071715.5094535
2,9664,1696071715.5244954
2,9728,1696071715.5381634
2,9792,1696071715.5525527
2,9856,1696071715.5666041
2,9920,1696071715.5811605
2,9984,1696071715.5944877
2,10048,1696071715.6089
2,10112,1696071715.6224048
2,10176,1696071715.6371155
2,10240,1696071715.650399
2,10304,1696071715.6648362
2,10368,1696071715.6785507
2,10432,1696071715.6930022
2,10496,1696071715.7062802
2,10560,1696071715.7208173
2,10624,1696071715.7344158
2,10688,1696071715.7487836
2,10752,1696071715.7621698
2,10816,1696071715.7764378
2,10880,1696071715.7901297
2,10944,1696071715.8047378
2,11008,1696071715.8191965
2,11072,1696071715.8337312
2,11136,1696071715.8477917
2,11200,1696071715.8623304
2,11264,1696071715.876561
2,11328,1696071715.8904982
2,11392,1696071715.9050074
2,11456,1696071715.9183464
2,11520,1696071715.9326723
2,11584,1696071715.9460566
2,11648,1696071715.9609132
2,11712,1696071715.9743032
2,11776,1696071715.9887578
2,11840,1696071716.002458
2,11904,1696071716.017086
2,11968,1696071716.0310023
2,12032,1696071716.0453725
2,12096,1696071716.0591009
2,12160,1696071716.0734234
2,12224,1696071716.0873675
2,12288,1696071716.1017337
2,12352,1696071716.1156664
2,12416,1696071716.1303375
2,12480,1696071716.1444793
2,12544,1696071716.1584048
2,12608,1696071716.1728024
2,12672,1696071716.1870239
2,12736,1696071716.2016718
2,12800,1696071716.215597
2,12864,1696071716.2299638
2,12928,1696071716.243968
2,12992,1696071716.2579918
2,13056,1696071716.2714272
2,13120,1696071716.2856104
2,13184,1696071716.2989895
2,13248,1696071716.313091
2,13312,1696071716.3264775
2,13376,1696071716.3409634
2,13440,1696071716.3544166
2,13504,1696071716.368886
2,13568,1696071716.3822963
2,13632,1696071716.3969371
2,13696,1696071716.4108212
2,13760,1696071716.425187
2,13824,1696071716.439151
2,13888,1696071716.4534056
2,13952,1696071716.4672534
2,14016,1696071716.4816637
2,14080,1696071716.4957724
2,14144,1696071716.5100946
2,14208,1696071716.524349
2,14272,1696071716.5382605
2,14336,1696071716.5526495
2,14400,1696071716.5659492
2,14464,1696071716.5815172
2,14528,1696071716.5949101
2,14592,1696071716.6096158
2,14656,1696071716.62294
2,14720,1696071716.637291
2,14784,1696071716.6505928
2,14848,1696071716.6649854
2,14912,1696071716.678284
2,14976,1696071716.692885
2,15040,1696071716.7062278
2,15104,1696071716.7209132
2,15168,1696071716.7346408
2,15232,1696071716.7491586
2,15296,1696071716.7635036
2,15360,1696071716.7780151
2,15424,1696071716.7914488
2,15488,1696071716.8055875
2,15552,1696071716.8225808
2,15616,1696071716.837166
2,15680,1696071716.8505807
2,15744,1696071716.8649538
2,15808,1696071716.878251
2,15872,1696071716.8927193
2,15936,1696071716.9060955
2,16000,1696071716.9207444
2,16064,1696071716.9343164
2,16128,1696071716.94902
2,16192,1696071716.9630668
2,16256,1696071716.9775314
2,16320,1696071716.9909332
2,16384,1696071717.0052989
2,16448,1696071717.0184143
2,16512,1696071717.032842
2,16576,1696071717.0464034
2,16640,1696071717.061119
2,16704,1696071717.074305
2,16768,1696071717.0887632
2,16832,1696071717.102119
2,16896,1696071717.1168025
2,16960,1696071717.1307526
2,17024,1696071717.1450675
2,17088,1696071717.1588407
2,17152,1696071717.173171
2,17216,1696071717.1862624
2,17280,1696071717.2006223
2,17344,1696071717.2140257
2,17408,1696071717.2288778
2,17472,1696071717.2424417
2,17536,1696071717.2569063
2,17600,1696071717.2712011
2,17664,1696071717.2855818
2,17728,1696071717.2989757
2,17792,1696071717.3136039
2,17856,1696071717.3271017
2,17920,1696071717.3412807
2,17984,1696071717.355451
2,18048,1696071717.3698344
2,18112,1696071717.38338
2,18176,1696071717.3977334
2,18240,1696071717.4110918
2,18304,1696071717.4253345
2,18368,1696071717.43858
2,18432,1696071717.4529772
2,18496,1696071717.4665456
2,18560,1696071717.480921
2,18624,1696071717.494939
2,18688,1696071717.5093064
2,18752,1696071717.5230699
2,18816,1696071717.5375504
2,18880,1696071717.5516555
2,18944,1696071717.56622
2,19008,1696071717.5806625
2,19072,1696071717.5945203
2,19136,1696071717.6089876
2,19200,1696071717.6223361
2,19264,1696071717.6368062
2,19328,1696071717.650252
2,19392,1696071717.664637
2,19456,1696071717.678275
2,19520,1696071717.6930773
2,19584,1696071717.706268
2,19648,1696071717.720664
2,19712,1696071717.7343068
2,19776,1696071717.7488723
2,19840,1696071717.7621434
2,19904,1696071717.7768798
2,19968,1696071717.7901886
2,20032,1696071717.804596
2,20096,1696071717.8190334
2,20160,1696071717.8339849
2,20224,1696071717.8473573
2,20288,1696071717.8614173
2,20352,1696071717.8747616
2,20416,1696071717.889105
2,20480,1696071717.902375
2,20544,1696071717.9169395
2,20608,1696071717.93077
2,20672,1696071717.9451146
2,20736,1696071717.9586117
2,20800,1696071717.9729342
2,20864,1696071717.9862714
2,20928,1696071718.0006464
2,20992,1696071718.0142663
2,21056,1696071718.0289276
2,21120,1696071718.0421965
2,21184,1696071718.0567763
2,21248,1696071718.070586
2,21312,1696071718.0849009
2,21376,1696071718.0993454
2,21440,1696071718.113628
2,21504,1696071718.127021
2,21568,1696071718.1415837
2,21632,1696071718.1550577
2,21696,1696071718.1693628
2,21760,1696071718.1826804
2,21824,1696071718.1969635
2,21888,1696071718.210342
2,21952,1696071718.2247388
2,22016,1696071718.2381008
2,22080,1696071718.252688
2,22144,1696071718.2660341
2,22208,1696071718.2807379
2,22272,1696071718.2950294
2,22336,1696071718.309595
2,22400,1696071718.3235116
2,22464,1696071718.3379247
2,22528,1696071718.3520105
2,22592,1696071718.3661911
2,22656,1696071718.380701
2,22720,1696071718.3944724
2,22784,1696071718.4087481
2,22848,1696071718.4225895
2,22912,1696071718.437483
2,22976,1696071718.4509897
2,23040,1696071718.4653287
2,23104,1696071718.478409
2,23168,1696071718.4929454
2,23232,1696071718.5063298
2,23296,1696071718.5206568
2,23360,1696071718.5341656
2,23424,1696071718.5486567
2,23488,1696071718.5622046
2,23552,1696071718.5763562
2,23616,1696071718.5896907
2,23680,1696071718.604151
2,23744,1696071718.6174746
2,23808,1696071718.6324131
2,23872,1696071718.6458592
2,23936,1696071718.6600132
2,24000,1696071718.674364
2,24064,1696071718.6887016
2,24128,1696071718.702789
2,24192,1696071718.7171488
2,24256,1696071718.7308269
2,24320,1696071718.7455485
2,24384,1696071718.7590513
2,24448,1696071718.77351
2,24512,1696071718.7869048
2,24576,1696071718.8012547
2,24640,1696071718.8145106
2,24704,1696071718.8288312
2,24768,1696071718.842109
2,24832,1696071718.8567033
2,24896,1696071718.8699791
2,24960,1696071718.8846335
2,25024,1696071718.8984818
2,25088,1696071718.913519
2,25152,1696071718.9266727
2,25216,1696071718.941053
2,25280,1696071718.954828
2,25344,1696071718.9694545
2,25408,1696071718.983573
2,25472,1696071718.9981546
2,25536,1696071719.0123916
2,25600,1696071719.0261881
2,25664,1696071719.0405934
2,25728,1696071719.0542045
2,25792,1696071719.0684447
2,25856,1696071719.0821748
2,25920,1696071719.096267
2,25984,1696071719.1095362
2,26048,1696071719.1244674
2,26112,1696071719.138154
2,26176,1696071719.15251
2,26240,1696071719.1664128
2,26304,1696071719.1810362
2,26368,1696071719.1943762
2,26432,1696071719.208736
2,26496,1696071719.22253
2,26560,1696071719.2372503
2,26624,1696071719.2509441
2,26688,1696071719.265496
2,26752,1696071719.2794816
2,26816,1696071719.2938654
2,26880,1696071719.3078377
2,26944,1696071719.3220828
2,27008,1696071719.3403225
2,27072,1696071719.3571587
2,27136,1696071719.3706877
2,27200,1696071719.3851554
2,27264,1696071719.3984168
2,27328,1696071719.4127443
2,27392,1696071719.4264796
2,27456,1696071719.4408236
2,27520,1696071719.4543974
2,27584,1696071719.4686277
2,27648,1696071719.4822874
2,27712,1696071719.4965963
2,27776,1696071719.5110798
2,27840,1696071719.5252628
2,27904,1696071719.539396
2,27968,1696071719.5536964
2,28032,1696071719.5671804
2,28096,1696071719.5813103
2,28160,1696071719.5947976
2,28224,1696071719.6090505
2,28288,1696071719.6223056
2,28352,1696071719.6367807
2,28416,1696071719.6508133
2,28480,1696071719.6653726
2,28544,1696071719.6794307
2,28608,1696071719.694384
2,28672,1696071719.7087529
2,28736,1696071719.7224622
2,28800,1696071719.7369232
2,28864,1696071719.7502837
2,28928,1696071719.7647104
2,28992,1696071719.778501
2,29056,1696071719.7931082
2,29120,1696071719.8068795
2,29184,1696071719.8213358
2,29248,1696071719.835301
2,29312,1696071719.849889
2,29376,1696071719.8638837
2,29440,1696071719.8782725
2,29504,1696071719.892505
2,29568,1696071719.906402
2,29632,1696071719.9208202
2,29696,1696071719.9342108
2,29760,1696071719.9485223
2,29824,1696071719.962203
2,29888,1696071719.976543
2,29952,1696071719.9899566
2,30016,1696071720.0047078
2,30080,1696071720.0180688
2,30144,1696071720.0326965
2,30208,1696071720.0463974
2,30272,1696071720.0608525
2,30336,1696071720.0758257
2,30400,1696071720.089575
2,30464,1696071720.1046762
2,30528,1696071720.118382
2,30592,1696071720.1330328
2,30656,1696071720.146866
2,30720,1696071720.1617615
2,30784,1696071720.1756394
2,30848,1696071720.190007
2,30912,1696071720.2040584
2,30976,1696071720.2184744
2,31040,1696071720.2327778
2,31104,1696071720.2472587
2,31168,1696071720.264538
2,31232,1696071720.289003
2,31296,1696071720.3067596
2,31360,1696071720.3255792
2,31424,1696071720.3463063
2,31488,1696071720.3674836
2,31552,1696071720.387818
2,31616,1696071720.4107912
2,31680,1696071720.4314086
2,31744,1696071720.4499507
2,31808,1696071720.474133
2,31872,1696071720.4924734
2,31936,1696071720.5091968
2,32000,1696071720.5255885
2,32064,1696071720.551442
2,32128,1696071720.5706859
2,32192,1696071720.5853152
2,32256,1696071720.6090338
2,32320,1696071720.6265962
2,32384,1696071720.6456
2,32448,1696071720.6686552
2,32512,1696071720.6889718
2,32576,1696071720.7090569
2,32640,1696071720.7323241
2,32704,1696071720.7522244
2,32768,1696071720.7705626
2,32832,1696071720.791886
2,32896,1696071720.8117306
2,32960,1696071720.8323557
2,33024,1696071720.854569
2,33088,1696071720.8742073
2,33152,1696071720.8942149
2,33216,1696071720.9139264
2,33280,1696071720.9344523
2,33344,1696071720.9537024
2,33408,1696071720.9742422
2,33472,1696071720.9942572
2,33536,1696071721.0140328
2,33600,1696071721.033514
2,33664,1696071721.0533838
2,33728,1696071721.0691736
2,33792,1696071721.0891016
2,33856,1696071721.108094
2,33920,1696071721.1266365
2,33984,1696071721.1494675
2,34048,1696071721.1652505
2,34112,1696071721.183062
2,34176,1696071721.2030091
2,34240,1696071721.2254505
2,34304,1696071721.2460675
2,34368,1696071721.2695193
2,34432,1696071721.2886093
2,34496,1696071721.3062057
2,34560,1696071721.3226967
2,34624,1696071721.3399837
2,34688,1696071721.366653
2,34752,1696071721.3892543
2,34816,1696071721.4102945
2,34880,1696071721.4296162
2,34944,1696071721.4505193
2,35008,1696071721.4695718
2,35072,1696071721.4925928
2,35136,1696071721.5123765
2,35200,1696071721.5304005
2,35264,1696071721.5529509
2,35328,1696071721.5746105
2,35392,1696071721.5940225
2,35456,1696071721.6142263
2,35520,1696071721.63423
2,35584,1696071721.654251
2,35648,1696071721.6740432
2,35712,1696071721.694237
2,35776,1696071721.7134175
2,35840,1696071721.7330637
2,35904,1696071721.7530673
2,35968,1696071721.7727976
2,36032,1696071721.7943377
2,36096,1696071721.8097985
2,36160,1696071721.827507
2,36224,1696071721.8478096
2,36288,1696071721.8643157
2,36352,1696071721.8825016
2,36416,1696071721.9063208
2,36480,1696071721.9250953
2,36544,1696071721.9433813
2,36608,1696071721.9620743
2,36672,1696071721.9853985
2,36736,1696071722.004694
2,36800,1696071722.023531
2,36864,1696071722.039954
2,36928,1696071722.0567987
2,36992,1696071722.0738273
2,37056,1696071722.0921085
2,37120,1696071722.1149845
2,37184,1696071722.1347346
2,37248,1696071722.1546535
2,37312,1696071722.1693447
2,37376,1696071722.1899338
2,37440,1696071722.2103193
2,37504,1696071722.229996
2,37568,1696071722.2501903
2,37632,1696071722.270185
2,37696,1696071722.290091
2,37760,1696071722.3101203
2,37824,1696071722.3300867
2,37888,1696071722.3504043
2,37952,1696071722.3699455
2,38016,1696071722.3902695
2,38080,1696071722.4104156
2,38144,1696071722.4302769
2,38208,1696071722.4497402
2,38272,1696071722.4701226
2,38336,1696071722.4902055
2,38400,1696071722.5101647
2,38464,1696071722.5300877
2,38528,1696071722.550614
2,38592,1696071722.5700402
2,38656,1696071722.586637
2,38720,1696071722.6029074
2,38784,1696071722.6207683
2,38848,1696071722.6409538
2,38912,1696071722.6608558
2,38976,1696071722.6805983
2,39040,1696071722.7043936
2,39104,1696071722.7261856
2,39168,1696071722.7460377
2,39232,1696071722.7661767
2,39296,1696071722.7862139
2,39360,1696071722.8061774
2,39424,1696071722.8263817
2,39488,1696071722.8459072
2,39552,1696071722.8662868
2,39616,1696071722.8863273
2,39680,1696071722.9061625
2,39744,1696071722.925499
2,39808,1696071722.9466372
2,39872,1696071722.9665318
2,39936,1696071722.9878275
2,40000,1696071723.0082765
2,40064,1696071723.028718
2,40128,1696071723.0505838
2,40192,1696071723.0701787
2,40256,1696071723.0903134
2,40320,1696071723.1100078
2,40384,1696071723.1302476
2,40448,1696071723.1502593
2,40512,1696071723.1700783
2,40576,1696071723.1903334
2,40640,1696071723.2099051
2,40704,1696071723.230713
2,40768,1696071723.2508984
2,40832,1696071723.270777
2,40896,1696071723.2892916
2,40960,1696071723.3094203
2,41024,1696071723.328771
2,41088,1696071723.349492
2,41152,1696071723.3709197
2,41216,1696071723.389987
2,41280,1696071723.4056127
2,41344,1696071723.4285862
2,41408,1696071723.4479132
2,41472,1696071723.4676964
2,41536,1696071723.4867132
2,41600,1696071723.5108523
2,41664,1696071723.531446
2,41728,1696071723.5545905
2,41792,1696071723.5751781
2,41856,1696071723.596148
2,41920,1696071723.6166475
2,41984,1696071723.6384265
2,42048,1696071723.6579375
2,42112,1696071723.6797438
2,42176,1696071723.7011147
2,42240,1696071723.722805
2,42304,1696071723.7415802
2,42368,1696071723.7622175
2,42432,1696071723.7821753
2,42496,1696071723.8018582
2,42560,1696071723.8222182
2,42624,1696071723.8424196
2,42688,1696071723.8621519
2,42752,1696071723.8819244
2,42816,1696071723.9022715
2,42880,1696071723.9225721
2,42944,1696071723.9418404
2,43008,1696071723.9625106
2,43072,1696071723.9855242
2,43136,1696071724.004663
2,43200,1696071724.0226543
2,43264,1696071724.0446298
2,43328,1696071724.0665007
2,43392,1696071724.086309
2,43456,1696071724.1086743
2,43520,1696071724.1304016
2,43584,1696071724.1535256
2,43648,1696071724.1725993
2,43712,1696071724.191694
2,43776,1696071724.2101042
2,43840,1696071724.233973
2,43904,1696071724.25258
2,43968,1696071724.271573
2,44032,1696071724.2901297
2,44096,1696071724.3143835
2,44160,1696071724.3343272
2,44224,1696071724.3571439
2,44288,1696071724.378425
2,44352,1696071724.4007661
2,44416,1696071724.4226627
2,44480,1696071724.4423366
2,44544,1696071724.4661236
2,44608,1696071724.484763
2,44672,1696071724.5033138
2,44736,1696071724.5271196
2,44800,1696071724.5484848
2,44864,1696071724.5703247
2,44928,1696071724.5899696
2,44992,1696071724.6103642
2,45056,1696071724.630128
2,45120,1696071724.64956
2,45184,1696071724.670608
2,45248,1696071724.6905851
2,45312,1696071724.7144766
2,45376,1696071724.732794
2,45440,1696071724.7505083
2,45504,1696071724.7734742
2,45568,1696071724.7945364
2,45632,1696071724.8137572
2,45696,1696071724.8342373
2,45760,1696071724.854374
2,45824,1696071724.8739436
2,45888,1696071724.894034
2,45952,1696071724.9141994
2,46016,1696071724.9339838
2,46080,1696071724.9543524
2,46144,1696071724.974193
2,46208,1696071724.995873
2,46272,1696071725.016907
2,46336,1696071725.0385962
2,46400,1696071725.058184
2,46464,1696071725.0779655
2,46528,1696071725.0985723
2,46592,1696071725.1188123
2,46656,1696071725.1416752
2,46720,1696071725.1607895
2,46784,1696071725.1796782
2,46848,1696071725.1983337
2,46912,1696071725.22216
2,46976,1696071725.2372544
2,47040,1696071725.2610726
2,47104,1696071725.2810447
2,47168,1696071725.3001492
2,47232,1696071725.3187554
2,47296,1696071725.3405259
2,47360,1696071725.3626385
2,47424,1696071725.38185
2,47488,1696071725.4021473
2,47552,1696071725.4222877
2,47616,1696071725.441891
2,47680,1696071725.4620733
2,47744,1696071725.4823928
2,47808,1696071725.5015147
2,47872,1696071725.5215237
2,47936,1696071725.5502355
2,48000,1696071725.5719702
2,48064,1696071725.5945807
2,48128,1696071725.6175776
2,48192,1696071725.6386106
2,48256,1696071725.6581616
2,48320,1696071725.6747098
2,48384,1696071725.6939821
2,48448,1696071725.713635
2,48512,1696071725.7341335
2,48576,1696071725.754077
2,48640,1696071725.7738788
2,48704,1696071725.7940736
2,48768,1696071725.8140757
2,48832,1696071725.8342729
2,48896,1696071725.8542671
2,48960,1696071725.8747444
2,49024,1696071725.8936775
2,49088,1696071725.9113028
2,49152,1696071725.9278746
2,49216,1696071725.944746
2,49280,1696071725.961674
2,49344,1696071725.9791925
2,49408,1696071725.9957497
2,49472,1696071726.012672
2,49536,1696071726.0385807
2,49600,1696071726.0522773
2,49664,1696071726.067034
2,49728,1696071726.0806746
2,49792,1696071726.0948634
2,49856,1696071726.1092575
2,49920,1696071726.1234584
2,49984,1696071726.137743
2,50000,1696071726.1511462
3,64,1696071726.474475
3,128,1696071726.4883947
3,192,1696071726.5018497
3,256,1696071726.5148659
3,320,1696071726.5292027
3,384,1696071726.5419579
3,448,1696071726.5561254
3,512,1696071726.5689137
3,576,1696071726.5881164
3,640,1696071726.6067696
3,704,1696071726.624556
3,768,1696071726.6420872
3,832,1696071726.6604495
3,896,1696071726.678123
3,960,1696071726.6965094
3,1024,1696071726.7143555
3,1088,1696071726.7326007
3,1152,1696071726.7499218
3,1216,1696071726.7684476
3,1280,1696071726.7859905
3,1344,1696071726.8045015
3,1408,1696071726.8220987
3,1472,1696071726.850758
3,1536,1696071726.8719788
3,1600,1696071726.8930576
3,1664,1696071726.9122899
3,1728,1696071726.9368358
3,1792,1696071726.9584937
3,1856,1696071726.9779344
3,1920,1696071726.998219
3,1984,1696071727.0181148
3,2048,1696071727.0380735
3,2112,1696071727.0584483
3,2176,1696071727.0782
3,2240,1696071727.098006
3,2304,1696071727.1183045
3,2368,1696071727.1380293
3,2432,1696071727.1581895
3,2496,1696071727.1782227
3,2560,1696071727.1982386
3,2624,1696071727.2181506
3,2688,1696071727.238173
3,2752,1696071727.2531397
3,2816,1696071727.2771914
3,2880,1696071727.2958658
3,2944,1696071727.3166761
3,3008,1696071727.338806
3,3072,1696071727.3585496
3,3136,1696071727.3785195
3,3200,1696071727.397814
3,3264,1696071727.418389
3,3328,1696071727.4379325
3,3392,1696071727.458125
3,3456,1696071727.4780703
3,3520,1696071727.4980295
3,3584,1696071727.5185034
3,3648,1696071727.5384753
3,3712,1696071727.554594
3,3776,1696071727.5724359
3,3840,1696071727.5904024
3,3904,1696071727.6146653
3,3968,1696071727.6358912
3,4032,1696071727.6565597
3,4096,1696071727.6771915
3,4160,1696071727.700379
3,4224,1696071727.7220278
3,4288,1696071727.7424386
3,4352,1696071727.7619078
3,4416,1696071727.7825916
3,4480,1696071727.802437
3,4544,1696071727.8225827
3,4608,1696071727.8416266
3,4672,1696071727.8622212
3,4736,1696071727.882033
3,4800,1696071727.9021025
3,4864,1696071727.9222543
3,4928,1696071727.941878
3,4992,1696071727.9623325
3,5056,1696071727.9812937
3,5120,1696071728.000681
3,5184,1696071728.0245016
3,5248,1696071728.0464141
3,5312,1696071728.0660114
3,5376,1696071728.0864718
3,5440,1696071728.106196
3,5504,1696071728.1261437
3,5568,1696071728.14631
3,5632,1696071728.1660125
3,5696,1696071728.1861558
3,5760,1696071728.2060764
3,5824,1696071728.2263596
3,5888,1696071728.2460573
3,5952,1696071728.266318
3,6016,1696071728.2855053
3,6080,1696071728.306279
3,6144,1696071728.3325639
3,6208,1696071728.3524158
3,6272,1696071728.37245
3,6336,1696071728.389194
3,6400,1696071728.4067748
3,6464,1696071728.4250932
3,6528,1696071728.442679
3,6592,1696071728.4609284
3,6656,1696071728.478798
3,6720,1696071728.4979012
3,6784,1696071728.5180993
3,6848,1696071728.5382223
3,6912,1696071728.5580041
3,6976,1696071728.577954
3,7040,1696071728.5979984
3,7104,1696071728.6181266
3,7168,1696071728.6380131
3,7232,1696071728.65796
3,7296,1696071728.6759489
3,7360,1696071728.692616
3,7424,1696071728.7098794
3,7488,1696071728.726527
3,7552,1696071728.744537
3,7616,1696071728.7625449
3,7680,1696071728.7810817
3,7744,1696071728.79865
3,7808,1696071728.816555
3,7872,1696071728.834632
3,7936,1696071728.854341
3,8000,1696071728.8715787
3,8064,1696071728.8909347
3,8128,1696071728.9103327
3,8192,1696071728.9301429
3,8256,1696071728.9504359
3,8320,1696071728.9701183
3,8384,1696071728.9917538
3,8448,1696071729.0084121
3,8512,1696071729.0246565
3,8576,1696071729.0425477
3,8640,1696071729.0611334
3,8704,1696071729.078854
3,8768,1696071729.097253
3,8832,1696071729.114797
3,8896,1696071729.133545
3,8960,1696071729.1510425
3,9024,1696071729.1677213
3,9088,1696071729.1843326
3,9152,1696071729.2005816
3,9216,1696071729.218341
3,9280,1696071729.2368572
3,9344,1696071729.2548232
3,9408,1696071729.274059
3,9472,1696071729.294247
3,9536,1696071729.3144426
3,9600,1696071729.332066
3,9664,1696071729.3486507
3,9728,1696071729.3649824
3,9792,1696071729.3826914
3,9856,1696071729.4010882
3,9920,1696071729.4186354
3,9984,1696071729.436936
3,10048,1696071729.4546208
3,10112,1696071729.4728618
3,10176,1696071729.4907205
3,10240,1696071729.5090604
3,10304,1696071729.5266142
3,10368,1696071729.5450451
3,10432,1696071729.5630705
3,10496,1696071729.579738
3,10560,1696071729.596704
3,10624,1696071729.6137064
3,10688,1696071729.6296508
3,10752,1696071729.6484153
3,10816,1696071729.6663988
3,10880,1696071729.6849666
3,10944,1696071729.7026
3,11008,1696071729.721166
3,11072,1696071729.7388682
3,11136,1696071729.7572966
3,11200,1696071729.7746227
3,11264,1696071729.7930362
3,11328,1696071729.810838
3,11392,1696071729.8277488
3,11456,1696071729.8445776
3,11520,1696071729.860592
3,11584,1696071729.8788223
3,11648,1696071729.8956892
3,11712,1696071729.9122224
3,11776,1696071729.9285479
3,11840,1696071729.9465752
3,11904,1696071729.9651527
3,11968,1696071729.9826715
3,12032,1696071730.0010443
3,12096,1696071730.0189204
3,12160,1696071730.0376077
3,12224,1696071730.0547976
3,12288,1696071730.0730627
3,12352,1696071730.0907474
3,12416,1696071730.1089854
3,12480,1696071730.126809
3,12544,1696071730.144851
3,12608,1696071730.1627476
3,12672,1696071730.1796384
3,12736,1696071730.1965728
3,12800,1696071730.2129033
3,12864,1696071730.230053
3,12928,1696071730.2492268
3,12992,1696071730.2677877
3,13056,1696071730.2867017
3,13120,1696071730.3064275
3,13184,1696071730.3260486
3,13248,1696071730.3440382
3,13312,1696071730.3605645
3,13376,1696071730.3769975
3,13440,1696071730.3947196
3,13504,1696071730.4116507
3,13568,1696071730.4281733
3,13632,1696071730.4454632
3,13696,1696071730.4616597
3,13760,1696071730.4811494
3,13824,1696071730.4985955
3,13888,1696071730.5167003
3,13952,1696071730.5346124
3,14016,1696071730.5514555
3,14080,1696071730.5680697
3,14144,1696071730.584563
3,14208,1696071730.6024313
3,14272,1696071730.620966
3,14336,1696071730.6387627
3,14400,1696071730.657126
3,14464,1696071730.6748576
3,14528,1696071730.6915534
3,14592,1696071730.7080889
3,14656,1696071730.7243361
3,14720,1696071730.7423952
3,14784,1696071730.761437
3,14848,1696071730.7789712
3,14912,1696071730.7975128
3,14976,1696071730.8147523
3,15040,1696071730.833133
3,15104,1696071730.8509214
3,15168,1696071730.8676927
3,15232,1696071730.8842726
3,15296,1696071730.900611
3,15360,1696071730.9184437
3,15424,1696071730.937022
3,15488,1696071730.954675
3,15552,1696071730.97296
3,15616,1696071730.9908776
3,15680,1696071731.0100482
3,15744,1696071731.0301414
3,15808,1696071731.0503576
3,15872,1696071731.0704803
3,15936,1696071731.0902808
3,16000,1696071731.1079795
3,16064,1696071731.1245685
3,16128,1696071731.1418285
3,16192,1696071731.15846
3,16256,1696071731.1774354
3,16320,1696071731.1946754
3,16384,1696071731.2128665
3,16448,1696071731.2308428
3,16512,1696071731.249345
3,16576,1696071731.266516
3,16640,1696071731.2905452
3,16704,1696071731.306137
3,16768,1696071731.3257074
3,16832,1696071731.344571
3,16896,1696071731.3619697
3,16960,1696071731.3819356
3,17024,1696071731.4021022
3,17088,1696071731.4220977
3,17152,1696071731.4419355
3,17216,1696071731.4624197
3,17280,1696071731.4828148
3,17344,1696071731.50201
3,17408,1696071731.5222886
3,17472,1696071731.542267
3,17536,1696071731.5602334
3,17600,1696071731.5825408
3,17664,1696071731.6058145
3,17728,1696071731.626427
3,17792,1696071731.6462438
3,17856,1696071731.6658359
3,17920,1696071731.6863213
3,17984,1696071731.7060966
3,18048,1696071731.7261913
3,18112,1696071731.7463493
3,18176,1696071731.7660153
3,18240,1696071731.7893047
3,18304,1696071731.8102963
3,18368,1696071731.833066
3,18432,1696071731.854496
3,18496,1696071731.8746774
3,18560,1696071731.8990035
3,18624,1696071731.9204977
3,18688,1696071731.9426901
3,18752,1696071731.9574592
3,18816,1696071731.9808755
3,18880,1696071731.9986846
3,18944,1696071732.0188334
3,19008,1696071732.035538
3,19072,1696071732.0543191
3,19136,1696071732.073827
3,19200,1696071732.091183
3,19264,1696071732.1097386
3,19328,1696071732.1271734
3,19392,1696071732.1437156
3,19456,1696071732.1602387
3,19520,1696071732.176343
3,19584,1696071732.1940284
3,19648,1696071732.2182572
3,19712,1696071732.239953
3,19776,1696071732.2623236
3,19840,1696071732.285604
3,19904,1696071732.3066354
3,19968,1696071732.3268924
3,20032,1696071732.3505445
3,20096,1696071732.3657618
3,20160,1696071732.3851655
3,20224,1696071732.4065917
3,20288,1696071732.4263864
3,20352,1696071732.4467077
3,20416,1696071732.4662397
3,20480,1696071732.486511
3,20544,1696071732.5059009
3,20608,1696071732.5230129
3,20672,1696071732.5392609
3,20736,1696071732.5632257
3,20800,1696071732.583744
3,20864,1696071732.6049945
3,20928,1696071732.6252327
3,20992,1696071732.6446846
3,21056,1696071732.6649272
3,21120,1696071732.6853163
3,21184,1696071732.7046099
3,21248,1696071732.7288554
3,21312,1696071732.7504141
3,21376,1696071732.77
3,21440,1696071732.7904673
3,21504,1696071732.8104167
3,21568,1696071732.8268497
3,21632,1696071732.8447068
3,21696,1696071732.8626199
3,21760,1696071732.8796356
3,21824,1696071732.8962464
3,21888,1696071732.9127216
3,21952,1696071732.9308121
3,22016,1696071732.9490142
3,22080,1696071732.9667485
3,22144,1696071732.9853003
3,22208,1696071733.002722
3,22272,1696071733.02109
3,22336,1696071733.0385864
3,22400,1696071733.0570052
3,22464,1696071733.0789142
3,22528,1696071733.0981116
3,22592,1696071733.1186066
3,22656,1696071733.132598
3,22720,1696071733.1527777
3,22784,1696071733.1771715
3,22848,1696071733.1981757
3,22912,1696071733.2181165
3,22976,1696071733.2381935
3,23040,1696071733.2583632
3,23104,1696071733.2781491
3,23168,1696071733.2982602
3,23232,1696071733.3183177
3,23296,1696071733.3379714
3,23360,1696071733.3583255
3,23424,1696071733.378191
3,23488,1696071733.3983574
3,23552,1696071733.4178672
3,23616,1696071733.438564
3,23680,1696071733.458685
3,23744,1696071733.476623
3,23808,1696071733.4955544
3,23872,1696071733.514278
3,23936,1696071733.5319812
3,24000,1696071733.5484662
3,24064,1696071733.564609
3,24128,1696071733.5825026
3,24192,1696071733.6014705
3,24256,1696071733.6189463
3,24320,1696071733.643115
3,24384,1696071733.6640532
3,24448,1696071733.6851761
3,24512,1696071733.7086325
3,24576,1696071733.730193
3,24640,1696071733.750403
3,24704,1696071733.7702994
3,24768,1696071733.789979
3,24832,1696071733.8102622
3,24896,1696071733.830331
3,24960,1696071733.8498926
3,25024,1696071733.870198
3,25088,1696071733.8899915
3,25152,1696071733.9103837
3,25216,1696071733.9302173
3,25280,1696071733.950167
3,25344,1696071733.970154
3,25408,1696071733.9897113
3,25472,1696071734.0131226
3,25536,1696071734.034681
3,25600,1696071734.0532641
3,25664,1696071734.0709014
3,25728,1696071734.0872304
3,25792,1696071734.1036963
3,25856,1696071734.1197693
3,25920,1696071734.1366816
3,25984,1696071734.1539114
3,26048,1696071734.171202
3,26112,1696071734.189285
3,26176,1696071734.206808
3,26240,1696071734.2249384
3,26304,1696071734.24275
3,26368,1696071734.2595932
3,26432,1696071734.276432
3,26496,1696071734.293892
3,26560,1696071734.310512
3,26624,1696071734.3290215
3,26688,1696071734.347054
3,26752,1696071734.3636656
3,26816,1696071734.3801768
3,26880,1696071734.3962064
3,26944,1696071734.41444
3,27008,1696071734.4341922
3,27072,1696071734.4521146
3,27136,1696071734.4686668
3,27200,1696071734.4851394
3,27264,1696071734.502855
3,27328,1696071734.5213878
3,27392,1696071734.5388665
3,27456,1696071734.5573328
3,27520,1696071734.5750093
3,27584,1696071734.5935957
3,27648,1696071734.6109586
3,27712,1696071734.6292174
3,27776,1696071734.6470191
3,27840,1696071734.6653934
3,27904,1696071734.6827304
3,27968,1696071734.7009141
3,28032,1696071734.7187996
3,28096,1696071734.7370605
3,28160,1696071734.754169
3,28224,1696071734.7716095
3,28288,1696071734.7902272
3,28352,1696071734.8081326
3,28416,1696071734.8244174
3,28480,1696071734.841036
3,28544,1696071734.858595
3,28608,1696071734.8747008
3,28672,1696071734.890953
3,28736,1696071734.911926
3,28800,1696071734.9345858
3,28864,1696071734.9545157
3,28928,1696071734.9750087
3,28992,1696071734.9894288
3,29056,1696071735.0092661
3,29120,1696071735.0302932
3,29184,1696071735.049856
3,29248,1696071735.070264
3,29312,1696071735.09022
3,29376,1696071735.1100855
3,29440,1696071735.1305954
3,29504,1696071735.1508029
3,29568,1696071735.166763
3,29632,1696071735.1842887
3,29696,1696071735.202523
3,29760,1696071735.2206073
3,29824,1696071735.2396839
3,29888,1696071735.2576268
3,29952,1696071735.277384
3,30016,1696071735.294919
3,30080,1696071735.3137143
3,30144,1696071735.3310626
3,30208,1696071735.3478954
3,30272,1696071735.3641403
3,30336,1696071735.3799953
3,30400,1696071735.399223
3,30464,1696071735.4183528
3,30528,1696071735.444308
3,30592,1696071735.4664304
3,30656,1696071735.4853737
3,30720,1696071735.5026023
3,30784,1696071735.5193048
3,30848,1696071735.5357718
3,30912,1696071735.552254
3,30976,1696071735.5679488
3,31040,1696071735.5841885
3,31104,1696071735.6000063
3,31168,1696071735.6191938
3,31232,1696071735.636412
3,31296,1696071735.6525762
3,31360,1696071735.668757
3,31424,1696071735.6875346
3,31488,1696071735.70394
3,31552,1696071735.7204654
3,31616,1696071735.7374828
3,31680,1696071735.75397
3,31744,1696071735.7708685
3,31808,1696071735.7890532
3,31872,1696071735.806555
3,31936,1696071735.8247027
3,32000,1696071735.8426964
3,32064,1696071735.8615506
3,32128,1696071735.878694
3,32192,1696071735.8968318
3,32256,1696071735.9145365
3,32320,1696071735.933015
3,32384,1696071735.9507396
3,32448,1696071735.969267
3,32512,1696071735.9865475
3,32576,1696071736.0047846
3,32640,1696071736.0224457
3,32704,1696071736.0409563
3,32768,1696071736.0655224
3,32832,1696071736.0883157
3,32896,1696071736.109722
3,32960,1696071736.129291
3,33024,1696071736.1484654
3,33088,1696071736.1687243
3,33152,1696071736.1876059
3,33216,1696071736.206524
3,33280,1696071736.226291
3,33344,1696071736.2464213
3,33408,1696071736.265548
3,33472,1696071736.284608
3,33536,1696071736.3067272
3,33600,1696071736.3264844
3,33664,1696071736.3454177
3,33728,1696071736.3648703
3,33792,1696071736.383859
3,33856,1696071736.4029305
3,33920,1696071736.421583
3,33984,1696071736.4408937
3,34048,1696071736.4599786
3,34112,1696071736.4809337
3,34176,1696071736.5007787
3,34240,1696071736.5267706
3,34304,1696071736.543132
3,34368,1696071736.562648
3,34432,1696071736.581571
3,34496,1696071736.6008089
3,34560,1696071736.6197805
3,34624,1696071736.639159
3,34688,1696071736.6574557
3,34752,1696071736.6766267
3,34816,1696071736.6957595
3,34880,1696071736.716327
3,34944,1696071736.7328546
3,35008,1696071736.7493272
3,35072,1696071736.7670312
3,35136,1696071736.787401
3,35200,1696071736.8042078
3,35264,1696071736.82012
3,35328,1696071736.8364189
3,35392,1696071736.8527768
3,35456,1696071736.870564
3,35520,1696071736.8891037
3,35584,1696071736.906495
3,35648,1696071736.9249196
3,35712,1696071736.9427629
3,35776,1696071736.9611943
3,35840,1696071736.978584
3,35904,1696071736.9967158
3,35968,1696071737.0143747
3,36032,1696071737.0326667
3,36096,1696071737.0506132
3,36160,1696071737.0676975
3,36224,1696071737.0934155
3,36288,1696071737.113225
3,36352,1696071737.1346653
3,36416,1696071737.1481793
3,36480,1696071737.1697671
3,36544,1696071737.1852486
3,36608,1696071737.2090726
3,36672,1696071737.2281203
3,36736,1696071737.252166
3,36800,1696071737.2743688
3,36864,1696071737.294027
3,36928,1696071737.314409
3,36992,1696071737.333972
3,37056,1696071737.3543274
3,37120,1696071737.37478
3,37184,1696071737.3884504
3,37248,1696071737.407847
3,37312,1696071737.4332922
3,37376,1696071737.4517229
3,37440,1696071737.4729457
3,37504,1696071737.4933255
3,37568,1696071737.5128388
3,37632,1696071737.5365567
3,37696,1696071737.5582857
3,37760,1696071737.5781462
3,37824,1696071737.598271
3,37888,1696071737.6181562
3,37952,1696071737.6381137
3,38016,1696071737.6582491
3,38080,1696071737.6780903
3,38144,1696071737.698242
3,38208,1696071737.7184267
3,38272,1696071737.7379053
3,38336,1696071737.7584891
3,38400,1696071737.778312
3,38464,1696071737.7944179
3,38528,1696071737.8125079
3,38592,1696071737.830602
3,38656,1696071737.8492804
3,38720,1696071737.8666928
3,38784,1696071737.8846457
3,38848,1696071737.9026978
3,38912,1696071737.921075
3,38976,1696071737.9386942
3,39040,1696071737.9553347
3,39104,1696071737.9718175
3,39168,1696071737.9876633
3,39232,1696071738.0064423
3,39296,1696071738.0249004
3,39360,1696071738.0430236
3,39424,1696071738.0620759
3,39488,1696071738.079626
3,39552,1696071738.0963535
3,39616,1696071738.112592
3,39680,1696071738.1276252
3,39744,1696071738.152847
3,39808,1696071738.1722145
3,39872,1696071738.1928566
3,39936,1696071738.2133744
3,40000,1696071738.2367356
3,40064,1696071738.2584088
3,40128,1696071738.2781825
3,40192,1696071738.2982755
3,40256,1696071738.3180916
3,40320,1696071738.3383427
3,40384,1696071738.3579893
3,40448,1696071738.3783367
3,40512,1696071738.397777
3,40576,1696071738.418529
3,40640,1696071738.438032
3,40704,1696071738.4585066
3,40768,1696071738.478272
3,40832,1696071738.4979565
3,40896,1696071738.51814
3,40960,1696071738.538345
3,41024,1696071738.5580208
3,41088,1696071738.5783317
3,41152,1696071738.597962
3,41216,1696071738.6185071
3,41280,1696071738.6384907
3,41344,1696071738.6584125
3,41408,1696071738.6779408
3,41472,1696071738.6984806
3,41536,1696071738.7179856
3,41600,1696071738.7383778
3,41664,1696071738.7579722
3,41728,1696071738.7784677
3,41792,1696071738.7980943
3,41856,1696071738.8182049
3,41920,1696071738.8384595
3,41984,1696071738.858139
3,42048,1696071738.8781817
3,42112,1696071738.898438
3,42176,1696071738.9175422
3,42240,1696071738.9383204
3,42304,1696071738.957824
3,42368,1696071738.978087
3,42432,1696071738.9983606
3,42496,1696071739.018201
3,42560,1696071739.0379708
3,42624,1696071739.0580058
3,42688,1696071739.0781908
3,42752,1696071739.0981727
3,42816,1696071739.118187
3,42880,1696071739.141313
3,42944,1696071739.1618433
3,43008,1696071739.1822774
3,43072,1696071739.203726
3,43136,1696071739.2227502
3,43200,1696071739.2416449
3,43264,1696071739.260525
3,43328,1696071739.2835867
3,43392,1696071739.3068619
3,43456,1696071739.333687
3,43520,1696071739.3611658
3,43584,1696071739.3774915
3,43648,1696071739.3984146
3,43712,1696071739.4185941
3,43776,1696071739.4375317
3,43840,1696071739.456734
3,43904,1696071739.4756331
3,43968,1696071739.4947298
3,44032,1696071739.5135562
3,44096,1696071739.5327137
3,44160,1696071739.5517375
3,44224,1696071739.5708802
3,44288,1696071739.5905862
3,44352,1696071739.6095035
3,44416,1696071739.6284242
3,44480,1696071739.652228
3,44544,1696071739.6754403
3,44608,1696071739.701524
3,44672,1696071739.722021
3,44736,1696071739.7488616
3,44800,1696071739.7763064
3,44864,1696071739.7920637
3,44928,1696071739.8118937
3,44992,1696071739.8309307
3,45056,1696071739.850523
3,45120,1696071739.87035
3,45184,1696071739.8905091
3,45248,1696071739.910368
3,45312,1696071739.9304967
3,45376,1696071739.9495351
3,45440,1696071739.9686797
3,45504,1696071739.9890597
3,45568,1696071740.0101085
3,45632,1696071740.0293136
3,45696,1696071740.049763
3,45760,1696071740.0688243
3,45824,1696071740.0881271
3,45888,1696071740.1089513
3,45952,1696071740.1302147
3,46016,1696071740.1502671
3,46080,1696071740.1703434
3,46144,1696071740.1903274
3,46208,1696071740.209455
3,46272,1696071740.2286594
3,46336,1696071740.2489066
3,46400,1696071740.2702744
3,46464,1696071740.2899153
3,46528,1696071740.3093607
3,46592,1696071740.3285725
3,46656,1696071740.3475418
3,46720,1696071740.3664455
3,46784,1696071740.3855662
3,46848,1696071740.4047194
3,46912,1696071740.4236472
3,46976,1696071740.4426944
3,47040,1696071740.4621089
3,47104,1696071740.4810069
3,47168,1696071740.5005841
3,47232,1696071740.5230916
3,47296,1696071740.5432634
3,47360,1696071740.5614734
3,47424,1696071740.580476
3,47488,1696071740.6033862
3,47552,1696071740.6267164
3,47616,1696071740.6541126
3,47680,1696071740.6756535
3,47744,1696071740.7003279
3,47808,1696071740.7230542
3,47872,1696071740.7489524
3,47936,1696071740.7766893
3,48000,1696071740.7923026
3,48064,1696071740.8120487
3,48128,1696071740.8311448
3,48192,1696071740.850558
3,48256,1696071740.8692431
3,48320,1696071740.8897743
3,48384,1696071740.9092245
3,48448,1696071740.9293885
3,48512,1696071740.9536684
3,48576,1696071740.97279
3,48640,1696071740.9917438
3,48704,1696071741.0109472
3,48768,1696071741.0296586
3,48832,1696071741.0488496
3,48896,1696071741.0677688
3,48960,1696071741.0867946
3,49024,1696071741.1055415
3,49088,1696071741.124441
3,49152,1696071741.1453872
3,49216,1696071741.1617956
3,49280,1696071741.1906166
3,49344,1696071741.2097814
3,49408,1696071741.239076
3,49472,1696071741.2650714
3,49536,1696071741.2857177
3,49600,1696071741.3034782
3,49664,1696071741.321926
3,49728,1696071741.339596
3,49792,1696071741.3574305
3,49856,1696071741.375162
3,49920,1696071741.3935382
3,49984,1696071741.4114275
3,50000,1696071741.4296422
4,64,1696071741.7726464
4,128,1696071741.7943835
4,192,1696071741.8142307
4,256,1696071741.83448
4,320,1696071741.854052
4,384,1696071741.8742783
4,448,1696071741.8944786
4,512,1696071741.914133
4,576,1696071741.9342158
4,640,1696071741.9543998
4,704,1696071741.9742723
4,768,1696071741.9939137
4,832,1696071742.0142164
4,896,1696071742.034149
4,960,1696071742.0540845
4,1024,1696071742.0742843
4,1088,1696071742.0939503
4,1152,1696071742.1143925
4,1216,1696071742.1340184
4,1280,1696071742.1543887
4,1344,1696071742.174343
4,1408,1696071742.1944017
4,1472,1696071742.2140794
4,1536,1696071742.2344217
4,1600,1696071742.2540264
4,1664,1696071742.2741487
4,1728,1696071742.2942436
4,1792,1696071742.3147597
4,1856,1696071742.3334205
4,1920,1696071742.3513823
