epoch,trained_sample,time
1,0,1695613898.7085555
1,32,1695613899.9400127
1,64,1695613899.974763
1,96,1695613900.0149071
1,128,1695613900.046905
1,160,1695613900.0860777
1,192,1695613900.1257741
1,224,1695613900.1654708
1,256,1695613900.2051668
1,288,1695613900.245282
1,320,1695613900.2857292
1,352,1695613900.3266506
1,384,1695613900.3615785
1,416,1695613900.399122
1,448,1695613900.4311824
1,480,1695613900.4733047
1,512,1695613900.5033092
1,544,1695613900.5427558
1,576,1695613900.582788
1,608,1695613900.6207287
1,640,1695613900.654615
1,672,1695613900.690083
1,704,1695613900.7313209
1,736,1695613900.771979
1,768,1695613900.8064058
1,800,1695613900.843635
1,832,1695613900.8855207
1,864,1695613900.9258087
1,896,1695613900.9583719
1,928,1695613900.9941292
1,960,1695613901.0352757
1,992,1695613901.0758111
1,1024,1695613901.106539
1,1056,1695613901.1419244
1,1088,1695613901.1832097
1,1120,1695613901.2229607
1,1152,1695613901.254715
1,1184,1695613901.2942038
1,1216,1695613901.329773
1,1248,1695613901.3710966
1,1280,1695613901.402868
1,1312,1695613901.437784
1,1344,1695613901.479215
1,1376,1695613901.5190108
1,1408,1695613901.5579412
1,1440,1695613901.6036015
1,1472,1695613901.6439025
1,1504,1695613901.682913
1,1536,1695613901.7146592
1,1568,1695613901.7501218
1,1600,1695613901.7920847
1,1632,1695613901.8375373
1,1664,1695613901.8687105
1,1696,1695613901.9069827
1,1728,1695613901.9467933
1,1760,1695613901.9868577
1,1792,1695613902.0218399
1,1824,1695613902.05759
1,1856,1695613902.0991032
1,1888,1695613902.1399174
1,1920,1695613902.1709902
1,1952,1695613902.2074904
1,1984,1695613902.2449367
1,2016,1695613902.2863376
1,2048,1695613902.318535
1,2080,1695613902.358165
1,2112,1695613902.398374
1,2144,1695613902.4391425
1,2176,1695613902.470815
1,2208,1695613902.5071697
1,2240,1695613902.547887
1,2272,1695613902.5891604
1,2304,1695613902.6229038
1,2336,1695613902.6629221
1,2368,1695613902.7041354
1,2400,1695613902.7430203
1,2432,1695613902.7746916
1,2464,1695613902.8111014
1,2496,1695613902.851902
1,2528,1695613902.891011
1,2560,1695613902.9225824
1,2592,1695613902.9579775
1,2624,1695613903.00002
1,2656,1695613903.0385962
1,2688,1695613903.0721107
1,2720,1695613903.1161232
1,2752,1695613903.154843
1,2784,1695613903.194283
1,2816,1695613903.225275
1,2848,1695613903.265495
1,2880,1695613903.305526
1,2912,1695613903.3455024
1,2944,1695613903.378753
1,2976,1695613903.414444
1,3008,1695613903.4544334
1,3040,1695613903.4942532
1,3072,1695613903.5265503
1,3104,1695613903.561749
1,3136,1695613903.5977736
1,3168,1695613903.635212
1,3200,1695613903.6679978
1,3232,1695613903.703766
1,3264,1695613903.7444136
1,3296,1695613903.7830098
1,3328,1695613903.8124042
1,3360,1695613903.8499177
1,3392,1695613903.8912573
1,3424,1695613903.9318712
1,3456,1695613903.962637
1,3488,1695613903.999341
1,3520,1695613904.0390775
1,3552,1695613904.0854876
1,3584,1695613904.114911
1,3616,1695613904.15355
1,3648,1695613904.1944401
1,3680,1695613904.2341921
1,3712,1695613904.2664785
1,3744,1695613904.2986395
1,3776,1695613904.3341436
1,3808,1695613904.3640974
1,3840,1695613904.3984346
1,3872,1695613904.4307344
1,3904,1695613904.4626145
1,3936,1695613904.5044096
1,3968,1695613904.536014
1,4000,1695613904.573642
1,4032,1695613904.6140246
1,4064,1695613904.6509411
1,4096,1695613904.6836655
1,4128,1695613904.7197783
1,4160,1695613904.7613814
1,4192,1695613904.7991095
1,4224,1695613904.8307676
1,4256,1695613904.8660278
1,4288,1695613904.9049265
1,4320,1695613904.943534
1,4352,1695613904.9748065
1,4384,1695613905.0101233
1,4416,1695613905.0521336
1,4448,1695613905.0938003
1,4480,1695613905.1229877
1,4512,1695613905.1659968
1,4544,1695613905.2063851
1,4576,1695613905.2449884
1,4608,1695613905.281157
1,4640,1695613905.321468
1,4672,1695613905.361658
1,4704,1695613905.3990643
1,4736,1695613905.431989
1,4768,1695613905.4685924
1,4800,1695613905.502351
1,4832,1695613905.5440643
1,4864,1695613905.5754414
1,4896,1695613905.613593
1,4928,1695613905.6561098
1,4960,1695613905.697537
1,4992,1695613905.7290106
1,5024,1695613905.7648113
1,5056,1695613905.8064528
1,5088,1695613905.8471406
1,5120,1695613905.878793
1,5152,1695613905.913361
1,5184,1695613905.9472704
1,5216,1695613905.986814
1,5248,1695613906.0179374
1,5280,1695613906.0578518
1,5312,1695613906.0986526
1,5344,1695613906.138819
1,5376,1695613906.1738384
1,5408,1695613906.21001
1,5440,1695613906.2489128
1,5472,1695613906.2905622
1,5504,1695613906.32583
1,5536,1695613906.3619676
1,5568,1695613906.4025176
1,5600,1695613906.4430249
1,5632,1695613906.4745631
1,5664,1695613906.5101829
1,5696,1695613906.551993
1,5728,1695613906.593327
1,5760,1695613906.6247888
1,5792,1695613906.6651094
1,5824,1695613906.705854
1,5856,1695613906.7459953
1,5888,1695613906.7772875
1,5920,1695613906.818989
1,5952,1695613906.86098
1,5984,1695613906.898227
1,6016,1695613906.931231
1,6048,1695613906.9707634
1,6080,1695613907.0120106
1,6112,1695613907.0530574
1,6144,1695613907.084559
1,6176,1695613907.124197
1,6208,1695613907.1560907
1,6240,1695613907.1987565
1,6272,1695613907.2304952
1,6304,1695613907.270537
1,6336,1695613907.3110228
1,6368,1695613907.3508837
1,6400,1695613907.3827374
1,6432,1695613907.4255893
1,6464,1695613907.4630778
1,6496,1695613907.5039592
1,6528,1695613907.5349398
1,6560,1695613907.578503
1,6592,1695613907.615136
1,6624,1695613907.655883
1,6656,1695613907.6876066
1,6688,1695613907.7300754
1,6720,1695613907.769601
1,6752,1695613907.8101785
1,6784,1695613907.8424866
1,6816,1695613907.8826249
1,6848,1695613907.9229636
1,6880,1695613907.9637778
1,6912,1695613907.9948146
1,6944,1695613908.0348053
1,6976,1695613908.0763257
1,7008,1695613908.1069922
1,7040,1695613908.1431303
1,7072,1695613908.1793325
1,7104,1695613908.2200933
1,7136,1695613908.2613146
1,7168,1695613908.2924166
1,7200,1695613908.3344533
1,7232,1695613908.3749702
1,7264,1695613908.4159613
1,7296,1695613908.4468772
1,7328,1695613908.4900064
1,7360,1695613908.5303738
1,7392,1695613908.5688438
1,7424,1695613908.6030536
1,7456,1695613908.642646
1,7488,1695613908.686391
1,7520,1695613908.727043
1,7552,1695613908.7595632
1,7584,1695613908.798723
1,7616,1695613908.8304334
1,7648,1695613908.8694692
1,7680,1695613908.9007702
1,7712,1695613908.9355001
1,7744,1695613908.9715486
1,7776,1695613909.0025144
1,7808,1695613909.0344877
1,7840,1695613909.0746334
1,7872,1695613909.106814
1,7904,1695613909.1430464
1,7936,1695613909.1756558
1,7968,1695613909.2184968
1,8000,1695613909.2504656
1,8032,1695613909.2863905
1,8064,1695613909.3184903
1,8096,1695613909.3618188
1,8128,1695613909.394417
1,8160,1695613909.4267843
1,8192,1695613909.465841
1,8224,1695613909.4953396
1,8256,1695613909.5296504
1,8288,1695613909.5695019
1,8320,1695613909.600557
1,8352,1695613909.6356559
1,8384,1695613909.673346
1,8416,1695613909.70465
1,8448,1695613909.73926
1,8480,1695613909.7723212
1,8512,1695613909.8096373
1,8544,1695613909.840244
1,8576,1695613909.8824804
1,8608,1695613909.9143522
1,8640,1695613909.9467995
1,8672,1695613909.9857953
1,8704,1695613910.018669
1,8736,1695613910.051392
1,8768,1695613910.0900183
1,8800,1695613910.1223202
1,8832,1695613910.1581128
1,8864,1695613910.1874523
1,8896,1695613910.2269764
1,8928,1695613910.2623758
1,8960,1695613910.3021855
1,8992,1695613910.3368392
1,9024,1695613910.3704157
1,9056,1695613910.413419
1,9088,1695613910.444666
1,9120,1695613910.480802
1,9152,1695613910.5211036
1,9184,1695613910.5500953
1,9216,1695613910.5903208
1,9248,1695613910.627263
1,9280,1695613910.6585793
1,9312,1695613910.702441
1,9344,1695613910.7429132
1,9376,1695613910.774213
1,9408,1695613910.8129573
1,9440,1695613910.846502
1,9472,1695613910.8791041
1,9504,1695613910.9280005
1,9536,1695613910.9587748
1,9568,1695613910.998165
1,9600,1695613911.0333443
1,9632,1695613911.066354
1,9664,1695613911.0998492
1,9696,1695613911.1382298
1,9728,1695613911.1706634
1,9760,1695613911.209858
1,9792,1695613911.241419
1,9824,1695613911.2755744
1,9856,1695613911.3125186
1,9888,1695613911.3493547
1,9920,1695613911.3824568
1,9952,1695613911.4190838
1,9984,1695613911.4510264
1,10016,1695613911.490669
1,10048,1695613911.5227492
1,10080,1695613911.5620046
1,10112,1695613911.598527
1,10144,1695613911.6346812
1,10176,1695613911.6669178
1,10208,1695613911.7059243
1,10240,1695613911.741638
1,10272,1695613911.7785776
1,10304,1695613911.8140352
1,10336,1695613911.8466792
1,10368,1695613911.890297
1,10400,1695613911.9226613
1,10432,1695613911.9548907
1,10464,1695613912.0016859
1,10496,1695613912.0346923
1,10528,1695613912.064473
1,10560,1695613912.1010096
1,10592,1695613912.1356456
1,10624,1695613912.1714256
1,10656,1695613912.2075486
1,10688,1695613912.2436872
1,10720,1695613912.2859313
1,10752,1695613912.3168688
1,10784,1695613912.3515527
1,10816,1695613912.3906896
1,10848,1695613912.422804
1,10880,1695613912.4634006
1,10912,1695613912.494292
1,10944,1695613912.5302243
1,10976,1695613912.5637386
1,11008,1695613912.6019082
1,11040,1695613912.6344619
1,11072,1695613912.670046
1,11104,1695613912.707146
1,11136,1695613912.742684
1,11168,1695613912.7746546
1,11200,1695613912.8153389
1,11232,1695613912.8531084
1,11264,1695613912.884605
1,11296,1695613912.922498
1,11328,1695613912.9582462
1,11360,1695613912.9907517
1,11392,1695613913.0294201
1,11424,1695613913.0624948
1,11456,1695613913.098338
1,11488,1695613913.131638
1,11520,1695613913.170719
1,11552,1695613913.2069314
1,11584,1695613913.239809
1,11616,1695613913.2782025
1,11648,1695613913.3137655
1,11680,1695613913.3464844
1,11712,1695613913.3835208
1,11744,1695613913.4223378
1,11776,1695613913.4582033
1,11808,1695613913.4937074
1,11840,1695613913.5256846
1,11872,1695613913.5626166
1,11904,1695613913.5984814
1,11936,1695613913.6351473
1,11968,1695613913.6711187
1,12000,1695613913.7026746
1,12032,1695613913.7469823
1,12064,1695613913.7785652
1,12096,1695613913.8178296
1,12128,1695613913.8507133
1,12160,1695613913.886235
1,12192,1695613913.9220731
1,12224,1695613913.954525
1,12256,1695613913.991305
1,12288,1695613914.0272624
1,12320,1695613914.0591316
1,12352,1695613914.098781
1,12384,1695613914.1317163
1,12416,1695613914.1702566
1,12448,1695613914.202512
1,12480,1695613914.2421703
1,12512,1695613914.274634
1,12544,1695613914.310806
1,12576,1695613914.3430161
1,12608,1695613914.3819506
1,12640,1695613914.414665
1,12672,1695613914.4526942
1,12704,1695613914.4868674
1,12736,1695613914.5193768
1,12768,1695613914.5585248
1,12800,1695613914.5914016
1,12832,1695613914.6294167
1,12864,1695613914.6606083
1,12896,1695613914.6960583
1,12928,1695613914.7338219
1,12960,1695613914.7665637
1,12992,1695613914.8057363
1,13024,1695613914.8386686
1,13056,1695613914.8709552
1,13088,1695613914.9099786
1,13120,1695613914.9425452
1,13152,1695613914.981567
1,13184,1695613915.014844
1,13216,1695613915.0502186
1,13248,1695613915.083564
1,13280,1695613915.1216557
1,13312,1695613915.15458
1,13344,1695613915.191385
1,13376,1695613915.2275553
1,13408,1695613915.2597983
1,13440,1695613915.2978432
1,13472,1695613915.3318486
1,13504,1695613915.3661635
1,13536,1695613915.4022298
1,13568,1695613915.4343941
1,13600,1695613915.4737484
1,13632,1695613915.506367
1,13664,1695613915.5425017
1,13696,1695613915.5782783
1,13728,1695613915.6113775
1,13760,1695613915.649868
1,13792,1695613915.679279
1,13824,1695613915.721644
1,13856,1695613915.7528439
1,13888,1695613915.7882192
1,13920,1695613915.8259346
1,13952,1695613915.8597097
1,13984,1695613915.8970942
1,14016,1695613915.930434
1,14048,1695613915.963061
1,14080,1695613916.0026326
1,14112,1695613916.0347505
1,14144,1695613916.0745153
1,14176,1695613916.107466
1,14208,1695613916.146354
1,14240,1695613916.1819026
1,14272,1695613916.2152214
1,14304,1695613916.2512639
1,14336,1695613916.2873092
1,14368,1695613916.31859
1,14400,1695613916.3577893
1,14432,1695613916.3985653
1,14464,1695613916.428103
1,14496,1695613916.467087
1,14528,1695613916.4996624
1,14560,1695613916.5380943
1,14592,1695613916.5707822
1,14624,1695613916.6102767
1,14656,1695613916.645954
1,14688,1695613916.6785636
1,14720,1695613916.715233
1,14752,1695613916.7539022
1,14784,1695613916.7868428
1,14816,1695613916.8248982
1,14848,1695613916.8583956
1,14880,1695613916.8904831
1,14912,1695613916.9254298
1,14944,1695613916.961857
1,14976,1695613917.003159
1,15008,1695613917.0346458
1,15040,1695613917.0679085
1,15072,1695613917.1031723
1,15104,1695613917.1393006
1,15136,1695613917.171141
1,15168,1695613917.205844
1,15200,1695613917.240438
1,15232,1695613917.2754638
1,15264,1695613917.3082006
1,15296,1695613917.3456752
1,15328,1695613917.3827026
1,15360,1695613917.4180834
1,15392,1695613917.450595
1,15424,1695613917.483304
1,15456,1695613917.5222917
1,15488,1695613917.5544872
1,15520,1695613917.5972478
1,15552,1695613917.6285954
1,15584,1695613917.6635935
1,15616,1695613917.7015524
1,15648,1695613917.7328694
1,15680,1695613917.7676597
1,15712,1695613917.8057287
1,15744,1695613917.8367443
1,15776,1695613917.8743465
1,15808,1695613917.9077003
1,15840,1695613917.9395957
1,15872,1695613917.9777606
1,15904,1695613918.0077505
1,15936,1695613918.0460875
1,15968,1695613918.0786257
1,16000,1695613918.1143456
1,16032,1695613918.146793
1,16064,1695613918.183051
1,16096,1695613918.2147665
1,16128,1695613918.2508137
1,16160,1695613918.2828212
1,16192,1695613918.321921
1,16224,1695613918.36239
1,16256,1695613918.3945148
1,16288,1695613918.426798
1,16320,1695613918.4646406
1,16352,1695613918.499269
1,16384,1695613918.5319045
1,16416,1695613918.5694885
1,16448,1695613918.600658
1,16480,1695613918.635419
1,16512,1695613918.6672733
1,16544,1695613918.7037718
1,16576,1695613918.7407465
1,16608,1695613918.7715838
1,16640,1695613918.8097942
1,16672,1695613918.842445
1,16704,1695613918.8779838
1,16736,1695613918.9106839
1,16768,1695613918.9428823
1,16800,1695613918.9786305
1,16832,1695613919.0150776
1,16864,1695613919.0477302
1,16896,1695613919.0864437
1,16928,1695613919.1214492
1,16960,1695613919.1519687
1,16992,1695613919.1899354
1,17024,1695613919.2226987
1,17056,1695613919.2558165
1,17088,1695613919.2939332
1,17120,1695613919.3246753
1,17152,1695613919.3594215
1,17184,1695613919.39786
1,17216,1695613919.4304318
1,17248,1695613919.4665167
1,17280,1695613919.5059428
1,17312,1695613919.5408735
1,17344,1695613919.57282
1,17376,1695613919.607415
1,17408,1695613919.6398556
1,17440,1695613919.6778889
1,17472,1695613919.713881
1,17504,1695613919.7463143
1,17536,1695613919.7862911
1,17568,1695613919.8185987
1,17600,1695613919.8513288
1,17632,1695613919.8873231
1,17664,1695613919.9192724
1,17696,1695613919.958583
1,17728,1695613919.9906993
1,17760,1695613920.0234668
1,17792,1695613920.062526
1,17824,1695613920.0978036
1,17856,1695613920.130431
1,17888,1695613920.1661565
1,17920,1695613920.2027116
1,17952,1695613920.2395709
1,17984,1695613920.2738688
1,18016,1695613920.3064938
1,18048,1695613920.3392
1,18080,1695613920.3746107
1,18112,1695613920.410675
1,18144,1695613920.4431121
1,18176,1695613920.4829922
1,18208,1695613920.5192652
1,18240,1695613920.5545127
1,18272,1695613920.5900912
1,18304,1695613920.630039
1,18336,1695613920.669985
1,18368,1695613920.7052908
1,18400,1695613920.7367067
1,18432,1695613920.7738345
1,18464,1695613920.80513
1,18496,1695613920.8438375
1,18528,1695613920.878826
1,18560,1695613920.9180284
1,18592,1695613920.954056
1,18624,1695613920.9887013
1,18656,1695613921.0235639
1,18688,1695613921.0610194
1,18720,1695613921.0926776
1,18752,1695613921.1279247
1,18784,1695613921.165575
1,18816,1695613921.197054
1,18848,1695613921.2313383
1,18880,1695613921.2672112
1,18912,1695613921.303464
1,18944,1695613921.336038
1,18976,1695613921.378174
1,19008,1695613921.4105606
1,19040,1695613921.4428213
1,19072,1695613921.4762485
1,19104,1695613921.5147035
1,19136,1695613921.5497792
1,19168,1695613921.5807998
1,19200,1695613921.611951
1,19232,1695613921.6467876
1,19264,1695613921.6859407
1,19296,1695613921.7251844
1,19328,1695613921.7587273
1,19360,1695613921.7930067
1,19392,1695613921.8325903
1,19424,1695613921.8712106
1,19456,1695613921.9057178
1,19488,1695613921.9396355
1,19520,1695613921.9788132
1,19552,1695613922.017913
1,19584,1695613922.0516107
1,19616,1695613922.0938966
1,19648,1695613922.1231732
1,19680,1695613922.1624231
1,19712,1695613922.1980765
1,19744,1695613922.2301767
1,19776,1695613922.2624657
1,19808,1695613922.2988582
1,19840,1695613922.334525
1,19872,1695613922.3669317
1,19904,1695613922.3984997
1,19936,1695613922.4426267
1,19968,1695613922.4776742
1,20000,1695613922.5072577
1,20032,1695613922.5426433
1,20064,1695613922.5787659
1,20096,1695613922.6107416
1,20128,1695613922.6544712
1,20160,1695613922.6866293
1,20192,1695613922.722232
1,20224,1695613922.7547455
1,20256,1695613922.7908456
1,20288,1695613922.8227274
1,20320,1695613922.861651
1,20352,1695613922.89142
1,20384,1695613922.930768
1,20416,1695613922.9643836
1,20448,1695613923.0008633
1,20480,1695613923.0322664
1,20512,1695613923.0700235
1,20544,1695613923.0992873
1,20576,1695613923.1385608
1,20608,1695613923.1706617
1,20640,1695613923.2064936
1,20672,1695613923.2424626
1,20704,1695613923.274552
1,20736,1695613923.311606
1,20768,1695613923.3428547
1,20800,1695613923.381948
1,20832,1695613923.4146519
1,20864,1695613923.4467256
1,20896,1695613923.4796772
1,20928,1695613923.519077
1,20960,1695613923.5505335
1,20992,1695613923.586594
1,21024,1695613923.6187422
1,21056,1695613923.6553264
1,21088,1695613923.6868155
1,21120,1695613923.7209413
1,21152,1695613923.7562428
1,21184,1695613923.7941208
1,21216,1695613923.8266473
1,21248,1695613923.8580651
1,21280,1695613923.897975
1,21312,1695613923.927942
1,21344,1695613923.9629292
1,21376,1695613924.0026186
1,21408,1695613924.0362468
1,21440,1695613924.0668318
1,21472,1695613924.1030388
1,21504,1695613924.1383052
1,21536,1695613924.1705785
1,21568,1695613924.204095
1,21600,1695613924.2415695
1,21632,1695613924.2726705
1,21664,1695613924.3102522
1,21696,1695613924.3425791
1,21728,1695613924.3733425
1,21760,1695613924.4178412
1,21792,1695613924.450455
1,21824,1695613924.4860556
1,21856,1695613924.5185857
1,21888,1695613924.5541866
1,21920,1695613924.5871954
1,21952,1695613924.618995
1,21984,1695613924.6580117
1,22016,1695613924.6904361
1,22048,1695613924.722928
1,22080,1695613924.761842
1,22112,1695613924.7948756
1,22144,1695613924.8305886
1,22176,1695613924.8635101
1,22208,1695613924.9017253
1,22240,1695613924.934635
1,22272,1695613924.9640732
1,22304,1695613924.9990687
1,22336,1695613925.0335786
1,22368,1695613925.076386
1,22400,1695613925.1076863
1,22432,1695613925.1417859
1,22464,1695613925.1801593
1,22496,1695613925.2188153
1,22528,1695613925.2525597
1,22560,1695613925.2875805
1,22592,1695613925.3212695
1,22624,1695613925.3597922
1,22656,1695613925.3933947
1,22688,1695613925.433097
1,22720,1695613925.462503
1,22752,1695613925.500874
1,22784,1695613925.5352888
1,22816,1695613925.569301
1,22848,1695613925.6037385
1,22880,1695613925.6426835
1,22912,1695613925.6771576
1,22944,1695613925.7109926
1,22976,1695613925.745375
1,23008,1695613925.784896
1,23040,1695613925.8184881
1,23072,1695613925.8534808
1,23104,1695613925.8985586
1,23136,1695613925.9315126
1,23168,1695613925.9641762
1,23200,1695613925.9988635
1,23232,1695613926.0352392
1,23264,1695613926.072076
1,23296,1695613926.1063383
1,23328,1695613926.140777
1,23360,1695613926.1787455
1,23392,1695613926.2206752
1,23424,1695613926.2530208
1,23456,1695613926.287204
1,23488,1695613926.322744
1,23520,1695613926.3573256
1,23552,1695613926.391322
1,23584,1695613926.4261448
1,23616,1695613926.4608166
1,23648,1695613926.4939559
1,23680,1695613926.528756
1,23712,1695613926.5658655
1,23744,1695613926.6022625
1,23776,1695613926.635782
1,23808,1695613926.6703298
1,23840,1695613926.7030807
1,23872,1695613926.7401645
1,23904,1695613926.7709734
1,23936,1695613926.8063836
1,23968,1695613926.8418221
1,24000,1695613926.8747942
1,24032,1695613926.9102192
1,24064,1695613926.9471242
1,24096,1695613926.9785576
1,24128,1695613927.0125337
1,24160,1695613927.046553
1,24192,1695613927.078866
1,24224,1695613927.1146994
1,24256,1695613927.1479018
1,24288,1695613927.1812353
1,24320,1695613927.2176912
1,24352,1695613927.2504623
1,24384,1695613927.2832723
1,24416,1695613927.319347
1,24448,1695613927.35111
1,24480,1695613927.3907807
1,24512,1695613927.4220135
1,24544,1695613927.4593935
1,24576,1695613927.4912767
1,24608,1695613927.5273685
1,24640,1695613927.5594485
1,24672,1695613927.5984254
1,24704,1695613927.6307797
1,24736,1695613927.6665325
1,24768,1695613927.6988814
1,24800,1695613927.7313223
1,24832,1695613927.7724183
1,24864,1695613927.8036423
1,24896,1695613927.8387249
1,24928,1695613927.875878
1,24960,1695613927.906928
1,24992,1695613927.9428387
1,25024,1695613927.9766057
1,25056,1695613928.0106702
1,25088,1695613928.0493052
1,25120,1695613928.0829523
1,25152,1695613928.116215
1,25184,1695613928.1466928
1,25216,1695613928.1824157
1,25248,1695613928.2170403
1,25280,1695613928.2510674
1,25312,1695613928.2874253
1,25344,1695613928.3198156
1,25376,1695613928.3592424
1,25408,1695613928.3892572
1,25440,1695613928.4263687
1,25472,1695613928.4617875
1,25504,1695613928.494959
1,25536,1695613928.5274837
1,25568,1695613928.5704699
1,25600,1695613928.6027112
1,25632,1695613928.6363704
1,25664,1695613928.6705616
1,25696,1695613928.7032113
1,25728,1695613928.7407649
1,25760,1695613928.7760656
1,25792,1695613928.8128967
1,25824,1695613928.8428483
1,25856,1695613928.8790343
1,25888,1695613928.917897
1,25920,1695613928.9506211
1,25952,1695613928.9828339
1,25984,1695613929.0201557
1,26016,1695613929.0577714
1,26048,1695613929.0903845
1,26080,1695613929.126156
1,26112,1695613929.1619172
1,26144,1695613929.1934662
1,26176,1695613929.2274053
1,26208,1695613929.2645125
1,26240,1695613929.2952409
1,26272,1695613929.33123
1,26304,1695613929.3628495
1,26336,1695613929.398842
1,26368,1695613929.433678
1,26400,1695613929.4666245
1,26432,1695613929.502916
1,26464,1695613929.5387123
1,26496,1695613929.5779397
1,26528,1695613929.6070797
1,26560,1695613929.6463375
1,26592,1695613929.67879
1,26624,1695613929.710173
1,26656,1695613929.7475064
1,26688,1695613929.7877188
1,26720,1695613929.8190894
1,26752,1695613929.8579645
1,26784,1695613929.8905733
1,26816,1695613929.923689
1,26848,1695613929.9599192
1,26880,1695613930.0000873
1,26912,1695613930.031129
1,26944,1695613930.0693545
1,26976,1695613930.10286
1,27008,1695613930.1350353
1,27040,1695613930.1724935
1,27072,1695613930.2027037
1,27104,1695613930.2398696
1,27136,1695613930.2753794
1,27168,1695613930.3084493
1,27200,1695613930.3428311
1,27232,1695613930.3818526
1,27264,1695613930.4144278
1,27296,1695613930.451053
1,27328,1695613930.4861476
1,27360,1695613930.5185108
1,27392,1695613930.551771
1,27424,1695613930.585677
1,27456,1695613930.622672
1,27488,1695613930.659532
1,27520,1695613930.6919906
1,27552,1695613930.7295399
1,27584,1695613930.761092
1,27616,1695613930.7957451
1,27648,1695613930.828914
1,27680,1695613930.8640625
1,27712,1695613930.9022202
1,27744,1695613930.932391
1,27776,1695613930.968637
1,27808,1695613931.0032141
1,27840,1695613931.0353217
1,27872,1695613931.0694878
1,27904,1695613931.1044295
1,27936,1695613931.1396494
1,27968,1695613931.1778147
1,28000,1695613931.2106423
1,28032,1695613931.2476478
1,28064,1695613931.278734
1,28096,1695613931.314929
1,28128,1695613931.3476791
1,28160,1695613931.385854
1,28192,1695613931.418567
1,28224,1695613931.4516969
1,28256,1695613931.4846349
1,28288,1695613931.5206642
1,28320,1695613931.5556831
1,28352,1695613931.5935788
1,28384,1695613931.6249006
1,28416,1695613931.6600409
1,28448,1695613931.692716
1,28480,1695613931.7288737
1,28512,1695613931.7637804
1,28544,1695613931.8013873
1,28576,1695613931.8325953
1,28608,1695613931.8677516
1,28640,1695613931.9001834
1,28672,1695613931.93713
1,28704,1695613931.9812703
1,28736,1695613932.0121484
1,28768,1695613932.0516307
1,28800,1695613932.0835314
1,28832,1695613932.1186013
1,28864,1695613932.1520326
1,28896,1695613932.1901426
1,28928,1695613932.220616
1,28960,1695613932.2584963
1,28992,1695613932.2910151
1,29024,1695613932.3218567
1,29056,1695613932.35904
1,29088,1695613932.3975194
1,29120,1695613932.4275231
1,29152,1695613932.4661252
1,29184,1695613932.499846
1,29216,1695613932.5318127
1,29248,1695613932.5748184
1,29280,1695613932.606483
1,29312,1695613932.6398768
1,29344,1695613932.6782312
1,29376,1695613932.7107403
1,29408,1695613932.747486
1,29440,1695613932.7882957
1,29472,1695613932.8248513
1,29504,1695613932.8564858
1,29536,1695613932.8941982
1,29568,1695613932.9251723
1,29600,1695613932.9600513
1,29632,1695613932.9988256
1,29664,1695613933.033894
1,29696,1695613933.0637589
1,29728,1695613933.1008303
1,29760,1695613933.1384213
1,29792,1695613933.1722767
1,29824,1695613933.2025838
1,29856,1695613933.2398036
1,29888,1695613933.271145
1,29920,1695613933.3106606
1,29952,1695613933.3418417
1,29984,1695613933.3765564
1,30016,1695613933.411707
1,30048,1695613933.4465036
1,30080,1695613933.479137
1,30112,1695613933.5179343
1,30144,1695613933.5508528
1,30176,1695613933.5827808
1,30208,1695613933.6223276
1,30240,1695613933.6627498
1,30272,1695613933.6941307
1,30304,1695613933.729759
1,30336,1695613933.7625349
1,30368,1695613933.7983904
1,30400,1695613933.8313594
1,30432,1695613933.867238
1,30464,1695613933.8993237
1,30496,1695613933.9448533
1,30528,1695613933.981086
1,30560,1695613934.0091565
1,30592,1695613934.0441682
1,30624,1695613934.0799174
1,30656,1695613934.1151285
1,30688,1695613934.1505194
1,30720,1695613934.1877565
1,30752,1695613934.220524
1,30784,1695613934.256637
1,30816,1695613934.2949324
1,30848,1695613934.3286774
1,30880,1695613934.3658755
1,30912,1695613934.398849
1,30944,1695613934.4355466
1,30976,1695613934.4711854
1,31008,1695613934.506359
1,31040,1695613934.5424078
1,31072,1695613934.577123
1,31104,1695613934.6128752
1,31136,1695613934.6477175
1,31168,1695613934.6833644
1,31200,1695613934.7163832
1,31232,1695613934.7449293
1,31264,1695613934.774209
1,31296,1695613934.8030496
1,31328,1695613934.832202
1,31360,1695613934.8617456
1,31392,1695613934.8912702
1,31424,1695613934.919868
1,31456,1695613934.9486036
1,31488,1695613934.9777527
1,31520,1695613935.006688
1,31552,1695613935.0359476
1,31584,1695613935.064864
1,31616,1695613935.0941818
1,31648,1695613935.1231706
1,31680,1695613935.1524117
1,31712,1695613935.1813085
1,31744,1695613935.2104666
1,31776,1695613935.239342
1,31808,1695613935.2683342
1,31840,1695613935.297424
1,31872,1695613935.326427
1,31904,1695613935.355648
1,31936,1695613935.3845935
1,31968,1695613935.4138005
1,32000,1695613935.4426706
1,32032,1695613935.4718173
1,32064,1695613935.5007226
1,32096,1695613935.530153
1,32128,1695613935.5588596
1,32160,1695613935.5879571
1,32192,1695613935.6170278
1,32224,1695613935.6459925
1,32256,1695613935.6753747
1,32288,1695613935.7042866
1,32320,1695613935.7335334
1,32352,1695613935.7622342
1,32384,1695613935.7916803
1,32416,1695613935.820522
1,32448,1695613935.8494816
1,32480,1695613935.8785026
1,32512,1695613935.9075096
1,32544,1695613935.9365342
1,32576,1695613935.9654703
1,32608,1695613935.9947846
1,32640,1695613936.0237477
1,32672,1695613936.0529618
1,32704,1695613936.0816813
1,32736,1695613936.1110759
1,32768,1695613936.1398704
1,32800,1695613936.1688888
1,32832,1695613936.1987247
1,32864,1695613936.227597
1,32896,1695613936.2567458
1,32928,1695613936.2857041
1,32960,1695613936.3149984
1,32992,1695613936.3439143
1,33024,1695613936.375027
1,33056,1695613936.4038336
1,33088,1695613936.4332178
1,33120,1695613936.4621108
1,33152,1695613936.491358
1,33184,1695613936.5202181
1,33216,1695613936.5492332
1,33248,1695613936.5782332
1,33280,1695613936.6072145
1,33312,1695613936.6362417
1,33344,1695613936.665152
1,33376,1695613936.6943023
1,33408,1695613936.7241988
1,33440,1695613936.7531908
1,33472,1695613936.7820299
1,33504,1695613936.8112028
1,33536,1695613936.840088
1,33568,1695613936.8693714
1,33600,1695613936.898095
1,33632,1695613936.9270337
1,33664,1695613936.9561434
1,33696,1695613936.98498
1,33728,1695613937.0143583
1,33760,1695613937.043237
1,33792,1695613937.0727518
1,33824,1695613937.10145
1,33856,1695613937.1305661
1,33888,1695613937.159387
1,33920,1695613937.188301
1,33952,1695613937.226676
1,33984,1695613937.2587736
1,34016,1695613937.2906637
1,34048,1695613937.3200781
1,34080,1695613937.3543043
1,34112,1695613937.385479
1,34144,1695613937.4215972
1,34176,1695613937.452414
1,34208,1695613937.4850934
1,34240,1695613937.5163271
1,34272,1695613937.547921
1,34304,1695613937.5799236
1,34336,1695613937.610889
1,34368,1695613937.6426892
1,34400,1695613937.6778612
1,34432,1695613937.7087789
1,34464,1695613937.7387552
1,34496,1695613937.7695308
1,34528,1695613937.8005402
1,34560,1695613937.830617
1,34592,1695613937.8653066
1,34624,1695613937.8969126
1,34656,1695613937.9298146
1,34688,1695613937.9575646
1,34720,1695613937.9865136
1,34752,1695613938.0158007
1,34784,1695613938.044671
1,34816,1695613938.0740433
1,34848,1695613938.1028945
1,34880,1695613938.1321187
1,34912,1695613938.1608603
1,34944,1695613938.191687
1,34976,1695613938.2203214
1,35008,1695613938.2492447
1,35040,1695613938.2783527
1,35072,1695613938.307523
1,35104,1695613938.336419
1,35136,1695613938.3654318
1,35168,1695613938.3949618
1,35200,1695613938.4236522
1,35232,1695613938.4528246
1,35264,1695613938.4817371
1,35296,1695613938.5118968
1,35328,1695613938.5397925
1,35360,1695613938.5691545
1,35392,1695613938.597889
1,35424,1695613938.6270084
1,35456,1695613938.656132
1,35488,1695613938.6850252
1,35520,1695613938.71435
1,35552,1695613938.7433825
1,35584,1695613938.7843144
1,35616,1695613938.816267
1,35648,1695613938.849407
1,35680,1695613938.880784
1,35712,1695613938.9138677
1,35744,1695613938.946558
1,35776,1695613938.9786851
1,35808,1695613939.0105836
1,35840,1695613939.0445824
1,35872,1695613939.0750515
1,35904,1695613939.1100605
1,35936,1695613939.1460664
1,35968,1695613939.1812532
1,36000,1695613939.212456
1,36032,1695613939.2451441
1,36064,1695613939.2766259
1,36096,1695613939.309161
1,36128,1695613939.340419
1,36160,1695613939.3725243
1,36192,1695613939.404428
1,36224,1695613939.4360743
1,36256,1695613939.4680383
1,36288,1695613939.498817
1,36320,1695613939.5339775
1,36352,1695613939.5666118
1,36384,1695613939.5984814
1,36416,1695613939.628966
1,36448,1695613939.6583378
1,36480,1695613939.6916611
1,36512,1695613939.723693
1,36544,1695613939.754774
1,36576,1695613939.7866492
1,36608,1695613939.8186533
1,36640,1695613939.8519657
1,36672,1695613939.890081
1,36704,1695613939.9226568
1,36736,1695613939.953522
1,36768,1695613939.986859
1,36800,1695613940.0187016
1,36832,1695613940.048129
1,36864,1695613940.080904
1,36896,1695613940.1126297
1,36928,1695613940.14509
1,36960,1695613940.1767712
1,36992,1695613940.206651
1,37024,1695613940.2388837
1,37056,1695613940.2716742
1,37088,1695613940.3026912
1,37120,1695613940.335548
1,37152,1695613940.3663638
1,37184,1695613940.3983927
1,37216,1695613940.4277854
1,37248,1695613940.4608066
1,37280,1695613940.4916954
1,37312,1695613940.526777
1,37344,1695613940.5625331
1,37376,1695613940.595281
1,37408,1695613940.6291385
1,37440,1695613940.6626315
1,37472,1695613940.694766
1,37504,1695613940.7251358
1,37536,1695613940.756424
1,37568,1695613940.7977765
1,37600,1695613940.83009
1,37632,1695613940.8689435
1,37664,1695613940.9093366
1,37696,1695613940.9415655
1,37728,1695613940.9781024
1,37760,1695613941.0117397
1,37792,1695613941.0435686
1,37824,1695613941.078294
1,37856,1695613941.1073725
1,37888,1695613941.1436486
1,37920,1695613941.178859
1,37952,1695613941.2115803
1,37984,1695613941.2458744
1,38016,1695613941.278513
1,38048,1695613941.3109326
1,38080,1695613941.3435576
1,38112,1695613941.3749146
1,38144,1695613941.4064035
1,38176,1695613941.4442835
1,38208,1695613941.4777508
1,38240,1695613941.5094256
1,38272,1695613941.542558
1,38304,1695613941.5749767
1,38336,1695613941.6065953
1,38368,1695613941.6416762
1,38400,1695613941.6718493
1,38432,1695613941.703461
1,38464,1695613941.7369442
1,38496,1695613941.7677598
1,38528,1695613941.8011243
1,38560,1695613941.8318086
1,38592,1695613941.8651078
1,38624,1695613941.8959286
1,38656,1695613941.9274335
1,38688,1695613941.9589882
1,38720,1695613941.9888628
1,38752,1695613942.0221274
1,38784,1695613942.0576317
1,38816,1695613942.0883892
1,38848,1695613942.1225603
1,38880,1695613942.1535456
1,38912,1695613942.1871147
1,38944,1695613942.218504
1,38976,1695613942.250658
1,39008,1695613942.279995
1,39040,1695613942.31732
1,39072,1695613942.3482466
1,39104,1695613942.3797696
1,39136,1695613942.4119954
1,39168,1695613942.4430478
1,39200,1695613942.4783163
1,39232,1695613942.5138965
1,39264,1695613942.5460865
1,39296,1695613942.5818245
1,39328,1695613942.6111803
1,39360,1695613942.642007
1,39392,1695613942.675759
1,39424,1695613942.7066984
1,39456,1695613942.7364388
1,39488,1695613942.7726846
1,39520,1695613942.8028486
1,39552,1695613942.8340654
1,39584,1695613942.8686664
1,39616,1695613942.9070973
1,39648,1695613942.944664
1,39680,1695613942.977883
1,39712,1695613943.0117922
1,39744,1695613943.04279
1,39776,1695613943.078127
1,39808,1695613943.1086516
1,39840,1695613943.1417284
1,39872,1695613943.1752574
1,39904,1695613943.2101004
1,39936,1695613943.2434082
1,39968,1695613943.2746072
1,40000,1695613943.30415
1,40032,1695613943.3383682
1,40064,1695613943.3683515
1,40096,1695613943.3992698
1,40128,1695613943.4403317
1,40160,1695613943.4772353
1,40192,1695613943.5082493
1,40224,1695613943.5402255
1,40256,1695613943.5721495
1,40288,1695613943.6027837
1,40320,1695613943.6338713
1,40352,1695613943.6676219
1,40384,1695613943.6984484
1,40416,1695613943.7290435
1,40448,1695613943.7626412
1,40480,1695613943.7947686
1,40512,1695613943.8265758
1,40544,1695613943.858542
1,40576,1695613943.8937395
1,40608,1695613943.9232728
1,40640,1695613943.954832
1,40672,1695613943.9876385
1,40704,1695613944.0185213
1,40736,1695613944.0537655
1,40768,1695613944.0846214
1,40800,1695613944.1208143
1,40832,1695613944.1667607
1,40864,1695613944.198492
1,40896,1695613944.2292511
1,40928,1695613944.2653937
1,40960,1695613944.2966661
1,40992,1695613944.3303707
1,41024,1695613944.362404
1,41056,1695613944.3945534
1,41088,1695613944.4266102
1,41120,1695613944.460166
1,41152,1695613944.4908557
1,41184,1695613944.5220702
1,41216,1695613944.55467
1,41248,1695613944.5873075
1,41280,1695613944.6186237
1,41312,1695613944.6530924
1,41344,1695613944.6847591
1,41376,1695613944.7181365
1,41408,1695613944.7503126
