epoch,trained_sample,time
1,0,1695611789.9867332
1,128,1695611791.2742853
1,256,1695611791.2883217
1,384,1695611791.3116846
1,512,1695611791.3325865
1,640,1695611791.3556194
1,768,1695611791.374707
1,896,1695611791.3957486
1,1024,1695611791.4149494
1,1152,1695611791.438936
1,1280,1695611791.461307
1,1408,1695611791.481997
1,1536,1695611791.5000076
1,1664,1695611791.5232878
1,1792,1695611791.5456948
1,1920,1695611791.5659606
1,2048,1695611791.582779
1,2176,1695611791.606049
1,2304,1695611791.626557
1,2432,1695611791.646195
1,2560,1695611791.6627357
1,2688,1695611791.6863084
1,2816,1695611791.7064714
1,2944,1695611791.7265172
1,3072,1695611791.7428353
1,3200,1695611791.7665095
1,3328,1695611791.7864628
1,3456,1695611791.8064878
1,3584,1695611791.824462
1,3712,1695611791.8467982
1,3840,1695611791.8663669
1,3968,1695611791.8860037
1,4096,1695611791.902993
1,4224,1695611791.9254954
1,4352,1695611791.9489818
1,4480,1695611791.9688978
1,4608,1695611792.045534
1,4736,1695611792.0628154
1,4864,1695611792.0823185
1,4992,1695611792.1020875
1,5120,1695611792.119122
1,5248,1695611792.1426365
1,5376,1695611792.1626961
1,5504,1695611792.182587
1,5632,1695611792.199559
1,5760,1695611792.2225792
1,5888,1695611792.242555
1,6016,1695611792.2623973
1,6144,1695611792.279301
1,6272,1695611792.3022153
1,6400,1695611792.3251429
1,6528,1695611792.3452432
1,6656,1695611792.36142
1,6784,1695611792.3851104
1,6912,1695611792.4056532
1,7040,1695611792.425639
1,7168,1695611792.4418392
1,7296,1695611792.4652767
1,7424,1695611792.4860866
1,7552,1695611792.5056093
1,7680,1695611792.522082
1,7808,1695611792.5456207
1,7936,1695611792.5660264
1,8064,1695611792.5859842
1,8192,1695611792.6026788
1,8320,1695611792.6262174
1,8448,1695611792.646323
1,8576,1695611792.6663222
1,8704,1695611792.6837437
1,8832,1695611792.7053845
1,8960,1695611792.7265284
1,9088,1695611792.7464085
1,9216,1695611792.763375
1,9344,1695611792.7865052
1,9472,1695611792.8064532
1,9600,1695611792.826198
1,9728,1695611792.8428428
1,9856,1695611792.866316
1,9984,1695611792.8854847
1,10112,1695611792.9065216
1,10240,1695611792.9234788
1,10368,1695611792.9464753
1,10496,1695611792.9665525
1,10624,1695611792.9891765
1,10752,1695611793.0053895
1,10880,1695611793.029193
1,11008,1695611793.0495408
1,11136,1695611793.069552
1,11264,1695611793.08594
1,11392,1695611793.109395
1,11520,1695611793.1297572
1,11648,1695611793.1502504
1,11776,1695611793.1668916
1,11904,1695611793.1904936
1,12032,1695611793.2107203
1,12160,1695611793.2304394
1,12288,1695611793.2469766
1,12416,1695611793.2702963
1,12544,1695611793.2905872
1,12672,1695611793.310403
1,12800,1695611793.3277345
1,12928,1695611793.3507848
1,13056,1695611793.3705878
1,13184,1695611793.3904583
1,13312,1695611793.4069715
1,13440,1695611793.4303153
1,13568,1695611793.4503126
1,13696,1695611793.4702728
1,13824,1695611793.4875357
1,13952,1695611793.5103252
1,14080,1695611793.530372
1,14208,1695611793.5502753
1,14336,1695611793.5668168
1,14464,1695611793.590253
1,14592,1695611793.6104436
1,14720,1695611793.6302857
1,14848,1695611793.6474364
1,14976,1695611793.6702864
1,15104,1695611793.6905253
1,15232,1695611793.7131376
1,15360,1695611793.729007
1,15488,1695611793.7535439
1,15616,1695611793.770691
1,15744,1695611793.7906358
1,15872,1695611793.8080764
1,16000,1695611793.8304973
1,16128,1695611793.85072
1,16256,1695611793.8705125
1,16384,1695611793.8874953
1,16512,1695611793.90944
1,16640,1695611793.9276533
1,16768,1695611793.9475849
1,16896,1695611793.9668956
1,17024,1695611793.9868593
1,17152,1695611794.0069
1,17280,1695611794.027643
1,17408,1695611794.0469403
1,17536,1695611794.0669343
1,17664,1695611794.0869815
1,17792,1695611794.107517
1,17920,1695611794.130245
1,18048,1695611794.149663
1,18176,1695611794.169954
1,18304,1695611794.1898189
1,18432,1695611794.2098308
1,18560,1695611794.2297509
1,18688,1695611794.2497206
1,18816,1695611794.269889
1,18944,1695611794.2894816
1,19072,1695611794.3096411
1,19200,1695611794.3298967
1,19328,1695611794.3494072
1,19456,1695611794.3696494
1,19584,1695611794.389709
1,19712,1695611794.4097729
1,19840,1695611794.4329426
1,19968,1695611794.452555
1,20096,1695611794.4728131
1,20224,1695611794.492403
1,20352,1695611794.5127072
1,20480,1695611794.5325909
1,20608,1695611794.5529284
1,20736,1695611794.5725563
1,20864,1695611794.5928667
1,20992,1695611794.6125345
1,21120,1695611794.6328285
1,21248,1695611794.6523619
1,21376,1695611794.672939
1,21504,1695611794.692427
1,21632,1695611794.7126708
1,21760,1695611794.7320297
1,21888,1695611794.7481334
1,22016,1695611794.7677739
1,22144,1695611794.7871454
1,22272,1695611794.807894
1,22400,1695611794.8276954
1,22528,1695611794.8470886
1,22656,1695611794.867634
1,22784,1695611794.8869328
1,22912,1695611794.9109364
1,23040,1695611794.9292243
1,23168,1695611794.9498043
1,23296,1695611794.969809
1,23424,1695611794.9896193
1,23552,1695611795.0096128
1,23680,1695611795.0296202
1,23808,1695611795.0500462
1,23936,1695611795.0697076
1,24064,1695611795.0896797
1,24192,1695611795.1099281
1,24320,1695611795.1299238
1,24448,1695611795.149825
1,24576,1695611795.1698291
1,24704,1695611795.1898348
1,24832,1695611795.2100363
1,24960,1695611795.229894
1,25088,1695611795.2499049
1,25216,1695611795.2701368
1,25344,1695611795.2899764
1,25472,1695611795.3097239
1,25600,1695611795.332555
1,25728,1695611795.3526247
1,25856,1695611795.3715608
1,25984,1695611795.3914013
1,26112,1695611795.4114938
1,26240,1695611795.431552
1,26368,1695611795.4528594
1,26496,1695611795.4725542
1,26624,1695611795.492692
1,26752,1695611795.5131037
1,26880,1695611795.5368505
1,27008,1695611795.5561187
1,27136,1695611795.577032
1,27264,1695611795.595696
1,27392,1695611795.6172538
1,27520,1695611795.636106
1,27648,1695611795.6568408
1,27776,1695611795.6765976
1,27904,1695611795.696788
1,28032,1695611795.716555
1,28160,1695611795.736884
1,28288,1695611795.7563748
1,28416,1695611795.7768335
1,28544,1695611795.7965932
1,28672,1695611795.8166287
1,28800,1695611795.8330603
1,28928,1695611795.8568075
1,29056,1695611795.8817549
1,29184,1695611795.90431
1,29312,1695611795.9244592
1,29440,1695611795.940078
1,29568,1695611795.9650629
1,29696,1695611795.9856708
1,29824,1695611796.0051134
1,29952,1695611796.0250509
1,30080,1695611796.04721
1,30208,1695611796.0673723
1,30336,1695611796.0891373
1,30464,1695611796.1113248
1,30592,1695611796.13393
1,30720,1695611796.1568823
1,30848,1695611796.178265
1,30976,1695611796.2002137
1,31104,1695611796.2250218
1,31232,1695611796.2471542
1,31360,1695611796.2673235
1,31488,1695611796.2877853
1,31616,1695611796.3077607
1,31744,1695611796.328562
1,31872,1695611796.349769
1,32000,1695611796.368841
1,32128,1695611796.3915474
1,32256,1695611796.4165967
1,32384,1695611796.4369085
1,32512,1695611796.4567413
1,32640,1695611796.4773004
1,32768,1695611796.500465
1,32896,1695611796.521049
1,33024,1695611796.5438015
1,33152,1695611796.5644
1,33280,1695611796.5896442
1,33408,1695611796.6103902
1,33536,1695611796.6286445
1,33664,1695611796.6524494
1,33792,1695611796.6727655
1,33920,1695611796.6949391
1,34048,1695611796.716789
1,34176,1695611796.7375057
1,34304,1695611796.7607903
1,34432,1695611796.782444
1,34560,1695611796.801977
1,34688,1695611796.8224947
1,34816,1695611796.8483334
1,34944,1695611796.8634295
1,35072,1695611796.8868694
1,35200,1695611796.9094713
1,35328,1695611796.9350905
1,35456,1695611796.9557917
1,35584,1695611796.9829345
1,35712,1695611796.998414
1,35840,1695611797.0204828
1,35968,1695611797.043082
1,36096,1695611797.06735
1,36224,1695611797.0880039
1,36352,1695611797.108536
1,36480,1695611797.1290677
1,36608,1695611797.1514747
1,36736,1695611797.1782196
1,36864,1695611797.1976104
1,36992,1695611797.219241
1,37120,1695611797.2410548
1,37248,1695611797.26189
1,37376,1695611797.2823076
1,37504,1695611797.3072946
1,37632,1695611797.3307655
1,37760,1695611797.3515024
1,37888,1695611797.3698359
1,38016,1695611797.3894784
1,38144,1695611797.4103591
1,38272,1695611797.433495
1,38400,1695611797.4588766
1,38528,1695611797.4809113
1,38656,1695611797.4991593
1,38784,1695611797.5224648
1,38912,1695611797.5460112
1,39040,1695611797.5637841
1,39168,1695611797.5872114
1,39296,1695611797.6102972
1,39424,1695611797.6336682
1,39552,1695611797.6553042
1,39680,1695611797.6760573
1,39808,1695611797.6973631
1,39936,1695611797.7240858
1,40064,1695611797.7455692
1,40192,1695611797.766939
1,40320,1695611797.7906919
1,40448,1695611797.8116326
1,40576,1695611797.8320293
1,40704,1695611797.8514836
1,40832,1695611797.8705595
1,40960,1695611797.8958645
1,41088,1695611797.9208322
1,41216,1695611797.941
1,41344,1695611797.958887
1,41472,1695611797.9866288
1,41600,1695611798.0064864
1,41728,1695611798.027919
1,41856,1695611798.0517657
1,41984,1695611798.0705202
1,42112,1695611798.0912483
1,42240,1695611798.1136909
1,42368,1695611798.1352484
1,42496,1695611798.159659
1,42624,1695611798.1803317
1,42752,1695611798.1984627
1,42880,1695611798.221351
1,43008,1695611798.2471976
1,43136,1695611798.2697294
1,43264,1695611798.2903655
1,43392,1695611798.31062
1,43520,1695611798.3364544
1,43648,1695611798.3620813
1,43776,1695611798.375064
1,43904,1695611798.3991046
1,44032,1695611798.4261184
1,44160,1695611798.4477446
1,44288,1695611798.4681423
1,44416,1695611798.4899235
1,44544,1695611798.5098066
1,44672,1695611798.5304146
1,44800,1695611798.552333
1,44928,1695611798.575426
1,45056,1695611798.59716
1,45184,1695611798.615672
1,45312,1695611798.6389399
1,45440,1695611798.661921
1,45568,1695611798.6855767
1,45696,1695611798.7061532
1,45824,1695611798.7273614
1,45952,1695611798.7518826
1,46080,1695611798.7733388
1,46208,1695611798.7941408
1,46336,1695611798.8139064
1,46464,1695611798.834307
1,46592,1695611798.861723
1,46720,1695611798.8825529
1,46848,1695611798.907009
1,46976,1695611798.9290726
1,47104,1695611798.9551835
1,47232,1695611798.9741557
1,47360,1695611798.9958527
1,47488,1695611799.0163438
1,47616,1695611799.0403254
1,47744,1695611799.064829
1,47872,1695611799.0833719
1,48000,1695611799.1058135
1,48128,1695611799.1276116
1,48256,1695611799.1528246
1,48384,1695611799.1724052
1,48512,1695611799.1947253
1,48640,1695611799.2183201
1,48768,1695611799.239486
1,48896,1695611799.2624624
1,49024,1695611799.2837071
1,49152,1695611799.3050983
1,49280,1695611799.3258972
1,49408,1695611799.3470051
1,49536,1695611799.3697896
1,49664,1695611799.3936763
1,49792,1695611799.4183562
1,49920,1695611799.4459484
1,50000,1695611799.476547
2,128,1695611799.8175223
2,256,1695611799.8356907
2,384,1695611799.8618917
2,512,1695611799.8806741
2,640,1695611799.9045234
2,768,1695611799.9337254
2,896,1695611799.9519036
2,1024,1695611799.9758775
2,1152,1695611800.0011773
2,1280,1695611800.0239797
2,1408,1695611800.0488656
2,1536,1695611800.0715227
2,1664,1695611800.0957186
2,1792,1695611800.1211512
2,1920,1695611800.1432018
2,2048,1695611800.1691747
2,2176,1695611800.1907794
2,2304,1695611800.214888
2,2432,1695611800.238755
2,2560,1695611800.2631598
2,2688,1695611800.286926
2,2816,1695611800.3109381
2,2944,1695611800.33472
2,3072,1695611800.3595932
2,3200,1695611800.3819838
2,3328,1695611800.4081774
2,3456,1695611800.429184
2,3584,1695611800.453275
2,3712,1695611800.4762986
2,3840,1695611800.5006373
2,3968,1695611800.5240088
2,4096,1695611800.549288
2,4224,1695611800.5717485
2,4352,1695611800.597329
2,4480,1695611800.6205175
2,4608,1695611800.6479251
2,4736,1695611800.6711867
2,4864,1695611800.6924615
2,4992,1695611800.7151
2,5120,1695611800.741336
2,5248,1695611800.7640722
2,5376,1695611800.788744
2,5504,1695611800.81213
2,5632,1695611800.83663
2,5760,1695611800.859806
2,5888,1695611800.8847063
2,6016,1695611800.907278
2,6144,1695611800.9322274
2,6272,1695611800.9543624
2,6400,1695611800.9782436
2,6528,1695611801.0015507
2,6656,1695611801.0277545
2,6784,1695611801.048666
2,6912,1695611801.0713139
2,7040,1695611801.097134
2,7168,1695611801.1197171
2,7296,1695611801.1474826
2,7424,1695611801.1695743
2,7552,1695611801.1950355
2,7680,1695611801.217304
2,7808,1695611801.243495
2,7936,1695611801.265036
2,8064,1695611801.291256
2,8192,1695611801.3073437
2,8320,1695611801.3330986
2,8448,1695611801.35749
2,8576,1695611801.3802128
2,8704,1695611801.4032795
2,8832,1695611801.427504
2,8960,1695611801.4506497
2,9088,1695611801.474448
2,9216,1695611801.497946
2,9344,1695611801.5214915
2,9472,1695611801.5452943
2,9600,1695611801.5687828
2,9728,1695611801.593174
2,9856,1695611801.6163468
2,9984,1695611801.64064
2,10112,1695611801.6663089
2,10240,1695611801.6910515
2,10368,1695611801.7132688
2,10496,1695611801.7389147
2,10624,1695611801.7621408
2,10752,1695611801.7841907
2,10880,1695611801.8102918
2,11008,1695611801.8319278
2,11136,1695611801.8551376
2,11264,1695611801.879776
2,11392,1695611801.902785
2,11520,1695611801.9277875
2,11648,1695611801.951764
2,11776,1695611801.9753149
2,11904,1695611802.0021098
2,12032,1695611802.0226026
2,12160,1695611802.043159
2,12288,1695611802.0694637
2,12416,1695611802.093235
2,12544,1695611802.116683
2,12672,1695611802.1397333
2,12800,1695611802.1629977
2,12928,1695611802.1884077
2,13056,1695611802.2132006
2,13184,1695611802.2349348
2,13312,1695611802.2590375
2,13440,1695611802.2822206
2,13568,1695611802.3048408
2,13696,1695611802.3289924
2,13824,1695611802.3520868
2,13952,1695611802.3765686
2,14080,1695611802.3995852
2,14208,1695611802.4236994
2,14336,1695611802.4470959
2,14464,1695611802.471626
2,14592,1695611802.4942048
2,14720,1695611802.5183065
2,14848,1695611802.5417244
2,14976,1695611802.5638964
2,15104,1695611802.587995
2,15232,1695611802.6125531
2,15360,1695611802.637464
2,15488,1695611802.659629
2,15616,1695611802.683491
2,15744,1695611802.707524
2,15872,1695611802.732438
2,16000,1695611802.755417
2,16128,1695611802.7805684
2,16256,1695611802.8035645
2,16384,1695611802.8272023
2,16512,1695611802.8502603
2,16640,1695611802.872761
2,16768,1695611802.8970864
2,16896,1695611802.9198995
2,17024,1695611802.9447181
2,17152,1695611802.9678574
2,17280,1695611802.992604
2,17408,1695611803.0152812
2,17536,1695611803.0405724
2,17664,1695611803.0627403
2,17792,1695611803.0872161
2,17920,1695611803.1103954
2,18048,1695611803.1350698
2,18176,1695611803.1579463
2,18304,1695611803.1813402
2,18432,1695611803.2055109
2,18560,1695611803.2289445
2,18688,1695611803.2530568
2,18816,1695611803.2757876
2,18944,1695611803.3008916
2,19072,1695611803.3234906
2,19200,1695611803.3474724
2,19328,1695611803.3711224
2,19456,1695611803.3950915
2,19584,1695611803.4185028
2,19712,1695611803.4425156
2,19840,1695611803.466391
2,19968,1695611803.4901235
2,20096,1695611803.5138855
2,20224,1695611803.537194
2,20352,1695611803.560326
2,20480,1695611803.5851893
2,20608,1695611803.607998
2,20736,1695611803.6313956
2,20864,1695611803.6555364
2,20992,1695611803.679484
2,21120,1695611803.7032952
2,21248,1695611803.7272305
2,21376,1695611803.7523048
2,21504,1695611803.778875
2,21632,1695611803.8032405
2,21760,1695611803.8254132
2,21888,1695611803.8452456
2,22016,1695611803.8712645
2,22144,1695611803.8952794
2,22272,1695611803.9178703
2,22400,1695611803.9414685
2,22528,1695611803.9672043
2,22656,1695611803.9926348
2,22784,1695611804.0132747
2,22912,1695611804.036812
2,23040,1695611804.0610352
2,23168,1695611804.0862608
2,23296,1695611804.1091874
2,23424,1695611804.1325512
2,23552,1695611804.1573608
2,23680,1695611804.1801684
2,23808,1695611804.204724
2,23936,1695611804.2274933
2,24064,1695611804.2525754
2,24192,1695611804.2756212
2,24320,1695611804.3005111
2,24448,1695611804.3236828
2,24576,1695611804.348719
2,24704,1695611804.3716207
2,24832,1695611804.3957133
2,24960,1695611804.4193466
2,25088,1695611804.444237
2,25216,1695611804.467147
2,25344,1695611804.4922621
2,25472,1695611804.5150862
2,25600,1695611804.539139
2,25728,1695611804.5624683
2,25856,1695611804.5869544
2,25984,1695611804.609083
2,26112,1695611804.6342824
2,26240,1695611804.656131
2,26368,1695611804.6803973
2,26496,1695611804.7052298
2,26624,1695611804.727625
2,26752,1695611804.7524261
2,26880,1695611804.775401
2,27008,1695611804.7994885
2,27136,1695611804.823004
2,27264,1695611804.8469803
2,27392,1695611804.8710268
2,27520,1695611804.8948417
2,27648,1695611804.9179292
2,27776,1695611804.9421144
2,27904,1695611804.9655983
2,28032,1695611804.9896994
2,28160,1695611805.0134795
2,28288,1695611805.0372283
2,28416,1695611805.0613055
2,28544,1695611805.0837884
2,28672,1695611805.108804
2,28800,1695611805.1322293
2,28928,1695611805.1567924
2,29056,1695611805.1797402
2,29184,1695611805.2046638
2,29312,1695611805.2277985
2,29440,1695611805.2531028
2,29568,1695611805.275851
2,29696,1695611805.2996356
2,29824,1695611805.3242755
2,29952,1695611805.3474672
2,30080,1695611805.37225
2,30208,1695611805.3951936
2,30336,1695611805.4195042
2,30464,1695611805.4431877
2,30592,1695611805.4672282
2,30720,1695611805.490825
2,30848,1695611805.5162156
2,30976,1695611805.5381045
2,31104,1695611805.5620131
2,31232,1695611805.587131
2,31360,1695611805.6110704
2,31488,1695611805.6347744
2,31616,1695611805.660898
2,31744,1695611805.683863
2,31872,1695611805.7084436
2,32000,1695611805.730901
2,32128,1695611805.7548735
2,32256,1695611805.7786982
2,32384,1695611805.8031478
2,32512,1695611805.8297422
2,32640,1695611805.85311
2,32768,1695611805.8748722
2,32896,1695611805.899338
2,33024,1695611805.9224823
2,33152,1695611805.9468477
2,33280,1695611805.970373
2,33408,1695611805.994714
2,33536,1695611806.0186317
2,33664,1695611806.042491
2,33792,1695611806.0674863
2,33920,1695611806.0897634
2,34048,1695611806.1157415
2,34176,1695611806.137702
2,34304,1695611806.1620388
2,34432,1695611806.186818
2,34560,1695611806.212327
2,34688,1695611806.232668
2,34816,1695611806.2563524
2,34944,1695611806.2793925
2,35072,1695611806.304659
2,35200,1695611806.3268855
2,35328,1695611806.350928
2,35456,1695611806.3749342
2,35584,1695611806.3989296
2,35712,1695611806.4251623
2,35840,1695611806.4495783
2,35968,1695611806.4728997
2,36096,1695611806.497322
2,36224,1695611806.5201867
2,36352,1695611806.544672
2,36480,1695611806.5671337
2,36608,1695611806.59158
2,36736,1695611806.6148174
2,36864,1695611806.6397345
2,36992,1695611806.6615524
2,37120,1695611806.6846356
2,37248,1695611806.709658
2,37376,1695611806.733023
2,37504,1695611806.7562733
2,37632,1695611806.7808785
2,37760,1695611806.8048875
2,37888,1695611806.8290973
2,38016,1695611806.853027
2,38144,1695611806.8757837
2,38272,1695611806.9007955
2,38400,1695611806.9238322
2,38528,1695611806.948629
2,38656,1695611806.9715016
2,38784,1695611806.9953291
2,38912,1695611807.0189953
2,39040,1695611807.0431383
2,39168,1695611807.0665362
2,39296,1695611807.0915117
2,39424,1695611807.1141121
2,39552,1695611807.1385026
2,39680,1695611807.1621828
2,39808,1695611807.1888075
2,39936,1695611807.2125423
2,40064,1695611807.2336898
2,40192,1695611807.2580767
2,40320,1695611807.2815924
2,40448,1695611807.3051574
2,40576,1695611807.3308241
2,40704,1695611807.3566372
2,40832,1695611807.3772879
2,40960,1695611807.40058
2,41088,1695611807.4279144
2,41216,1695611807.4484065
2,41344,1695611807.4724898
2,41472,1695611807.495293
2,41600,1695611807.5210474
2,41728,1695611807.5440848
2,41856,1695611807.5683796
2,41984,1695611807.5914075
2,42112,1695611807.616191
2,42240,1695611807.6414466
2,42368,1695611807.6637013
2,42496,1695611807.6888437
2,42624,1695611807.7142136
2,42752,1695611807.7370257
2,42880,1695611807.7604342
2,43008,1695611807.7855992
2,43136,1695611807.8099093
2,43264,1695611807.8335657
2,43392,1695611807.857418
2,43520,1695611807.8801732
2,43648,1695611807.9051669
2,43776,1695611807.9283373
2,43904,1695611807.9525938
2,44032,1695611807.9772885
2,44160,1695611807.9990308
2,44288,1695611808.0240405
2,44416,1695611808.0473912
2,44544,1695611808.0729105
2,44672,1695611808.0961099
2,44800,1695611808.1211739
2,44928,1695611808.1458664
2,45056,1695611808.1682525
2,45184,1695611808.192225
2,45312,1695611808.2168405
2,45440,1695611808.2401023
2,45568,1695611808.2636254
2,45696,1695611808.2886655
2,45824,1695611808.3128068
2,45952,1695611808.3373432
2,46080,1695611808.36014
2,46208,1695611808.3849335
2,46336,1695611808.4076264
2,46464,1695611808.4318573
2,46592,1695611808.4558392
2,46720,1695611808.480725
2,46848,1695611808.5037382
2,46976,1695611808.5285566
2,47104,1695611808.551459
2,47232,1695611808.5766168
2,47360,1695611808.599136
2,47488,1695611808.6231747
2,47616,1695611808.649286
2,47744,1695611808.6695626
2,47872,1695611808.695092
2,48000,1695611808.7193096
2,48128,1695611808.7423947
2,48256,1695611808.7668118
2,48384,1695611808.7907298
2,48512,1695611808.8152838
2,48640,1695611808.837775
2,48768,1695611808.8620498
2,48896,1695611808.8856418
2,49024,1695611808.907314
2,49152,1695611808.9314091
2,49280,1695611808.9555943
2,49408,1695611808.981129
2,49536,1695611809.004627
2,49664,1695611809.028353
2,49792,1695611809.0529878
2,49920,1695611809.0787518
2,50000,1695611809.104186
3,128,1695611809.488562
3,256,1695611809.5074096
3,384,1695611809.5325332
3,512,1695611809.5579002
3,640,1695611809.580335
3,768,1695611809.6040897
3,896,1695611809.6288617
3,1024,1695611809.654231
3,1152,1695611809.6794078
3,1280,1695611809.7017295
3,1408,1695611809.721623
3,1536,1695611809.7455392
3,1664,1695611809.7701776
3,1792,1695611809.7951384
3,1920,1695611809.818089
3,2048,1695611809.8414629
3,2176,1695611809.8655457
3,2304,1695611809.8893445
3,2432,1695611809.9132788
3,2560,1695611809.936484
3,2688,1695611809.9610388
3,2816,1695611809.9845119
3,2944,1695611810.008418
3,3072,1695611810.0326302
3,3200,1695611810.058794
3,3328,1695611810.0812602
3,3456,1695611810.105742
3,3584,1695611810.1278079
3,3712,1695611810.1551507
3,3840,1695611810.1799142
3,3968,1695611810.2032733
3,4096,1695611810.2281964
3,4224,1695611810.2505484
3,4352,1695611810.2700107
3,4480,1695611810.2976923
3,4608,1695611810.3209436
3,4736,1695611810.3448477
3,4864,1695611810.3672771
3,4992,1695611810.392343
3,5120,1695611810.4147284
3,5248,1695611810.4427474
3,5376,1695611810.4649136
3,5504,1695611810.4856906
3,5632,1695611810.5088944
3,5760,1695611810.538516
3,5888,1695611810.5594368
3,6016,1695611810.579577
3,6144,1695611810.606464
3,6272,1695611810.630951
3,6400,1695611810.6564956
3,6528,1695611810.6794102
3,6656,1695611810.7035491
3,6784,1695611810.7266152
3,6912,1695611810.7512999
3,7040,1695611810.77383
3,7168,1695611810.7962499
3,7296,1695611810.821716
3,7424,1695611810.8456805
3,7552,1695611810.8694057
3,7680,1695611810.8923323
3,7808,1695611810.9177167
3,7936,1695611810.9447184
3,8064,1695611810.9669468
3,8192,1695611810.993467
3,8320,1695611811.0147066
3,8448,1695611811.03887
3,8576,1695611811.0638905
3,8704,1695611811.0862346
3,8832,1695611811.1112192
3,8960,1695611811.1340969
3,9088,1695611811.1588569
3,9216,1695611811.1813335
3,9344,1695611811.2068532
3,9472,1695611811.2284026
3,9600,1695611811.2519162
3,9728,1695611811.2739284
3,9856,1695611811.2990558
3,9984,1695611811.322713
3,10112,1695611811.3475533
3,10240,1695611811.3697877
3,10368,1695611811.393632
3,10496,1695611811.416771
3,10624,1695611811.4393666
3,10752,1695611811.4643774
3,10880,1695611811.4867284
3,11008,1695611811.510961
3,11136,1695611811.5353842
3,11264,1695611811.5585206
3,11392,1695611811.5836005
3,11520,1695611811.6058147
3,11648,1695611811.631198
3,11776,1695611811.6552317
3,11904,1695611811.6769598
3,12032,1695611811.700624
3,12160,1695611811.724736
3,12288,1695611811.7485895
3,12416,1695611811.7732959
3,12544,1695611811.7962663
3,12672,1695611811.8207428
3,12800,1695611811.8431904
3,12928,1695611811.8687143
3,13056,1695611811.8925772
3,13184,1695611811.9155562
3,13312,1695611811.943453
3,13440,1695611811.9661012
3,13568,1695611811.9919555
3,13696,1695611812.0143857
3,13824,1695611812.040032
3,13952,1695611812.0601106
3,14080,1695611812.0884774
3,14208,1695611812.1105595
3,14336,1695611812.1334078
3,14464,1695611812.1566865
3,14592,1695611812.1809616
3,14720,1695611812.2043605
3,14848,1695611812.2284944
3,14976,1695611812.2518926
3,15104,1695611812.2763755
3,15232,1695611812.3029637
3,15360,1695611812.3281198
3,15488,1695611812.3507733
3,15616,1695611812.37612
3,15744,1695611812.4003341
3,15872,1695611812.422131
3,16000,1695611812.441983
3,16128,1695611812.4690096
3,16256,1695611812.4920158
3,16384,1695611812.5152442
3,16512,1695611812.5388672
3,16640,1695611812.56327
3,16768,1695611812.587081
3,16896,1695611812.6110501
3,17024,1695611812.6356828
3,17152,1695611812.6584806
3,17280,1695611812.68289
3,17408,1695611812.7064946
3,17536,1695611812.7312772
3,17664,1695611812.753788
3,17792,1695611812.7777357
3,17920,1695611812.8013148
3,18048,1695611812.8249292
3,18176,1695611812.8490999
3,18304,1695611812.8729637
3,18432,1695611812.8987958
3,18560,1695611812.9220932
3,18688,1695611812.9445496
3,18816,1695611812.9675386
3,18944,1695611812.99322
3,19072,1695611813.0160596
3,19200,1695611813.0405397
3,19328,1695611813.0633807
3,19456,1695611813.0886354
3,19584,1695611813.1110823
3,19712,1695611813.1355045
3,19840,1695611813.160449
3,19968,1695611813.182676
3,20096,1695611813.2081861
3,20224,1695611813.2305756
3,20352,1695611813.254833
3,20480,1695611813.2786427
3,20608,1695611813.303707
3,20736,1695611813.326683
3,20864,1695611813.3520887
3,20992,1695611813.3746765
3,21120,1695611813.3992472
3,21248,1695611813.4226513
3,21376,1695611813.4469972
3,21504,1695611813.4708073
3,21632,1695611813.4946575
3,21760,1695611813.5192254
3,21888,1695611813.5444355
3,22016,1695611813.5667062
3,22144,1695611813.5917175
3,22272,1695611813.6146615
3,22400,1695611813.6389823
3,22528,1695611813.6622305
3,22656,1695611813.6866636
3,22784,1695611813.7098966
3,22912,1695611813.734512
3,23040,1695611813.7583022
3,23168,1695611813.7826235
3,23296,1695611813.8089266
3,23424,1695611813.8347387
3,23552,1695611813.8560674
3,23680,1695611813.8775344
3,23808,1695611813.900655
3,23936,1695611813.9250715
3,24064,1695611813.949492
3,24192,1695611813.9715593
3,24320,1695611813.995413
3,24448,1695611814.0195246
3,24576,1695611814.0436344
3,24704,1695611814.067203
3,24832,1695611814.0921671
3,24960,1695611814.1147327
3,25088,1695611814.1391032
3,25216,1695611814.1629832
3,25344,1695611814.1868935
3,25472,1695611814.210637
3,25600,1695611814.2358038
3,25728,1695611814.2581716
3,25856,1695611814.2870064
3,25984,1695611814.3096647
3,26112,1695611814.3349068
3,26240,1695611814.3579378
3,26368,1695611814.3777158
3,26496,1695611814.4038708
3,26624,1695611814.429198
3,26752,1695611814.450799
3,26880,1695611814.4756212
3,27008,1695611814.4987779
3,27136,1695611814.5226
3,27264,1695611814.5463557
3,27392,1695611814.5741985
3,27520,1695611814.5940125
3,27648,1695611814.6180122
3,27776,1695611814.6417906
3,27904,1695611814.6657631
3,28032,1695611814.6898208
3,28160,1695611814.7138605
3,28288,1695611814.7413034
3,28416,1695611814.7615416
3,28544,1695611814.7884204
3,28672,1695611814.8114614
3,28800,1695611814.8351238
3,28928,1695611814.8592012
3,29056,1695611814.88313
3,29184,1695611814.9068935
3,29312,1695611814.9322727
3,29440,1695611814.9543788
3,29568,1695611814.9793656
3,29696,1695611815.0020401
3,29824,1695611815.0296
3,29952,1695611815.0499558
3,30080,1695611815.0743968
3,30208,1695611815.0980399
3,30336,1695611815.1228728
3,30464,1695611815.146623
3,30592,1695611815.171064
3,30720,1695611815.195278
3,30848,1695611815.2204888
3,30976,1695611815.2434747
3,31104,1695611815.268385
3,31232,1695611815.2917683
3,31360,1695611815.3157218
3,31488,1695611815.339604
3,31616,1695611815.3645074
3,31744,1695611815.3869474
3,31872,1695611815.4108825
3,32000,1695611815.4346728
3,32128,1695611815.4589105
3,32256,1695611815.4827096
3,32384,1695611815.5076985
3,32512,1695611815.5306997
3,32640,1695611815.5560763
3,32768,1695611815.5788076
3,32896,1695611815.6027002
3,33024,1695611815.6265304
3,33152,1695611815.6515534
3,33280,1695611815.6744874
3,33408,1695611815.6993728
3,33536,1695611815.7223165
3,33664,1695611815.7470722
3,33792,1695611815.7702475
3,33920,1695611815.7949817
3,34048,1695611815.8178551
3,34176,1695611815.841241
3,34304,1695611815.8655307
3,34432,1695611815.8893182
3,34560,1695611815.913411
3,34688,1695611815.9420044
3,34816,1695611815.9629428
3,34944,1695611815.9834156
3,35072,1695611816.0072105
3,35200,1695611816.032968
3,35328,1695611816.0575159
3,35456,1695611816.080966
3,35584,1695611816.1053524
3,35712,1695611816.1285417
3,35840,1695611816.1553752
3,35968,1695611816.1793334
3,36096,1695611816.2008011
3,36224,1695611816.2242436
3,36352,1695611816.2494397
3,36480,1695611816.2759805
3,36608,1695611816.3032486
3,36736,1695611816.3260372
3,36864,1695611816.3461633
3,36992,1695611816.3715043
3,37120,1695611816.3969455
3,37248,1695611816.4197953
3,37376,1695611816.4441357
3,37504,1695611816.4665666
3,37632,1695611816.4909313
3,37760,1695611816.514087
3,37888,1695611816.538202
3,38016,1695611816.5613186
3,38144,1695611816.5854657
3,38272,1695611816.6087832
3,38400,1695611816.6334918
3,38528,1695611816.6597931
3,38656,1695611816.6831672
3,38784,1695611816.7043686
3,38912,1695611816.7288897
3,39040,1695611816.7529824
3,39168,1695611816.7768855
3,39296,1695611816.801725
3,39424,1695611816.8273184
3,39552,1695611816.850991
3,39680,1695611816.8747518
3,39808,1695611816.8996162
3,39936,1695611816.922552
3,40064,1695611816.9478278
3,40192,1695611816.9701533
3,40320,1695611816.9947703
3,40448,1695611817.0178285
3,40576,1695611817.0427058
3,40704,1695611817.065579
3,40832,1695611817.0908713
3,40960,1695611817.1151478
3,41088,1695611817.138519
3,41216,1695611817.161526
3,41344,1695611817.18634
3,41472,1695611817.2100997
3,41600,1695611817.2339182
3,41728,1695611817.2577064
3,41856,1695611817.2829826
3,41984,1695611817.3050833
3,42112,1695611817.3293006
3,42240,1695611817.3543959
3,42368,1695611817.3794746
3,42496,1695611817.4015486
3,42624,1695611817.4254274
3,42752,1695611817.4495306
3,42880,1695611817.4733458
3,43008,1695611817.4972947
3,43136,1695611817.5200489
3,43264,1695611817.5445971
3,43392,1695611817.5673196
3,43520,1695611817.592634
3,43648,1695611817.615167
3,43776,1695611817.6390846
3,43904,1695611817.6624968
3,44032,1695611817.6873853
3,44160,1695611817.7102199
3,44288,1695611817.734807
3,44416,1695611817.7583346
3,44544,1695611817.7822719
3,44672,1695611817.8062608
3,44800,1695611817.8311045
3,44928,1695611817.8545005
3,45056,1695611817.878943
3,45184,1695611817.9023564
3,45312,1695611817.9267912
3,45440,1695611817.9499557
3,45568,1695611817.974006
3,45696,1695611817.997498
3,45824,1695611818.021674
3,45952,1695611818.045541
3,46080,1695611818.0689747
3,46208,1695611818.0926456
3,46336,1695611818.1170428
3,46464,1695611818.1418307
3,46592,1695611818.1655211
3,46720,1695611818.1896963
3,46848,1695611818.214595
3,46976,1695611818.2369447
3,47104,1695611818.2604053
3,47232,1695611818.2899714
3,47360,1695611818.3106613
3,47488,1695611818.3309042
3,47616,1695611818.3574977
3,47744,1695611818.3803043
3,47872,1695611818.4044473
3,48000,1695611818.4269745
3,48128,1695611818.4528525
3,48256,1695611818.475425
3,48384,1695611818.5003424
3,48512,1695611818.5233881
3,48640,1695611818.5473206
3,48768,1695611818.5706737
3,48896,1695611818.5957954
3,49024,1695611818.6176956
3,49152,1695611818.642124
3,49280,1695611818.6666663
3,49408,1695611818.6912937
3,49536,1695611818.715719
3,49664,1695611818.739998
3,49792,1695611818.7636826
3,49920,1695611818.787725
3,50000,1695611818.8145666
4,128,1695611819.176983
4,256,1695611819.1972985
4,384,1695611819.2238636
4,512,1695611819.2482142
4,640,1695611819.2668276
4,768,1695611819.2897892
4,896,1695611819.31524
4,1024,1695611819.3409765
4,1152,1695611819.3664136
4,1280,1695611819.3889482
4,1408,1695611819.4147735
4,1536,1695611819.4373183
4,1664,1695611819.4589322
4,1792,1695611819.4858432
4,1920,1695611819.508008
4,2048,1695611819.5337832
4,2176,1695611819.5558236
4,2304,1695611819.5812833
4,2432,1695611819.6039777
4,2560,1695611819.6299863
4,2688,1695611819.6525145
4,2816,1695611819.678566
4,2944,1695611819.7007356
4,3072,1695611819.7266657
4,3200,1695611819.7501137
4,3328,1695611819.7748036
4,3456,1695611819.7988584
4,3584,1695611819.8230712
4,3712,1695611819.847682
4,3840,1695611819.8726485
4,3968,1695611819.8974283
4,4096,1695611819.9190536
4,4224,1695611819.9455593
4,4352,1695611819.9705322
4,4480,1695611819.9912329
4,4608,1695611820.0174625
4,4736,1695611820.0393414
4,4864,1695611820.0638897
4,4992,1695611820.090228
4,5120,1695611820.1123621
4,5248,1695611820.138557
4,5376,1695611820.1629903
4,5504,1695611820.1876893
4,5632,1695611820.2086835
4,5760,1695611820.2337198
4,5888,1695611820.255622
4,6016,1695611820.2828352
4,6144,1695611820.3067527
4,6272,1695611820.332445
4,6400,1695611820.354058
4,6528,1695611820.3780215
4,6656,1695611820.4013011
4,6784,1695611820.4280517
4,6912,1695611820.4496093
4,7040,1695611820.4720714
4,7168,1695611820.493745
4,7296,1695611820.519672
4,7424,1695611820.5450027
4,7552,1695611820.5686476
4,7680,1695611820.593605
4,7808,1695611820.6164992
4,7936,1695611820.640277
4,8064,1695611820.6646974
4,8192,1695611820.6898625
4,8320,1695611820.7152483
4,8448,1695611820.738927
4,8576,1695611820.7618232
4,8704,1695611820.785616
4,8832,1695611820.810969
4,8960,1695611820.8321214
4,9088,1695611820.8602955
4,9216,1695611820.8809447
4,9344,1695611820.902523
4,9472,1695611820.9281423
4,9600,1695611820.9539263
4,9728,1695611820.9786146
4,9856,1695611821.0038033
4,9984,1695611821.028213
4,10112,1695611821.0489528
4,10240,1695611821.0751748
4,10368,1695611821.0989811
4,10496,1695611821.1243546
4,10624,1695611821.1454837
4,10752,1695611821.1681068
4,10880,1695611821.1934052
4,11008,1695611821.2178304
4,11136,1695611821.241468
4,11264,1695611821.2676132
4,11392,1695611821.2883804
4,11520,1695611821.312844
4,11648,1695611821.337036
4,11776,1695611821.362175
4,11904,1695611821.3857198
4,12032,1695611821.4090445
4,12160,1695611821.433658
4,12288,1695611821.4559507
4,12416,1695611821.481332
4,12544,1695611821.5060084
4,12672,1695611821.5308552
4,12800,1695611821.5562615
4,12928,1695611821.5791821
4,13056,1695611821.599041
4,13184,1695611821.6282072
4,13312,1695611821.6487117
4,13440,1695611821.6723843
4,13568,1695611821.6968799
4,13696,1695611821.722047
4,13824,1695611821.742989
4,13952,1695611821.7695735
4,14080,1695611821.792991
4,14208,1695611821.8189268
4,14336,1695611821.8439856
4,14464,1695611821.8632557
4,14592,1695611821.8900895
4,14720,1695611821.914853
4,14848,1695611821.9373012
4,14976,1695611821.9661067
4,15104,1695611821.9870913
4,15232,1695611822.0068815
4,15360,1695611822.034146
4,15488,1695611822.0575542
4,15616,1695611822.0807276
4,15744,1695611822.1041193
4,15872,1695611822.1289308
4,16000,1695611822.1577494
4,16128,1695611822.1801667
4,16256,1695611822.1988723
4,16384,1695611822.2251482
4,16512,1695611822.249535
4,16640,1695611822.2728727
4,16768,1695611822.297275
4,16896,1695611822.3203094
4,17024,1695611822.345366
4,17152,1695611822.3685217
4,17280,1695611822.3935306
4,17408,1695611822.4174213
4,17536,1695611822.4439569
4,17664,1695611822.4662323
4,17792,1695611822.4876683
4,17920,1695611822.512064
4,18048,1695611822.5371497
4,18176,1695611822.5598667
4,18304,1695611822.5834796
4,18432,1695611822.6073563
4,18560,1695611822.6325223
4,18688,1695611822.6554086
4,18816,1695611822.6807404
4,18944,1695611822.7037911
4,19072,1695611822.7290378
4,19200,1695611822.755607
4,19328,1695611822.7807193
4,19456,1695611822.8060198
4,19584,1695611822.8286824
4,19712,1695611822.8550851
4,19840,1695611822.8787718
4,19968,1695611822.9049387
4,20096,1695611822.9257317
4,20224,1695611822.9528306
4,20352,1695611822.9745758
4,20480,1695611823.0008233
4,20608,1695611823.0220597
4,20736,1695611823.0487866
4,20864,1695611823.069078
4,20992,1695611823.0941262
4,21120,1695611823.1168616
4,21248,1695611823.140125
4,21376,1695611823.1648452
4,21504,1695611823.187291
4,21632,1695611823.2127523
4,21760,1695611823.2376907
4,21888,1695611823.260506
4,22016,1695611823.2839227
4,22144,1695611823.3098567
4,22272,1695611823.3329504
4,22400,1695611823.3554716
4,22528,1695611823.3806474
4,22656,1695611823.403684
4,22784,1695611823.4283316
4,22912,1695611823.4529247
4,23040,1695611823.4812827
4,23168,1695611823.500057
4,23296,1695611823.5258539
4,23424,1695611823.5489116
4,23552,1695611823.573241
4,23680,1695611823.596636
4,23808,1695611823.6197062
4,23936,1695611823.6445057
4,24064,1695611823.6705449
4,24192,1695611823.6946409
4,24320,1695611823.7203946
4,24448,1695611823.7410522
4,24576,1695611823.7641416
4,24704,1695611823.7889771
4,24832,1695611823.812598
4,24960,1695611823.838041
4,25088,1695611823.8598218
4,25216,1695611823.887656
4,25344,1695611823.9073575
4,25472,1695611823.9282978
4,25600,1695611823.9538555
4,25728,1695611823.9784107
4,25856,1695611824.0059595
4,25984,1695611824.0285928
4,26112,1695611824.054052
4,26240,1695611824.0765123
4,26368,1695611824.1029017
4,26496,1695611824.1252463
4,26624,1695611824.148074
4,26752,1695611824.1699138
4,26880,1695611824.1986442
4,27008,1695611824.220475
4,27136,1695611824.2463596
4,27264,1695611824.2639596
4,27392,1695611824.2870488
4,27520,1695611824.3160825
4,27648,1695611824.3410888
4,27776,1695611824.3667927
4,27904,1695611824.3886576
4,28032,1695611824.4117968
4,28160,1695611824.438015
4,28288,1695611824.457632
4,28416,1695611824.4844697
4,28544,1695611824.507565
4,28672,1695611824.5330582
4,28800,1695611824.554986
4,28928,1695611824.5806615
4,29056,1695611824.603518
4,29184,1695611824.6302428
4,29312,1695611824.6516893
4,29440,1695611824.6787212
4,29568,1695611824.69931
4,29696,1695611824.7266
4,29824,1695611824.7475374
4,29952,1695611824.7715015
4,30080,1695611824.7971146
4,30208,1695611824.8195028
4,30336,1695611824.8445337
4,30464,1695611824.8707798
4,30592,1695611824.893466
4,30720,1695611824.9176521
4,30848,1695611824.9406226
4,30976,1695611824.9660256
4,31104,1695611824.9888203
4,31232,1695611825.0113635
4,31360,1695611825.0369241
4,31488,1695611825.058802
4,31616,1695611825.084903
4,31744,1695611825.1065602
4,31872,1695611825.1327522
4,32000,1695611825.1552334
4,32128,1695611825.1825356
4,32256,1695611825.2026596
4,32384,1695611825.2289836
4,32512,1695611825.2511106
4,32640,1695611825.2771454
4,32768,1695611825.3000872
4,32896,1695611825.323953
4,33024,1695611825.3506775
4,33152,1695611825.371252
4,33280,1695611825.3985858
4,33408,1695611825.4190087
4,33536,1695611825.4466286
4,33664,1695611825.4667954
4,33792,1695611825.4924278
4,33920,1695611825.5166886
4,34048,1695611825.5416632
4,34176,1695611825.5647693
4,34304,1695611825.5907533
4,34432,1695611825.6108172
4,34560,1695611825.6334503
4,34688,1695611825.6567702
4,34816,1695611825.683768
4,34944,1695611825.7086391
4,35072,1695611825.7321525
4,35200,1695611825.7562234
4,35328,1695611825.7778654
4,35456,1695611825.8057373
4,35584,1695611825.823959
4,35712,1695611825.8511965
4,35840,1695611825.875006
4,35968,1695611825.9000752
4,36096,1695611825.9232242
4,36224,1695611825.947867
4,36352,1695611825.9721844
4,36480,1695611825.992649
4,36608,1695611826.0127308
4,36736,1695611826.0336633
4,36864,1695611826.054468
4,36992,1695611826.0769982
4,37120,1695611826.0961564
4,37248,1695611826.1167016
4,37376,1695611826.1367097
4,37504,1695611826.1565762
4,37632,1695611826.1765938
4,37760,1695611826.196572
4,37888,1695611826.2131236
4,38016,1695611826.237336
4,38144,1695611826.256795
4,38272,1695611826.2727516
4,38400,1695611826.2965646
4,38528,1695611826.31686
4,38656,1695611826.3407693
4,38784,1695611826.3605318
4,38912,1695611826.3806028
4,39040,1695611826.4008806
4,39168,1695611826.4206352
4,39296,1695611826.4406357
4,39424,1695611826.4608161
4,39552,1695611826.4807045
4,39680,1695611826.500377
4,39808,1695611826.52075
4,39936,1695611826.540749
4,40064,1695611826.560644
4,40192,1695611826.5805368
4,40320,1695611826.6010196
4,40448,1695611826.6212006
4,40576,1695611826.6396737
4,40704,1695611826.6645365
4,40832,1695611826.684927
4,40960,1695611826.7045236
4,41088,1695611826.7249346
4,41216,1695611826.7433507
4,41344,1695611826.7629979
4,41472,1695611826.7816756
4,41600,1695611826.8017516
4,41728,1695611826.8252778
4,41856,1695611826.8442376
4,41984,1695611826.8650117
4,42112,1695611826.8800685
4,42240,1695611826.9056337
4,42368,1695611826.9303315
4,42496,1695611826.9511385
4,42624,1695611826.9728827
4,42752,1695611826.9920182
4,42880,1695611827.012872
4,43008,1695611827.0325193
4,43136,1695611827.052693
4,43264,1695611827.07249
4,43392,1695611827.0928152
4,43520,1695611827.1124852
4,43648,1695611827.132855
4,43776,1695611827.1523602
4,43904,1695611827.1729531
4,44032,1695611827.192688
4,44160,1695611827.2097695
4,44288,1695611827.2344584
4,44416,1695611827.2585187
4,44544,1695611827.2766159
4,44672,1695611827.296884
4,44800,1695611827.3159757
4,44928,1695611827.333057
4,45056,1695611827.3585515
4,45184,1695611827.3812766
4,45312,1695611827.399784
4,45440,1695611827.420939
4,45568,1695611827.4404912
4,45696,1695611827.460512
4,45824,1695611827.4810832
4,45952,1695611827.5001812
4,46080,1695611827.5209231
4,46208,1695611827.54053
4,46336,1695611827.5607054
4,46464,1695611827.5812182
4,46592,1695611827.603086
4,46720,1695611827.6248326
4,46848,1695611827.6445706
4,46976,1695611827.6648333
4,47104,1695611827.6847
4,47232,1695611827.7049046
4,47360,1695611827.724493
4,47488,1695611827.7447855
4,47616,1695611827.7646723
4,47744,1695611827.7845712
4,47872,1695611827.8047707
4,48000,1695611827.8246932
4,48128,1695611827.8454726
4,48256,1695611827.866832
4,48384,1695611827.8909543
4,48512,1695611827.9065483
4,48640,1695611827.9271774
4,48768,1695611827.9469082
4,48896,1695611827.9730973
4,49024,1695611827.9913628
4,49152,1695611828.0104883
4,49280,1695611828.030469
4,49408,1695611828.050576
4,49536,1695611828.0706525
4,49664,1695611828.0907843
4,49792,1695611828.1108878
4,49920,1695611828.1308272
4,50000,1695611828.1510258
5,128,1695611828.5273774
5,256,1695611828.545277
5,384,1695611828.567389
5,512,1695611828.5893424
5,640,1695611828.6083114
5,768,1695611828.6289444
5,896,1695611828.6481593
5,1024,1695611828.6685622
5,1152,1695611828.6885066
5,1280,1695611828.7038896
5,1408,1695611828.7275956
5,1536,1695611828.7463315
5,1664,1695611828.7663856
5,1792,1695611828.7904632
5,1920,1695611828.8110502
5,2048,1695611828.8309045
5,2176,1695611828.8512104
5,2304,1695611828.8737886
5,2432,1695611828.8936512
5,2560,1695611828.9135501
5,2688,1695611828.933386
5,2816,1695611828.9581714
5,2944,1695611828.9751735
5,3072,1695611828.997634
5,3200,1695611829.0151427
5,3328,1695611829.0398948
5,3456,1695611829.0599263
5,3584,1695611829.0796819
5,3712,1695611829.100401
5,3840,1695611829.1190283
5,3968,1695611829.1399608
5,4096,1695611829.1602242
5,4224,1695611829.1814811
5,4352,1695611829.2021415
5,4480,1695611829.2232568
5,4608,1695611829.2433043
5,4736,1695611829.2633812
5,4864,1695611829.2833898
5,4992,1695611829.30583
5,5120,1695611829.3266513
5,5248,1695611829.3472197
5,5376,1695611829.367485
5,5504,1695611829.3871899
5,5632,1695611829.4068413
5,5760,1695611829.4306579
5,5888,1695611829.4506106
5,6016,1695611829.4707174
5,6144,1695611829.4909983
5,6272,1695611829.5110931
5,6400,1695611829.5315533
5,6528,1695611829.5513797
5,6656,1695611829.5698402
5,6784,1695611829.5897841
5,6912,1695611829.6116314
5,7040,1695611829.6317585
5,7168,1695611829.6522758
5,7296,1695611829.6716895
5,7424,1695611829.691729
5,7552,1695611829.7109048
5,7680,1695611829.731092
5,7808,1695611829.7534628
5,7936,1695611829.7714028
5,8064,1695611829.794778
5,8192,1695611829.8156826
5,8320,1695611829.8354418
5,8448,1695611829.856272
5,8576,1695611829.8754284
5,8704,1695611829.8960965
5,8832,1695611829.915578
5,8960,1695611829.9346402
5,9088,1695611829.954145
5,9216,1695611829.978927
5,9344,1695611829.9976773
5,9472,1695611830.0165906
5,9600,1695611830.0405931
5,9728,1695611830.0587375
5,9856,1695611830.0793455
5,9984,1695611830.100308
5,10112,1695611830.1193593
5,10240,1695611830.1398654
5,10368,1695611830.1552992
5,10496,1695611830.1798935
5,10624,1695611830.2030842
5,10752,1695611830.221726
5,10880,1695611830.2416408
5,11008,1695611830.2634094
5,11136,1695611830.2834039
5,11264,1695611830.303544
5,11392,1695611830.323842
5,11520,1695611830.3438804
5,11648,1695611830.363536
5,11776,1695611830.38696
5,11904,1695611830.4071834
5,12032,1695611830.4273784
5,12160,1695611830.4471977
5,12288,1695611830.4668033
5,12416,1695611830.487194
5,12544,1695611830.5073307
5,12672,1695611830.527527
5,12800,1695611830.5474854
5,12928,1695611830.567587
5,13056,1695611830.5854838
5,13184,1695611830.605405
5,13312,1695611830.6262553
5,13440,1695611830.6463916
5,13568,1695611830.6665628
5,13696,1695611830.686978
5,13824,1695611830.7072408
5,13952,1695611830.7267902
5,14080,1695611830.7468524
5,14208,1695611830.7670348
5,14336,1695611830.788053
5,14464,1695611830.807414
5,14592,1695611830.8274727
5,14720,1695611830.8484282
5,14848,1695611830.8680644
5,14976,1695611830.8884757
5,15104,1695611830.908662
5,15232,1695611830.928826
5,15360,1695611830.952563
5,15488,1695611830.9715204
5,15616,1695611830.9922278
5,15744,1695611831.0071023
5,15872,1695611831.029498
5,16000,1695611831.0492644
5,16128,1695611831.0692184
5,16256,1695611831.0905375
5,16384,1695611831.1104114
5,16512,1695611831.1310554
5,16640,1695611831.1508455
5,16768,1695611831.1708996
5,16896,1695611831.1909564
5,17024,1695611831.2112682
5,17152,1695611831.2313142
5,17280,1695611831.2522745
5,17408,1695611831.2725558
5,17536,1695611831.292911
5,17664,1695611831.3127797
5,17792,1695611831.3326228
5,17920,1695611831.3526866
5,18048,1695611831.3728123
5,18176,1695611831.392736
5,18304,1695611831.4144716
5,18432,1695611831.4329805
5,18560,1695611831.4541817
5,18688,1695611831.474858
5,18816,1695611831.4954798
5,18944,1695611831.5158613
5,19072,1695611831.5346692
5,19200,1695611831.5543864
5,19328,1695611831.5749269
5,19456,1695611831.595047
5,19584,1695611831.6161563
5,19712,1695611831.6365097
5,19840,1695611831.656397
5,19968,1695611831.6766293
5,20096,1695611831.6967297
5,20224,1695611831.7169588
5,20352,1695611831.7369757
5,20480,1695611831.7568746
5,20608,1695611831.77689
5,20736,1695611831.7968707
5,20864,1695611831.8176303
5,20992,1695611831.8384328
5,21120,1695611831.858346
5,21248,1695611831.8790429
5,21376,1695611831.899726
5,21504,1695611831.9190173
5,21632,1695611831.9401486
5,21760,1695611831.960349
5,21888,1695611831.980514
5,22016,1695611832.0005138
5,22144,1695611832.0208995
5,22272,1695611832.0409448
5,22400,1695611832.06071
5,22528,1695611832.0808554
5,22656,1695611832.1006737
5,22784,1695611832.1213717
5,22912,1695611832.1424847
5,23040,1695611832.1629317
5,23168,1695611832.183573
5,23296,1695611832.2027965
5,23424,1695611832.2228415
5,23552,1695611832.2430975
5,23680,1695611832.2641795
5,23808,1695611832.2844307
5,23936,1695611832.3044178
5,24064,1695611832.3245697
5,24192,1695611832.3447766
5,24320,1695611832.3646007
5,24448,1695611832.3841748
5,24576,1695611832.4080148
5,24704,1695611832.4279108
5,24832,1695611832.4460032
5,24960,1695611832.466377
5,25088,1695611832.4875243
5,25216,1695611832.5067472
5,25344,1695611832.5268464
5,25472,1695611832.547017
5,25600,1695611832.567945
5,25728,1695611832.5883737
5,25856,1695611832.6083903
5,25984,1695611832.6287372
5,26112,1695611832.6480074
5,26240,1695611832.669942
5,26368,1695611832.6903348
5,26496,1695611832.710564
5,26624,1695611832.7309244
5,26752,1695611832.7517128
5,26880,1695611832.7708843
5,27008,1695611832.7910123
5,27136,1695611832.811192
5,27264,1695611832.8313801
5,27392,1695611832.8523252
5,27520,1695611832.8726485
5,27648,1695611832.892781
5,27776,1695611832.9127164
5,27904,1695611832.932982
5,28032,1695611832.9529884
5,28160,1695611832.9727573
5,28288,1695611832.9925056
5,28416,1695611833.0165358
5,28544,1695611833.0339587
5,28672,1695611833.0542736
5,28800,1695611833.0733984
5,28928,1695611833.0933204
5,29056,1695611833.114828
5,29184,1695611833.1352105
5,29312,1695611833.1548648
5,29440,1695611833.175585
5,29568,1695611833.1950784
5,29696,1695611833.216138
5,29824,1695611833.2363188
5,29952,1695611833.2564523
5,30080,1695611833.2766957
5,30208,1695611833.2968054
5,30336,1695611833.316905
5,30464,1695611833.3364532
5,30592,1695611833.3586385
5,30720,1695611833.3790922
5,30848,1695611833.3985546
5,30976,1695611833.4189944
5,31104,1695611833.438761
5,31232,1695611833.4589396
5,31360,1695611833.4791012
5,31488,1695611833.4992986
5,31616,1695611833.5203657
5,31744,1695611833.5405495
5,31872,1695611833.56053
5,32000,1695611833.5807629
5,32128,1695611833.6009696
5,32256,1695611833.6209342
5,32384,1695611833.6405687
5,32512,1695611833.6610992
5,32640,1695611833.6811311
5,32768,1695611833.7008433
5,32896,1695611833.7215726
5,33024,1695611833.742677
5,33152,1695611833.76302
5,33280,1695611833.7837286
5,33408,1695611833.803075
5,33536,1695611833.824354
5,33664,1695611833.8430839
5,33792,1695611833.864216
5,33920,1695611833.8852649
5,34048,1695611833.9054806
5,34176,1695611833.9258125
5,34304,1695611833.9454386
5,34432,1695611833.967065
5,34560,1695611833.9870486
5,34688,1695611834.0074503
5,34816,1695611834.0268764
5,34944,1695611834.0468485
5,35072,1695611834.0709667
5,35200,1695611834.0917802
5,35328,1695611834.1116352
5,35456,1695611834.1318974
5,35584,1695611834.1523185
5,35712,1695611834.1714318
5,35840,1695611834.1918247
5,35968,1695611834.213113
5,36096,1695611834.2299752
5,36224,1695611834.2514346
5,36352,1695611834.2707915
5,36480,1695611834.2908752
5,36608,1695611834.3123155
5,36736,1695611834.3324676
5,36864,1695611834.3525693
5,36992,1695611834.3727837
5,37120,1695611834.392585
5,37248,1695611834.4129283
5,37376,1695611834.4327784
5,37504,1695611834.4529746
5,37632,1695611834.472539
5,37760,1695611834.49486
5,37888,1695611834.5148423
5,38016,1695611834.5351229
5,38144,1695611834.5549543
5,38272,1695611834.575572
5,38400,1695611834.5962105
5,38528,1695611834.616131
5,38656,1695611834.6363146
5,38784,1695611834.6557624
5,38912,1695611834.6755111
5,39040,1695611834.6964831
5,39168,1695611834.7167645
5,39296,1695611834.7368383
5,39424,1695611834.7568038
5,39552,1695611834.776618
5,39680,1695611834.7967322
5,39808,1695611834.8168366
5,39936,1695611834.836618
5,40064,1695611834.8573916
5,40192,1695611834.8784769
5,40320,1695611834.899003
5,40448,1695611834.9196134
5,40576,1695611834.9388437
5,40704,1695611834.959807
5,40832,1695611834.979098
5,40960,1695611834.9992192
5,41088,1695611835.0195572
5,41216,1695611835.0403585
5,41344,1695611835.0604181
5,41472,1695611835.0807111
5,41600,1695611835.1013582
5,41728,1695611835.121049
5,41856,1695611835.1406279
5,41984,1695611835.1605942
5,42112,1695611835.1805317
5,42240,1695611835.2022545
5,42368,1695611835.2204516
5,42496,1695611835.2408319
5,42624,1695611835.2608237
5,42752,1695611835.2837832
5,42880,1695611835.3037045
5,43008,1695611835.3236282
5,43136,1695611835.3437421
5,43264,1695611835.3637705
5,43392,1695611835.3838258
5,43520,1695611835.403863
5,43648,1695611835.423956
5,43776,1695611835.4440546
5,43904,1695611835.4655442
5,44032,1695611835.485196
5,44160,1695611835.5052497
5,44288,1695611835.5253706
5,44416,1695611835.5447628
5,44544,1695611835.56697
5,44672,1695611835.5851555
5,44800,1695611835.6055262
5,44928,1695611835.6255608
5,45056,1695611835.6455696
5,45184,1695611835.6656766
5,45312,1695611835.6881216
5,45440,1695611835.7078502
5,45568,1695611835.7278612
5,45696,1695611835.7479453
5,45824,1695611835.7679822
5,45952,1695611835.7880516
5,46080,1695611835.808067
5,46208,1695611835.8281367
5,46336,1695611835.848122
5,46464,1695611835.8681443
5,46592,1695611835.8881505
5,46720,1695611835.9086165
5,46848,1695611835.9285607
5,46976,1695611835.9516692
5,47104,1695611835.970431
5,47232,1695611835.9883378
5,47360,1695611836.0081687
