epoch,trained_sample,time
0,0,1695092881.1927693
1,64,1695092882.4044867
1,128,1695092882.423092
1,192,1695092882.4381847
1,256,1695092882.4525201
1,320,1695092882.4685638
1,384,1695092882.4826496
1,448,1695092882.4974897
1,512,1695092882.5110133
1,576,1695092882.5256128
1,640,1695092882.5927787
1,704,1695092882.6072547
1,768,1695092882.6268365
1,832,1695092882.6430712
1,896,1695092882.6546636
1,960,1695092882.6708002
1,1024,1695092882.688396
1,1088,1695092882.7048206
1,1152,1695092882.719479
1,1216,1695092882.733698
1,1280,1695092882.7465713
1,1344,1695092882.760418
1,1408,1695092882.773094
1,1472,1695092882.7878354
1,1536,1695092882.800776
1,1600,1695092882.8187342
1,1664,1695092882.834699
1,1728,1695092882.8497162
1,1792,1695092882.8644388
1,1856,1695092882.8795512
1,1920,1695092882.8947392
1,1984,1695092882.9086864
1,2048,1695092882.9231687
1,2112,1695092882.9368694
1,2176,1695092882.9523497
1,2240,1695092882.9654071
1,2304,1695092883.035292
1,2368,1695092883.05062
1,2432,1695092883.0643
1,2496,1695092883.0790472
1,2560,1695092883.0945494
1,2624,1695092883.1085808
1,2688,1695092883.1234024
1,2752,1695092883.1387303
1,2816,1695092883.1533804
1,2880,1695092883.1677577
1,2944,1695092883.1836865
1,3008,1695092883.196854
1,3072,1695092883.2117968
1,3136,1695092883.2246113
1,3200,1695092883.239617
1,3264,1695092883.251795
1,3328,1695092883.2667305
1,3392,1695092883.2787163
1,3456,1695092883.2916095
1,3520,1695092883.3038385
1,3584,1695092883.3162332
1,3648,1695092883.3300364
1,3712,1695092883.341404
1,3776,1695092883.3543181
1,3840,1695092883.366737
1,3904,1695092883.380426
1,3968,1695092883.393136
1,4032,1695092883.4061573
1,4096,1695092883.418934
1,4160,1695092883.4323056
1,4224,1695092883.4446042
1,4288,1695092883.4574215
1,4352,1695092883.4701316
1,4416,1695092883.4909906
1,4480,1695092883.5060074
1,4544,1695092883.519472
1,4608,1695092883.533496
1,4672,1695092883.5492728
1,4736,1695092883.5649087
1,4800,1695092883.5806184
1,4864,1695092883.5941048
1,4928,1695092883.6103165
1,4992,1695092883.623135
1,5056,1695092883.6384866
1,5120,1695092883.6515055
1,5184,1695092883.6671877
1,5248,1695092883.680419
1,5312,1695092883.6958256
1,5376,1695092883.7086556
1,5440,1695092883.7238455
1,5504,1695092883.7369626
1,5568,1695092883.7521825
1,5632,1695092883.7652953
1,5696,1695092883.7817068
1,5760,1695092883.7968228
1,5824,1695092883.8103735
1,5888,1695092883.825431
1,5952,1695092883.839139
1,6016,1695092883.8543355
1,6080,1695092883.8723378
1,6144,1695092883.8859935
1,6208,1695092883.9008994
1,6272,1695092883.9162018
1,6336,1695092883.9320648
1,6400,1695092883.9466233
1,6464,1695092883.960682
1,6528,1695092883.9759583
1,6592,1695092883.9920022
1,6656,1695092884.0053954
1,6720,1695092884.020244
1,6784,1695092884.0345736
1,6848,1695092884.049693
1,6912,1695092884.0638933
1,6976,1695092884.0788906
1,7040,1695092884.093717
1,7104,1695092884.1077168
1,7168,1695092884.1222303
1,7232,1695092884.1350238
1,7296,1695092884.1488237
1,7360,1695092884.1616201
1,7424,1695092884.1758242
1,7488,1695092884.188634
1,7552,1695092884.2031724
1,7616,1695092884.2171466
1,7680,1695092884.2304647
1,7744,1695092884.244532
1,7808,1695092884.2581816
1,7872,1695092884.272355
1,7936,1695092884.2856271
1,8000,1695092884.299499
1,8064,1695092884.3137822
1,8128,1695092884.3270032
1,8192,1695092884.3410757
1,8256,1695092884.354295
1,8320,1695092884.3684573
1,8384,1695092884.3810651
1,8448,1695092884.3972573
1,8512,1695092884.4096293
1,8576,1695092884.4240112
1,8640,1695092884.4367344
1,8704,1695092884.4510365
1,8768,1695092884.465082
1,8832,1695092884.4786325
1,8896,1695092884.492482
1,8960,1695092884.5061436
1,9024,1695092884.5196526
1,9088,1695092884.5328846
1,9152,1695092884.5457184
1,9216,1695092884.559873
1,9280,1695092884.5726435
1,9344,1695092884.585641
1,9408,1695092884.6001835
1,9472,1695092884.6126688
1,9536,1695092884.6273358
1,9600,1695092884.6417978
1,9664,1695092884.6546812
1,9728,1695092884.668903
1,9792,1695092884.6821508
1,9856,1695092884.69608
1,9920,1695092884.7098594
1,9984,1695092884.7235048
1,10048,1695092884.7375379
1,10112,1695092884.7502666
1,10176,1695092884.7645073
1,10240,1695092884.7770314
1,10304,1695092884.791839
1,10368,1695092884.8047512
1,10432,1695092884.8191137
1,10496,1695092884.8333106
1,10560,1695092884.8463135
1,10624,1695092884.8603957
1,10688,1695092884.8742309
1,10752,1695092884.8877804
1,10816,1695092884.9010231
1,10880,1695092884.9138608
1,10944,1695092884.9280455
1,11008,1695092884.9406087
1,11072,1695092884.9566207
1,11136,1695092884.9710646
1,11200,1695092884.9895155
1,11264,1695092885.0078933
1,11328,1695092885.0240784
1,11392,1695092885.0420747
1,11456,1695092885.0597596
1,11520,1695092885.0789707
1,11584,1695092885.099311
1,11648,1695092885.118908
1,11712,1695092885.1370966
1,11776,1695092885.153352
1,11840,1695092885.1667647
1,11904,1695092885.18611
1,11968,1695092885.2058704
1,12032,1695092885.2209113
1,12096,1695092885.2341561
1,12160,1695092885.2513285
1,12224,1695092885.2691846
1,12288,1695092885.2830954
1,12352,1695092885.2956853
1,12416,1695092885.3139071
1,12480,1695092885.3326318
1,12544,1695092885.344434
1,12608,1695092885.3599734
1,12672,1695092885.371698
1,12736,1695092885.3894005
1,12800,1695092885.4079013
1,12864,1695092885.4241564
1,12928,1695092885.4365678
1,12992,1695092885.4576495
1,13056,1695092885.4718292
1,13120,1695092885.4889
1,13184,1695092885.5070398
1,13248,1695092885.52697
1,13312,1695092885.5477693
1,13376,1695092885.566573
1,13440,1695092885.5858262
1,13504,1695092885.604905
1,13568,1695092885.6208043
1,13632,1695092885.6325333
1,13696,1695092885.6537287
1,13760,1695092885.6655467
1,13824,1695092885.6794739
1,13888,1695092885.6906204
1,13952,1695092885.7075546
1,14016,1695092885.720613
1,14080,1695092885.7331655
1,14144,1695092885.7465427
1,14208,1695092885.7582128
1,14272,1695092885.7709568
1,14336,1695092885.7841096
1,14400,1695092885.7968218
1,14464,1695092885.81568
1,14528,1695092885.835733
1,14592,1695092885.8552086
1,14656,1695092885.8750057
1,14720,1695092885.8948674
1,14784,1695092885.914944
1,14848,1695092885.9355445
1,14912,1695092885.955442
1,14976,1695092885.975723
1,15040,1695092885.9954383
1,15104,1695092886.0158398
1,15168,1695092886.0353816
1,15232,1695092886.0546412
1,15296,1695092886.0747755
1,15360,1695092886.0945637
1,15424,1695092886.1150594
1,15488,1695092886.1358242
1,15552,1695092886.155569
1,15616,1695092886.1757472
1,15680,1695092886.1955786
1,15744,1695092886.2158618
1,15808,1695092886.235283
1,15872,1695092886.2557545
1,15936,1695092886.2676172
1,16000,1695092886.2867439
1,16064,1695092886.30699
1,16128,1695092886.3267603
1,16192,1695092886.3470342
1,16256,1695092886.3668735
1,16320,1695092886.38697
1,16384,1695092886.4071155
1,16448,1695092886.427093
1,16512,1695092886.4473467
1,16576,1695092886.4669461
1,16640,1695092886.4872878
1,16704,1695092886.5076685
1,16768,1695092886.5271926
1,16832,1695092886.5472927
1,16896,1695092886.5670955
1,16960,1695092886.5865836
1,17024,1695092886.6006606
1,17088,1695092886.617016
1,17152,1695092886.630842
1,17216,1695092886.6438856
1,17280,1695092886.657627
1,17344,1695092886.6725848
1,17408,1695092886.6845028
1,17472,1695092886.7001903
1,17536,1695092886.7125995
1,17600,1695092886.7255745
1,17664,1695092886.7411757
1,17728,1695092886.7527447
1,17792,1695092886.7715337
1,17856,1695092886.788596
1,17920,1695092886.8087032
1,17984,1695092886.82589
1,18048,1695092886.8414006
1,18112,1695092886.8621817
1,18176,1695092886.883084
1,18240,1695092886.9013343
1,18304,1695092886.921391
1,18368,1695092886.942612
1,18432,1695092886.9630494
1,18496,1695092886.9816375
1,18560,1695092887.0008886
1,18624,1695092887.0220075
1,18688,1695092887.0463457
1,18752,1695092887.0623856
1,18816,1695092887.0748172
1,18880,1695092887.0946267
1,18944,1695092887.1164315
1,19008,1695092887.1349945
1,19072,1695092887.1539326
1,19136,1695092887.1729758
1,19200,1695092887.189017
1,19264,1695092887.2030628
1,19328,1695092887.222238
1,19392,1695092887.2432256
1,19456,1695092887.2632234
1,19520,1695092887.2824087
1,19584,1695092887.302115
1,19648,1695092887.320919
1,19712,1695092887.3425384
1,19776,1695092887.3663373
1,19840,1695092887.3858232
1,19904,1695092887.404803
1,19968,1695092887.4215662
1,20032,1695092887.4355977
1,20096,1695092887.449076
1,20160,1695092887.4645586
1,20224,1695092887.4768157
1,20288,1695092887.4904814
1,20352,1695092887.5035977
1,20416,1695092887.521505
1,20480,1695092887.5403728
1,20544,1695092887.558251
1,20608,1695092887.5771487
1,20672,1695092887.5969806
1,20736,1695092887.618006
1,20800,1695092887.6382706
1,20864,1695092887.6577592
1,20928,1695092887.6770248
1,20992,1695092887.6929395
1,21056,1695092887.7055824
1,21120,1695092887.7214897
1,21184,1695092887.7354887
1,21248,1695092887.754944
1,21312,1695092887.7748203
1,21376,1695092887.793802
1,21440,1695092887.8132393
1,21504,1695092887.833964
1,21568,1695092887.8533604
1,21632,1695092887.8734257
1,21696,1695092887.888436
1,21760,1695092887.9054418
1,21824,1695092887.9196377
1,21888,1695092887.9339395
1,21952,1695092887.9495826
1,22016,1695092887.9610193
1,22080,1695092887.979586
1,22144,1695092887.9971533
1,22208,1695092888.017059
1,22272,1695092888.0366187
1,22336,1695092888.0544374
1,22400,1695092888.073907
1,22464,1695092888.0934205
1,22528,1695092888.109163
1,22592,1695092888.123119
1,22656,1695092888.135923
1,22720,1695092888.1536126
1,22784,1695092888.1747372
1,22848,1695092888.19454
1,22912,1695092888.2139742
1,22976,1695092888.2315297
1,23040,1695092888.2457395
1,23104,1695092888.258395
1,23168,1695092888.2764926
1,23232,1695092888.294399
1,23296,1695092888.3130267
1,23360,1695092888.3305151
1,23424,1695092888.3454034
1,23488,1695092888.3594766
1,23552,1695092888.3744128
1,23616,1695092888.3863134
1,23680,1695092888.4039533
1,23744,1695092888.4168217
1,23808,1695092888.4335015
1,23872,1695092888.4474425
1,23936,1695092888.4657388
1,24000,1695092888.4835155
1,24064,1695092888.5031786
1,24128,1695092888.5218937
1,24192,1695092888.539058
1,24256,1695092888.5566635
1,24320,1695092888.5689623
1,24384,1695092888.584601
1,24448,1695092888.597249
1,24512,1695092888.6127865
1,24576,1695092888.6276915
1,24640,1695092888.6420186
1,24704,1695092888.6566062
1,24768,1695092888.67156
1,24832,1695092888.6858542
1,24896,1695092888.697512
1,24960,1695092888.7160625
1,25024,1695092888.7333186
1,25088,1695092888.7480094
1,25152,1695092888.7647371
1,25216,1695092888.779507
1,25280,1695092888.7957065
1,25344,1695092888.8131785
1,25408,1695092888.8266845
1,25472,1695092888.8461344
1,25536,1695092888.866343
1,25600,1695092888.8868835
1,25664,1695092888.906649
1,25728,1695092888.9260707
1,25792,1695092888.9451885
1,25856,1695092888.9610696
1,25920,1695092888.975082
1,25984,1695092888.9882605
1,26048,1695092889.0047324
1,26112,1695092889.0161428
1,26176,1695092889.0315967
1,26240,1695092889.044228
1,26304,1695092889.0607815
1,26368,1695092889.0768564
1,26432,1695092889.0908358
1,26496,1695092889.1101465
1,26560,1695092889.1298685
1,26624,1695092889.1497777
1,26688,1695092889.1651318
1,26752,1695092889.1800635
1,26816,1695092889.192612
1,26880,1695092889.205966
1,26944,1695092889.219983
1,27008,1695092889.2328339
1,27072,1695092889.247
1,27136,1695092889.2596667
1,27200,1695092889.2786448
1,27264,1695092889.2924163
1,27328,1695092889.3054566
1,27392,1695092889.31989
1,27456,1695092889.3326495
1,27520,1695092889.3470218
1,27584,1695092889.3609574
1,27648,1695092889.3742104
1,27712,1695092889.3883712
1,27776,1695092889.4015813
1,27840,1695092889.4160979
1,27904,1695092889.4289126
1,27968,1695092889.4483519
1,28032,1695092889.4650793
1,28096,1695092889.48203
1,28160,1695092889.494522
1,28224,1695092889.5131497
1,28288,1695092889.5337737
1,28352,1695092889.5554242
1,28416,1695092889.575878
1,28480,1695092889.595861
1,28544,1695092889.616326
1,28608,1695092889.6363595
1,28672,1695092889.6559174
1,28736,1695092889.6762028
1,28800,1695092889.6958485
1,28864,1695092889.7161176
1,28928,1695092889.7367206
1,28992,1695092889.7556171
1,29056,1695092889.7763326
1,29120,1695092889.796142
1,29184,1695092889.81582
1,29248,1695092889.836047
1,29312,1695092889.8562756
1,29376,1695092889.876102
1,29440,1695092889.8957508
1,29504,1695092889.916342
1,29568,1695092889.9360309
1,29632,1695092889.9561625
1,29696,1695092889.9766858
1,29760,1695092889.9957073
1,29824,1695092890.0163226
1,29888,1695092890.036214
1,29952,1695092890.0559745
1,30016,1695092890.0770357
1,30080,1695092890.0954998
1,30144,1695092890.1162145
1,30208,1695092890.1366792
1,30272,1695092890.155748
1,30336,1695092890.1763432
1,30400,1695092890.1965384
1,30464,1695092890.2155495
1,30528,1695092890.235885
1,30592,1695092890.2562528
1,30656,1695092890.2766647
1,30720,1695092890.2975166
1,30784,1695092890.3191879
1,30848,1695092890.3394303
1,30912,1695092890.3668053
1,30976,1695092890.3891573
1,31040,1695092890.409129
1,31104,1695092890.4281273
1,31168,1695092890.4494996
1,31232,1695092890.468509
1,31296,1695092890.4902039
1,31360,1695092890.509012
1,31424,1695092890.5273895
1,31488,1695092890.5490296
1,31552,1695092890.568706
1,31616,1695092890.585129
1,31680,1695092890.5990577
1,31744,1695092890.613459
1,31808,1695092890.6270282
1,31872,1695092890.6408906
1,31936,1695092890.653596
1,32000,1695092890.6695745
1,32064,1695092890.6946118
1,32128,1695092890.7128632
1,32192,1695092890.7333777
1,32256,1695092890.7534356
1,32320,1695092890.7707613
1,32384,1695092890.7932024
1,32448,1695092890.8132544
1,32512,1695092890.8315449
1,32576,1695092890.8559117
1,32640,1695092890.8719583
1,32704,1695092890.8853302
1,32768,1695092890.8992503
1,32832,1695092890.9193285
1,32896,1695092890.938804
1,32960,1695092890.9572508
1,33024,1695092890.977199
1,33088,1695092890.9977422
1,33152,1695092891.0140202
1,33216,1695092891.035046
1,33280,1695092891.0555983
1,33344,1695092891.075337
1,33408,1695092891.0952048
1,33472,1695092891.117914
1,33536,1695092891.138478
1,33600,1695092891.157797
1,33664,1695092891.1806986
1,33728,1695092891.2008407
1,33792,1695092891.2232606
1,33856,1695092891.2451944
1,33920,1695092891.2647033
1,33984,1695092891.2849503
1,34048,1695092891.3050234
1,34112,1695092891.3237586
1,34176,1695092891.347402
1,34240,1695092891.3639486
1,34304,1695092891.3784852
1,34368,1695092891.3926299
1,34432,1695092891.4076688
1,34496,1695092891.423375
1,34560,1695092891.4365146
1,34624,1695092891.4519138
1,34688,1695092891.4659336
1,34752,1695092891.4838042
1,34816,1695092891.506177
1,34880,1695092891.526354
1,34944,1695092891.545715
1,35008,1695092891.568809
1,35072,1695092891.592544
1,35136,1695092891.61078
1,35200,1695092891.629518
1,35264,1695092891.6531248
1,35328,1695092891.6729965
1,35392,1695092891.6916203
1,35456,1695092891.7133427
1,35520,1695092891.7328959
1,35584,1695092891.752198
1,35648,1695092891.770479
1,35712,1695092891.789709
1,35776,1695092891.8128338
1,35840,1695092891.8363218
1,35904,1695092891.8565798
1,35968,1695092891.8784263
1,36032,1695092891.896851
1,36096,1695092891.9159606
1,36160,1695092891.9344568
1,36224,1695092891.9539385
1,36288,1695092891.9678662
1,36352,1695092891.9890327
1,36416,1695092892.0099437
1,36480,1695092892.0282497
1,36544,1695092892.0440378
1,36608,1695092892.0623422
1,36672,1695092892.0808856
1,36736,1695092892.0989194
1,36800,1695092892.1170206
1,36864,1695092892.1359513
1,36928,1695092892.154083
1,36992,1695092892.173244
1,37056,1695092892.1939683
1,37120,1695092892.2147849
1,37184,1695092892.2346098
1,37248,1695092892.2544892
1,37312,1695092892.2739933
1,37376,1695092892.2939827
1,37440,1695092892.3146603
1,37504,1695092892.3356175
1,37568,1695092892.3551352
1,37632,1695092892.3750782
1,37696,1695092892.3953552
1,37760,1695092892.4149182
1,37824,1695092892.4349725
1,37888,1695092892.4552748
1,37952,1695092892.4751153
1,38016,1695092892.4952579
1,38080,1695092892.515451
1,38144,1695092892.5351422
1,38208,1695092892.5556743
1,38272,1695092892.5748987
1,38336,1695092892.5944643
1,38400,1695092892.6148555
1,38464,1695092892.6353626
1,38528,1695092892.6550832
1,38592,1695092892.674479
1,38656,1695092892.6944156
1,38720,1695092892.7147377
1,38784,1695092892.7340255
1,38848,1695092892.7481618
1,38912,1695092892.765054
1,38976,1695092892.779702
1,39040,1695092892.797167
1,39104,1695092892.8139818
1,39168,1695092892.8297145
1,39232,1695092892.8415637
1,39296,1695092892.8598166
1,39360,1695092892.8762734
1,39424,1695092892.8888943
1,39488,1695092892.9022965
1,39552,1695092892.923475
1,39616,1695092892.9400432
1,39680,1695092892.953234
1,39744,1695092892.968444
1,39808,1695092892.98094
1,39872,1695092892.9968479
1,39936,1695092893.0103912
1,40000,1695092893.0234542
1,40064,1695092893.0427132
1,40128,1695092893.0635664
1,40192,1695092893.0834718
1,40256,1695092893.1034527
1,40320,1695092893.1236026
1,40384,1695092893.1435323
1,40448,1695092893.163182
1,40512,1695092893.1831694
1,40576,1695092893.203759
1,40640,1695092893.2223809
1,40704,1695092893.243446
1,40768,1695092893.2633348
1,40832,1695092893.2832756
1,40896,1695092893.3033412
1,40960,1695092893.3231728
1,41024,1695092893.343018
1,41088,1695092893.3631527
1,41152,1695092893.382672
1,41216,1695092893.4031096
1,41280,1695092893.4233809
1,41344,1695092893.4431415
1,41408,1695092893.4629002
1,41472,1695092893.4833033
1,41536,1695092893.5034757
1,41600,1695092893.5229878
1,41664,1695092893.5427642
1,41728,1695092893.5630796
1,41792,1695092893.5834484
1,41856,1695092893.6032124
1,41920,1695092893.6228905
1,41984,1695092893.6433954
1,42048,1695092893.6633642
1,42112,1695092893.683191
1,42176,1695092893.7030628
1,42240,1695092893.723093
1,42304,1695092893.7436552
1,42368,1695092893.7630866
1,42432,1695092893.7833788
1,42496,1695092893.8033447
1,42560,1695092893.8230252
1,42624,1695092893.8431659
1,42688,1695092893.8628466
1,42752,1695092893.8836412
1,42816,1695092893.9039507
1,42880,1695092893.9234908
1,42944,1695092893.9431524
1,43008,1695092893.9632096
1,43072,1695092893.9828782
1,43136,1695092894.002927
1,43200,1695092894.0226336
1,43264,1695092894.042789
1,43328,1695092894.0627577
1,43392,1695092894.08288
1,43456,1695092894.10294
1,43520,1695092894.1232643
1,43584,1695092894.1433458
1,43648,1695092894.1629596
1,43712,1695092894.1831105
1,43776,1695092894.2032714
1,43840,1695092894.2231545
1,43904,1695092894.2430031
1,43968,1695092894.2605808
1,44032,1695092894.2792857
1,44096,1695092894.300068
1,44160,1695092894.3196962
1,44224,1695092894.3391094
1,44288,1695092894.3585556
1,44352,1695092894.3791082
1,44416,1695092894.3993332
1,44480,1695092894.4191494
1,44544,1695092894.4389498
1,44608,1695092894.4593337
1,44672,1695092894.4791338
1,44736,1695092894.4987848
1,44800,1695092894.5183918
1,44864,1695092894.5385623
1,44928,1695092894.5584774
1,44992,1695092894.5783398
1,45056,1695092894.5981116
1,45120,1695092894.6187775
1,45184,1695092894.6394053
1,45248,1695092894.658921
1,45312,1695092894.6787791
1,45376,1695092894.6934462
1,45440,1695092894.7089503
1,45504,1695092894.7236319
1,45568,1695092894.7407732
1,45632,1695092894.7591174
1,45696,1695092894.7768428
1,45760,1695092894.798034
1,45824,1695092894.8169963
1,45888,1695092894.8358605
1,45952,1695092894.8571963
1,46016,1695092894.8770607
1,46080,1695092894.8959525
1,46144,1695092894.9172487
1,46208,1695092894.9368768
1,46272,1695092894.9565232
1,46336,1695092894.9771452
1,46400,1695092894.9967978
1,46464,1695092895.0165558
1,46528,1695092895.0388424
1,46592,1695092895.0566657
1,46656,1695092895.0755322
1,46720,1695092895.0972729
1,46784,1695092895.1168833
1,46848,1695092895.1369314
1,46912,1695092895.1567597
1,46976,1695092895.1815097
1,47040,1695092895.1974816
1,47104,1695092895.2120647
1,47168,1695092895.227922
1,47232,1695092895.2437558
1,47296,1695092895.2569196
1,47360,1695092895.272073
1,47424,1695092895.2850122
1,47488,1695092895.3002229
1,47552,1695092895.3131323
1,47616,1695092895.3283377
1,47680,1695092895.341107
1,47744,1695092895.3564265
1,47808,1695092895.3693829
1,47872,1695092895.3845253
1,47936,1695092895.3975074
1,48000,1695092895.412847
1,48064,1695092895.4267402
1,48128,1695092895.4428954
1,48192,1695092895.4589472
1,48256,1695092895.477962
1,48320,1695092895.4936602
1,48384,1695092895.5131752
1,48448,1695092895.5321665
1,48512,1695092895.5582092
1,48576,1695092895.5767844
1,48640,1695092895.595659
1,48704,1695092895.6172848
1,48768,1695092895.6361039
1,48832,1695092895.6583738
1,48896,1695092895.677057
1,48960,1695092895.6954432
1,49024,1695092895.7173526
1,49088,1695092895.7368882
1,49152,1695092895.7562478
1,49216,1695092895.7783103
1,49280,1695092895.7958152
1,49344,1695092895.8177137
1,49408,1695092895.8372724
1,49472,1695092895.8542132
1,49536,1695092895.8767736
1,49600,1695092895.8904881
1,49664,1695092895.9045055
1,49728,1695092895.9185905
1,49792,1695092895.9324877
1,49856,1695092895.946522
1,49920,1695092895.9602816
1,49984,1695092895.974832
1,50000,1695092895.9949598
2,64,1695092896.288744
2,128,1695092896.3047001
2,192,1695092896.3170936
2,256,1695092896.331658
2,320,1695092896.3509912
2,384,1695092896.364667
2,448,1695092896.3805914
2,512,1695092896.3988442
2,576,1695092896.4138875
2,640,1695092896.4274101
2,704,1695092896.443808
2,768,1695092896.4589777
2,832,1695092896.4746652
2,896,1695092896.4924967
2,960,1695092896.5090647
2,1024,1695092896.5262427
2,1088,1695092896.5448728
2,1152,1695092896.565806
2,1216,1695092896.5837944
2,1280,1695092896.6026247
2,1344,1695092896.6231306
2,1408,1695092896.6439307
2,1472,1695092896.6642363
2,1536,1695092896.683803
2,1600,1695092896.704382
2,1664,1695092896.7248435
2,1728,1695092896.7440972
2,1792,1695092896.764045
2,1856,1695092896.7839146
2,1920,1695092896.803928
2,1984,1695092896.8239925
2,2048,1695092896.84417
2,2112,1695092896.8646584
2,2176,1695092896.886869
2,2240,1695092896.9048796
2,2304,1695092896.9247231
2,2368,1695092896.9498258
2,2432,1695092896.9708626
2,2496,1695092896.9910924
2,2560,1695092897.0113554
2,2624,1695092897.0312922
2,2688,1695092897.050896
2,2752,1695092897.0710745
2,2816,1695092897.0907843
2,2880,1695092897.1104133
2,2944,1695092897.1307251
2,3008,1695092897.1511452
2,3072,1695092897.1711895
2,3136,1695092897.1904523
2,3200,1695092897.2104962
2,3264,1695092897.2310622
2,3328,1695092897.251494
2,3392,1695092897.2717068
2,3456,1695092897.2914255
2,3520,1695092897.3112261
2,3584,1695092897.3312364
2,3648,1695092897.3516502
2,3712,1695092897.3709688
2,3776,1695092897.391074
2,3840,1695092897.4113998
2,3904,1695092897.4309742
2,3968,1695092897.4514167
2,4032,1695092897.471078
2,4096,1695092897.4903836
2,4160,1695092897.5105667
2,4224,1695092897.5311692
2,4288,1695092897.5517337
2,4352,1695092897.5711071
2,4416,1695092897.5906146
2,4480,1695092897.6113672
2,4544,1695092897.6311588
2,4608,1695092897.6515625
2,4672,1695092897.6711025
2,4736,1695092897.69095
2,4800,1695092897.7108939
2,4864,1695092897.7304418
2,4928,1695092897.7505846
2,4992,1695092897.7705445
2,5056,1695092897.7906184
2,5120,1695092897.8111877
2,5184,1695092897.8311455
2,5248,1695092897.8433793
2,5312,1695092897.857557
2,5376,1695092897.8721642
2,5440,1695092897.8878906
2,5504,1695092897.9026883
2,5568,1695092897.9151514
2,5632,1695092897.9291322
2,5696,1695092897.941926
2,5760,1695092897.9560423
2,5824,1695092897.9689355
2,5888,1695092897.9818606
2,5952,1695092897.996019
2,6016,1695092898.0088644
2,6080,1695092898.0242326
2,6144,1695092898.0408237
2,6208,1695092898.0552495
2,6272,1695092898.067221
2,6336,1695092898.0856023
2,6400,1695092898.1054451
2,6464,1695092898.1262784
2,6528,1695092898.1473172
2,6592,1695092898.1680963
2,6656,1695092898.1870077
2,6720,1695092898.206943
2,6784,1695092898.227372
2,6848,1695092898.246021
2,6912,1695092898.264858
2,6976,1695092898.2801702
2,7040,1695092898.2970772
2,7104,1695092898.3132203
2,7168,1695092898.3261564
2,7232,1695092898.340228
2,7296,1695092898.352831
2,7360,1695092898.3678052
2,7424,1695092898.383739
2,7488,1695092898.398557
2,7552,1695092898.411983
2,7616,1695092898.4257455
2,7680,1695092898.4390588
2,7744,1695092898.45294
2,7808,1695092898.465322
2,7872,1695092898.4790447
2,7936,1695092898.4969203
2,8000,1695092898.5187504
2,8064,1695092898.5388565
2,8128,1695092898.557302
2,8192,1695092898.5787063
2,8256,1695092898.5989227
2,8320,1695092898.6193655
2,8384,1695092898.6355262
2,8448,1695092898.6484585
2,8512,1695092898.6646976
2,8576,1695092898.6752331
2,8640,1695092898.6921382
2,8704,1695092898.7026105
2,8768,1695092898.720454
2,8832,1695092898.7309823
2,8896,1695092898.7450967
2,8960,1695092898.7582157
2,9024,1695092898.769565
2,9088,1695092898.7825055
2,9152,1695092898.7982078
2,9216,1695092898.8113382
2,9280,1695092898.8235884
2,9344,1695092898.836236
2,9408,1695092898.848563
2,9472,1695092898.8626971
2,9536,1695092898.8741627
2,9600,1695092898.887034
2,9664,1695092898.8993263
2,9728,1695092898.9119227
2,9792,1695092898.925375
2,9856,1695092898.9376564
2,9920,1695092898.9503233
2,9984,1695092898.9625583
2,10048,1695092898.975192
2,10112,1695092898.9874475
2,10176,1695092899.0000796
2,10240,1695092899.0123618
2,10304,1695092899.0249944
2,10368,1695092899.0372593
2,10432,1695092899.0499065
2,10496,1695092899.0621655
2,10560,1695092899.0747845
2,10624,1695092899.0870137
2,10688,1695092899.0996675
2,10752,1695092899.1119232
2,10816,1695092899.1242697
2,10880,1695092899.1365454
2,10944,1695092899.1538491
2,11008,1695092899.1652632
2,11072,1695092899.1791687
2,11136,1695092899.1906297
2,11200,1695092899.2034647
2,11264,1695092899.2157507
2,11328,1695092899.2280695
2,11392,1695092899.2403014
2,11456,1695092899.2552075
2,11520,1695092899.2665849
2,11584,1695092899.2794814
2,11648,1695092899.2918863
2,11712,1695092899.3042161
2,11776,1695092899.3168042
2,11840,1695092899.329105
2,11904,1695092899.3417308
2,11968,1695092899.3540065
2,12032,1695092899.3666074
2,12096,1695092899.3788927
2,12160,1695092899.3914695
2,12224,1695092899.4037895
2,12288,1695092899.4163928
2,12352,1695092899.4286797
2,12416,1695092899.4413273
2,12480,1695092899.4535742
2,12544,1695092899.4662228
2,12608,1695092899.4784539
2,12672,1695092899.4910526
2,12736,1695092899.5033393
2,12800,1695092899.5159278
2,12864,1695092899.5282288
2,12928,1695092899.545915
2,12992,1695092899.5571802
2,13056,1695092899.5714629
2,13120,1695092899.5828278
2,13184,1695092899.595709
2,13248,1695092899.6079657
2,13312,1695092899.6202867
2,13376,1695092899.6325784
2,13440,1695092899.646912
2,13504,1695092899.658343
2,13568,1695092899.6712193
2,13632,1695092899.683492
2,13696,1695092899.6960738
2,13760,1695092899.708312
2,13824,1695092899.7209454
2,13888,1695092899.7332547
2,13952,1695092899.7458832
2,14016,1695092899.7581456
2,14080,1695092899.770735
2,14144,1695092899.783016
2,14208,1695092899.795602
2,14272,1695092899.8101254
2,14336,1695092899.822967
2,14400,1695092899.836896
2,14464,1695092899.8496933
2,14528,1695092899.8638465
2,14592,1695092899.8767798
2,14656,1695092899.8911796
2,14720,1695092899.9041955
2,14784,1695092899.9187171
2,14848,1695092899.934832
2,14912,1695092899.9477806
2,14976,1695092899.9610832
2,15040,1695092899.9738686
2,15104,1695092899.9879632
2,15168,1695092900.0007105
2,15232,1695092900.015604
2,15296,1695092900.0280204
2,15360,1695092900.0407922
2,15424,1695092900.0568676
2,15488,1695092900.069494
2,15552,1695092900.0838149
2,15616,1695092900.0964181
2,15680,1695092900.111077
2,15744,1695092900.123816
2,15808,1695092900.1364872
2,15872,1695092900.1550503
2,15936,1695092900.1687012
2,16000,1695092900.1811712
2,16064,1695092900.1947129
2,16128,1695092900.208727
2,16192,1695092900.2209914
2,16256,1695092900.2364166
2,16320,1695092900.250107
2,16384,1695092900.2643278
2,16448,1695092900.2808988
2,16512,1695092900.3019652
2,16576,1695092900.3218665
2,16640,1695092900.3417654
2,16704,1695092900.3630388
2,16768,1695092900.3824775
2,16832,1695092900.4019878
2,16896,1695092900.4194946
2,16960,1695092900.433679
2,17024,1695092900.4466496
2,17088,1695092900.4601557
2,17152,1695092900.475634
2,17216,1695092900.4896386
2,17280,1695092900.50889
2,17344,1695092900.5261307
2,17408,1695092900.5418572
2,17472,1695092900.5555964
2,17536,1695092900.5715737
2,17600,1695092900.5890431
2,17664,1695092900.613307
2,17728,1695092900.6322238
2,17792,1695092900.6504934
2,17856,1695092900.6677713
2,17920,1695092900.6870954
2,17984,1695092900.7060194
2,18048,1695092900.723266
2,18112,1695092900.740865
2,18176,1695092900.752536
2,18240,1695092900.7693937
2,18304,1695092900.7809184
2,18368,1695092900.7990615
2,18432,1695092900.815666
2,18496,1695092900.8355017
2,18560,1695092900.8550026
2,18624,1695092900.8736458
2,18688,1695092900.8911562
2,18752,1695092900.9091313
2,18816,1695092900.926756
2,18880,1695092900.941362
2,18944,1695092900.9547966
2,19008,1695092900.9727924
2,19072,1695092900.990478
2,19136,1695092901.0047271
2,19200,1695092901.0177362
2,19264,1695092901.0364308
2,19328,1695092901.054216
2,19392,1695092901.07333
2,19456,1695092901.0937312
2,19520,1695092901.1130922
2,19584,1695092901.1338298
2,19648,1695092901.1539152
2,19712,1695092901.173239
2,19776,1695092901.1952841
2,19840,1695092901.2144978
2,19904,1695092901.233348
2,19968,1695092901.2530427
2,20032,1695092901.2675357
2,20096,1695092901.2848673
2,20160,1695092901.2997909
2,20224,1695092901.3119853
2,20288,1695092901.3288517
2,20352,1695092901.3444443
2,20416,1695092901.35676
2,20480,1695092901.378641
2,20544,1695092901.3986278
2,20608,1695092901.418106
2,20672,1695092901.438261
2,20736,1695092901.459607
2,20800,1695092901.4777198
2,20864,1695092901.491223
2,20928,1695092901.5091047
2,20992,1695092901.5272772
2,21056,1695092901.5470567
2,21120,1695092901.5664244
2,21184,1695092901.5855038
2,21248,1695092901.6053185
2,21312,1695092901.6254342
2,21376,1695092901.6449578
2,21440,1695092901.6657243
2,21504,1695092901.6854024
2,21568,1695092901.7053823
2,21632,1695092901.7238233
2,21696,1695092901.7403762
2,21760,1695092901.7517362
2,21824,1695092901.7712474
2,21888,1695092901.787968
2,21952,1695092901.8055744
2,22016,1695092901.8234587
2,22080,1695092901.8435187
2,22144,1695092901.8622608
2,22208,1695092901.8822424
2,22272,1695092901.9018989
2,22336,1695092901.9211652
2,22400,1695092901.9415853
2,22464,1695092901.9624538
2,22528,1695092901.9815645
2,22592,1695092901.9991593
2,22656,1695092902.0129883
2,22720,1695092902.0279498
2,22784,1695092902.0430307
2,22848,1695092902.0569885
2,22912,1695092902.0707204
2,22976,1695092902.0847538
2,23040,1695092902.0978856
2,23104,1695092902.1128755
2,23168,1695092902.1283286
2,23232,1695092902.1409564
2,23296,1695092902.1559522
2,23360,1695092902.167816
2,23424,1695092902.184869
2,23488,1695092902.1997926
2,23552,1695092902.222238
2,23616,1695092902.2429821
2,23680,1695092902.262817
2,23744,1695092902.2813668
2,23808,1695092902.299243
2,23872,1695092902.3171558
2,23936,1695092902.3356955
2,24000,1695092902.3510997
2,24064,1695092902.3635602
2,24128,1695092902.3807225
2,24192,1695092902.3929067
2,24256,1695092902.4079752
2,24320,1695092902.4215975
2,24384,1695092902.4357646
2,24448,1695092902.4493835
2,24512,1695092902.4687283
2,24576,1695092902.485976
2,24640,1695092902.5021708
2,24704,1695092902.517323
2,24768,1695092902.5299
2,24832,1695092902.544385
2,24896,1695092902.5562294
2,24960,1695092902.575535
2,25024,1695092902.5942044
2,25088,1695092902.613824
2,25152,1695092902.6279445
2,25216,1695092902.6452882
2,25280,1695092902.6600258
2,25344,1695092902.6768286
2,25408,1695092902.697287
2,25472,1695092902.7157793
2,25536,1695092902.73365
2,25600,1695092902.7476177
2,25664,1695092902.7655196
2,25728,1695092902.7862284
2,25792,1695092902.8063996
2,25856,1695092902.8258588
2,25920,1695092902.8437088
2,25984,1695092902.857766
2,26048,1695092902.8701854
2,26112,1695092902.8850381
2,26176,1695092902.8986344
2,26240,1695092902.912118
2,26304,1695092902.925544
2,26368,1695092902.9393435
2,26432,1695092902.9521816
2,26496,1695092902.968055
2,26560,1695092902.99061
2,26624,1695092903.0112243
2,26688,1695092903.0312886
2,26752,1695092903.0509045
2,26816,1695092903.0708268
2,26880,1695092903.0909884
2,26944,1695092903.1137986
2,27008,1695092903.1301064
2,27072,1695092903.144133
2,27136,1695092903.1575773
2,27200,1695092903.1718254
2,27264,1695092903.1843913
2,27328,1695092903.198727
2,27392,1695092903.2113838
2,27456,1695092903.2258759
2,27520,1695092903.2386355
2,27584,1695092903.2523825
2,27648,1695092903.2651775
2,27712,1695092903.280004
2,27776,1695092903.2925034
2,27840,1695092903.3057125
2,27904,1695092903.3202336
2,27968,1695092903.3329167
2,28032,1695092903.3472807
2,28096,1695092903.3613183
2,28160,1695092903.3745542
2,28224,1695092903.3887959
2,28288,1695092903.4022067
2,28352,1695092903.4162767
2,28416,1695092903.4301617
2,28480,1695092903.443748
2,28544,1695092903.4574006
2,28608,1695092903.4717185
2,28672,1695092903.4844253
2,28736,1695092903.4987557
2,28800,1695092903.5125055
2,28864,1695092903.5258675
2,28928,1695092903.5399168
2,28992,1695092903.5538592
2,29056,1695092903.568431
2,29120,1695092903.5825875
2,29184,1695092903.5983422
2,29248,1695092903.611906
2,29312,1695092903.626674
2,29376,1695092903.6392148
2,29440,1695092903.6537843
2,29504,1695092903.666972
2,29568,1695092903.6811223
2,29632,1695092903.693922
2,29696,1695092903.7080374
2,29760,1695092903.7207878
2,29824,1695092903.7337956
2,29888,1695092903.7480612
2,29952,1695092903.7605774
2,30016,1695092903.773857
2,30080,1695092903.7878892
2,30144,1695092903.8005605
2,30208,1695092903.815093
2,30272,1695092903.8280778
2,30336,1695092903.8427382
2,30400,1695092903.855992
2,30464,1695092903.869181
2,30528,1695092903.8848748
2,30592,1695092903.8982956
2,30656,1695092903.9137473
2,30720,1695092903.927246
2,30784,1695092903.9414203
2,30848,1695092903.9542997
2,30912,1695092903.9681838
2,30976,1695092903.980969
2,31040,1695092903.9956305
2,31104,1695092904.0073566
2,31168,1695092904.0225453
2,31232,1695092904.0357337
2,31296,1695092904.0496502
2,31360,1695092904.063084
2,31424,1695092904.0770843
2,31488,1695092904.0896237
2,31552,1695092904.104051
2,31616,1695092904.1170504
2,31680,1695092904.1312845
2,31744,1695092904.1439464
2,31808,1695092904.1586497
2,31872,1695092904.1715152
2,31936,1695092904.1858556
2,32000,1695092904.1989346
2,32064,1695092904.2124922
2,32128,1695092904.2252994
2,32192,1695092904.2395031
2,32256,1695092904.2522576
2,32320,1695092904.2670743
2,32384,1695092904.2799678
2,32448,1695092904.294347
2,32512,1695092904.307724
2,32576,1695092904.3210654
2,32640,1695092904.333886
2,32704,1695092904.3479998
2,32768,1695092904.360759
2,32832,1695092904.375544
2,32896,1695092904.3882718
2,32960,1695092904.4029825
2,33024,1695092904.4168906
2,33088,1695092904.4301217
2,33152,1695092904.44392
2,33216,1695092904.4569223
2,33280,1695092904.4726255
2,33344,1695092904.4880884
2,33408,1695092904.5007577
2,33472,1695092904.5149288
2,33536,1695092904.5287921
2,33600,1695092904.5422294
2,33664,1695092904.5565753
2,33728,1695092904.5702
2,33792,1695092904.5842757
2,33856,1695092904.5982006
2,33920,1695092904.6116428
2,33984,1695092904.624742
2,34048,1695092904.639598
2,34112,1695092904.653402
2,34176,1695092904.6671233
2,34240,1695092904.6813343
2,34304,1695092904.6939316
2,34368,1695092904.708246
2,34432,1695092904.720801
2,34496,1695092904.735902
2,34560,1695092904.7513862
2,34624,1695092904.7653868
2,34688,1695092904.7782645
2,34752,1695092904.7923455
2,34816,1695092904.8048513
2,34880,1695092904.819351
2,34944,1695092904.8330946
2,35008,1695092904.846094
2,35072,1695092904.8601415
2,35136,1695092904.8732438
2,35200,1695092904.8861039
2,35264,1695092904.9002109
2,35328,1695092904.912786
2,35392,1695092904.9286187
2,35456,1695092904.9457493
2,35520,1695092904.9594116
2,35584,1695092904.9765842
2,35648,1695092904.988442
2,35712,1695092905.005527
2,35776,1695092905.0173125
2,35840,1695092905.0362146
2,35904,1695092905.052225
2,35968,1695092905.0637934
2,36032,1695092905.078534
2,36096,1695092905.0938795
2,36160,1695092905.1051042
2,36224,1695092905.1240888
2,36288,1695092905.1425455
2,36352,1695092905.1622605
2,36416,1695092905.181229
2,36480,1695092905.2020843
2,36544,1695092905.2230368
2,36608,1695092905.2418096
2,36672,1695092905.2581525
2,36736,1695092905.2709363
2,36800,1695092905.2888358
2,36864,1695092905.3069367
2,36928,1695092905.3231983
2,36992,1695092905.3368602
2,37056,1695092905.3513296
2,37120,1695092905.3633795
2,37184,1695092905.382379
2,37248,1695092905.4000814
2,37312,1695092905.4221923
2,37376,1695092905.440987
2,37440,1695092905.4605937
2,37504,1695092905.4802961
2,37568,1695092905.4984791
2,37632,1695092905.5178294
2,37696,1695092905.5354044
2,37760,1695092905.5522544
2,37824,1695092905.565859
2,37888,1695092905.579402
2,37952,1695092905.5973277
2,38016,1695092905.615897
2,38080,1695092905.6315742
2,38144,1695092905.6443257
2,38208,1695092905.660234
2,38272,1695092905.675143
2,38336,1695092905.687327
2,38400,1695092905.704845
2,38464,1695092905.7171564
2,38528,1695092905.7312186
2,38592,1695092905.744446
2,38656,1695092905.760451
2,38720,1695092905.7771256
2,38784,1695092905.7910519
2,38848,1695092905.8098986
2,38912,1695092905.8301122
2,38976,1695092905.8491201
2,39040,1695092905.8655212
2,39104,1695092905.8807096
2,39168,1695092905.8928761
2,39232,1695092905.9092252
2,39296,1695092905.9207788
2,39360,1695092905.9420114
2,39424,1695092905.9617922
2,39488,1695092905.9796162
2,39552,1695092905.995672
2,39616,1695092906.0094094
2,39680,1695092906.0245676
2,39744,1695092906.040017
2,39808,1695092906.054814
2,39872,1695092906.0678453
2,39936,1695092906.0872688
2,40000,1695092906.107277
2,40064,1695092906.1270616
2,40128,1695092906.1457038
2,40192,1695092906.163253
2,40256,1695092906.1810057
2,40320,1695092906.1992195
2,40384,1695092906.21499
2,40448,1695092906.2342484
2,40512,1695092906.2537637
2,40576,1695092906.2710283
2,40640,1695092906.2886555
2,40704,1695092906.307691
2,40768,1695092906.327398
2,40832,1695092906.347033
2,40896,1695092906.366726
2,40960,1695092906.3869174
2,41024,1695092906.4075587
2,41088,1695092906.427097
2,41152,1695092906.4466753
2,41216,1695092906.467036
2,41280,1695092906.48716
2,41344,1695092906.5071445
2,41408,1695092906.5214787
2,41472,1695092906.536034
2,41536,1695092906.5486217
2,41600,1695092906.5642786
2,41664,1695092906.5783281
2,41728,1695092906.5924482
2,41792,1695092906.605304
2,41856,1695092906.619185
2,41920,1695092906.6332989
2,41984,1695092906.6463163
2,42048,1695092906.6601892
2,42112,1695092906.6733184
2,42176,1695092906.686147
2,42240,1695092906.7002702
2,42304,1695092906.7127662
2,42368,1695092906.7273157
2,42432,1695092906.7416246
2,42496,1695092906.7545826
2,42560,1695092906.768834
2,42624,1695092906.782159
2,42688,1695092906.796237
2,42752,1695092906.810206
2,42816,1695092906.8232434
2,42880,1695092906.8366232
2,42944,1695092906.849433
2,43008,1695092906.8668916
2,43072,1695092906.8815129
2,43136,1695092906.8942797
2,43200,1695092906.9085422
2,43264,1695092906.920996
2,43328,1695092906.935305
2,43392,1695092906.9477746
2,43456,1695092906.9620562
2,43520,1695092906.9748733
2,43584,1695092906.9885876
2,43648,1695092907.0013812
2,43712,1695092907.0160873
2,43776,1695092907.0285141
2,43840,1695092907.0419471
2,43904,1695092907.0562067
2,43968,1695092907.068552
2,44032,1695092907.0818768
2,44096,1695092907.0962586
2,44160,1695092907.108669
2,44224,1695092907.1220562
2,44288,1695092907.1360826
2,44352,1695092907.1488864
2,44416,1695092907.1650002
2,44480,1695092907.1775196
2,44544,1695092907.192034
2,44608,1695092907.20449
2,44672,1695092907.2187803
2,44736,1695092907.2322583
2,44800,1695092907.2458704
2,44864,1695092907.2593782
2,44928,1695092907.273299
2,44992,1695092907.2858148
2,45056,1695092907.300143
2,45120,1695092907.312948
2,45184,1695092907.3260732
2,45248,1695092907.340067
2,45312,1695092907.3525991
2,45376,1695092907.368784
2,45440,1695092907.3836017
2,45504,1695092907.3976676
2,45568,1695092907.4109519
2,45632,1695092907.4247096
2,45696,1695092907.4395242
2,45760,1695092907.452161
2,45824,1695092907.4649582
2,45888,1695092907.479452
2,45952,1695092907.4919007
2,46016,1695092907.5047526
2,46080,1695092907.520638
2,46144,1695092907.534814
2,46208,1695092907.5492666
2,46272,1695092907.5616593
2,46336,1695092907.5757916
2,46400,1695092907.5876544
2,46464,1695092907.6011283
2,46528,1695092907.6140907
2,46592,1695092907.6324365
2,46656,1695092907.647073
2,46720,1695092907.661618
2,46784,1695092907.6742172
2,46848,1695092907.6882555
2,46912,1695092907.7013464
2,46976,1695092907.715539
2,47040,1695092907.7296543
2,47104,1695092907.7433481
2,47168,1695092907.7570965
2,47232,1695092907.770927
2,47296,1695092907.7847288
2,47360,1695092907.7984927
2,47424,1695092907.8123994
2,47488,1695092907.826022
2,47552,1695092907.8389604
2,47616,1695092907.8532197
2,47680,1695092907.8722053
2,47744,1695092907.8869545
2,47808,1695092907.9012382
2,47872,1695092907.9136193
2,47936,1695092907.92908
2,48000,1695092907.9428363
2,48064,1695092907.9586756
2,48128,1695092907.9710786
2,48192,1695092907.9864442
2,48256,1695092907.9987814
2,48320,1695092908.014768
2,48384,1695092908.0276186
2,48448,1695092908.0430033
2,48512,1695092908.057591
2,48576,1695092908.0736217
2,48640,1695092908.088474
2,48704,1695092908.1053243
2,48768,1695092908.122794
2,48832,1695092908.1387057
2,48896,1695092908.1510074
2,48960,1695092908.1707635
2,49024,1695092908.1876857
2,49088,1695092908.2041934
2,49152,1695092908.2170708
2,49216,1695092908.232006
2,49280,1695092908.2556224
2,49344,1695092908.2771819
2,49408,1695092908.2960384
2,49472,1695092908.3104603
2,49536,1695092908.3298402
2,49600,1695092908.3442793
2,49664,1695092908.3603606
2,49728,1695092908.3743634
2,49792,1695092908.3892987
2,49856,1695092908.4029021
2,49920,1695092908.4175951
2,49984,1695092908.4311275
2,50000,1695092908.445483
3,64,1695092908.7840528
3,128,1695092908.8014157
3,192,1695092908.8129835
3,256,1695092908.8272681
3,320,1695092908.84008
3,384,1695092908.8528967
3,448,1695092908.8652298
3,512,1695092908.8779564
3,576,1695092908.890287
3,640,1695092908.9031909
3,704,1695092908.9157388
3,768,1695092908.933668
3,832,1695092908.9477737
3,896,1695092908.9597328
3,960,1695092908.9723964
3,1024,1695092908.9846768
3,1088,1695092908.997397
3,1152,1695092909.0096738
3,1216,1695092909.0251663
3,1280,1695092909.038138
3,1344,1695092909.052063
3,1408,1695092909.065466
3,1472,1695092909.0800831
3,1536,1695092909.0924256
3,1600,1695092909.1056361
3,1664,1695092909.1196692
3,1728,1695092909.1322784
3,1792,1695092909.1480896
3,1856,1695092909.1625357
3,1920,1695092909.176782
3,1984,1695092909.191325
3,2048,1695092909.2055237
3,2112,1695092909.2188797
3,2176,1695092909.232845
3,2240,1695092909.245655
3,2304,1695092909.2600935
3,2368,1695092909.2729614
3,2432,1695092909.2874086
3,2496,1695092909.3012311
3,2560,1695092909.314214
3,2624,1695092909.3283024
3,2688,1695092909.3422065
3,2752,1695092909.3550506
3,2816,1695092909.3686533
3,2880,1695092909.381331
3,2944,1695092909.3947885
3,3008,1695092909.40899
3,3072,1695092909.421488
3,3136,1695092909.4360335
3,3200,1695092909.4485133
3,3264,1695092909.46138
3,3328,1695092909.4757507
3,3392,1695092909.4883657
3,3456,1695092909.504742
3,3520,1695092909.5165803
3,3584,1695092909.5302317
3,3648,1695092909.5431304
3,3712,1695092909.5570133
3,3776,1695092909.5714722
3,3840,1695092909.5849833
3,3904,1695092909.5981305
3,3968,1695092909.6122258
3,4032,1695092909.6248894
3,4096,1695092909.6391516
3,4160,1695092909.6518083
3,4224,1695092909.666247
3,4288,1695092909.679089
3,4352,1695092909.6926422
3,4416,1695092909.7054386
3,4480,1695092909.7199683
3,4544,1695092909.7324631
3,4608,1695092909.7469766
3,4672,1695092909.760611
3,4736,1695092909.7737677
3,4800,1695092909.7872372
3,4864,1695092909.801363
3,4928,1695092909.8139226
3,4992,1695092909.8283572
3,5056,1695092909.8407834
3,5120,1695092909.855738
3,5184,1695092909.86817
3,5248,1695092909.8828356
3,5312,1695092909.8965342
3,5376,1695092909.9101872
3,5440,1695092909.9235148
3,5504,1695092909.9367745
3,5568,1695092909.9494843
3,5632,1695092909.9639723
3,5696,1695092909.9767408
3,5760,1695092909.9911532
3,5824,1695092910.005293
3,5888,1695092910.0184343
3,5952,1695092910.0324633
3,6016,1695092910.0458245
3,6080,1695092910.059402
3,6144,1695092910.0733237
3,6208,1695092910.0857902
