epoch,trained_sample,time
1,0,1695620767.8547978
1,64,1695620769.1325357
1,128,1695620769.154145
1,192,1695620769.1736956
1,256,1695620769.1974008
1,320,1695620769.214112
1,384,1695620769.239335
1,448,1695620769.2641895
1,512,1695620769.2823985
1,576,1695620769.2978563
1,640,1695620769.322539
1,704,1695620769.3451638
1,768,1695620769.3618948
1,832,1695620769.3790665
1,896,1695620769.3998137
1,960,1695620769.4187293
1,1024,1695620769.4363258
1,1088,1695620769.4537597
1,1152,1695620769.4695244
1,1216,1695620769.4873927
1,1280,1695620769.5034685
1,1344,1695620769.5196064
1,1408,1695620769.5397327
1,1472,1695620769.5631433
1,1536,1695620769.5789747
1,1600,1695620769.5951643
1,1664,1695620769.6194139
1,1728,1695620769.640088
1,1792,1695620769.6559632
1,1856,1695620769.6716971
1,1920,1695620769.6924329
1,1984,1695620769.7149003
1,2048,1695620769.7306933
1,2112,1695620769.751763
1,2176,1695620769.7727506
1,2240,1695620769.7948732
1,2304,1695620769.8108156
1,2368,1695620769.8320615
1,2432,1695620769.854094
1,2496,1695620769.8748617
1,2560,1695620769.8905473
1,2624,1695620769.9093912
1,2688,1695620769.9290557
1,2752,1695620769.9510279
1,2816,1695620769.9738889
1,2880,1695620769.9911418
1,2944,1695620770.0073245
1,3008,1695620770.024056
1,3072,1695620770.046627
1,3136,1695620770.07331
1,3200,1695620770.087046
1,3264,1695620770.1021452
1,3328,1695620770.1187143
1,3392,1695620770.1460226
1,3456,1695620770.1596484
1,3520,1695620770.1814663
1,3584,1695620770.2021356
1,3648,1695620770.217095
1,3712,1695620770.238475
1,3776,1695620770.254054
1,3840,1695620770.276908
1,3904,1695620770.2986789
1,3968,1695620770.321287
1,4032,1695620770.3428192
1,4096,1695620770.3620777
1,4160,1695620770.3821533
1,4224,1695620770.4025242
1,4288,1695620770.4173012
1,4352,1695620770.4410167
1,4416,1695620770.4596453
1,4480,1695620770.485713
1,4544,1695620770.504771
1,4608,1695620770.5293112
1,4672,1695620770.5509677
1,4736,1695620770.572592
1,4800,1695620770.5884037
1,4864,1695620770.605983
1,4928,1695620770.6247997
1,4992,1695620770.6424277
1,5056,1695620770.6599493
1,5120,1695620770.6850564
1,5184,1695620770.7051446
1,5248,1695620770.7291708
1,5312,1695620770.74975
1,5376,1695620770.7674477
1,5440,1695620770.7856717
1,5504,1695620770.803626
1,5568,1695620770.822513
1,5632,1695620770.842834
1,5696,1695620770.8624208
1,5760,1695620770.880369
1,5824,1695620770.897355
1,5888,1695620770.9150853
1,5952,1695620770.931797
1,6016,1695620770.951612
1,6080,1695620770.9709032
1,6144,1695620770.988158
1,6208,1695620771.0051196
1,6272,1695620771.0226514
1,6336,1695620771.0408266
1,6400,1695620771.0601728
1,6464,1695620771.0782895
1,6528,1695620771.1017208
1,6592,1695620771.1228533
1,6656,1695620771.1418447
1,6720,1695620771.1589289
1,6784,1695620771.1853473
1,6848,1695620771.204665
1,6912,1695620771.2254171
1,6976,1695620771.250546
1,7040,1695620771.2731662
1,7104,1695620771.296819
1,7168,1695620771.318336
1,7232,1695620771.3384576
1,7296,1695620771.3586764
1,7360,1695620771.381475
1,7424,1695620771.4025395
1,7488,1695620771.4221451
1,7552,1695620771.443599
1,7616,1695620771.4633741
1,7680,1695620771.484339
1,7744,1695620771.5005808
1,7808,1695620771.52166
1,7872,1695620771.5444894
1,7936,1695620771.5652716
1,8000,1695620771.588772
1,8064,1695620771.6103413
1,8128,1695620771.6300826
1,8192,1695620771.6507556
1,8256,1695620771.6708314
1,8320,1695620771.689238
1,8384,1695620771.7087226
1,8448,1695620771.7271276
1,8512,1695620771.74425
1,8576,1695620771.7686877
1,8640,1695620771.791103
1,8704,1695620771.8130271
1,8768,1695620771.8364406
1,8832,1695620771.8585234
1,8896,1695620771.8788393
1,8960,1695620771.901432
1,9024,1695620771.9229562
1,9088,1695620771.9424934
1,9152,1695620771.9606512
1,9216,1695620771.9783936
1,9280,1695620772.0054688
1,9344,1695620772.024717
1,9408,1695620772.0493894
1,9472,1695620772.0688558
1,9536,1695620772.0892448
1,9600,1695620772.1071439
1,9664,1695620772.1238415
1,9728,1695620772.1427665
1,9792,1695620772.1626575
1,9856,1695620772.1872149
1,9920,1695620772.2024162
1,9984,1695620772.2247527
1,10048,1695620772.2469888
1,10112,1695620772.2665334
1,10176,1695620772.2832224
1,10240,1695620772.300412
1,10304,1695620772.3173432
1,10368,1695620772.334936
1,10432,1695620772.3517742
1,10496,1695620772.3684168
1,10560,1695620772.3851097
1,10624,1695620772.4034321
1,10688,1695620772.420423
1,10752,1695620772.4383886
1,10816,1695620772.4633217
1,10880,1695620772.484649
1,10944,1695620772.5069377
1,11008,1695620772.5268111
1,11072,1695620772.5495875
1,11136,1695620772.5732567
1,11200,1695620772.5892465
1,11264,1695620772.6135225
1,11328,1695620772.6324532
1,11392,1695620772.6551905
1,11456,1695620772.6754363
1,11520,1695620772.6914687
1,11584,1695620772.7083173
1,11648,1695620772.7263393
1,11712,1695620772.7466798
1,11776,1695620772.7709894
1,11840,1695620772.7860813
1,11904,1695620772.8058493
1,11968,1695620772.8251112
1,12032,1695620772.842651
1,12096,1695620772.8599753
1,12160,1695620772.8769827
1,12224,1695620772.8946538
1,12288,1695620772.911368
1,12352,1695620772.9280543
1,12416,1695620772.9449902
1,12480,1695620772.9627383
1,12544,1695620772.9794
1,12608,1695620773.0005357
1,12672,1695620773.0227258
1,12736,1695620773.0432663
1,12800,1695620773.064688
1,12864,1695620773.0854037
1,12928,1695620773.1086907
1,12992,1695620773.1305494
1,13056,1695620773.151128
1,13120,1695620773.1728504
1,13184,1695620773.1971698
1,13248,1695620773.2174551
1,13312,1695620773.2407444
1,13376,1695620773.2623672
1,13440,1695620773.2823448
1,13504,1695620773.3021376
1,13568,1695620773.3227553
1,13632,1695620773.3433526
1,13696,1695620773.3670754
1,13760,1695620773.3887277
1,13824,1695620773.4107034
1,13888,1695620773.4260795
1,13952,1695620773.44876
1,14016,1695620773.4701042
1,14080,1695620773.4899077
1,14144,1695620773.5124671
1,14208,1695620773.5379088
1,14272,1695620773.5537016
1,14336,1695620773.5773625
1,14400,1695620773.5965886
1,14464,1695620773.6171122
1,14528,1695620773.640578
1,14592,1695620773.6622853
1,14656,1695620773.6824408
1,14720,1695620773.7023952
1,14784,1695620773.7223868
1,14848,1695620773.7423675
1,14912,1695620773.76201
1,14976,1695620773.782693
1,15040,1695620773.802298
1,15104,1695620773.8287742
1,15168,1695620773.8494246
1,15232,1695620773.8706903
1,15296,1695620773.8955822
1,15360,1695620773.9130483
1,15424,1695620773.9305804
1,15488,1695620773.9481838
1,15552,1695620773.966973
1,15616,1695620773.9841197
1,15680,1695620774.0010438
1,15744,1695620774.0186002
1,15808,1695620774.0374792
1,15872,1695620774.0589716
1,15936,1695620774.078632
1,16000,1695620774.0961056
1,16064,1695620774.114422
1,16128,1695620774.1305447
1,16192,1695620774.1527505
1,16256,1695620774.1742291
1,16320,1695620774.1953907
1,16384,1695620774.2119806
1,16448,1695620774.2283702
1,16512,1695620774.246132
1,16576,1695620774.2664385
1,16640,1695620774.2868485
1,16704,1695620774.306684
1,16768,1695620774.326347
1,16832,1695620774.3514445
1,16896,1695620774.3723736
1,16960,1695620774.3933237
1,17024,1695620774.4180157
1,17088,1695620774.4409688
1,17152,1695620774.4648404
1,17216,1695620774.4872494
1,17280,1695620774.5092008
1,17344,1695620774.5335014
1,17408,1695620774.5534384
1,17472,1695620774.5771916
1,17536,1695620774.602632
1,17600,1695620774.6254873
1,17664,1695620774.6499488
1,17728,1695620774.6699836
1,17792,1695620774.6906059
1,17856,1695620774.7171724
1,17920,1695620774.737407
1,17984,1695620774.7607439
1,18048,1695620774.7831433
1,18112,1695620774.7997038
1,18176,1695620774.8163228
1,18240,1695620774.8332438
1,18304,1695620774.8509579
1,18368,1695620774.8696182
1,18432,1695620774.8867652
1,18496,1695620774.9040968
1,18560,1695620774.9290588
1,18624,1695620774.9488926
1,18688,1695620774.969954
1,18752,1695620774.9915273
1,18816,1695620775.0198596
1,18880,1695620775.0431275
1,18944,1695620775.0634043
1,19008,1695620775.0844214
1,19072,1695620775.11142
1,19136,1695620775.1322048
1,19200,1695620775.158965
1,19264,1695620775.1810703
1,19328,1695620775.2020404
1,19392,1695620775.2254083
1,19456,1695620775.24702
1,19520,1695620775.266972
1,19584,1695620775.28911
1,19648,1695620775.3096564
1,19712,1695620775.3355086
1,19776,1695620775.3594892
1,19840,1695620775.3808882
1,19904,1695620775.4029586
1,19968,1695620775.4258642
1,20032,1695620775.449334
1,20096,1695620775.4659462
1,20160,1695620775.4894423
1,20224,1695620775.5127294
1,20288,1695620775.534897
1,20352,1695620775.554747
1,20416,1695620775.5814457
1,20480,1695620775.6042132
1,20544,1695620775.626054
1,20608,1695620775.646355
1,20672,1695620775.666219
1,20736,1695620775.6864767
1,20800,1695620775.7072082
1,20864,1695620775.7314065
1,20928,1695620775.746854
1,20992,1695620775.768623
1,21056,1695620775.7909446
1,21120,1695620775.810175
1,21184,1695620775.8273792
1,21248,1695620775.853606
1,21312,1695620775.873491
1,21376,1695620775.8912673
1,21440,1695620775.9097645
1,21504,1695620775.9277017
1,21568,1695620775.9463854
1,21632,1695620775.9667084
1,21696,1695620775.9868195
1,21760,1695620776.003896
1,21824,1695620776.0226343
1,21888,1695620776.0425863
1,21952,1695620776.062416
1,22016,1695620776.083095
1,22080,1695620776.1034186
1,22144,1695620776.1229742
1,22208,1695620776.142744
1,22272,1695620776.1626773
1,22336,1695620776.1823235
1,22400,1695620776.2028856
1,22464,1695620776.2224226
1,22528,1695620776.242574
1,22592,1695620776.2624083
1,22656,1695620776.2826967
1,22720,1695620776.302597
1,22784,1695620776.3228588
1,22848,1695620776.3475957
1,22912,1695620776.3671865
1,22976,1695620776.3882682
1,23040,1695620776.4150486
1,23104,1695620776.440714
1,23168,1695620776.462132
1,23232,1695620776.4817386
1,23296,1695620776.501737
1,23360,1695620776.5186424
1,23424,1695620776.5434983
1,23488,1695620776.5651808
1,23552,1695620776.5869741
1,23616,1695620776.6067939
1,23680,1695620776.6283982
1,23744,1695620776.6496522
1,23808,1695620776.6711588
1,23872,1695620776.6904864
1,23936,1695620776.7125752
1,24000,1695620776.7338881
1,24064,1695620776.7540724
1,24128,1695620776.7742972
1,24192,1695620776.8008046
1,24256,1695620776.8316407
1,24320,1695620776.853096
1,24384,1695620776.8723876
1,24448,1695620776.8917704
1,24512,1695620776.915036
1,24576,1695620776.931843
1,24640,1695620776.9558675
1,24704,1695620776.9779384
1,24768,1695620776.9992247
1,24832,1695620777.0213273
1,24896,1695620777.0429313
1,24960,1695620777.064262
1,25024,1695620777.0895708
1,25088,1695620777.1124978
1,25152,1695620777.134893
1,25216,1695620777.1589398
1,25280,1695620777.182557
1,25344,1695620777.2079341
1,25408,1695620777.2304144
1,25472,1695620777.255807
1,25536,1695620777.2784185
1,25600,1695620777.299334
1,25664,1695620777.3217683
1,25728,1695620777.3393905
1,25792,1695620777.3624496
1,25856,1695620777.3800864
1,25920,1695620777.4018717
1,25984,1695620777.4237964
1,26048,1695620777.4444547
1,26112,1695620777.4679587
1,26176,1695620777.488981
1,26240,1695620777.5118968
1,26304,1695620777.5331771
1,26368,1695620777.5560396
1,26432,1695620777.5770197
1,26496,1695620777.599769
1,26560,1695620777.6210427
1,26624,1695620777.641938
1,26688,1695620777.6622686
1,26752,1695620777.6834261
1,26816,1695620777.7019496
1,26880,1695620777.726398
1,26944,1695620777.7475116
1,27008,1695620777.7684045
1,27072,1695620777.791916
1,27136,1695620777.8135805
1,27200,1695620777.83657
1,27264,1695620777.8610232
1,27328,1695620777.880122
1,27392,1695620777.9066155
1,27456,1695620777.9291584
1,27520,1695620777.953556
1,27584,1695620777.9737628
1,27648,1695620777.9994674
1,27712,1695620778.0218902
1,27776,1695620778.0470855
1,27840,1695620778.0748239
1,27904,1695620778.0914056
1,27968,1695620778.1188939
1,28032,1695620778.1461282
1,28096,1695620778.1620758
1,28160,1695620778.184699
1,28224,1695620778.2055562
1,28288,1695620778.224728
1,28352,1695620778.2451596
1,28416,1695620778.271939
1,28480,1695620778.2946024
1,28544,1695620778.3197513
1,28608,1695620778.344153
1,28672,1695620778.3651402
1,28736,1695620778.3885648
1,28800,1695620778.4112558
1,28864,1695620778.4387813
1,28928,1695620778.4626896
1,28992,1695620778.481168
1,29056,1695620778.500897
1,29120,1695620778.5207388
1,29184,1695620778.5408733
1,29248,1695620778.5690987
1,29312,1695620778.5849495
1,29376,1695620778.6129923
1,29440,1695620778.6341388
1,29504,1695620778.656752
1,29568,1695620778.6838162
1,29632,1695620778.7035623
1,29696,1695620778.7251222
1,29760,1695620778.7541807
1,29824,1695620778.7709463
1,29888,1695620778.7911856
1,29952,1695620778.8106005
1,30016,1695620778.8357635
1,30080,1695620778.8588722
1,30144,1695620778.8854904
1,30208,1695620778.906755
1,30272,1695620778.9331424
1,30336,1695620778.9610627
1,30400,1695620778.977928
1,30464,1695620778.9973645
1,30528,1695620779.0158315
1,30592,1695620779.0403132
1,30656,1695620779.0642765
1,30720,1695620779.0869775
1,30784,1695620779.117739
1,30848,1695620779.1334708
1,30912,1695620779.1547177
1,30976,1695620779.177568
1,31040,1695620779.198026
1,31104,1695620779.2175462
1,31168,1695620779.2374568
1,31232,1695620779.2570224
1,31296,1695620779.2770424
1,31360,1695620779.296928
1,31424,1695620779.3179128
1,31488,1695620779.3377514
1,31552,1695620779.357062
1,31616,1695620779.377064
1,31680,1695620779.3949072
1,31744,1695620779.4121943
1,31808,1695620779.4352245
1,31872,1695620779.4520216
1,31936,1695620779.4692736
1,32000,1695620779.4872913
1,32064,1695620779.5096958
1,32128,1695620779.5275304
1,32192,1695620779.544662
1,32256,1695620779.5628402
1,32320,1695620779.5815387
1,32384,1695620779.601116
1,32448,1695620779.6253097
1,32512,1695620779.6450574
1,32576,1695620779.666459
1,32640,1695620779.685547
1,32704,1695620779.7099113
1,32768,1695620779.725409
1,32832,1695620779.7417963
1,32896,1695620779.7592695
1,32960,1695620779.7768905
1,33024,1695620779.792614
1,33088,1695620779.8163948
1,33152,1695620779.8399193
1,33216,1695620779.8607464
1,33280,1695620779.8837712
1,33344,1695620779.905032
1,33408,1695620779.9280422
1,33472,1695620779.9495244
1,33536,1695620779.971585
1,33600,1695620779.9928682
1,33664,1695620780.0158203
1,33728,1695620780.037483
1,33792,1695620780.0541422
1,33856,1695620780.070531
1,33920,1695620780.0879526
1,33984,1695620780.1048048
1,34048,1695620780.1218112
1,34112,1695620780.139359
1,34176,1695620780.156804
1,34240,1695620780.1799874
1,34304,1695620780.2026637
1,34368,1695620780.2235017
1,34432,1695620780.2446322
1,34496,1695620780.264514
1,34560,1695620780.2843277
1,34624,1695620780.3040962
1,34688,1695620780.3241253
1,34752,1695620780.344105
1,34816,1695620780.364176
1,34880,1695620780.3831918
1,34944,1695620780.4041054
1,35008,1695620780.4236872
1,35072,1695620780.4441218
1,35136,1695620780.4639065
1,35200,1695620780.4879606
1,35264,1695620780.5103364
1,35328,1695620780.5374486
1,35392,1695620780.5611925
1,35456,1695620780.5826325
1,35520,1695620780.6066706
1,35584,1695620780.6308148
1,35648,1695620780.6554353
1,35712,1695620780.680139
1,35776,1695620780.70305
1,35840,1695620780.7249281
1,35904,1695620780.7450168
1,35968,1695620780.7668734
1,36032,1695620780.7836573
1,36096,1695620780.8038766
1,36160,1695620780.8282323
1,36224,1695620780.8499796
1,36288,1695620780.8715463
1,36352,1695620780.893432
1,36416,1695620780.9158661
1,36480,1695620780.9389608
1,36544,1695620780.9620082
1,36608,1695620780.983309
1,36672,1695620781.0046337
1,36736,1695620781.0278497
1,36800,1695620781.0494003
1,36864,1695620781.071745
1,36928,1695620781.092913
1,36992,1695620781.1158378
1,37056,1695620781.1372736
1,37120,1695620781.1599326
1,37184,1695620781.185729
1,37248,1695620781.2047594
1,37312,1695620781.2284083
1,37376,1695620781.2506044
1,37440,1695620781.2740543
1,37504,1695620781.2975757
1,37568,1695620781.3193748
1,37632,1695620781.3409998
1,37696,1695620781.3632326
1,37760,1695620781.3856823
1,37824,1695620781.4071147
1,37888,1695620781.42932
1,37952,1695620781.4513202
1,38016,1695620781.4750044
1,38080,1695620781.498106
1,38144,1695620781.5144565
1,38208,1695620781.5309634
1,38272,1695620781.5483792
1,38336,1695620781.565148
1,38400,1695620781.5824425
1,38464,1695620781.5997486
1,38528,1695620781.616314
1,38592,1695620781.6344123
1,38656,1695620781.6517258
1,38720,1695620781.6680908
1,38784,1695620781.6849363
1,38848,1695620781.7014272
1,38912,1695620781.7192354
1,38976,1695620781.7364578
1,39040,1695620781.7538028
1,39104,1695620781.7712977
1,39168,1695620781.7882183
1,39232,1695620781.8048286
1,39296,1695620781.8272595
1,39360,1695620781.8476808
1,39424,1695620781.8721724
1,39488,1695620781.8939836
1,39552,1695620781.91559
1,39616,1695620781.9371579
1,39680,1695620781.9596004
1,39744,1695620781.9809437
1,39808,1695620782.0039184
1,39872,1695620782.0267298
1,39936,1695620782.049486
1,40000,1695620782.0745475
1,40064,1695620782.0909765
1,40128,1695620782.11181
1,40192,1695620782.134818
1,40256,1695620782.1573026
1,40320,1695620782.1798458
1,40384,1695620782.2009037
1,40448,1695620782.223119
1,40512,1695620782.2447755
1,40576,1695620782.2679257
1,40640,1695620782.290834
1,40704,1695620782.3116221
1,40768,1695620782.3323662
1,40832,1695620782.356206
1,40896,1695620782.377727
1,40960,1695620782.3993733
1,41024,1695620782.4269614
1,41088,1695620782.4508371
1,41152,1695620782.4676435
1,41216,1695620782.4881985
1,41280,1695620782.5120807
1,41344,1695620782.5335782
1,41408,1695620782.5546362
1,41472,1695620782.5770013
1,41536,1695620782.5997527
1,41600,1695620782.6210537
1,41664,1695620782.6441765
1,41728,1695620782.6655092
1,41792,1695620782.6879134
1,41856,1695620782.7091863
1,41920,1695620782.730369
1,41984,1695620782.7499385
1,42048,1695620782.776373
1,42112,1695620782.7980537
1,42176,1695620782.8196177
1,42240,1695620782.84057
1,42304,1695620782.8625696
1,42368,1695620782.8872092
1,42432,1695620782.9045603
1,42496,1695620782.92422
1,42560,1695620782.9470286
1,42624,1695620782.9734836
1,42688,1695620782.9968593
1,42752,1695620783.0156355
1,42816,1695620783.0384715
1,42880,1695620783.0561898
1,42944,1695620783.078456
1,43008,1695620783.0961595
1,43072,1695620783.1179442
1,43136,1695620783.1359792
1,43200,1695620783.158132
1,43264,1695620783.1848009
1,43328,1695620783.207554
1,43392,1695620783.230901
1,43456,1695620783.2540517
1,43520,1695620783.2800703
1,43584,1695620783.3026724
1,43648,1695620783.325772
1,43712,1695620783.3508108
1,43776,1695620783.375971
1,43840,1695620783.3937654
1,43904,1695620783.407607
1,43968,1695620783.4231398
1,44032,1695620783.439106
1,44096,1695620783.454141
1,44160,1695620783.4697704
1,44224,1695620783.4866405
1,44288,1695620783.5010867
1,44352,1695620783.5182338
1,44416,1695620783.5324466
1,44480,1695620783.5481353
1,44544,1695620783.5631275
1,44608,1695620783.5782819
1,44672,1695620783.5942316
1,44736,1695620783.6086285
1,44800,1695620783.6234698
1,44864,1695620783.63764
1,44928,1695620783.653452
1,44992,1695620783.6705534
1,45056,1695620783.685981
1,45120,1695620783.7009623
1,45184,1695620783.7181642
1,45248,1695620783.732361
1,45312,1695620783.7483575
1,45376,1695620783.7634854
1,45440,1695620783.7782607
1,45504,1695620783.7938385
1,45568,1695620783.8105884
1,45632,1695620783.8246279
1,45696,1695620783.8401296
1,45760,1695620783.8549914
1,45824,1695620783.870352
1,45888,1695620783.8855236
1,45952,1695620783.901644
1,46016,1695620783.9159274
1,46080,1695620783.9310565
1,46144,1695620783.9466653
1,46208,1695620783.9614651
1,46272,1695620783.978286
1,46336,1695620783.9924605
1,46400,1695620784.0077343
1,46464,1695620784.02228
1,46528,1695620784.037813
1,46592,1695620784.053086
1,46656,1695620784.0686235
1,46720,1695620784.0833468
1,46784,1695620784.0988538
1,46848,1695620784.1131136
1,46912,1695620784.1303596
1,46976,1695620784.1446521
1,47040,1695620784.1603684
1,47104,1695620784.1751974
1,47168,1695620784.1906703
1,47232,1695620784.2049067
1,47296,1695620784.2221467
1,47360,1695620784.2365272
1,47424,1695620784.2514389
1,47488,1695620784.2677324
1,47552,1695620784.2827797
1,47616,1695620784.2981303
1,47680,1695620784.31425
1,47744,1695620784.329494
1,47808,1695620784.3468068
1,47872,1695620784.3612945
1,47936,1695620784.3767037
1,48000,1695620784.3921056
1,48064,1695620784.4070103
1,48128,1695620784.4214196
1,48192,1695620784.436283
1,48256,1695620784.4501183
1,48320,1695620784.4738617
1,48384,1695620784.4917514
1,48448,1695620784.5104785
1,48512,1695620784.5309975
1,48576,1695620784.5511699
1,48640,1695620784.5706792
1,48704,1695620784.5907805
1,48768,1695620784.6104484
1,48832,1695620784.630978
1,48896,1695620784.6510763
1,48960,1695620784.6707215
1,49024,1695620784.6927505
1,49088,1695620784.710319
1,49152,1695620784.7255528
1,49216,1695620784.7409153
1,49280,1695620784.759993
1,49344,1695620784.7778022
1,49408,1695620784.794013
1,49472,1695620784.8175054
1,49536,1695620784.8356385
1,49600,1695620784.853097
1,49664,1695620784.8701515
1,49728,1695620784.8877118
1,49792,1695620784.9050477
1,49856,1695620784.922441
1,49920,1695620784.9393609
1,49984,1695620784.9563901
1,50000,1695620784.9808183
2,64,1695620785.2906435
2,128,1695620785.3069465
2,192,1695620785.3249834
2,256,1695620785.3485131
2,320,1695620785.365616
2,384,1695620785.3891616
2,448,1695620785.4090524
2,512,1695620785.4308074
2,576,1695620785.4521174
2,640,1695620785.4751136
2,704,1695620785.4947028
2,768,1695620785.5169477
2,832,1695620785.5390813
2,896,1695620785.558256
2,960,1695620785.5824258
2,1024,1695620785.5995262
2,1088,1695620785.61818
2,1152,1695620785.6349719
2,1216,1695620785.654926
2,1280,1695620785.6789894
2,1344,1695620785.699917
2,1408,1695620785.7233043
2,1472,1695620785.7406383
2,1536,1695620785.7624252
2,1600,1695620785.778348
2,1664,1695620785.7938664
2,1728,1695620785.8104026
2,1792,1695620785.8267782
2,1856,1695620785.8413675
2,1920,1695620785.8579464
2,1984,1695620785.873722
2,2048,1695620785.8903089
2,2112,1695620785.906945
2,2176,1695620785.9232335
2,2240,1695620785.9395216
2,2304,1695620785.9550452
2,2368,1695620785.9706118
2,2432,1695620785.9868193
2,2496,1695620786.003365
2,2560,1695620786.0196679
2,2624,1695620786.0392067
2,2688,1695620786.055029
2,2752,1695620786.0707989
2,2816,1695620786.0864766
2,2880,1695620786.1031778
2,2944,1695620786.1186473
2,3008,1695620786.1341972
2,3072,1695620786.1497812
2,3136,1695620786.166433
2,3200,1695620786.1826246
2,3264,1695620786.198867
2,3328,1695620786.214238
2,3392,1695620786.2298665
2,3456,1695620786.2556336
2,3520,1695620786.2771034
2,3584,1695620786.296013
2,3648,1695620786.314978
2,3712,1695620786.3373127
2,3776,1695620786.358694
2,3840,1695620786.3786716
2,3904,1695620786.400398
2,3968,1695620786.4212184
2,4032,1695620786.443028
2,4096,1695620786.4620986
2,4160,1695620786.4823358
2,4224,1695620786.5021555
2,4288,1695620786.5253625
2,4352,1695620786.54509
2,4416,1695620786.5640113
2,4480,1695620786.5868726
2,4544,1695620786.608504
2,4608,1695620786.6286263
2,4672,1695620786.6470025
2,4736,1695620786.667066
2,4800,1695620786.6874971
2,4864,1695620786.7070506
2,4928,1695620786.730882
2,4992,1695620786.7528062
2,5056,1695620786.77481
2,5120,1695620786.7943583
2,5184,1695620786.8159685
2,5248,1695620786.8381653
2,5312,1695620786.8587632
2,5376,1695620786.8760622
2,5440,1695620786.893892
2,5504,1695620786.9169674
2,5568,1695620786.9409277
2,5632,1695620786.9607291
2,5696,1695620786.9789984
2,5760,1695620786.9994204
2,5824,1695620787.0214531
2,5888,1695620787.0409846
2,5952,1695620787.0584972
2,6016,1695620787.0808396
2,6080,1695620787.102558
2,6144,1695620787.12699
2,6208,1695620787.1479504
2,6272,1695620787.1695328
2,6336,1695620787.1932766
2,6400,1695620787.2141542
2,6464,1695620787.2342298
2,6528,1695620787.2560568
2,6592,1695620787.2789977
2,6656,1695620787.2941968
2,6720,1695620787.3167932
2,6784,1695620787.3389513
2,6848,1695620787.3584023
2,6912,1695620787.384801
2,6976,1695620787.4049513
2,7040,1695620787.4268382
2,7104,1695620787.44209
2,7168,1695620787.4654663
2,7232,1695620787.4890335
2,7296,1695620787.510918
2,7360,1695620787.530213
2,7424,1695620787.557047
2,7488,1695620787.57774
2,7552,1695620787.5985692
2,7616,1695620787.619072
2,7680,1695620787.6434846
2,7744,1695620787.663979
2,7808,1695620787.6870308
2,7872,1695620787.7071404
2,7936,1695620787.7291033
2,8000,1695620787.750946
2,8064,1695620787.7713156
2,8128,1695620787.7870378
2,8192,1695620787.8058095
2,8256,1695620787.8299227
2,8320,1695620787.8531544
2,8384,1695620787.8749745
2,8448,1695620787.8940485
2,8512,1695620787.9160664
2,8576,1695620787.9418318
2,8640,1695620787.9592924
2,8704,1695620787.9841225
2,8768,1695620788.0069568
2,8832,1695620788.026004
2,8896,1695620788.0437224
2,8960,1695620788.0610392
2,9024,1695620788.0769439
2,9088,1695620788.0967364
2,9152,1695620788.117429
2,9216,1695620788.138871
2,9280,1695620788.154103
2,9344,1695620788.1773062
2,9408,1695620788.2003632
2,9472,1695620788.2227983
2,9536,1695620788.2377818
2,9600,1695620788.2581327
2,9664,1695620788.2779748
2,9728,1695620788.302522
2,9792,1695620788.3260074
2,9856,1695620788.3486757
2,9920,1695620788.371297
2,9984,1695620788.3904226
2,10048,1695620788.4170501
2,10112,1695620788.437726
2,10176,1695620788.4588103
2,10240,1695620788.473821
2,10304,1695620788.492881
2,10368,1695620788.5148373
2,10432,1695620788.530386
2,10496,1695620788.5495243
2,10560,1695620788.570937
2,10624,1695620788.590102
2,10688,1695620788.615378
2,10752,1695620788.6342115
2,10816,1695620788.6514072
2,10880,1695620788.6718876
2,10944,1695620788.6949081
2,11008,1695620788.7151263
2,11072,1695620788.741248
2,11136,1695620788.7592263
2,11200,1695620788.7798517
2,11264,1695620788.8030562
2,11328,1695620788.8231301
2,11392,1695620788.8409357
2,11456,1695620788.8650248
2,11520,1695620788.886926
2,11584,1695620788.9059296
2,11648,1695620788.9308736
2,11712,1695620788.952578
2,11776,1695620788.9746878
2,11840,1695620788.9941266
2,11904,1695620789.0206301
2,11968,1695620789.0413663
2,12032,1695620789.0626338
2,12096,1695620789.0841272
2,12160,1695620789.1068876
2,12224,1695620789.126922
2,12288,1695620789.1526246
2,12352,1695620789.1743417
2,12416,1695620789.1943705
2,12480,1695620789.2176034
2,12544,1695620789.2376988
2,12608,1695620789.261085
2,12672,1695620789.2766705
2,12736,1695620789.2992492
2,12800,1695620789.32188
2,12864,1695620789.3426173
2,12928,1695620789.3631425
2,12992,1695620789.387433
2,13056,1695620789.4088743
2,13120,1695620789.4308844
2,13184,1695620789.4499156
2,13248,1695620789.4715865
2,13312,1695620789.4949968
2,13376,1695620789.5180402
2,13440,1695620789.5409615
2,13504,1695620789.563017
2,13568,1695620789.5830426
2,13632,1695620789.6069026
2,13696,1695620789.6285863
2,13760,1695620789.649433
2,13824,1695620789.668047
2,13888,1695620789.6916618
2,13952,1695620789.7116227
2,14016,1695620789.7348373
2,14080,1695620789.7562022
2,14144,1695620789.7773988
2,14208,1695620789.8027592
2,14272,1695620789.826574
2,14336,1695620789.848601
2,14400,1695620789.8728387
2,14464,1695620789.8954794
2,14528,1695620789.9114206
2,14592,1695620789.9298606
2,14656,1695620789.9444833
2,14720,1695620789.9643164
2,14784,1695620789.9904828
2,14848,1695620790.0130994
2,14912,1695620790.0367405
2,14976,1695620790.0525384
2,15040,1695620790.0720608
2,15104,1695620790.0977204
2,15168,1695620790.1205082
2,15232,1695620790.1452823
2,15296,1695620790.1654282
2,15360,1695620790.1809127
2,15424,1695620790.2022774
2,15488,1695620790.2248025
2,15552,1695620790.2453663
2,15616,1695620790.263352
2,15680,1695620790.2792013
2,15744,1695620790.3001835
2,15808,1695620790.3228493
2,15872,1695620790.342398
2,15936,1695620790.3622212
2,16000,1695620790.382266
2,16064,1695620790.397582
2,16128,1695620790.4216154
2,16192,1695620790.4391363
2,16256,1695620790.4574656
2,16320,1695620790.4741435
2,16384,1695620790.497771
2,16448,1695620790.5181031
2,16512,1695620790.5431585
2,16576,1695620790.565925
2,16640,1695620790.5887659
2,16704,1695620790.6090884
2,16768,1695620790.626588
2,16832,1695620790.6424
2,16896,1695620790.665163
2,16960,1695620790.6869166
2,17024,1695620790.7091398
2,17088,1695620790.731106
2,17152,1695620790.7505736
2,17216,1695620790.7770255
2,17280,1695620790.7962964
2,17344,1695620790.8207214
2,17408,1695620790.8430185
2,17472,1695620790.8673975
2,17536,1695620790.8882704
2,17600,1695620790.911027
2,17664,1695620790.9313848
2,17728,1695620790.955459
2,17792,1695620790.978866
2,17856,1695620790.9985938
2,17920,1695620791.0250695
2,17984,1695620791.0426736
2,18048,1695620791.0694764
2,18112,1695620791.0869498
2,18176,1695620791.1130927
2,18240,1695620791.1341593
2,18304,1695620791.1543987
2,18368,1695620791.1751115
2,18432,1695620791.199177
2,18496,1695620791.218027
2,18560,1695620791.2448406
2,18624,1695620791.2652369
2,18688,1695620791.2868276
2,18752,1695620791.3061504
2,18816,1695620791.3329718
2,18880,1695620791.3536305
2,18944,1695620791.374599
2,19008,1695620791.3953853
2,19072,1695620791.4191272
2,19136,1695620791.4392312
2,19200,1695620791.467038
2,19264,1695620791.4836242
2,19328,1695620791.507143
2,19392,1695620791.5310917
2,19456,1695620791.546388
2,19520,1695620791.5683665
2,19584,1695620791.5870032
2,19648,1695620791.6061842
2,19712,1695620791.6311133
2,19776,1695620791.6547375
2,19840,1695620791.6761334
2,19904,1695620791.699108
2,19968,1695620791.7196436
2,20032,1695620791.738487
2,20096,1695620791.763405
2,20160,1695620791.785933
2,20224,1695620791.8022382
2,20288,1695620791.82098
2,20352,1695620791.8406167
2,20416,1695620791.8605928
2,20480,1695620791.8804317
2,20544,1695620791.899702
2,20608,1695620791.9193063
2,20672,1695620791.9431057
2,20736,1695620791.9641328
2,20800,1695620791.986928
2,20864,1695620792.007332
2,20928,1695620792.0311918
2,20992,1695620792.054817
2,21056,1695620792.0775163
2,21120,1695620792.0989065
2,21184,1695620792.1181607
2,21248,1695620792.1426668
2,21312,1695620792.1647234
2,21376,1695620792.1847277
2,21440,1695620792.2055357
2,21504,1695620792.223317
2,21568,1695620792.2420235
2,21632,1695620792.2670493
2,21696,1695620792.2819464
2,21760,1695620792.2964897
2,21824,1695620792.3138251
2,21888,1695620792.3317473
2,21952,1695620792.3490279
2,22016,1695620792.366913
2,22080,1695620792.3861985
2,22144,1695620792.4063573
2,22208,1695620792.4263172
2,22272,1695620792.4457176
2,22336,1695620792.471238
2,22400,1695620792.4921896
2,22464,1695620792.5086586
2,22528,1695620792.5287025
2,22592,1695620792.5525947
2,22656,1695620792.5740104
2,22720,1695620792.5944135
2,22784,1695620792.6151974
2,22848,1695620792.6393375
2,22912,1695620792.6605961
2,22976,1695620792.6806462
2,23040,1695620792.7005517
2,23104,1695620792.7226617
2,23168,1695620792.7462432
2,23232,1695620792.7697737
2,23296,1695620792.7929587
2,23360,1695620792.8149314
2,23424,1695620792.8350925
2,23488,1695620792.8593297
2,23552,1695620792.8806431
2,23616,1695620792.9030426
2,23680,1695620792.922872
2,23744,1695620792.9473684
2,23808,1695620792.9688516
2,23872,1695620792.9909163
2,23936,1695620793.0105634
2,24000,1695620793.0353587
2,24064,1695620793.0581663
2,24128,1695620793.0807507
2,24192,1695620793.102817
2,24256,1695620793.118579
2,24320,1695620793.1402516
2,24384,1695620793.162613
2,24448,1695620793.1831534
2,24512,1695620793.2071722
2,24576,1695620793.228392
2,24640,1695620793.251044
2,24704,1695620793.2713077
2,24768,1695620793.2949283
2,24832,1695620793.3155544
2,24896,1695620793.3391519
2,24960,1695620793.360128
2,25024,1695620793.3830695
2,25088,1695620793.4032717
2,25152,1695620793.4306438
2,25216,1695620793.446741
2,25280,1695620793.4685163
2,25344,1695620793.4910424
2,25408,1695620793.5103438
2,25472,1695620793.5284016
2,25536,1695620793.5473862
2,25600,1695620793.5667317
2,25664,1695620793.585684
2,25728,1695620793.6054208
2,25792,1695620793.623391
2,25856,1695620793.642272
2,25920,1695620793.6626947
2,25984,1695620793.6798863
2,26048,1695620793.6983347
2,26112,1695620793.7184393
2,26176,1695620793.7385135
2,26240,1695620793.7582967
2,26304,1695620793.7784579
2,26368,1695620793.7988396
2,26432,1695620793.8184028
2,26496,1695620793.8386152
2,26560,1695620793.858597
2,26624,1695620793.8784578
2,26688,1695620793.899098
2,26752,1695620793.9190626
2,26816,1695620793.9393704
2,26880,1695620793.958765
2,26944,1695620793.9788172
2,27008,1695620793.9987464
2,27072,1695620794.018534
2,27136,1695620794.0387692
2,27200,1695620794.0583174
2,27264,1695620794.0785134
2,27328,1695620794.0988808
2,27392,1695620794.1187348
2,27456,1695620794.1381989
2,27520,1695620794.1563203
2,27584,1695620794.1734176
2,27648,1695620794.191167
2,27712,1695620794.2078176
2,27776,1695620794.2265155
2,27840,1695620794.2467763
2,27904,1695620794.2667103
2,27968,1695620794.286436
2,28032,1695620794.3065362
2,28096,1695620794.3267822
2,28160,1695620794.3437555
2,28224,1695620794.3641012
2,28288,1695620794.3868256
2,28352,1695620794.4074054
2,28416,1695620794.4312804
2,28480,1695620794.4512553
2,28544,1695620794.474911
2,28608,1695620794.4958253
2,28672,1695620794.5190105
2,28736,1695620794.539843
2,28800,1695620794.5632567
2,28864,1695620794.5832133
2,28928,1695620794.5997424
2,28992,1695620794.618083
2,29056,1695620794.6388934
2,29120,1695620794.659085
2,29184,1695620794.6785235
2,29248,1695620794.698778
2,29312,1695620794.7187333
2,29376,1695620794.7382631
2,29440,1695620794.7588584
2,29504,1695620794.7785673
2,29568,1695620794.7984352
2,29632,1695620794.8183818
2,29696,1695620794.8388817
2,29760,1695620794.8584983
2,29824,1695620794.8783011
2,29888,1695620794.898458
2,29952,1695620794.9187608
2,30016,1695620794.9381998
2,30080,1695620794.9565423
2,30144,1695620794.9734933
2,30208,1695620794.9916706
2,30272,1695620795.0095248
2,30336,1695620795.029436
2,30400,1695620795.0472922
2,30464,1695620795.066122
2,30528,1695620795.086351
2,30592,1695620795.1042538
2,30656,1695620795.12174
2,30720,1695620795.1423798
2,30784,1695620795.1627808
2,30848,1695620795.1827366
2,30912,1695620795.2022114
2,30976,1695620795.2225952
2,31040,1695620795.2421389
2,31104,1695620795.26235
2,31168,1695620795.2825382
2,31232,1695620795.3023345
2,31296,1695620795.3225641
2,31360,1695620795.3405726
2,31424,1695620795.3576977
2,31488,1695620795.3760712
2,31552,1695620795.39314
2,31616,1695620795.410268
2,31680,1695620795.4297872
2,31744,1695620795.451773
2,31808,1695620795.4710763
2,31872,1695620795.488312
2,31936,1695620795.505989
2,32000,1695620795.5263321
2,32064,1695620795.5470264
2,32128,1695620795.566653
2,32192,1695620795.586682
2,32256,1695620795.6068535
2,32320,1695620795.6266367
2,32384,1695620795.6463995
2,32448,1695620795.6668274
2,32512,1695620795.6866598
2,32576,1695620795.7061825
2,32640,1695620795.7266133
2,32704,1695620795.746877
2,32768,1695620795.766624
2,32832,1695620795.7909327
2,32896,1695620795.812363
2,32960,1695620795.834933
2,33024,1695620795.8552856
2,33088,1695620795.879096
2,33152,1695620795.90014
2,33216,1695620795.9244184
2,33280,1695620795.9460382
2,33344,1695620795.966742
2,33408,1695620795.9928944
2,33472,1695620796.0137713
2,33536,1695620796.0347576
2,33600,1695620796.0496697
2,33664,1695620796.0737166
2,33728,1695620796.0943096
2,33792,1695620796.1144433
2,33856,1695620796.1394315
2,33920,1695620796.1602015
2,33984,1695620796.1826477
2,34048,1695620796.2037423
2,34112,1695620796.2300608
2,34176,1695620796.2529042
2,34240,1695620796.2746973
2,34304,1695620796.289626
2,34368,1695620796.3099022
2,34432,1695620796.3308866
2,34496,1695620796.3503904
2,34560,1695620796.3685317
2,34624,1695620796.3875394
2,34688,1695620796.406691
2,34752,1695620796.4268293
2,34816,1695620796.4466898
2,34880,1695620796.4641597
2,34944,1695620796.4810622
2,35008,1695620796.498858
2,35072,1695620796.5156634
2,35136,1695620796.534426
2,35200,1695620796.5591307
2,35264,1695620796.5799205
2,35328,1695620796.603133
2,35392,1695620796.6239898
2,35456,1695620796.6470292
2,35520,1695620796.6671402
2,35584,1695620796.691953
2,35648,1695620796.714032
2,35712,1695620796.7347085
2,35776,1695620796.7551277
2,35840,1695620796.7782397
2,35904,1695620796.8010585
2,35968,1695620796.8227873
2,36032,1695620796.8425586
2,36096,1695620796.8676107
2,36160,1695620796.8872652
2,36224,1695620796.9134483
2,36288,1695620796.9337604
2,36352,1695620796.9545715
2,36416,1695620796.9749954
2,36480,1695620796.998997
2,36544,1695620797.02007
2,36608,1695620797.037827
2,36672,1695620797.0579345
2,36736,1695620797.0756137
2,36800,1695620797.0944939
2,36864,1695620797.1146648
2,36928,1695620797.1343234
2,36992,1695620797.1544847
2,37056,1695620797.174867
2,37120,1695620797.1945286
2,37184,1695620797.2145443
2,37248,1695620797.2345386
2,37312,1695620797.2545114
2,37376,1695620797.274348
2,37440,1695620797.2942498
2,37504,1695620797.3149216
2,37568,1695620797.3344498
2,37632,1695620797.354848
2,37696,1695620797.3746889
2,37760,1695620797.394691
2,37824,1695620797.415061
2,37888,1695620797.4350054
2,37952,1695620797.454495
2,38016,1695620797.471686
2,38080,1695620797.4903364
2,38144,1695620797.5102649
2,38208,1695620797.5300295
2,38272,1695620797.5505846
2,38336,1695620797.5706093
2,38400,1695620797.590383
2,38464,1695620797.6105103
2,38528,1695620797.6307678
2,38592,1695620797.6508894
2,38656,1695620797.6703827
2,38720,1695620797.69074
2,38784,1695620797.7108166
2,38848,1695620797.730368
2,38912,1695620797.7506084
2,38976,1695620797.7703264
2,39040,1695620797.7905455
2,39104,1695620797.8106391
2,39168,1695620797.8308825
2,39232,1695620797.8502364
2,39296,1695620797.8704295
2,39360,1695620797.8909278
2,39424,1695620797.9106412
2,39488,1695620797.930338
2,39552,1695620797.9503639
2,39616,1695620797.9708815
2,39680,1695620797.9904008
2,39744,1695620798.0105662
2,39808,1695620798.030304
2,39872,1695620798.0506198
2,39936,1695620798.0706036
2,40000,1695620798.0902936
2,40064,1695620798.1105208
2,40128,1695620798.1307092
2,40192,1695620798.150842
2,40256,1695620798.168188
2,40320,1695620798.1850991
2,40384,1695620798.2030334
2,40448,1695620798.2192929
2,40512,1695620798.2374437
2,40576,1695620798.255262
2,40640,1695620798.274253
2,40704,1695620798.294358
2,40768,1695620798.3140829
2,40832,1695620798.3345711
2,40896,1695620798.3549514
2,40960,1695620798.3750103
2,41024,1695620798.3946304
2,41088,1695620798.4144998
2,41152,1695620798.4342473
2,41216,1695620798.4544961
2,41280,1695620798.474961
2,41344,1695620798.4950075
2,41408,1695620798.5144143
2,41472,1695620798.532719
2,41536,1695620798.5550265
2,41600,1695620798.574478
2,41664,1695620798.5913627
2,41728,1695620798.6091588
2,41792,1695620798.6284628
2,41856,1695620798.647164
2,41920,1695620798.666308
2,41984,1695620798.6864967
2,42048,1695620798.7060757
2,42112,1695620798.726262
2,42176,1695620798.7466424
2,42240,1695620798.7666478
2,42304,1695620798.7862928
2,42368,1695620798.8064334
2,42432,1695620798.8266587
2,42496,1695620798.8467584
2,42560,1695620798.8661714
2,42624,1695620798.8866773
2,42688,1695620798.9071426
2,42752,1695620798.926148
2,42816,1695620798.9463918
2,42880,1695620798.9667795
2,42944,1695620798.986635
2,43008,1695620799.0063179
2,43072,1695620799.0268202
2,43136,1695620799.046719
2,43200,1695620799.066361
2,43264,1695620799.0866776
2,43328,1695620799.1066947
2,43392,1695620799.1269784
2,43456,1695620799.147108
2,43520,1695620799.1665788
2,43584,1695620799.1863496
2,43648,1695620799.2067447
2,43712,1695620799.2261624
2,43776,1695620799.246411
2,43840,1695620799.2670474
2,43904,1695620799.2868185
2,43968,1695620799.306589
2,44032,1695620799.3267076
2,44096,1695620799.3465085
2,44160,1695620799.3661451
2,44224,1695620799.3867025
2,44288,1695620799.406531
2,44352,1695620799.4262614
2,44416,1695620799.446683
2,44480,1695620799.466254
2,44544,1695620799.486477
2,44608,1695620799.5067377
2,44672,1695620799.52676
2,44736,1695620799.546153
2,44800,1695620799.5665581
2,44864,1695620799.586589
2,44928,1695620799.6066768
2,44992,1695620799.6267493
2,45056,1695620799.6462781
2,45120,1695620799.6665533
2,45184,1695620799.686215
2,45248,1695620799.706729
2,45312,1695620799.7265484
2,45376,1695620799.7463298
2,45440,1695620799.7664337
2,45504,1695620799.7865303
2,45568,1695620799.806564
2,45632,1695620799.8264956
2,45696,1695620799.846578
2,45760,1695620799.866784
2,45824,1695620799.8863115
2,45888,1695620799.9062545
2,45952,1695620799.9264517
2,46016,1695620799.9465506
2,46080,1695620799.9669707
2,46144,1695620799.9866197
2,46208,1695620800.0061455
2,46272,1695620800.026301
2,46336,1695620800.046665
2,46400,1695620800.0664842
2,46464,1695620800.0867116
2,46528,1695620800.1064134
2,46592,1695620800.1266267
2,46656,1695620800.1467414
2,46720,1695620800.1663284
2,46784,1695620800.1866362
2,46848,1695620800.2069495
2,46912,1695620800.2264705
2,46976,1695620800.2467625
2,47040,1695620800.2637744
2,47104,1695620800.2823832
2,47168,1695620800.3027308
2,47232,1695620800.3208487
2,47296,1695620800.337861
2,47360,1695620800.356596
2,47424,1695620800.3761828
2,47488,1695620800.3936083
2,47552,1695620800.4139771
2,47616,1695620800.4314883
2,47680,1695620800.4502382
2,47744,1695620800.470583
2,47808,1695620800.490534
2,47872,1695620800.510285
2,47936,1695620800.5305002
2,48000,1695620800.5508673
2,48064,1695620800.5704887
2,48128,1695620800.5901694
2,48192,1695620800.61047
2,48256,1695620800.6305509
2,48320,1695620800.650419
2,48384,1695620800.6705441
2,48448,1695620800.6909556
2,48512,1695620800.7102768
2,48576,1695620800.7303596
2,48640,1695620800.7503803
2,48704,1695620800.7707834
2,48768,1695620800.7909753
2,48832,1695620800.8105466
2,48896,1695620800.8304355
2,48960,1695620800.8506603
2,49024,1695620800.8705702
2,49088,1695620800.8886964
2,49152,1695620800.905834
2,49216,1695620800.9241073
2,49280,1695620800.9405172
2,49344,1695620800.9592526
2,49408,1695620800.9783506
2,49472,1695620800.9963756
2,49536,1695620801.0241013
2,49600,1695620801.0379965
2,49664,1695620801.051643
2,49728,1695620801.0655842
2,49792,1695620801.079441
2,49856,1695620801.0935142
2,49920,1695620801.106974
2,49984,1695620801.1208003
2,50000,1695620801.134484
3,64,1695620801.4712055
3,128,1695620801.4875684
3,192,1695620801.5060794
3,256,1695620801.5234966
3,320,1695620801.5392697
3,384,1695620801.5628257
3,448,1695620801.5846477
3,512,1695620801.6070461
3,576,1695620801.6305013
3,640,1695620801.6521382
3,704,1695620801.674959
3,768,1695620801.6951704
3,832,1695620801.718907
3,896,1695620801.734165
3,960,1695620801.7576416
3,1024,1695620801.7740397
3,1088,1695620801.79514
3,1152,1695620801.816169
3,1216,1695620801.834598
3,1280,1695620801.854573
3,1344,1695620801.8747704
3,1408,1695620801.8943055
3,1472,1695620801.9150958
3,1536,1695620801.934747
3,1600,1695620801.9547238
3,1664,1695620801.9749825
3,1728,1695620801.9948196
3,1792,1695620802.0146115
3,1856,1695620802.0346174
3,1920,1695620802.054237
3,1984,1695620802.074509
3,2048,1695620802.0922985
3,2112,1695620802.1097941
3,2176,1695620802.1278956
3,2240,1695620802.1467166
3,2304,1695620802.166291
3,2368,1695620802.1869793
3,2432,1695620802.2069345
3,2496,1695620802.2262928
3,2560,1695620802.2464893
3,2624,1695620802.26648
3,2688,1695620802.2868934
3,2752,1695620802.3067896
3,2816,1695620802.326241
3,2880,1695620802.3467965
3,2944,1695620802.3667202
3,3008,1695620802.3866513
3,3072,1695620802.4068253
3,3136,1695620802.4265382
3,3200,1695620802.4467423
3,3264,1695620802.4669137
3,3328,1695620802.4869657
3,3392,1695620802.506549
3,3456,1695620802.5269682
3,3520,1695620802.5467722
3,3584,1695620802.5664887
3,3648,1695620802.5865982
3,3712,1695620802.6066084
3,3776,1695620802.6261704
3,3840,1695620802.6469111
3,3904,1695620802.6664555
3,3968,1695620802.6860855
3,4032,1695620802.7066514
3,4096,1695620802.7270072
3,4160,1695620802.746478
3,4224,1695620802.7664266
3,4288,1695620802.7865741
3,4352,1695620802.806537
3,4416,1695620802.8269775
3,4480,1695620802.8464239
3,4544,1695620802.8667126
3,4608,1695620802.8869863
3,4672,1695620802.906808
3,4736,1695620802.9262207
3,4800,1695620802.9464903
3,4864,1695620802.9665875
3,4928,1695620802.9862933
3,4992,1695620803.006434
3,5056,1695620803.026761
3,5120,1695620803.0469682
3,5184,1695620803.0662727
3,5248,1695620803.0845842
3,5312,1695620803.101532
3,5376,1695620803.119832
3,5440,1695620803.1386614
3,5504,1695620803.1584232
3,5568,1695620803.178553
3,5632,1695620803.198346
3,5696,1695620803.2186854
3,5760,1695620803.2382317
3,5824,1695620803.2586799
3,5888,1695620803.2786155
3,5952,1695620803.2985144
3,6016,1695620803.318801
3,6080,1695620803.3384368
3,6144,1695620803.3586898
3,6208,1695620803.3786767
3,6272,1695620803.395709
3,6336,1695620803.4204729
3,6400,1695620803.4417472
3,6464,1695620803.462758
3,6528,1695620803.4832244
3,6592,1695620803.5069973
3,6656,1695620803.531086
3,6720,1695620803.5524232
3,6784,1695620803.5751102
3,6848,1695620803.598581
3,6912,1695620803.6221426
3,6976,1695620803.6448123
3,7040,1695620803.6668828
3,7104,1695620803.6870868
3,7168,1695620803.7134597
3,7232,1695620803.734869
3,7296,1695620803.7573876
3,7360,1695620803.7787423
3,7424,1695620803.7970996
3,7488,1695620803.8192086
3,7552,1695620803.8431103
3,7616,1695620803.8645658
3,7680,1695620803.8847568
3,7744,1695620803.9095192
3,7808,1695620803.932368
3,7872,1695620803.9485996
3,7936,1695620803.9652781
3,8000,1695620803.9827528
3,8064,1695620804.0007825
3,8128,1695620804.0186036
3,8192,1695620804.0380144
3,8256,1695620804.0584896
3,8320,1695620804.0791128
3,8384,1695620804.0986376
3,8448,1695620804.1186845
3,8512,1695620804.138998
3,8576,1695620804.1590924
3,8640,1695620804.1782875
3,8704,1695620804.197153
3,8768,1695620804.2190192
3,8832,1695620804.2388303
3,8896,1695620804.2546294
3,8960,1695620804.2764058
3,9024,1695620804.29518
3,9088,1695620804.3120878
3,9152,1695620804.327841
3,9216,1695620804.3515587
3,9280,1695620804.3762643
3,9344,1695620804.3970468
3,9408,1695620804.4205213
3,9472,1695620804.4424524
3,9536,1695620804.46245
3,9600,1695620804.4824257
3,9664,1695620804.502901
3,9728,1695620804.5192788
3,9792,1695620804.5358164
3,9856,1695620804.5526085
3,9920,1695620804.5696945
3,9984,1695620804.5871756
3,10048,1695620804.6040225
3,10112,1695620804.6208608
3,10176,1695620804.638655
3,10240,1695620804.6554022
3,10304,1695620804.672019
3,10368,1695620804.6887968
3,10432,1695620804.7062693
3,10496,1695620804.7231538
3,10560,1695620804.7400208
3,10624,1695620804.7570877
3,10688,1695620804.7750173
3,10752,1695620804.7917747
3,10816,1695620804.8083603
3,10880,1695620804.8248208
3,10944,1695620804.8470094
3,11008,1695620804.866304
3,11072,1695620804.886657
3,11136,1695620804.9066741
3,11200,1695620804.9244
3,11264,1695620804.9414117
3,11328,1695620804.958789
3,11392,1695620804.977266
3,11456,1695620804.9947348
3,11520,1695620805.0119014
3,11584,1695620805.028948
3,11648,1695620805.0470984
3,11712,1695620805.063423
3,11776,1695620805.0803013
3,11840,1695620805.098607
3,11904,1695620805.1165466
3,11968,1695620805.1334856
3,12032,1695620805.1519027
3,12096,1695620805.1687198
3,12160,1695620805.1870003
3,12224,1695620805.2042766
3,12288,1695620805.2200868
3,12352,1695620805.2422845
3,12416,1695620805.2647657
3,12480,1695620805.2850392
3,12544,1695620805.3108761
3,12608,1695620805.3341177
3,12672,1695620805.3565977
3,12736,1695620805.3773272
3,12800,1695620805.3928251
3,12864,1695620805.4134703
3,12928,1695620805.4349904
3,12992,1695620805.4548278
3,13056,1695620805.4713297
3,13120,1695620805.4878626
3,13184,1695620805.504668
3,13248,1695620805.5204856
3,13312,1695620805.536809
3,13376,1695620805.5575693
3,13440,1695620805.5820768
3,13504,1695620805.601973
3,13568,1695620805.624938
3,13632,1695620805.646868
3,13696,1695620805.6667151
3,13760,1695620805.6885943
3,13824,1695620805.70925
3,13888,1695620805.7326329
3,13952,1695620805.7543616
3,14016,1695620805.7746408
3,14080,1695620805.7898214
3,14144,1695620805.8091483
3,14208,1695620805.8287048
3,14272,1695620805.846528
3,14336,1695620805.8662612
3,14400,1695620805.8867033
3,14464,1695620805.906985
3,14528,1695620805.9266448
3,14592,1695620805.9463577
3,14656,1695620805.9646158
3,14720,1695620805.9814491
3,14784,1695620805.9996111
3,14848,1695620806.0176833
3,14912,1695620806.037966
3,14976,1695620806.0557165
3,15040,1695620806.0724795
3,15104,1695620806.0890794
3,15168,1695620806.1061037
3,15232,1695620806.1301389
3,15296,1695620806.1524622
3,15360,1695620806.1775355
3,15424,1695620806.1987572
3,15488,1695620806.2189963
3,15552,1695620806.242506
3,15616,1695620806.264881
3,15680,1695620806.2851439
3,15744,1695620806.303404
3,15808,1695620806.3213677
3,15872,1695620806.339295
3,15936,1695620806.3582726
3,16000,1695620806.378437
3,16064,1695620806.3981478
3,16128,1695620806.4165037
3,16192,1695620806.4334385
3,16256,1695620806.450699
3,16320,1695620806.4696317
3,16384,1695620806.486743
3,16448,1695620806.5061028
3,16512,1695620806.5236855
3,16576,1695620806.5405128
3,16640,1695620806.5572562
3,16704,1695620806.5751941
3,16768,1695620806.5987747
3,16832,1695620806.618538
3,16896,1695620806.6388154
3,16960,1695620806.6586096
3,17024,1695620806.6776426
3,17088,1695620806.6988883
3,17152,1695620806.718689
3,17216,1695620806.733765
3,17280,1695620806.7576604
3,17344,1695620806.77431
3,17408,1695620806.7965424
3,17472,1695620806.818552
3,17536,1695620806.838859
3,17600,1695620806.8552916
3,17664,1695620806.8718338
3,17728,1695620806.8891635
3,17792,1695620806.9071522
3,17856,1695620806.9239545
3,17920,1695620806.9402788
3,17984,1695620806.9571483
3,18048,1695620806.9748652
3,18112,1695620806.994677
3,18176,1695620807.0124176
3,18240,1695620807.0305338
3,18304,1695620807.0479736
3,18368,1695620807.0648582
3,18432,1695620807.082348
3,18496,1695620807.0991337
3,18560,1695620807.116111
3,18624,1695620807.1330147
3,18688,1695620807.1507537
3,18752,1695620807.1670754
3,18816,1695620807.1860685
3,18880,1695620807.2031305
3,18944,1695620807.2199533
3,19008,1695620807.2369108
3,19072,1695620807.2547212
3,19136,1695620807.2716358
3,19200,1695620807.2882159
3,19264,1695620807.3051572
3,19328,1695620807.3229916
3,19392,1695620807.3414247
3,19456,1695620807.3586862
3,19520,1695620807.375993
3,19584,1695620807.3929262
3,19648,1695620807.4086049
3,19712,1695620807.4253025
3,19776,1695620807.4429612
3,19840,1695620807.4609437
3,19904,1695620807.4802446
3,19968,1695620807.4987853
3,20032,1695620807.5159526
3,20096,1695620807.5328908
3,20160,1695620807.5506885
3,20224,1695620807.5673482
3,20288,1695620807.5840278
3,20352,1695620807.600972
3,20416,1695620807.6187348
3,20480,1695620807.635125
3,20544,1695620807.6517344
3,20608,1695620807.6700814
3,20672,1695620807.690482
3,20736,1695620807.7102036
3,20800,1695620807.728371
3,20864,1695620807.745231
3,20928,1695620807.7630546
3,20992,1695620807.7799754
3,21056,1695620807.798267
3,21120,1695620807.8187385
3,21184,1695620807.836852
3,21248,1695620807.8539011
3,21312,1695620807.8725097
3,21376,1695620807.891616
3,21440,1695620807.9135118
3,21504,1695620807.9315574
3,21568,1695620807.9502938
3,21632,1695620807.970658
3,21696,1695620807.9906955
3,21760,1695620808.0085015
3,21824,1695620808.0250714
3,21888,1695620808.0429735
3,21952,1695620808.0598092
3,22016,1695620808.0783298
3,22080,1695620808.098899
3,22144,1695620808.1185493
3,22208,1695620808.1362557
3,22272,1695620808.1531808
3,22336,1695620808.1708813
3,22400,1695620808.188891
3,22464,1695620808.2075639
3,22528,1695620808.231393
3,22592,1695620808.2549033
3,22656,1695620808.275299
3,22720,1695620808.2991107
3,22784,1695620808.321012
3,22848,1695620808.341575
3,22912,1695620808.365821
3,22976,1695620808.3883195
3,23040,1695620808.409375
3,23104,1695620808.4325411
3,23168,1695620808.452444
3,23232,1695620808.473093
3,23296,1695620808.4965186
3,23360,1695620808.5169122
3,23424,1695620808.5408263
3,23488,1695620808.562267
3,23552,1695620808.5823236
3,23616,1695620808.602251
3,23680,1695620808.6222382
3,23744,1695620808.6422796
3,23808,1695620808.6623669
3,23872,1695620808.6823196
3,23936,1695620808.7021813
3,24000,1695620808.7223904
3,24064,1695620808.7424002
3,24128,1695620808.7624626
3,24192,1695620808.783316
3,24256,1695620808.8051312
3,24320,1695620808.829054
3,24384,1695620808.8490734
3,24448,1695620808.8726244
3,24512,1695620808.8943472
3,24576,1695620808.9142997
3,24640,1695620808.9354599
3,24704,1695620808.9558618
3,24768,1695620808.9770904
3,24832,1695620808.997104
3,24896,1695620809.0163612
3,24960,1695620809.042263
3,25024,1695620809.0648425
3,25088,1695620809.0858376
3,25152,1695620809.107004
3,25216,1695620809.133834
3,25280,1695620809.1547964
3,25344,1695620809.177791
3,25408,1695620809.1982124
3,25472,1695620809.2196107
3,25536,1695620809.2468586
3,25600,1695620809.2621832
3,25664,1695620809.2852685
3,25728,1695620809.3069305
3,25792,1695620809.3220217
3,25856,1695620809.3446403
3,25920,1695620809.367027
3,25984,1695620809.3859084
3,26048,1695620809.4035466
3,26112,1695620809.420355
3,26176,1695620809.436553
3,26240,1695620809.453245
3,26304,1695620809.470756
3,26368,1695620809.4889956
3,26432,1695620809.506469
3,26496,1695620809.5259871
3,26560,1695620809.5436943
3,26624,1695620809.5602784
3,26688,1695620809.577274
3,26752,1695620809.5954168
3,26816,1695620809.6122859
3,26880,1695620809.6286063
3,26944,1695620809.6452634
3,27008,1695620809.6630778
3,27072,1695620809.681007
3,27136,1695620809.7003415
3,27200,1695620809.7189927
3,27264,1695620809.7361028
3,27328,1695620809.7530382
3,27392,1695620809.769807
3,27456,1695620809.7872026
3,27520,1695620809.8059309
3,27584,1695620809.8243814
3,27648,1695620809.8412187
3,27712,1695620809.8588254
3,27776,1695620809.8755298
3,27840,1695620809.896163
3,27904,1695620809.918704
3,27968,1695620809.9325774
3,28032,1695620809.9550312
3,28096,1695620809.9770896
3,28160,1695620809.999046
3,28224,1695620810.018104
3,28288,1695620810.0357516
3,28352,1695620810.0519614
3,28416,1695620810.073296
3,28480,1695620810.091553
3,28544,1695620810.110587
3,28608,1695620810.1310356
3,28672,1695620810.150829
3,28736,1695620810.168492
3,28800,1695620810.1850665
3,28864,1695620810.2021394
3,28928,1695620810.2261448
3,28992,1695620810.2486937
3,29056,1695620810.2694004
3,29120,1695620810.2936563
3,29184,1695620810.3165562
3,29248,1695620810.336595
3,29312,1695620810.3618908
3,29376,1695620810.3846333
3,29440,1695620810.4054747
3,29504,1695620810.420945
3,29568,1695620810.4411004
3,29632,1695620810.4646509
3,29696,1695620810.4861412
3,29760,1695620810.50672
3,29824,1695620810.5256977
3,29888,1695620810.551682
3,29952,1695620810.5730524
3,30016,1695620810.5974112
3,30080,1695620810.618779
3,30144,1695620810.640643
3,30208,1695620810.661364
3,30272,1695620810.6768727
3,30336,1695620810.6973836
3,30400,1695620810.71951
3,30464,1695620810.740552
3,30528,1695620810.763797
3,30592,1695620810.7903168
3,30656,1695620810.8066285
3,30720,1695620810.8259053
3,30784,1695620810.8447628
3,30848,1695620810.8677683
3,30912,1695620810.8890793
3,30976,1695620810.9118216
3,31040,1695620810.9368496
3,31104,1695620810.9591503
3,31168,1695620810.9866872
3,31232,1695620811.0066166
3,31296,1695620811.024646
3,31360,1695620811.0480468
3,31424,1695620811.0671704
3,31488,1695620811.086012
3,31552,1695620811.1126466
3,31616,1695620811.133669
3,31680,1695620811.156694
3,31744,1695620811.184603
3,31808,1695620811.2063868
3,31872,1695620811.231267
3,31936,1695620811.2556317
3,32000,1695620811.277487
3,32064,1695620811.3045704
3,32128,1695620811.3266046
3,32192,1695620811.3498585
3,32256,1695620811.3743377
3,32320,1695620811.3996608
3,32384,1695620811.423455
3,32448,1695620811.4450712
3,32512,1695620811.466722
3,32576,1695620811.4908001
3,32640,1695620811.514112
3,32704,1695620811.5406382
3,32768,1695620811.5636716
3,32832,1695620811.584009
3,32896,1695620811.6098425
3,32960,1695620811.6295328
3,33024,1695620811.6473122
3,33088,1695620811.6688945
3,33152,1695620811.6917622
3,33216,1695620811.7130513
3,33280,1695620811.7363675
3,33344,1695620811.7589865
3,33408,1695620811.7816362
3,33472,1695620811.8041847
3,33536,1695620811.826973
3,33600,1695620811.8444636
3,33664,1695620811.8657913
3,33728,1695620811.8870838
3,33792,1695620811.9133415
3,33856,1695620811.9370878
3,33920,1695620811.9559019
3,33984,1695620811.9787018
3,34048,1695620812.0020018
3,34112,1695620812.0286794
3,34176,1695620812.0503683
3,34240,1695620812.0755844
3,34304,1695620812.0991688
3,34368,1695620812.1242137
3,34432,1695620812.1451857
3,34496,1695620812.1670654
3,34560,1695620812.1936712
3,34624,1695620812.2170157
3,34688,1695620812.2413785
3,34752,1695620812.2663543
3,34816,1695620812.2881246
3,34880,1695620812.3140578
3,34944,1695620812.3307357
3,35008,1695620812.3476105
3,35072,1695620812.365672
3,35136,1695620812.385994
3,35200,1695620812.4051638
3,35264,1695620812.4244153
3,35328,1695620812.4457195
3,35392,1695620812.4692495
3,35456,1695620812.498021
3,35520,1695620812.5256736
3,35584,1695620812.5420032
3,35648,1695620812.562816
3,35712,1695620812.5857038
3,35776,1695620812.6049669
3,35840,1695620812.6244533
3,35904,1695620812.6453235
3,35968,1695620812.6663408
3,36032,1695620812.6867929
3,36096,1695620812.706973
3,36160,1695620812.725972
3,36224,1695620812.745448
3,36288,1695620812.7669885
3,36352,1695620812.7897875
3,36416,1695620812.8106434
3,36480,1695620812.830547
3,36544,1695620812.8500447
3,36608,1695620812.8689885
3,36672,1695620812.8892987
3,36736,1695620812.912794
3,36800,1695620812.9323885
3,36864,1695620812.9515867
3,36928,1695620812.9776013
3,36992,1695620812.9966505
3,37056,1695620813.0160246
3,37120,1695620813.0350373
3,37184,1695620813.05876
3,37248,1695620813.079323
3,37312,1695620813.1087506
3,37376,1695620813.1247454
3,37440,1695620813.1477718
3,37504,1695620813.1678197
3,37568,1695620813.187172
3,37632,1695620813.2067645
3,37696,1695620813.225986
3,37760,1695620813.2447631
3,37824,1695620813.267892
3,37888,1695620813.2891223
3,37952,1695620813.3175447
3,38016,1695620813.3330328
3,38080,1695620813.3536608
3,38144,1695620813.3725922
3,38208,1695620813.3953927
3,38272,1695620813.414466
3,38336,1695620813.4344542
3,38400,1695620813.4542627
3,38464,1695620813.4746437
3,38528,1695620813.4945884
3,38592,1695620813.512573
3,38656,1695620813.5293534
3,38720,1695620813.5474524
3,38784,1695620813.5656264
3,38848,1695620813.582782
3,38912,1695620813.599873
3,38976,1695620813.6170099
3,39040,1695620813.6340852
3,39104,1695620813.6542163
3,39168,1695620813.6748514
3,39232,1695620813.6943517
3,39296,1695620813.7120674
3,39360,1695620813.7291098
3,39424,1695620813.7467048
3,39488,1695620813.7658305
3,39552,1695620813.7828596
3,39616,1695620813.8024037
3,39680,1695620813.8230896
3,39744,1695620813.8407888
3,39808,1695620813.8574386
3,39872,1695620813.8757064
3,39936,1695620813.8940952
3,40000,1695620813.9120235
3,40064,1695620813.9290848
3,40128,1695620813.947114
3,40192,1695620813.963897
3,40256,1695620813.982648
3,40320,1695620814.0026996
3,40384,1695620814.0224442
3,40448,1695620814.0426376
3,40512,1695620814.0629125
3,40576,1695620814.0824327
3,40640,1695620814.1000967
3,40704,1695620814.1170745
3,40768,1695620814.1346576
3,40832,1695620814.1527462
3,40896,1695620814.1724474
