epoch,trained_sample,time
1,0,1695609560.4813757
1,32,1695609561.6939223
1,64,1695609561.7054138
1,96,1695609561.7172818
1,128,1695609561.7312803
1,160,1695609561.7438872
1,192,1695609561.7556045
1,224,1695609561.768637
1,256,1695609561.781149
1,288,1695609561.7929366
1,320,1695609561.8065968
1,352,1695609561.8186998
1,384,1695609561.8319666
1,416,1695609561.8456323
1,448,1695609561.8577
1,480,1695609561.8712687
1,512,1695609561.8832762
1,544,1695609561.8963506
1,576,1695609561.908735
1,608,1695609561.9204562
1,640,1695609561.9324412
1,672,1695609561.9484036
1,704,1695609561.9618652
1,736,1695609561.9773955
1,768,1695609561.9891906
1,800,1695609562.0024774
1,832,1695609562.0147567
1,864,1695609562.0278392
1,896,1695609562.0404704
1,928,1695609562.0538673
1,960,1695609562.0693448
1,992,1695609562.0827992
1,1024,1695609562.1391647
1,1056,1695609562.1555226
1,1088,1695609562.1696012
1,1120,1695609562.1821048
1,1152,1695609562.2824054
1,1184,1695609562.295641
1,1216,1695609562.309137
1,1248,1695609562.323001
1,1280,1695609562.3349524
1,1312,1695609562.3494077
1,1344,1695609562.3615158
1,1376,1695609562.3734858
1,1408,1695609562.3870904
1,1440,1695609562.399311
1,1472,1695609562.4124918
1,1504,1695609562.4251242
1,1536,1695609562.4369283
1,1568,1695609562.4505384
1,1600,1695609562.463035
1,1632,1695609562.4758236
1,1664,1695609562.4885678
1,1696,1695609562.5008185
1,1728,1695609562.5147436
1,1760,1695609562.5269685
1,1792,1695609562.5395389
1,1824,1695609562.5525136
1,1856,1695609562.564806
1,1888,1695609562.5786455
1,1920,1695609562.5909724
1,1952,1695609562.6036506
1,1984,1695609562.6166146
1,2016,1695609562.6286812
1,2048,1695609562.642206
1,2080,1695609562.654777
1,2112,1695609562.6674762
1,2144,1695609562.680259
1,2176,1695609562.6924407
1,2208,1695609562.7041204
1,2240,1695609562.7182095
1,2272,1695609562.730672
1,2304,1695609562.7430196
1,2336,1695609562.7558005
1,2368,1695609562.7682989
1,2400,1695609562.77992
1,2432,1695609562.7931252
1,2464,1695609562.8050344
1,2496,1695609562.8190262
1,2528,1695609562.8334432
1,2560,1695609562.8459547
1,2592,1695609562.8587203
1,2624,1695609562.8730438
1,2656,1695609562.886253
1,2688,1695609562.9000947
1,2720,1695609562.9119585
1,2752,1695609562.9235766
1,2784,1695609562.9369464
1,2816,1695609562.9495234
1,2848,1695609562.9614496
1,2880,1695609562.9748151
1,2912,1695609562.9871924
1,2944,1695609562.999954
1,2976,1695609563.0124807
1,3008,1695609563.02643
1,3040,1695609563.0387774
1,3072,1695609563.0502431
1,3104,1695609563.0633972
1,3136,1695609563.0768163
1,3168,1695609563.088329
1,3200,1695609563.100097
1,3232,1695609563.1136026
1,3264,1695609563.1261704
1,3296,1695609563.1381865
1,3328,1695609563.1512992
1,3360,1695609563.1636326
1,3392,1695609563.1768298
1,3424,1695609563.188876
1,3456,1695609563.2055912
1,3488,1695609563.2171626
1,3520,1695609563.2293737
1,3552,1695609563.2430966
1,3584,1695609563.2553759
1,3616,1695609563.268279
1,3648,1695609563.2810612
1,3680,1695609563.2955487
1,3712,1695609563.3152902
1,3744,1695609563.331077
1,3776,1695609563.3422182
1,3808,1695609563.3534663
1,3840,1695609563.3645937
1,3872,1695609563.3758633
1,3904,1695609563.3873172
1,3936,1695609563.3984745
1,3968,1695609563.4097712
1,4000,1695609563.420882
1,4032,1695609563.431929
1,4064,1695609563.444232
1,4096,1695609563.455381
1,4128,1695609563.466626
1,4160,1695609563.4777772
1,4192,1695609563.4890234
1,4224,1695609563.5001035
1,4256,1695609563.511338
1,4288,1695609563.522434
1,4320,1695609563.5337389
1,4352,1695609563.5447536
1,4384,1695609563.5572643
1,4416,1695609563.5683336
1,4448,1695609563.5795913
1,4480,1695609563.5907044
1,4512,1695609563.6019857
1,4544,1695609563.6132872
1,4576,1695609563.6243787
1,4608,1695609563.6356182
1,4640,1695609563.646737
1,4672,1695609563.6580176
1,4704,1695609563.669141
1,4736,1695609563.6803632
1,4768,1695609563.6914735
1,4800,1695609563.7027152
1,4832,1695609563.7138379
1,4864,1695609563.7251778
1,4896,1695609563.736647
1,4928,1695609563.748675
1,4960,1695609563.7622023
1,4992,1695609563.774571
1,5024,1695609563.7868447
1,5056,1695609563.7998078
1,5088,1695609563.8120732
1,5120,1695609563.8236213
1,5152,1695609563.8364046
1,5184,1695609563.8531487
1,5216,1695609563.8670018
1,5248,1695609563.879798
1,5280,1695609563.892589
1,5312,1695609563.9043026
1,5344,1695609563.9161034
1,5376,1695609563.929335
1,5408,1695609563.9415064
1,5440,1695609563.95491
1,5472,1695609563.9671764
1,5504,1695609563.9798672
1,5536,1695609563.9927242
1,5568,1695609564.0049794
1,5600,1695609564.0227065
1,5632,1695609564.034269
1,5664,1695609564.0473433
1,5696,1695609564.0603013
1,5728,1695609564.0731514
1,5760,1695609564.086972
1,5792,1695609564.0995476
1,5824,1695609564.1123142
1,5856,1695609564.1244955
1,5888,1695609564.1361175
1,5920,1695609564.1490855
1,5952,1695609564.1622956
1,5984,1695609564.1758182
1,6016,1695609564.1879604
1,6048,1695609564.1996856
1,6080,1695609564.2126613
1,6112,1695609564.2275867
1,6144,1695609564.240484
1,6176,1695609564.2533793
1,6208,1695609564.2652907
1,6240,1695609564.2786143
1,6272,1695609564.2909641
1,6304,1695609564.3040187
1,6336,1695609564.3163357
1,6368,1695609564.3278744
1,6400,1695609564.341144
1,6432,1695609564.3538623
1,6464,1695609564.3657832
1,6496,1695609564.3791025
1,6528,1695609564.391339
1,6560,1695609564.4042456
1,6592,1695609564.4170122
1,6624,1695609564.4286404
1,6656,1695609564.441354
1,6688,1695609564.4545755
1,6720,1695609564.4668107
1,6752,1695609564.479795
1,6784,1695609564.4921322
1,6816,1695609564.5055375
1,6848,1695609564.5174472
1,6880,1695609564.5309095
1,6912,1695609564.5430264
1,6944,1695609564.5545418
1,6976,1695609564.5675955
1,7008,1695609564.580498
1,7040,1695609564.5935013
1,7072,1695609564.6078389
1,7104,1695609564.6208167
1,7136,1695609564.6344264
1,7168,1695609564.6473534
1,7200,1695609564.662698
1,7232,1695609564.6799514
1,7264,1695609564.6915684
1,7296,1695609564.7039351
1,7328,1695609564.7197359
1,7360,1695609564.7328184
1,7392,1695609564.7450154
1,7424,1695609564.7561536
1,7456,1695609564.7674139
1,7488,1695609564.7785082
1,7520,1695609564.789758
1,7552,1695609564.8008919
1,7584,1695609564.8119338
1,7616,1695609564.8243804
1,7648,1695609564.8355563
1,7680,1695609564.8466573
1,7712,1695609564.8579438
1,7744,1695609564.8690357
1,7776,1695609564.8802705
1,7808,1695609564.8913734
1,7840,1695609564.9026368
1,7872,1695609564.9138014
1,7904,1695609564.9250567
1,7936,1695609564.9362545
1,7968,1695609564.9486625
1,8000,1695609564.959877
1,8032,1695609564.9709492
1,8064,1695609564.9820716
1,8096,1695609564.9934812
1,8128,1695609565.0045671
1,8160,1695609565.0158117
1,8192,1695609565.026931
1,8224,1695609565.0382395
1,8256,1695609565.0493426
1,8288,1695609565.0605748
1,8320,1695609565.0716736
1,8352,1695609565.0829072
1,8384,1695609565.0940225
1,8416,1695609565.1052654
1,8448,1695609565.1163454
1,8480,1695609565.1276007
1,8512,1695609565.1387558
1,8544,1695609565.150028
1,8576,1695609565.1608367
1,8608,1695609565.1753538
1,8640,1695609565.1866648
1,8672,1695609565.197769
1,8704,1695609565.208837
1,8736,1695609565.2198815
1,8768,1695609565.2321372
1,8800,1695609565.2434385
1,8832,1695609565.2545552
1,8864,1695609565.2658415
1,8896,1695609565.2769494
1,8928,1695609565.2882242
1,8960,1695609565.2993739
1,8992,1695609565.3106287
1,9024,1695609565.328542
1,9056,1695609565.3404436
1,9088,1695609565.363623
1,9120,1695609565.383316
1,9152,1695609565.402567
1,9184,1695609565.4227417
1,9216,1695609565.4426591
1,9248,1695609565.462558
1,9280,1695609565.4798567
1,9312,1695609565.498757
1,9344,1695609565.5188887
1,9376,1695609565.5384958
1,9408,1695609565.5522616
1,9440,1695609565.5653176
1,9472,1695609565.5785499
1,9504,1695609565.590777
1,9536,1695609565.6050973
1,9568,1695609565.6169615
1,9600,1695609565.6325107
1,9632,1695609565.6458328
1,9664,1695609565.6605127
1,9696,1695609565.6740785
1,9728,1695609565.685538
1,9760,1695609565.698756
1,9792,1695609565.7120154
1,9824,1695609565.7253537
1,9856,1695609565.736914
1,9888,1695609565.7573445
1,9920,1695609565.7784293
1,9952,1695609565.7992542
1,9984,1695609565.8189569
1,10016,1695609565.8323824
1,10048,1695609565.8454225
1,10080,1695609565.8595202
1,10112,1695609565.8712788
1,10144,1695609565.8845148
1,10176,1695609565.8973668
1,10208,1695609565.909199
1,10240,1695609565.9217913
1,10272,1695609565.9341986
1,10304,1695609565.9472187
1,10336,1695609565.9607408
1,10368,1695609565.972366
1,10400,1695609565.9858012
1,10432,1695609565.998373
1,10464,1695609566.0106432
1,10496,1695609566.025724
1,10528,1695609566.0469332
1,10560,1695609566.0666132
1,10592,1695609566.0867653
1,10624,1695609566.1065
1,10656,1695609566.1264927
1,10688,1695609566.14654
1,10720,1695609566.1667316
1,10752,1695609566.187022
1,10784,1695609566.2066207
1,10816,1695609566.2265563
1,10848,1695609566.2472458
1,10880,1695609566.2664294
1,10912,1695609566.286608
1,10944,1695609566.3067274
1,10976,1695609566.3253798
1,11008,1695609566.3373778
1,11040,1695609566.350425
1,11072,1695609566.3675776
1,11104,1695609566.3841488
1,11136,1695609566.3963933
1,11168,1695609566.4094357
1,11200,1695609566.4236748
1,11232,1695609566.435316
1,11264,1695609566.447689
1,11296,1695609566.46529
1,11328,1695609566.4867136
1,11360,1695609566.5067751
1,11392,1695609566.5267503
1,11424,1695609566.54695
1,11456,1695609566.5668914
1,11488,1695609566.5866077
1,11520,1695609566.6068668
1,11552,1695609566.6272566
1,11584,1695609566.646632
1,11616,1695609566.66664
1,11648,1695609566.6869295
1,11680,1695609566.7069902
1,11712,1695609566.7267969
1,11744,1695609566.7479227
1,11776,1695609566.7661288
1,11808,1695609566.7793102
1,11840,1695609566.7951252
1,11872,1695609566.8086083
1,11904,1695609566.8291922
1,11936,1695609566.8467104
1,11968,1695609566.8618252
1,12000,1695609566.8753917
1,12032,1695609566.8883219
1,12064,1695609566.9008121
1,12096,1695609566.9146516
1,12128,1695609566.9272962
1,12160,1695609566.9395573
1,12192,1695609566.955815
1,12224,1695609566.9683933
1,12256,1695609566.9832637
1,12288,1695609566.99549
1,12320,1695609567.0104654
1,12352,1695609567.0232399
1,12384,1695609567.0369618
1,12416,1695609567.0480847
1,12448,1695609567.0596278
1,12480,1695609567.0761614
1,12512,1695609567.088447
1,12544,1695609567.1019523
1,12576,1695609567.1140606
1,12608,1695609567.1273227
1,12640,1695609567.1397018
1,12672,1695609567.1527922
1,12704,1695609567.1653972
1,12736,1695609567.1772332
1,12768,1695609567.190901
1,12800,1695609567.2025325
1,12832,1695609567.2146199
1,12864,1695609567.2285013
1,12896,1695609567.2417552
1,12928,1695609567.25378
1,12960,1695609567.2676094
1,12992,1695609567.2805097
1,13024,1695609567.2931528
1,13056,1695609567.3049033
1,13088,1695609567.3169591
1,13120,1695609567.3310459
1,13152,1695609567.3433433
1,13184,1695609567.3563757
1,13216,1695609567.3689926
1,13248,1695609567.3814914
1,13280,1695609567.3950243
1,13312,1695609567.4068017
1,13344,1695609567.421463
1,13376,1695609567.4353778
1,13408,1695609567.4485679
1,13440,1695609567.4605575
1,13472,1695609567.4718702
1,13504,1695609567.484911
1,13536,1695609567.4988928
1,13568,1695609567.5115879
1,13600,1695609567.5244334
1,13632,1695609567.5383403
1,13664,1695609567.5520737
1,13696,1695609567.5643528
1,13728,1695609567.5760925
1,13760,1695609567.5887816
1,13792,1695609567.6028738
1,13824,1695609567.6156006
1,13856,1695609567.6317453
1,13888,1695609567.6495795
1,13920,1695609567.671018
1,13952,1695609567.6914058
1,13984,1695609567.7107756
1,14016,1695609567.7305887
1,14048,1695609567.7511814
1,14080,1695609567.7686813
1,14112,1695609567.7836385
1,14144,1695609567.7972927
1,14176,1695609567.8100405
1,14208,1695609567.8222961
1,14240,1695609567.836023
1,14272,1695609567.847787
1,14304,1695609567.8607492
1,14336,1695609567.8743916
1,14368,1695609567.888138
1,14400,1695609567.9005928
1,14432,1695609567.9123092
1,14464,1695609567.9264643
1,14496,1695609567.938502
1,14528,1695609567.9506176
1,14560,1695609567.9637709
1,14592,1695609567.9760838
1,14624,1695609567.990494
1,14656,1695609568.0031667
1,14688,1695609568.0165558
1,14720,1695609568.0285695
1,14752,1695609568.0405862
1,14784,1695609568.0561192
1,14816,1695609568.068826
1,14848,1695609568.080508
1,14880,1695609568.093605
1,14912,1695609568.10563
1,14944,1695609568.1194131
1,14976,1695609568.1309218
1,15008,1695609568.146101
1,15040,1695609568.1596067
1,15072,1695609568.1725183
1,15104,1695609568.1843452
1,15136,1695609568.1957307
1,15168,1695609568.211964
1,15200,1695609568.2249694
1,15232,1695609568.236434
1,15264,1695609568.248393
1,15296,1695609568.2618468
1,15328,1695609568.2739565
1,15360,1695609568.286459
1,15392,1695609568.2995348
1,15424,1695609568.3130171
1,15456,1695609568.325777
1,15488,1695609568.3380473
1,15520,1695609568.3511493
1,15552,1695609568.3635688
1,15584,1695609568.3768752
1,15616,1695609568.3888266
1,15648,1695609568.4004836
1,15680,1695609568.4166207
1,15712,1695609568.4286253
1,15744,1695609568.4429417
1,15776,1695609568.4549518
1,15808,1695609568.4674318
1,15840,1695609568.4802608
1,15872,1695609568.4916885
1,15904,1695609568.505123
1,15936,1695609568.5193415
1,15968,1695609568.5309496
1,16000,1695609568.5441654
1,16032,1695609568.5572712
1,16064,1695609568.5691164
1,16096,1695609568.5825665
1,16128,1695609568.594386
1,16160,1695609568.607947
1,16192,1695609568.6225228
1,16224,1695609568.6364837
1,16256,1695609568.6477008
1,16288,1695609568.6602166
1,16320,1695609568.674234
1,16352,1695609568.6860561
1,16384,1695609568.699438
1,16416,1695609568.7129838
1,16448,1695609568.724789
1,16480,1695609568.7369215
1,16512,1695609568.7552886
1,16544,1695609568.7691414
1,16576,1695609568.7829664
1,16608,1695609568.7957575
1,16640,1695609568.808533
1,16672,1695609568.821739
1,16704,1695609568.8359897
1,16736,1695609568.8486109
1,16768,1695609568.8601942
1,16800,1695609568.871664
1,16832,1695609568.8882937
1,16864,1695609568.9013236
1,16896,1695609568.9130104
1,16928,1695609568.930495
1,16960,1695609568.944568
1,16992,1695609568.9570308
1,17024,1695609568.9708352
1,17056,1695609568.9830816
1,17088,1695609568.996004
1,17120,1695609569.0093856
1,17152,1695609569.0205557
1,17184,1695609569.0340345
1,17216,1695609569.0477388
1,17248,1695609569.0622978
1,17280,1695609569.074597
1,17312,1695609569.0875916
1,17344,1695609569.1004946
1,17376,1695609569.114508
1,17408,1695609569.1277158
1,17440,1695609569.1424172
1,17472,1695609569.1553586
1,17504,1695609569.1688073
1,17536,1695609569.1808136
1,17568,1695609569.1934736
1,17600,1695609569.2082605
1,17632,1695609569.2204006
1,17664,1695609569.2320335
1,17696,1695609569.2451208
1,17728,1695609569.2577734
1,17760,1695609569.2715068
1,17792,1695609569.2833154
1,17824,1695609569.2989452
1,17856,1695609569.312313
1,17888,1695609569.3257425
1,17920,1695609569.3374848
1,17952,1695609569.354947
1,17984,1695609569.3703794
1,18016,1695609569.383007
1,18048,1695609569.3963585
1,18080,1695609569.4091828
1,18112,1695609569.4215245
1,18144,1695609569.4353206
1,18176,1695609569.4472148
1,18208,1695609569.462214
1,18240,1695609569.4753296
1,18272,1695609569.4883463
1,18304,1695609569.5016332
1,18336,1695609569.5159721
1,18368,1695609569.5284414
1,18400,1695609569.5399761
1,18432,1695609569.5537057
1,18464,1695609569.568411
1,18496,1695609569.5801418
1,18528,1695609569.5936174
1,18560,1695609569.605113
1,18592,1695609569.6182501
1,18624,1695609569.6318784
1,18656,1695609569.6465268
1,18688,1695609569.6582806
1,18720,1695609569.6714618
1,18752,1695609569.6849022
1,18784,1695609569.696867
1,18816,1695609569.7095196
1,18848,1695609569.722006
1,18880,1695609569.734749
1,18912,1695609569.7481384
1,18944,1695609569.7608168
1,18976,1695609569.7743552
1,19008,1695609569.7887335
1,19040,1695609569.8007646
1,19072,1695609569.816253
1,19104,1695609569.8279848
1,19136,1695609569.841468
1,19168,1695609569.8537579
1,19200,1695609569.8676527
1,19232,1695609569.8802009
1,19264,1695609569.892066
1,19296,1695609569.906407
1,19328,1695609569.9179254
1,19360,1695609569.9309292
1,19392,1695609569.9447541
1,19424,1695609569.957427
1,19456,1695609569.9694092
1,19488,1695609569.98292
1,19520,1695609569.9955347
1,19552,1695609570.0089345
1,19584,1695609570.0235462
1,19616,1695609570.037715
1,19648,1695609570.0496993
1,19680,1695609570.063218
1,19712,1695609570.0751824
1,19744,1695609570.0904102
1,19776,1695609570.1040764
1,19808,1695609570.1178539
1,19840,1695609570.1293552
1,19872,1695609570.1425924
1,19904,1695609570.1559596
1,19936,1695609570.1678066
1,19968,1695609570.181127
1,20000,1695609570.1953375
1,20032,1695609570.2095394
1,20064,1695609570.221477
1,20096,1695609570.233838
1,20128,1695609570.2474973
1,20160,1695609570.2604694
1,20192,1695609570.2724934
1,20224,1695609570.2856421
1,20256,1695609570.2984567
1,20288,1695609570.311877
1,20320,1695609570.3256552
1,20352,1695609570.337351
1,20384,1695609570.3505688
1,20416,1695609570.3630564
1,20448,1695609570.375728
1,20480,1695609570.3878267
1,20512,1695609570.402639
1,20544,1695609570.417078
1,20576,1695609570.4289913
1,20608,1695609570.4424484
1,20640,1695609570.4547737
1,20672,1695609570.4677916
1,20704,1695609570.48109
1,20736,1695609570.4928486
1,20768,1695609570.5062666
1,20800,1695609570.518895
1,20832,1695609570.5314517
1,20864,1695609570.5437973
1,20896,1695609570.5660863
1,20928,1695609570.586554
1,20960,1695609570.6063685
1,20992,1695609570.6265469
1,21024,1695609570.646459
1,21056,1695609570.6650448
1,21088,1695609570.6864278
1,21120,1695609570.7064357
1,21152,1695609570.7264695
1,21184,1695609570.7466633
1,21216,1695609570.7677083
1,21248,1695609570.7862594
1,21280,1695609570.8063614
1,21312,1695609570.8269782
1,21344,1695609570.8464537
1,21376,1695609570.8669293
1,21408,1695609570.886646
1,21440,1695609570.9065793
1,21472,1695609570.9249566
1,21504,1695609570.946503
1,21536,1695609570.9660861
1,21568,1695609570.986023
1,21600,1695609571.0032341
1,21632,1695609571.021989
1,21664,1695609571.0342708
1,21696,1695609571.0470526
1,21728,1695609571.060012
1,21760,1695609571.0724628
1,21792,1695609571.085928
1,21824,1695609571.1000388
1,21856,1695609571.1127458
1,21888,1695609571.1243594
1,21920,1695609571.1359997
1,21952,1695609571.151901
1,21984,1695609571.1657786
1,22016,1695609571.178729
1,22048,1695609571.191895
1,22080,1695609571.204445
1,22112,1695609571.216303
1,22144,1695609571.2294827
1,22176,1695609571.2438064
1,22208,1695609571.2557538
1,22240,1695609571.2693498
1,22272,1695609571.2807002
1,22304,1695609571.292423
1,22336,1695609571.3079538
1,22368,1695609571.3200881
1,22400,1695609571.3329391
1,22432,1695609571.3462026
1,22464,1695609571.3600023
1,22496,1695609571.372473
1,22528,1695609571.3835812
1,22560,1695609571.396114
1,22592,1695609571.4098887
1,22624,1695609571.4219067
1,22656,1695609571.434482
1,22688,1695609571.4480748
1,22720,1695609571.4610615
1,22752,1695609571.4747458
1,22784,1695609571.4873712
1,22816,1695609571.5013258
1,22848,1695609571.5161512
1,22880,1695609571.5279157
1,22912,1695609571.540523
1,22944,1695609571.560228
1,22976,1695609571.5717356
1,23008,1695609571.585715
1,23040,1695609571.5977037
1,23072,1695609571.6100352
1,23104,1695609571.6251848
1,23136,1695609571.6371965
1,23168,1695609571.65087
1,23200,1695609571.6632907
1,23232,1695609571.6763592
1,23264,1695609571.689596
1,23296,1695609571.7017908
1,23328,1695609571.7155747
1,23360,1695609571.7284656
1,23392,1695609571.7404902
1,23424,1695609571.7541528
1,23456,1695609571.7694676
1,23488,1695609571.7813628
1,23520,1695609571.7937267
1,23552,1695609571.8061295
1,23584,1695609571.8181329
1,23616,1695609571.8317366
1,23648,1695609571.8448203
1,23680,1695609571.856273
1,23712,1695609571.8682914
1,23744,1695609571.8838422
1,23776,1695609571.8962934
1,23808,1695609571.9104793
1,23840,1695609571.923148
1,23872,1695609571.9363399
1,23904,1695609571.9494467
1,23936,1695609571.9614851
1,23968,1695609571.9761527
1,24000,1695609571.987922
1,24032,1695609572.0014231
1,24064,1695609572.013049
1,24096,1695609572.0249581
1,24128,1695609572.0402126
1,24160,1695609572.053723
1,24192,1695609572.0654106
1,24224,1695609572.0784576
1,24256,1695609572.09263
1,24288,1695609572.1049252
1,24320,1695609572.118459
1,24352,1695609572.1309302
1,24384,1695609572.1460984
1,24416,1695609572.162384
1,24448,1695609572.1749125
1,24480,1695609572.1890922
1,24512,1695609572.203508
1,24544,1695609572.2151885
1,24576,1695609572.2276106
1,24608,1695609572.2443123
1,24640,1695609572.2581923
1,24672,1695609572.2734041
1,24704,1695609572.2852972
1,24736,1695609572.297096
1,24768,1695609572.3112285
1,24800,1695609572.3239868
1,24832,1695609572.337465
1,24864,1695609572.3495026
1,24896,1695609572.3629076
1,24928,1695609572.3755696
1,24960,1695609572.389006
1,24992,1695609572.4016705
1,25024,1695609572.4135988
1,25056,1695609572.429696
1,25088,1695609572.4469724
1,25120,1695609572.4609427
1,25152,1695609572.4715633
1,25184,1695609572.4835835
1,25216,1695609572.4966912
1,25248,1695609572.5146492
1,25280,1695609572.5345216
1,25312,1695609572.5536637
1,25344,1695609572.5737643
1,25376,1695609572.5963368
1,25408,1695609572.614041
1,25440,1695609572.634004
1,25472,1695609572.6544545
1,25504,1695609572.6739078
1,25536,1695609572.6939187
1,25568,1695609572.714805
1,25600,1695609572.733933
1,25632,1695609572.7543695
1,25664,1695609572.7745898
1,25696,1695609572.7942698
1,25728,1695609572.8139262
1,25760,1695609572.8348296
1,25792,1695609572.853767
1,25824,1695609572.8738673
1,25856,1695609572.8943808
1,25888,1695609572.9142363
1,25920,1695609572.934808
1,25952,1695609572.9544811
1,25984,1695609572.973894
1,26016,1695609572.9945073
1,26048,1695609573.0147238
1,26080,1695609573.034987
1,26112,1695609573.0541003
1,26144,1695609573.074398
1,26176,1695609573.0949442
1,26208,1695609573.1145155
1,26240,1695609573.1341686
1,26272,1695609573.1539655
1,26304,1695609573.1744227
1,26336,1695609573.1947362
1,26368,1695609573.214445
1,26400,1695609573.2339053
1,26432,1695609573.2547853
1,26464,1695609573.2746904
1,26496,1695609573.2939184
1,26528,1695609573.3145583
1,26560,1695609573.3346465
1,26592,1695609573.3544724
1,26624,1695609573.374196
1,26656,1695609573.3940673
1,26688,1695609573.4140825
1,26720,1695609573.4345524
1,26752,1695609573.4526653
1,26784,1695609573.468851
1,26816,1695609573.4823966
1,26848,1695609573.4947047
1,26880,1695609573.5070682
1,26912,1695609573.5198948
1,26944,1695609573.5374117
1,26976,1695609573.55157
1,27008,1695609573.5644298
1,27040,1695609573.5763423
1,27072,1695609573.5880342
1,27104,1695609573.6018279
1,27136,1695609573.613766
1,27168,1695609573.6276693
1,27200,1695609573.640503
1,27232,1695609573.6523554
1,27264,1695609573.6666677
1,27296,1695609573.681361
1,27328,1695609573.6949782
1,27360,1695609573.7077065
1,27392,1695609573.7209892
1,27424,1695609573.7332973
1,27456,1695609573.7512646
1,27488,1695609573.7645557
1,27520,1695609573.7774804
1,27552,1695609573.7895546
1,27584,1695609573.804819
1,27616,1695609573.8174398
1,27648,1695609573.833164
1,27680,1695609573.8487222
1,27712,1695609573.8606439
1,27744,1695609573.8762665
1,27776,1695609573.8887074
1,27808,1695609573.900338
1,27840,1695609573.9138093
1,27872,1695609573.9258204
1,27904,1695609573.9395645
1,27936,1695609573.9524848
1,27968,1695609573.964317
1,28000,1695609573.9777918
1,28032,1695609573.99313
1,28064,1695609574.0080552
1,28096,1695609574.0196714
1,28128,1695609574.0352585
1,28160,1695609574.0477788
1,28192,1695609574.0605288
1,28224,1695609574.076332
1,28256,1695609574.097664
1,28288,1695609574.1126394
1,28320,1695609574.125112
1,28352,1695609574.1386075
1,28384,1695609574.1531498
1,28416,1695609574.1662319
1,28448,1695609574.1800766
1,28480,1695609574.1934152
1,28512,1695609574.2097306
1,28544,1695609574.2233531
1,28576,1695609574.2388165
1,28608,1695609574.2512164
1,28640,1695609574.267203
1,28672,1695609574.2795906
1,28704,1695609574.2940779
1,28736,1695609574.3068526
1,28768,1695609574.3229043
1,28800,1695609574.3358524
1,28832,1695609574.3484883
1,28864,1695609574.3613465
1,28896,1695609574.377397
1,28928,1695609574.3894372
1,28960,1695609574.4036002
1,28992,1695609574.4166248
1,29024,1695609574.432604
1,29056,1695609574.4472985
1,29088,1695609574.4625542
1,29120,1695609574.4758036
1,29152,1695609574.4920366
1,29184,1695609574.5031455
1,29216,1695609574.5172932
1,29248,1695609574.5305023
1,29280,1695609574.5464838
1,29312,1695609574.5593863
1,29344,1695609574.575178
1,29376,1695609574.5879865
1,29408,1695609574.6042593
1,29440,1695609574.6153078
1,29472,1695609574.6299493
1,29504,1695609574.6429718
1,29536,1695609574.658747
1,29568,1695609574.6708176
1,29600,1695609574.683886
1,29632,1695609574.6962452
1,29664,1695609574.7123497
1,29696,1695609574.7233915
1,29728,1695609574.736483
1,29760,1695609574.7495112
1,29792,1695609574.7652745
1,29824,1695609574.7789407
1,29856,1695609574.7947164
1,29888,1695609574.8079937
1,29920,1695609574.8250263
1,29952,1695609574.8365514
1,29984,1695609574.8520684
1,30016,1695609574.8660202
1,30048,1695609574.882061
1,30080,1695609574.8936486
1,30112,1695609574.907276
1,30144,1695609574.9209814
1,30176,1695609574.936647
1,30208,1695609574.950971
1,30240,1695609574.9642165
1,30272,1695609574.9780571
1,30304,1695609574.993955
1,30336,1695609575.0070357
1,30368,1695609575.0207205
1,30400,1695609575.0368938
1,30432,1695609575.0546777
1,30464,1695609575.0683577
1,30496,1695609575.0813138
1,30528,1695609575.0950696
1,30560,1695609575.1094844
1,30592,1695609575.1233554
1,30624,1695609575.1357665
1,30656,1695609575.1492777
1,30688,1695609575.1641107
1,30720,1695609575.1749666
1,30752,1695609575.188349
1,30784,1695609575.2011669
1,30816,1695609575.2181053
1,30848,1695609575.2298021
1,30880,1695609575.2438586
1,30912,1695609575.2574646
1,30944,1695609575.2733936
1,30976,1695609575.2873447
1,31008,1695609575.3011334
1,31040,1695609575.3147476
1,31072,1695609575.3304513
1,31104,1695609575.3431046
1,31136,1695609575.35676
1,31168,1695609575.37101
1,31200,1695609575.3881912
1,31232,1695609575.3991833
1,31264,1695609575.4120512
1,31296,1695609575.4254136
1,31328,1695609575.4413621
1,31360,1695609575.4550228
1,31392,1695609575.468238
1,31424,1695609575.482423
1,31456,1695609575.4968317
1,31488,1695609575.5107965
1,31520,1695609575.5241773
1,31552,1695609575.5372167
1,31584,1695609575.55351
1,31616,1695609575.567534
1,31648,1695609575.5811145
1,31680,1695609575.5950375
1,31712,1695609575.6093967
1,31744,1695609575.62254
1,31776,1695609575.636265
1,31808,1695609575.6494868
1,31840,1695609575.6656263
1,31872,1695609575.6796422
1,31904,1695609575.6925478
1,31936,1695609575.7062292
1,31968,1695609575.722161
1,32000,1695609575.735122
1,32032,1695609575.7496502
1,32064,1695609575.762655
1,32096,1695609575.7772791
1,32128,1695609575.7898188
1,32160,1695609575.8034034
1,32192,1695609575.8173325
1,32224,1695609575.8331017
1,32256,1695609575.8472035
1,32288,1695609575.8620653
1,32320,1695609575.8749743
1,32352,1695609575.8912492
1,32384,1695609575.9033985
1,32416,1695609575.9184844
1,32448,1695609575.9311876
1,32480,1695609575.9470942
1,32512,1695609575.959048
1,32544,1695609575.9729202
1,32576,1695609575.9852328
1,32608,1695609576.001828
1,32640,1695609576.0136702
1,32672,1695609576.0266328
1,32704,1695609576.0403461
1,32736,1695609576.0546637
1,32768,1695609576.0682864
1,32800,1695609576.0817518
1,32832,1695609576.0935173
1,32864,1695609576.1090133
1,32896,1695609576.1207259
1,32928,1695609576.1326594
1,32960,1695609576.1461859
1,32992,1695609576.1607454
1,33024,1695609576.173415
1,33056,1695609576.1873124
1,33088,1695609576.20112
1,33120,1695609576.2188575
1,33152,1695609576.2306094
1,33184,1695609576.2421665
1,33216,1695609576.2539752
1,33248,1695609576.2701223
1,33280,1695609576.281891
1,33312,1695609576.2969196
1,33344,1695609576.3112495
1,33376,1695609576.3268125
1,33408,1695609576.3390956
1,33440,1695609576.353758
1,33472,1695609576.3662708
1,33504,1695609576.3806098
1,33536,1695609576.393654
1,33568,1695609576.4065516
1,33600,1695609576.4197187
1,33632,1695609576.434238
1,33664,1695609576.450419
1,33696,1695609576.461895
1,33728,1695609576.4747052
1,33760,1695609576.487068
1,33792,1695609576.499141
1,33824,1695609576.5137267
1,33856,1695609576.5271225
1,33888,1695609576.5401587
1,33920,1695609576.5533142
1,33952,1695609576.5654438
1,33984,1695609576.579184
1,34016,1695609576.5905602
1,34048,1695609576.6046493
1,34080,1695609576.6188776
1,34112,1695609576.6346045
1,34144,1695609576.646362
1,34176,1695609576.6605878
1,34208,1695609576.6733081
1,34240,1695609576.6853406
1,34272,1695609576.6971707
1,34304,1695609576.7091997
1,34336,1695609576.724331
1,34368,1695609576.7360938
1,34400,1695609576.7499254
1,34432,1695609576.7624853
1,34464,1695609576.77468
1,34496,1695609576.7880175
1,34528,1695609576.8000617
1,34560,1695609576.8146327
1,34592,1695609576.8292785
1,34624,1695609576.8409665
1,34656,1695609576.8548162
1,34688,1695609576.8676593
1,34720,1695609576.8805141
1,34752,1695609576.8947425
1,34784,1695609576.9075658
1,34816,1695609576.9220662
1,34848,1695609576.9345436
1,34880,1695609576.9461286
1,34912,1695609576.9590921
1,34944,1695609576.9726555
1,34976,1695609576.984876
1,35008,1695609576.9982188
1,35040,1695609577.0097528
1,35072,1695609577.022631
1,35104,1695609577.0367994
1,35136,1695609577.0493586
1,35168,1695609577.0609639
1,35200,1695609577.0729482
1,35232,1695609577.0880206
1,35264,1695609577.1003532
1,35296,1695609577.1120777
1,35328,1695609577.1272836
1,35360,1695609577.1404562
1,35392,1695609577.1531134
1,35424,1695609577.1647863
1,35456,1695609577.1765885
1,35488,1695609577.190265
1,35520,1695609577.2026742
1,35552,1695609577.2148921
1,35584,1695609577.227968
1,35616,1695609577.2403972
1,35648,1695609577.2535126
1,35680,1695609577.2667794
1,35712,1695609577.2813716
1,35744,1695609577.2953136
1,35776,1695609577.308202
1,35808,1695609577.3201728
1,35840,1695609577.3337708
1,35872,1695609577.3470316
1,35904,1695609577.3612823
1,35936,1695609577.3746614
1,35968,1695609577.38778
1,36000,1695609577.4012005
1,36032,1695609577.413698
1,36064,1695609577.4261098
1,36096,1695609577.4392064
1,36128,1695609577.450732
1,36160,1695609577.4637368
1,36192,1695609577.4759276
1,36224,1695609577.490751
1,36256,1695609577.5032973
1,36288,1695609577.516597
1,36320,1695609577.5292377
1,36352,1695609577.5431466
1,36384,1695609577.5571628
1,36416,1695609577.5705426
1,36448,1695609577.582246
1,36480,1695609577.5951648
1,36512,1695609577.6087563
1,36544,1695609577.6205525
1,36576,1695609577.6323547
1,36608,1695609577.6464205
1,36640,1695609577.6589735
1,36672,1695609577.6718385
1,36704,1695609577.6841285
1,36736,1695609577.697926
1,36768,1695609577.7106686
1,36800,1695609577.723212
1,36832,1695609577.735827
1,36864,1695609577.7497804
1,36896,1695609577.7621834
1,36928,1695609577.775497
1,36960,1695609577.7876108
1,36992,1695609577.8014145
1,37024,1695609577.81418
1,37056,1695609577.8269968
1,37088,1695609577.8392246
1,37120,1695609577.854802
1,37152,1695609577.8681593
1,37184,1695609577.8797045
1,37216,1695609577.892409
1,37248,1695609577.906813
1,37280,1695609577.9204907
1,37312,1695609577.9320807
1,37344,1695609577.9448538
1,37376,1695609577.9587932
1,37408,1695609577.9706454
1,37440,1695609577.9838169
1,37472,1695609577.9964995
1,37504,1695609578.0099585
1,37536,1695609578.0238657
1,37568,1695609578.0364728
1,37600,1695609578.048106
1,37632,1695609578.0597243
1,37664,1695609578.0743465
1,37696,1695609578.088527
1,37728,1695609578.1001587
1,37760,1695609578.1139598
1,37792,1695609578.1260326
1,37824,1695609578.1396632
1,37856,1695609578.1517138
1,37888,1695609578.1674588
1,37920,1695609578.1804636
1,37952,1695609578.1932967
1,37984,1695609578.205328
1,38016,1695609578.218967
1,38048,1695609578.2310421
1,38080,1695609578.254215
1,38112,1695609578.2747877
1,38144,1695609578.294211
1,38176,1695609578.314583
1,38208,1695609578.3344698
1,38240,1695609578.3548574
1,38272,1695609578.3749847
1,38304,1695609578.3948529
1,38336,1695609578.4151309
1,38368,1695609578.4347193
1,38400,1695609578.4552352
1,38432,1695609578.4745157
1,38464,1695609578.4947584
1,38496,1695609578.5146613
1,38528,1695609578.534941
1,38560,1695609578.5553267
1,38592,1695609578.5749648
1,38624,1695609578.5945508
1,38656,1695609578.6144993
1,38688,1695609578.634297
1,38720,1695609578.6539826
1,38752,1695609578.6747508
1,38784,1695609578.694564
1,38816,1695609578.7149334
1,38848,1695609578.7343812
1,38880,1695609578.7541876
1,38912,1695609578.7746832
1,38944,1695609578.794486
1,38976,1695609578.814802
1,39008,1695609578.835035
1,39040,1695609578.8546205
1,39072,1695609578.8745086
1,39104,1695609578.8947358
1,39136,1695609578.9145496
1,39168,1695609578.9346864
1,39200,1695609578.9544811
1,39232,1695609578.974711
1,39264,1695609578.994883
1,39296,1695609579.0147407
1,39328,1695609579.0350065
1,39360,1695609579.0547976
1,39392,1695609579.074242
1,39424,1695609579.0945632
1,39456,1695609579.1147423
1,39488,1695609579.1348882
1,39520,1695609579.1550255
1,39552,1695609579.1745367
1,39584,1695609579.1942828
1,39616,1695609579.2141614
1,39648,1695609579.2343657
1,39680,1695609579.2545257
1,39712,1695609579.2747853
1,39744,1695609579.2946312
1,39776,1695609579.3151054
1,39808,1695609579.3346946
1,39840,1695609579.3546872
1,39872,1695609579.3747852
1,39904,1695609579.3947093
1,39936,1695609579.4152079
1,39968,1695609579.4347532
1,40000,1695609579.4540975
1,40032,1695609579.4741204
1,40064,1695609579.494109
1,40096,1695609579.5139034
1,40128,1695609579.534716
1,40160,1695609579.554747
1,40192,1695609579.5748458
1,40224,1695609579.5944436
1,40256,1695609579.614308
1,40288,1695609579.6346698
1,40320,1695609579.65434
1,40352,1695609579.6748567
1,40384,1695609579.6947057
1,40416,1695609579.7147229
1,40448,1695609579.734882
1,40480,1695609579.75449
1,40512,1695609579.7744534
1,40544,1695609579.794157
1,40576,1695609579.8140638
1,40608,1695609579.8343906
1,40640,1695609579.8546326
1,40672,1695609579.874884
1,40704,1695609579.8951378
1,40736,1695609579.9148014
1,40768,1695609579.9349866
1,40800,1695609579.9547362
1,40832,1695609579.9745104
1,40864,1695609579.994408
1,40896,1695609580.0157452
1,40928,1695609580.0339277
1,40960,1695609580.0504544
1,40992,1695609580.0650988
1,41024,1695609580.0768166
1,41056,1695609580.090357
1,41088,1695609580.1028507
1,41120,1695609580.1147342
1,41152,1695609580.1279888
1,41184,1695609580.1407955
1,41216,1695609580.1545675
1,41248,1695609580.1694543
1,41280,1695609580.1808832
1,41312,1695609580.1927347
1,41344,1695609580.2042236
1,41376,1695609580.2204115
1,41408,1695609580.2342362
1,41440,1695609580.2473688
1,41472,1695609580.2599542
1,41504,1695609580.2758749
1,41536,1695609580.2919626
1,41568,1695609580.3053222
1,41600,1695609580.3196886
1,41632,1695609580.3344297
1,41664,1695609580.346899
1,41696,1695609580.3597429
1,41728,1695609580.3743026
1,41760,1695609580.3890035
1,41792,1695609580.4005687
1,41824,1695609580.4143765
1,41856,1695609580.4291592
1,41888,1695609580.4411082
1,41920,1695609580.4543602
1,41952,1695609580.4657264
1,41984,1695609580.4831045
1,42016,1695609580.4995084
1,42048,1695609580.5127044
1,42080,1695609580.5241826
1,42112,1695609580.5387006
1,42144,1695609580.5517612
1,42176,1695609580.564404
1,42208,1695609580.5759616
1,42240,1695609580.589799
1,42272,1695609580.6043513
1,42304,1695609580.6200912
1,42336,1695609580.633575
1,42368,1695609580.6501806
1,42400,1695609580.6647341
1,42432,1695609580.6765316
1,42464,1695609580.6883833
1,42496,1695609580.7020874
1,42528,1695609580.7140505
1,42560,1695609580.7266088
1,42592,1695609580.7393174
1,42624,1695609580.754125
1,42656,1695609580.7685375
1,42688,1695609580.78046
1,42720,1695609580.7918198
1,42752,1695609580.8053505
1,42784,1695609580.8189826
1,42816,1695609580.8315566
1,42848,1695609580.8435984
1,42880,1695609580.8561442
1,42912,1695609580.8711216
1,42944,1695609580.8837926
1,42976,1695609580.896333
1,43008,1695609580.9085193
1,43040,1695609580.9222064
1,43072,1695609580.9345853
1,43104,1695609580.9470537
1,43136,1695609580.9606457
1,43168,1695609580.9725966
1,43200,1695609580.9860225
1,43232,1695609580.99767
1,43264,1695609581.010218
1,43296,1695609581.0264912
1,43328,1695609581.0442557
1,43360,1695609581.062294
1,43392,1695609581.082572
1,43424,1695609581.1031253
1,43456,1695609581.1228106
1,43488,1695609581.1411276
1,43520,1695609581.1620634
1,43552,1695609581.1826854
1,43584,1695609581.2022843
1,43616,1695609581.2226038
1,43648,1695609581.2425792
1,43680,1695609581.2625892
1,43712,1695609581.282266
1,43744,1695609581.302405
1,43776,1695609581.3221908
1,43808,1695609581.3424244
1,43840,1695609581.3624465
1,43872,1695609581.3826525
1,43904,1695609581.4028206
1,43936,1695609581.422409
1,43968,1695609581.442425
1,44000,1695609581.4627573
1,44032,1695609581.4829595
1,44064,1695609581.5023031
1,44096,1695609581.5220146
1,44128,1695609581.543022
1,44160,1695609581.5627275
1,44192,1695609581.5830069
1,44224,1695609581.6027744
1,44256,1695609581.6224124
1,44288,1695609581.642336
1,44320,1695609581.662584
1,44352,1695609581.682694
1,44384,1695609581.7026033
1,44416,1695609581.7224548
1,44448,1695609581.7422519
1,44480,1695609581.7624028
1,44512,1695609581.782446
1,44544,1695609581.8022373
1,44576,1695609581.8224053
1,44608,1695609581.8432143
1,44640,1695609581.862682
1,44672,1695609581.8823566
1,44704,1695609581.9025846
1,44736,1695609581.9225452
1,44768,1695609581.9421968
1,44800,1695609581.962442
1,44832,1695609581.9829366
1,44864,1695609582.0030205
1,44896,1695609582.0222504
1,44928,1695609582.0419514
1,44960,1695609582.0621223
1,44992,1695609582.0821896
1,45024,1695609582.1021633
1,45056,1695609582.1226265
1,45088,1695609582.1418843
1,45120,1695609582.1608775
1,45152,1695609582.1756349
1,45184,1695609582.1886358
1,45216,1695609582.2054243
1,45248,1695609582.2189872
1,45280,1695609582.2303903
1,45312,1695609582.2448437
1,45344,1695609582.2588706
1,45376,1695609582.271818
1,45408,1695609582.2841961
1,45440,1695609582.2972498
1,45472,1695609582.3112762
1,45504,1695609582.32282
1,45536,1695609582.3360145
1,45568,1695609582.3490005
1,45600,1695609582.3608928
1,45632,1695609582.374304
1,45664,1695609582.3858943
1,45696,1695609582.3979363
1,45728,1695609582.4123788
1,45760,1695609582.4247649
1,45792,1695609582.4384546
1,45824,1695609582.4507315
1,45856,1695609582.4633615
1,45888,1695609582.4767497
1,45920,1695609582.4885166
1,45952,1695609582.5022793
1,45984,1695609582.5148978
1,46016,1695609582.5273054
1,46048,1695609582.539394
1,46080,1695609582.554092
1,46112,1695609582.56867
1,46144,1695609582.5805256
1,46176,1695609582.5948124
1,46208,1695609582.608251
1,46240,1695609582.6203158
1,46272,1695609582.631843
1,46304,1695609582.644908
1,46336,1695609582.6572
1,46368,1695609582.6708443
1,46400,1695609582.683421
1,46432,1695609582.6964953
1,46464,1695609582.7090774
1,46496,1695609582.7208328
1,46528,1695609582.7359674
1,46560,1695609582.7469707
1,46592,1695609582.76316
1,46624,1695609582.7758648
1,46656,1695609582.7889855
1,46688,1695609582.8005013
1,46720,1695609582.8138218
1,46752,1695609582.8265004
1,46784,1695609582.8383594
1,46816,1695609582.8514097
1,46848,1695609582.8638535
1,46880,1695609582.87562
1,46912,1695609582.888963
1,46944,1695609582.900891
1,46976,1695609582.9124913
1,47008,1695609582.9249291
1,47040,1695609582.940459
1,47072,1695609582.951788
1,47104,1695609582.9654913
1,47136,1695609582.9783192
1,47168,1695609582.9907162
1,47200,1695609583.0030892
1,47232,1695609583.0177166
1,47264,1695609583.0333855
1,47296,1695609583.0485094
1,47328,1695609583.059457
1,47360,1695609583.0721502
1,47392,1695609583.0889883
1,47424,1695609583.1049871
1,47456,1695609583.1166682
1,47488,1695609583.1304812
1,47520,1695609583.1432698
1,47552,1695609583.1566722
1,47584,1695609583.1684034
1,47616,1695609583.1804492
1,47648,1695609583.1961722
1,47680,1695609583.2089934
1,47712,1695609583.2208338
1,47744,1695609583.2342765
1,47776,1695609583.2469022
1,47808,1695609583.2594066
1,47840,1695609583.2717264
1,47872,1695609583.284166
1,47904,1695609583.2977195
1,47936,1695609583.3118658
1,47968,1695609583.3235312
1,48000,1695609583.3351908
1,48032,1695609583.3485427
1,48064,1695609583.3614228
1,48096,1695609583.3733244
1,48128,1695609583.3870482
1,48160,1695609583.3996258
1,48192,1695609583.413009
1,48224,1695609583.425734
1,48256,1695609583.4376788
1,48288,1695609583.4508471
1,48320,1695609583.4625864
1,48352,1695609583.4748447
1,48384,1695609583.4902277
1,48416,1695609583.5021605
1,48448,1695609583.5152574
1,48480,1695609583.5265908
1,48512,1695609583.540996
1,48544,1695609583.5549781
1,48576,1695609583.568012
1,48608,1695609583.580361
1,48640,1695609583.5933933
1,48672,1695609583.607689
1,48704,1695609583.6192417
1,48736,1695609583.632474
1,48768,1695609583.6453614
1,48800,1695609583.6570103
1,48832,1695609583.6703515
1,48864,1695609583.682134
1,48896,1695609583.6945088
1,48928,1695609583.7086463
1,48960,1695609583.7212336
1,48992,1695609583.7330248
1,49024,1695609583.7462995
1,49056,1695609583.7585173
1,49088,1695609583.7718048
1,49120,1695609583.783515
1,49152,1695609583.79777
1,49184,1695609583.8151953
1,49216,1695609583.8282878
1,49248,1695609583.8401794
1,49280,1695609583.8531568
1,49312,1695609583.86698
1,49344,1695609583.8818185
1,49376,1695609583.893106
1,49408,1695609583.9069772
1,49440,1695609583.9203959
1,49472,1695609583.9321396
1,49504,1695609583.945298
1,49536,1695609583.9602852
1,49568,1695609583.9744043
1,49600,1695609583.9869428
1,49632,1695609583.9996655
1,49664,1695609584.0136817
1,49696,1695609584.028017
1,49728,1695609584.039756
1,49760,1695609584.0598633
1,49792,1695609584.0712254
1,49824,1695609584.0822568
1,49856,1695609584.0931134
1,49888,1695609584.1041825
1,49920,1695609584.1153426
1,49952,1695609584.1261253
1,49984,1695609584.1370504
1,50000,1695609584.1537435
2,32,1695609584.46518
2,64,1695609584.480375
2,96,1695609584.4949393
2,128,1695609584.5078583
2,160,1695609584.5205286
2,192,1695609584.5325298
2,224,1695609584.5441544
2,256,1695609584.5592167
2,288,1695609584.5770812
2,320,1695609584.5934792
2,352,1695609584.6084156
2,384,1695609584.6200478
2,416,1695609584.6338956
2,448,1695609584.6465735
2,480,1695609584.6596706
2,512,1695609584.6720445
2,544,1695609584.683732
2,576,1695609584.6970813
2,608,1695609584.709805
2,640,1695609584.721601
2,672,1695609584.734016
2,704,1695609584.7473671
2,736,1695609584.759153
2,768,1695609584.7724383
2,800,1695609584.7855172
2,832,1695609584.7978954
2,864,1695609584.8113818
2,896,1695609584.8244545
2,928,1695609584.8403144
2,960,1695609584.8577294
2,992,1695609584.8778284
2,1024,1695609584.8971977
2,1056,1695609584.91078
2,1088,1695609584.9257271
2,1120,1695609584.939231
2,1152,1695609584.9563804
2,1184,1695609584.972239
2,1216,1695609584.9863694
2,1248,1695609584.998107
2,1280,1695609585.011486
2,1312,1695609585.0236747
2,1344,1695609585.035406
2,1376,1695609585.0485358
2,1408,1695609585.062642
2,1440,1695609585.075971
2,1472,1695609585.090848
2,1504,1695609585.1024013
2,1536,1695609585.117266
2,1568,1695609585.129808
2,1600,1695609585.14318
2,1632,1695609585.154993
2,1664,1695609585.1688225
2,1696,1695609585.1834621
2,1728,1695609585.1952224
2,1760,1695609585.2075436
2,1792,1695609585.2265522
2,1824,1695609585.2467096
2,1856,1695609585.2663593
2,1888,1695609585.285185
2,1920,1695609585.3051596
2,1952,1695609585.321979
2,1984,1695609585.3372846
2,2016,1695609585.3487277
2,2048,1695609585.3619225
2,2080,1695609585.3755524
2,2112,1695609585.388597
2,2144,1695609585.4006674
2,2176,1695609585.4120169
2,2208,1695609585.423888
2,2240,1695609585.440318
2,2272,1695609585.4533064
2,2304,1695609585.4658666
2,2336,1695609585.4800515
2,2368,1695609585.4925985
2,2400,1695609585.505974
2,2432,1695609585.523212
2,2464,1695609585.53523
2,2496,1695609585.5516071
2,2528,1695609585.5637667
2,2560,1695609585.5799558
2,2592,1695609585.591197
2,2624,1695609585.6050036
2,2656,1695609585.6181693
2,2688,1695609585.6308956
2,2720,1695609585.6435752
2,2752,1695609585.657307
2,2784,1695609585.680966
2,2816,1695609585.7001176
2,2848,1695609585.7190173
2,2880,1695609585.7382884
2,2912,1695609585.7588785
2,2944,1695609585.7784932
2,2976,1695609585.7980938
2,3008,1695609585.8182695
2,3040,1695609585.8386376
2,3072,1695609585.8583627
2,3104,1695609585.8782024
2,3136,1695609585.8980615
2,3168,1695609585.9185576
2,3200,1695609585.9387534
2,3232,1695609585.9580524
2,3264,1695609585.978842
2,3296,1695609585.9985914
2,3328,1695609586.0180235
2,3360,1695609586.037969
2,3392,1695609586.0583408
2,3424,1695609586.0786545
2,3456,1695609586.098624
2,3488,1695609586.118124
2,3520,1695609586.138008
2,3552,1695609586.1580334
2,3584,1695609586.1786547
2,3616,1695609586.1987014
2,3648,1695609586.21865
2,3680,1695609586.238598
2,3712,1695609586.258933
2,3744,1695609586.2784991
2,3776,1695609586.2984197
2,3808,1695609586.3186786
2,3840,1695609586.3383021
2,3872,1695609586.3582315
2,3904,1695609586.378076
2,3936,1695609586.3978896
2,3968,1695609586.4182405
2,4000,1695609586.4385448
2,4032,1695609586.458383
2,4064,1695609586.4791124
2,4096,1695609586.49895
2,4128,1695609586.5186126
2,4160,1695609586.5387406
2,4192,1695609586.5584512
2,4224,1695609586.5783243
2,4256,1695609586.598665
2,4288,1695609586.6191397
2,4320,1695609586.6382008
2,4352,1695609586.6578245
2,4384,1695609586.679656
2,4416,1695609586.699301
2,4448,1695609586.7182224
2,4480,1695609586.7385466
2,4512,1695609586.7585773
2,4544,1695609586.7785006
2,4576,1695609586.7985337
2,4608,1695609586.818327
2,4640,1695609586.8383675
2,4672,1695609586.8583019
2,4704,1695609586.8785553
2,4736,1695609586.8986022
2,4768,1695609586.918696
2,4800,1695609586.9385831
2,4832,1695609586.9586706
2,4864,1695609586.980038
2,4896,1695609586.99976
2,4928,1695609587.0181797
2,4960,1695609587.038265
2,4992,1695609587.0591257
2,5024,1695609587.0788002
2,5056,1695609587.0987577
2,5088,1695609587.1183786
2,5120,1695609587.138308
2,5152,1695609587.1583052
2,5184,1695609587.1786065
2,5216,1695609587.1983824
2,5248,1695609587.2183642
2,5280,1695609587.2375526
2,5312,1695609587.2553236
2,5344,1695609587.2691407
2,5376,1695609587.280934
2,5408,1695609587.2944126
2,5440,1695609587.3068175
2,5472,1695609587.3193438
2,5504,1695609587.3325665
2,5536,1695609587.344452
2,5568,1695609587.3574715
2,5600,1695609587.3721025
2,5632,1695609587.3838286
2,5664,1695609587.3956413
2,5696,1695609587.4094095
2,5728,1695609587.4214547
2,5760,1695609587.4347785
2,5792,1695609587.447061
2,5824,1695609587.4597442
2,5856,1695609587.4723406
2,5888,1695609587.4866226
2,5920,1695609587.4988773
2,5952,1695609587.511728
2,5984,1695609587.5243855
2,6016,1695609587.53633
2,6048,1695609587.5493991
2,6080,1695609587.5635486
2,6112,1695609587.5752263
2,6144,1695609587.5890534
2,6176,1695609587.6019156
2,6208,1695609587.614414
2,6240,1695609587.6277847
2,6272,1695609587.6394958
2,6304,1695609587.6526752
2,6336,1695609587.6665912
2,6368,1695609587.6806412
2,6400,1695609587.692331
2,6432,1695609587.705549
2,6464,1695609587.719795
2,6496,1695609587.731386
2,6528,1695609587.7453067
2,6560,1695609587.7581162
2,6592,1695609587.7707195
2,6624,1695609587.7840889
2,6656,1695609587.795798
2,6688,1695609587.809257
2,6720,1695609587.8218868
2,6752,1695609587.8343148
2,6784,1695609587.847997
2,6816,1695609587.8602872
2,6848,1695609587.8715336
2,6880,1695609587.8842437
2,6912,1695609587.899702
2,6944,1695609587.9188027
2,6976,1695609587.9350052
2,7008,1695609587.9488914
2,7040,1695609587.962965
2,7072,1695609587.9757254
2,7104,1695609587.9889472
2,7136,1695609588.008609
2,7168,1695609588.023316
2,7200,1695609588.0370362
2,7232,1695609588.0501628
2,7264,1695609588.062949
2,7296,1695609588.0765636
2,7328,1695609588.0885596
2,7360,1695609588.101973
2,7392,1695609588.1140916
2,7424,1695609588.127833
2,7456,1695609588.1417308
2,7488,1695609588.1537602
2,7520,1695609588.1674812
2,7552,1695609588.180163
2,7584,1695609588.1940544
2,7616,1695609588.206287
2,7648,1695609588.2194083
2,7680,1695609588.231081
2,7712,1695609588.2444565
2,7744,1695609588.2579482
2,7776,1695609588.2704422
2,7808,1695609588.283926
2,7840,1695609588.2957387
2,7872,1695609588.309457
2,7904,1695609588.3216293
2,7936,1695609588.3350792
2,7968,1695609588.347489
2,8000,1695609588.360547
2,8032,1695609588.3734095
2,8064,1695609588.3890312
2,8096,1695609588.4022522
2,8128,1695609588.4151468
2,8160,1695609588.4288995
2,8192,1695609588.440698
2,8224,1695609588.452755
2,8256,1695609588.4659832
2,8288,1695609588.4780178
2,8320,1695609588.4912355
2,8352,1695609588.5039918
2,8384,1695609588.515709
2,8416,1695609588.5296688
2,8448,1695609588.542562
2,8480,1695609588.5556457
2,8512,1695609588.5688584
2,8544,1695609588.5812943
2,8576,1695609588.5949032
2,8608,1695609588.6073818
2,8640,1695609588.6235008
2,8672,1695609588.6364377
2,8704,1695609588.6504889
2,8736,1695609588.6643338
2,8768,1695609588.6762097
2,8800,1695609588.6880238
2,8832,1695609588.7012691
2,8864,1695609588.713279
2,8896,1695609588.7269719
2,8928,1695609588.7397366
2,8960,1695609588.7526248
2,8992,1695609588.7684753
2,9024,1695609588.783233
2,9056,1695609588.8003454
2,9088,1695609588.818106
2,9120,1695609588.8321943
2,9152,1695609588.8465703
2,9184,1695609588.861303
2,9216,1695609588.8752654
2,9248,1695609588.8885527
2,9280,1695609588.9004223
2,9312,1695609588.9138522
2,9344,1695609588.9280608
2,9376,1695609588.9422095
2,9408,1695609588.954245
2,9440,1695609588.967556
2,9472,1695609588.980033
2,9504,1695609588.9934993
2,9536,1695609589.0047913
2,9568,1695609589.0169067
2,9600,1695609589.0324302
2,9632,1695609589.044981
2,9664,1695609589.058873
2,9696,1695609589.0712712
2,9728,1695609589.0842314
2,9760,1695609589.0975606
2,9792,1695609589.1087425
2,9824,1695609589.121741
2,9856,1695609589.1357532
2,9888,1695609589.1506488
2,9920,1695609589.1630535
2,9952,1695609589.1759996
2,9984,1695609589.1885276
2,10016,1695609589.2002277
2,10048,1695609589.213394
2,10080,1695609589.2276738
2,10112,1695609589.2394128
2,10144,1695609589.2531047
2,10176,1695609589.2649152
2,10208,1695609589.2767408
2,10240,1695609589.292755
2,10272,1695609589.3054285
2,10304,1695609589.3190444
2,10336,1695609589.3312507
2,10368,1695609589.3443072
2,10400,1695609589.3576815
2,10432,1695609589.3688176
2,10464,1695609589.381998
2,10496,1695609589.39497
2,10528,1695609589.4094226
2,10560,1695609589.4206896
2,10592,1695609589.432773
2,10624,1695609589.4478421
2,10656,1695609589.460531
2,10688,1695609589.4744241
2,10720,1695609589.4869473
2,10752,1695609589.4985583
2,10784,1695609589.511869
2,10816,1695609589.525057
2,10848,1695609589.5402923
2,10880,1695609589.552944
2,10912,1695609589.564629
2,10944,1695609589.5772452
2,10976,1695609589.5911744
2,11008,1695609589.6037598
2,11040,1695609589.617499
2,11072,1695609589.629337
2,11104,1695609589.6410332
2,11136,1695609589.6548302
2,11168,1695609589.6692786
2,11200,1695609589.6816535
2,11232,1695609589.6938913
2,11264,1695609589.708721
2,11296,1695609589.721393
2,11328,1695609589.7368522
2,11360,1695609589.750685
2,11392,1695609589.7635012
2,11424,1695609589.7766933
2,11456,1695609589.790618
2,11488,1695609589.805221
2,11520,1695609589.8186142
2,11552,1695609589.8322294
2,11584,1695609589.8435729
2,11616,1695609589.8593564
2,11648,1695609589.8723671
2,11680,1695609589.8844144
2,11712,1695609589.8971264
2,11744,1695609589.9114397
2,11776,1695609589.9238257
2,11808,1695609589.937288
2,11840,1695609589.9491832
2,11872,1695609589.960952
2,11904,1695609589.9748762
2,11936,1695609589.9895723
2,11968,1695609590.0018916
2,12000,1695609590.018423
2,12032,1695609590.0326996
2,12064,1695609590.0442278
2,12096,1695609590.0580966
2,12128,1695609590.0731122
2,12160,1695609590.0864444
2,12192,1695609590.0986304
2,12224,1695609590.1108494
2,12256,1695609590.1250355
2,12288,1695609590.1387568
2,12320,1695609590.1506145
2,12352,1695609590.1630566
2,12384,1695609590.1771536
2,12416,1695609590.189346
2,12448,1695609590.202841
2,12480,1695609590.2143636
2,12512,1695609590.228531
2,12544,1695609590.2432432
2,12576,1695609590.25648
2,12608,1695609590.2691216
2,12640,1695609590.2845018
2,12672,1695609590.298806
2,12704,1695609590.3131332
2,12736,1695609590.3250268
2,12768,1695609590.3371265
2,12800,1695609590.351342
2,12832,1695609590.3639512
2,12864,1695609590.3758364
2,12896,1695609590.38907
2,12928,1695609590.4036698
2,12960,1695609590.4167564
2,12992,1695609590.4283664
2,13024,1695609590.4400454
2,13056,1695609590.4565003
2,13088,1695609590.4703965
2,13120,1695609590.4834175
2,13152,1695609590.4959254
2,13184,1695609590.5097332
2,13216,1695609590.5226133
2,13248,1695609590.53564
2,13280,1695609590.5502038
2,13312,1695609590.563014
2,13344,1695609590.5765853
2,13376,1695609590.5877802
2,13408,1695609590.5996246
2,13440,1695609590.6162493
2,13472,1695609590.6298804
2,13504,1695609590.641436
2,13536,1695609590.653732
2,13568,1695609590.668726
2,13600,1695609590.680771
2,13632,1695609590.694537
2,13664,1695609590.7070193
2,13696,1695609590.719667
2,13728,1695609590.7324395
2,13760,1695609590.744031
2,13792,1695609590.757427
2,13824,1695609590.7706156
2,13856,1695609590.7841144
2,13888,1695609590.7963185
2,13920,1695609590.8099027
2,13952,1695609590.8242786
2,13984,1695609590.8360312
2,14016,1695609590.8491497
2,14048,1695609590.8609798
2,14080,1695609590.872106
2,14112,1695609590.88353
2,14144,1695609590.8969247
2,14176,1695609590.9081626
2,14208,1695609590.9199772
2,14240,1695609590.9330182
2,14272,1695609590.9448822
2,14304,1695609590.956421
2,14336,1695609590.9693735
2,14368,1695609590.981206
2,14400,1695609590.992126
2,14432,1695609591.0035605
2,14464,1695609591.0173016
2,14496,1695609591.0287955
2,14528,1695609591.0410178
2,14560,1695609591.0535083
2,14592,1695609591.0648227
2,14624,1695609591.0799785
2,14656,1695609591.0931711
2,14688,1695609591.10514
2,14720,1695609591.1187894
2,14752,1695609591.131262
2,14784,1695609591.1444263
2,14816,1695609591.1563382
2,14848,1695609591.1700718
2,14880,1695609591.1819837
2,14912,1695609591.1952736
2,14944,1695609591.207763
2,14976,1695609591.220917
2,15008,1695609591.2334707
2,15040,1695609591.2445502
2,15072,1695609591.2628999
2,15104,1695609591.2767556
2,15136,1695609591.287459
2,15168,1695609591.2998664
2,15200,1695609591.315933
2,15232,1695609591.3279293
2,15264,1695609591.3397803
2,15296,1695609591.351659
2,15328,1695609591.367027
2,15360,1695609591.3790848
2,15392,1695609591.390527
2,15424,1695609591.4021401
2,15456,1695609591.4177055
2,15488,1695609591.4296594
2,15520,1695609591.4409385
2,15552,1695609591.452071
2,15584,1695609591.4690287
2,15616,1695609591.4812057
2,15648,1695609591.49362
2,15680,1695609591.5049732
2,15712,1695609591.520309
2,15744,1695609591.5324452
2,15776,1695609591.5454311
2,15808,1695609591.5565088
2,15840,1695609591.5731335
2,15872,1695609591.5851154
2,15904,1695609591.5963907
2,15936,1695609591.6078668
2,15968,1695609591.6269739
2,16000,1695609591.6387334
2,16032,1695609591.6551647
2,16064,1695609591.6688752
2,16096,1695609591.681004
2,16128,1695609591.6964326
2,16160,1695609591.711046
2,16192,1695609591.7251656
2,16224,1695609591.736936
2,16256,1695609591.7489173
2,16288,1695609591.762267
2,16320,1695609591.7744317
2,16352,1695609591.7869391
2,16384,1695609591.8002112
2,16416,1695609591.8124025
2,16448,1695609591.824096
2,16480,1695609591.8375096
2,16512,1695609591.8502638
2,16544,1695609591.8627717
2,16576,1695609591.8766541
2,16608,1695609591.8900661
2,16640,1695609591.9042065
2,16672,1695609591.9163353
2,16704,1695609591.928457
2,16736,1695609591.9401982
2,16768,1695609591.9531722
2,16800,1695609591.966705
2,16832,1695609591.9789069
2,16864,1695609591.9915092
2,16896,1695609592.0043097
2,16928,1695609592.0160537
2,16960,1695609592.0291781
2,16992,1695609592.0434563
2,17024,1695609592.0565233
2,17056,1695609592.0691817
2,17088,1695609592.0808885
2,17120,1695609592.0926805
2,17152,1695609592.1076076
2,17184,1695609592.1205354
2,17216,1695609592.13225
2,17248,1695609592.1499946
2,17280,1695609592.164263
2,17312,1695609592.1774595
2,17344,1695609592.1926699
2,17376,1695609592.2056623
2,17408,1695609592.2179468
2,17440,1695609592.2305832
2,17472,1695609592.244224
2,17504,1695609592.2583635
2,17536,1695609592.271079
2,17568,1695609592.2847912
2,17600,1695609592.2967598
2,17632,1695609592.3088768
2,17664,1695609592.3231091
2,17696,1695609592.3352127
2,17728,1695609592.3489826
2,17760,1695609592.3658214
2,17792,1695609592.3854558
2,17824,1695609592.4029896
2,17856,1695609592.4223902
2,17888,1695609592.4427702
2,17920,1695609592.4624045
2,17952,1695609592.4823813
2,17984,1695609592.5024612
2,18016,1695609592.5256112
2,18048,1695609592.543936
2,18080,1695609592.5627537
2,18112,1695609592.5789812
2,18144,1695609592.5929756
2,18176,1695609592.6066318
2,18208,1695609592.6193812
2,18240,1695609592.632805
2,18272,1695609592.6456287
2,18304,1695609592.6581504
2,18336,1695609592.671925
2,18368,1695609592.684552
2,18400,1695609592.6965144
2,18432,1695609592.7098532
2,18464,1695609592.7241688
2,18496,1695609592.735957
2,18528,1695609592.7500677
2,18560,1695609592.763089
2,18592,1695609592.7763247
2,18624,1695609592.7889721
2,18656,1695609592.801004
2,18688,1695609592.8146298
2,18720,1695609592.8272767
2,18752,1695609592.8402593
2,18784,1695609592.8538742
2,18816,1695609592.8660543
2,18848,1695609592.8796492
2,18880,1695609592.8922863
2,18912,1695609592.9041479
2,18944,1695609592.9159627
2,18976,1695609592.9291112
2,19008,1695609592.9411652
2,19040,1695609592.95466
2,19072,1695609592.9681277
2,19104,1695609592.9810863
2,19136,1695609592.9943588
2,19168,1695609593.0088756
2,19200,1695609593.020783
2,19232,1695609593.0340397
2,19264,1695609593.0463
2,19296,1695609593.0589013
2,19328,1695609593.0724037
2,19360,1695609593.0843885
2,19392,1695609593.0964239
2,19424,1695609593.1100004
2,19456,1695609593.1219378
2,19488,1695609593.1347828
2,19520,1695609593.1485362
2,19552,1695609593.1604724
2,19584,1695609593.175493
2,19616,1695609593.190556
2,19648,1695609593.2035358
2,19680,1695609593.217102
2,19712,1695609593.2289839
2,19744,1695609593.242653
2,19776,1695609593.2552927
2,19808,1695609593.2685597
2,19840,1695609593.287613
2,19872,1695609593.3006752
2,19904,1695609593.3131332
2,19936,1695609593.3264472
2,19968,1695609593.3388367
2,20000,1695609593.3513496
2,20032,1695609593.3648386
2,20064,1695609593.3768585
2,20096,1695609593.3888187
2,20128,1695609593.4029584
2,20160,1695609593.415674
2,20192,1695609593.428925
2,20224,1695609593.4414928
2,20256,1695609593.454746
2,20288,1695609593.466777
2,20320,1695609593.479597
2,20352,1695609593.4929109
2,20384,1695609593.5067477
2,20416,1695609593.5208032
2,20448,1695609593.5325055
2,20480,1695609593.5462568
2,20512,1695609593.5595112
2,20544,1695609593.5718195
2,20576,1695609593.585006
2,20608,1695609593.5973337
2,20640,1695609593.6108205
2,20672,1695609593.6232264
2,20704,1695609593.6365097
2,20736,1695609593.6493485
2,20768,1695609593.6614208
2,20800,1695609593.6752698
2,20832,1695609593.6878376
2,20864,1695609593.6995919
2,20896,1695609593.7120876
2,20928,1695609593.727396
2,20960,1695609593.740762
2,20992,1695609593.7534661
2,21024,1695609593.7652686
2,21056,1695609593.7782955
2,21088,1695609593.7911446
2,21120,1695609593.804122
2,21152,1695609593.8177233
2,21184,1695609593.835246
2,21216,1695609593.84831
2,21248,1695609593.860813
2,21280,1695609593.8740277
2,21312,1695609593.8877985
2,21344,1695609593.8998537
2,21376,1695609593.9115167
2,21408,1695609593.924655
2,21440,1695609593.93898
2,21472,1695609593.9527
2,21504,1695609593.9643755
2,21536,1695609593.9778578
2,21568,1695609593.9979665
2,21600,1695609594.0187352
2,21632,1695609594.0330837
2,21664,1695609594.0463562
2,21696,1695609594.0584872
2,21728,1695609594.0715163
2,21760,1695609594.083755
2,21792,1695609594.0973175
2,21824,1695609594.111546
2,21856,1695609594.1290064
2,21888,1695609594.1436305
2,21920,1695609594.1580405
2,21952,1695609594.1727605
2,21984,1695609594.1870515
2,22016,1695609594.1986215
2,22048,1695609594.2116487
2,22080,1695609594.2249217
2,22112,1695609594.2388196
2,22144,1695609594.2510586
2,22176,1695609594.2637563
2,22208,1695609594.2764494
2,22240,1695609594.2887418
2,22272,1695609594.302645
2,22304,1695609594.3149672
2,22336,1695609594.3278904
2,22368,1695609594.3407903
2,22400,1695609594.3533456
2,22432,1695609594.3668783
2,22464,1695609594.379263
2,22496,1695609594.3917243
2,22528,1695609594.407477
2,22560,1695609594.423762
2,22592,1695609594.4361503
2,22624,1695609594.451637
2,22656,1695609594.4634397
2,22688,1695609594.4793024
2,22720,1695609594.492255
2,22752,1695609594.5048375
2,22784,1695609594.519418
2,22816,1695609594.5325377
2,22848,1695609594.5452027
2,22880,1695609594.55842
2,22912,1695609594.5707862
2,22944,1695609594.5840626
2,22976,1695609594.5966847
2,23008,1695609594.6106052
2,23040,1695609594.6228764
2,23072,1695609594.6353421
2,23104,1695609594.6481292
2,23136,1695609594.6602747
2,23168,1695609594.673141
2,23200,1695609594.6871002
2,23232,1695609594.7000391
2,23264,1695609594.7126381
2,23296,1695609594.7248015
2,23328,1695609594.7394123
2,23360,1695609594.751999
2,23392,1695609594.7653277
2,23424,1695609594.777553
2,23456,1695609594.7909555
2,23488,1695609594.8036041
2,23520,1695609594.8169956
2,23552,1695609594.8299587
2,23584,1695609594.8424115
2,23616,1695609594.8562245
2,23648,1695609594.8680518
2,23680,1695609594.8816946
2,23712,1695609594.8967474
2,23744,1695609594.909839
2,23776,1695609594.9228337
2,23808,1695609594.93584
2,23840,1695609594.948471
2,23872,1695609594.9607282
2,23904,1695609594.9740374
2,23936,1695609594.9860578
2,23968,1695609594.9992602
2,24000,1695609595.011934
2,24032,1695609595.0253706
2,24064,1695609595.0380437
2,24096,1695609595.0514612
2,24128,1695609595.0641344
2,24160,1695609595.0759475
2,24192,1695609595.089473
2,24224,1695609595.1014562
2,24256,1695609595.11484
2,24288,1695609595.1274388
2,24320,1695609595.1391935
2,24352,1695609595.1524463
2,24384,1695609595.1651118
2,24416,1695609595.177242
2,24448,1695609595.1908529
2,24480,1695609595.203197
2,24512,1695609595.2161458
2,24544,1695609595.2290227
2,24576,1695609595.2415504
2,24608,1695609595.255442
2,24640,1695609595.2706707
2,24672,1695609595.2853274
2,24704,1695609595.2982948
2,24736,1695609595.3111026
2,24768,1695609595.3244586
2,24800,1695609595.338315
2,24832,1695609595.3523426
2,24864,1695609595.3645635
2,24896,1695609595.3786707
2,24928,1695609595.3987527
2,24960,1695609595.4191144
2,24992,1695609595.4386652
2,25024,1695609595.4587507
2,25056,1695609595.4789066
2,25088,1695609595.4986064
2,25120,1695609595.517973
2,25152,1695609595.5391252
2,25184,1695609595.559065
2,25216,1695609595.57837
2,25248,1695609595.5981445
2,25280,1695609595.6181164
2,25312,1695609595.637927
2,25344,1695609595.6514993
2,25376,1695609595.667975
2,25408,1695609595.681476
2,25440,1695609595.6933532
2,25472,1695609595.707435
2,25504,1695609595.7204053
2,25536,1695609595.732158
2,25568,1695609595.7451215
2,25600,1695609595.7590811
2,25632,1695609595.7722952
2,25664,1695609595.785552
2,25696,1695609595.7977805
2,25728,1695609595.8114734
2,25760,1695609595.8244224
2,25792,1695609595.8366594
2,25824,1695609595.8502057
2,25856,1695609595.864056
2,25888,1695609595.8761208
2,25920,1695609595.8895473
2,25952,1695609595.902029
2,25984,1695609595.9154294
2,26016,1695609595.9286473
2,26048,1695609595.9411278
2,26080,1695609595.954672
2,26112,1695609595.9670682
2,26144,1695609595.9799232
2,26176,1695609595.993149
2,26208,1695609596.0049992
2,26240,1695609596.0189571
2,26272,1695609596.0317965
2,26304,1695609596.0451012
2,26336,1695609596.057974
2,26368,1695609596.0716105
2,26400,1695609596.0837486
2,26432,1695609596.097148
2,26464,1695609596.109834
2,26496,1695609596.1218102
2,26528,1695609596.1352632
2,26560,1695609596.147631
2,26592,1695609596.158881
2,26624,1695609596.1728258
2,26656,1695609596.1863291
2,26688,1695609596.1990745
2,26720,1695609596.2122922
2,26752,1695609596.2264442
2,26784,1695609596.2409563
2,26816,1695609596.2542453
2,26848,1695609596.2669184
2,26880,1695609596.279722
2,26912,1695609596.292682
2,26944,1695609596.305355
2,26976,1695609596.317339
2,27008,1695609596.33072
2,27040,1695609596.3427713
2,27072,1695609596.3568356
2,27104,1695609596.3698986
2,27136,1695609596.3824592
2,27168,1695609596.3978539
2,27200,1695609596.4115489
2,27232,1695609596.4257624
2,27264,1695609596.4387596
2,27296,1695609596.4527588
2,27328,1695609596.4671776
2,27360,1695609596.482433
2,27392,1695609596.4974854
2,27424,1695609596.510251
2,27456,1695609596.5245607
2,27488,1695609596.5374951
2,27520,1695609596.5525827
2,27552,1695609596.5655305
2,27584,1695609596.5807354
2,27616,1695609596.5935829
2,27648,1695609596.6082196
2,27680,1695609596.6210506
2,27712,1695609596.6339533
2,27744,1695609596.6488357
2,27776,1695609596.663836
2,27808,1695609596.676653
2,27840,1695609596.6914585
2,27872,1695609596.705306
2,27904,1695609596.7192075
2,27936,1695609596.7342992
2,27968,1695609596.7472322
2,28000,1695609596.7613015
2,28032,1695609596.7748199
2,28064,1695609596.789707
2,28096,1695609596.80439
2,28128,1695609596.8172414
2,28160,1695609596.832456
2,28192,1695609596.848052
2,28224,1695609596.8645208
2,28256,1695609596.881254
2,28288,1695609596.8964963
2,28320,1695609596.9090033
2,28352,1695609596.9235961
2,28384,1695609596.9377708
2,28416,1695609596.9530885
2,28448,1695609596.9684572
2,28480,1695609596.9834073
2,28512,1695609596.9967184
2,28544,1695609597.0116792
2,28576,1695609597.0248194
2,28608,1695609597.0374994
2,28640,1695609597.0544305
2,28672,1695609597.072735
2,28704,1695609597.090595
2,28736,1695609597.1108673
2,28768,1695609597.130544
2,28800,1695609597.144246
2,28832,1695609597.1573398
2,28864,1695609597.1714435
2,28896,1695609597.1830428
2,28928,1695609597.1962285
2,28960,1695609597.208993
2,28992,1695609597.2206857
2,29024,1695609597.2343938
2,29056,1695609597.2466896
2,29088,1695609597.2590158
2,29120,1695609597.2718425
2,29152,1695609597.2841148
2,29184,1695609597.295755
2,29216,1695609597.3091655
2,29248,1695609597.3241801
2,29280,1695609597.3376532
2,29312,1695609597.3495913
2,29344,1695609597.3628442
2,29376,1695609597.3751512
2,29408,1695609597.3880525
2,29440,1695609597.400755
2,29472,1695609597.4124308
2,29504,1695609597.4262106
2,29536,1695609597.438606
2,29568,1695609597.4509122
2,29600,1695609597.4638617
2,29632,1695609597.4761086
2,29664,1695609597.4877918
2,29696,1695609597.500435
2,29728,1695609597.5144637
2,29760,1695609597.5282001
2,29792,1695609597.5401442
2,29824,1695609597.5518076
2,29856,1695609597.5651987
2,29888,1695609597.5777855
2,29920,1695609597.5896513
2,29952,1695609597.6029654
2,29984,1695609597.615207
2,30016,1695609597.6267223
2,30048,1695609597.639878
2,30080,1695609597.6528308
2,30112,1695609597.6645153
2,30144,1695609597.6783574
2,30176,1695609597.6907043
2,30208,1695609597.7029817
2,30240,1695609597.7157488
2,30272,1695609597.7272596
2,30304,1695609597.7399263
2,30336,1695609597.7554944
2,30368,1695609597.768377
2,30400,1695609597.780151
2,30432,1695609597.8005927
2,30464,1695609597.81941
2,30496,1695609597.8386593
2,30528,1695609597.8561232
2,30560,1695609597.8755033
2,30592,1695609597.8947914
2,30624,1695609597.9144473
2,30656,1695609597.9346707
2,30688,1695609597.9547665
2,30720,1695609597.9743063
2,30752,1695609597.9944935
2,30784,1695609598.0151746
2,30816,1695609598.0347288
2,30848,1695609598.0544648
2,30880,1695609598.07442
2,30912,1695609598.0946448
2,30944,1695609598.1148584
2,30976,1695609598.134669
2,31008,1695609598.1545208
2,31040,1695609598.1741672
2,31072,1695609598.1943846
2,31104,1695609598.21439
2,31136,1695609598.234539
2,31168,1695609598.254326
2,31200,1695609598.2751281
2,31232,1695609598.2941957
2,31264,1695609598.3167124
2,31296,1695609598.3382375
2,31328,1695609598.3583636
2,31360,1695609598.3801715
2,31392,1695609598.4010317
2,31424,1695609598.4200697
2,31456,1695609598.4410107
2,31488,1695609598.4607623
2,31520,1695609598.4799285
2,31552,1695609598.5008872
2,31584,1695609598.5208929
2,31616,1695609598.5407827
2,31648,1695609598.560845
2,31680,1695609598.5807202
2,31712,1695609598.600937
2,31744,1695609598.6205373
2,31776,1695609598.6411214
2,31808,1695609598.6602902
2,31840,1695609598.680165
2,31872,1695609598.7009113
2,31904,1695609598.7207637
2,31936,1695609598.7406528
2,31968,1695609598.7607715
2,32000,1695609598.7802851
2,32032,1695609598.800852
2,32064,1695609598.8208432
2,32096,1695609598.8406034
2,32128,1695609598.8603942
2,32160,1695609598.881164
2,32192,1695609598.9005737
2,32224,1695609598.9206154
2,32256,1695609598.9412622
2,32288,1695609598.9603708
2,32320,1695609598.9809403
2,32352,1695609599.0006502
2,32384,1695609599.020479
2,32416,1695609599.0403085
2,32448,1695609599.061147
2,32480,1695609599.0806358
2,32512,1695609599.0980558
2,32544,1695609599.1145217
2,32576,1695609599.1301913
2,32608,1695609599.1467836
2,32640,1695609599.1632032
2,32672,1695609599.1778533
2,32704,1695609599.1932034
2,32736,1695609599.2084959
2,32768,1695609599.223416
2,32800,1695609599.2358718
2,32832,1695609599.2506385
2,32864,1695609599.2643597
2,32896,1695609599.278951
2,32928,1695609599.29396
2,32960,1695609599.3068447
2,32992,1695609599.3221116
2,33024,1695609599.3355055
2,33056,1695609599.3494115
2,33088,1695609599.3639603
2,33120,1695609599.3791935
2,33152,1695609599.3928597
2,33184,1695609599.4070728
2,33216,1695609599.422796
2,33248,1695609599.4355307
2,33280,1695609599.450435
2,33312,1695609599.4634976
2,33344,1695609599.4773962
2,33376,1695609599.490428
2,33408,1695609599.5046632
2,33440,1695609599.5175614
2,33472,1695609599.5327551
2,33504,1695609599.548901
2,33536,1695609599.563218
2,33568,1695609599.578304
2,33600,1695609599.590966
2,33632,1695609599.606106
2,33664,1695609599.61903
2,33696,1695609599.6330945
2,33728,1695609599.6464217
2,33760,1695609599.6613479
2,33792,1695609599.6763344
2,33824,1695609599.6891687
2,33856,1695609599.7043617
2,33888,1695609599.7173276
2,33920,1695609599.7299511
2,33952,1695609599.7428648
2,33984,1695609599.757044
2,34016,1695609599.7703118
2,34048,1695609599.7847664
2,34080,1695609599.7974672
2,34112,1695609599.814618
2,34144,1695609599.834804
2,34176,1695609599.8546553
2,34208,1695609599.8728082
2,34240,1695609599.8886256
2,34272,1695609599.9049895
2,34304,1695609599.926223
2,34336,1695609599.9470155
2,34368,1695609599.9686556
2,34400,1695609599.989012
2,34432,1695609600.0075893
2,34464,1695609600.0291789
2,34496,1695609600.0486746
2,34528,1695609600.068318
2,34560,1695609600.0889945
2,34592,1695609600.1090007
2,34624,1695609600.1279378
2,34656,1695609600.149284
2,34688,1695609600.1691828
2,34720,1695609600.191794
2,34752,1695609600.213029
2,34784,1695609600.2326765
2,34816,1695609600.2520897
2,34848,1695609600.2731333
2,34880,1695609600.2927692
2,34912,1695609600.3121405
2,34944,1695609600.33303
2,34976,1695609600.3551888
2,35008,1695609600.3749797
2,35040,1695609600.3930485
2,35072,1695609600.4110618
2,35104,1695609600.4329338
2,35136,1695609600.4576154
2,35168,1695609600.4798052
2,35200,1695609600.5010872
2,35232,1695609600.5204606
2,35264,1695609600.5402203
2,35296,1695609600.5610535
2,35328,1695609600.5806031
2,35360,1695609600.600444
2,35392,1695609600.6211753
2,35424,1695609600.6405964
2,35456,1695609600.6604505
2,35488,1695609600.6810572
2,35520,1695609600.7009792
2,35552,1695609600.719998
2,35584,1695609600.7385
2,35616,1695609600.7577407
2,35648,1695609600.7812984
2,35680,1695609600.8008866
2,35712,1695609600.8193257
2,35744,1695609600.838534
2,35776,1695609600.8575406
2,35808,1695609600.8793478
2,35840,1695609600.8984654
2,35872,1695609600.915825
2,35904,1695609600.9354222
2,35936,1695609600.954066
2,35968,1695609600.9726567
2,36000,1695609600.9921274
2,36032,1695609601.0130599
2,36064,1695609601.0321317
2,36096,1695609601.0505488
2,36128,1695609601.069757
2,36160,1695609601.0924404
2,36192,1695609601.1126988
2,36224,1695609601.1322317
2,36256,1695609601.153232
2,36288,1695609601.171676
2,36320,1695609601.1919749
2,36352,1695609601.210714
2,36384,1695609601.229348
2,36416,1695609601.246888
2,36448,1695609601.2621584
2,36480,1695609601.2748673
2,36512,1695609601.288874
2,36544,1695609601.301371
2,36576,1695609601.3169303
2,36608,1695609601.3288658
2,36640,1695609601.3436298
2,36672,1695609601.3590076
2,36704,1695609601.3741953
2,36736,1695609601.390879
2,36768,1695609601.4044228
2,36800,1695609601.4187481
2,36832,1695609601.4330857
2,36864,1695609601.4476209
2,36896,1695609601.4621553
2,36928,1695609601.475981
2,36960,1695609601.489507
2,36992,1695609601.5050366
2,37024,1695609601.519921
2,37056,1695609601.5349429
2,37088,1695609601.5482304
2,37120,1695609601.5729907
2,37152,1695609601.5905285
2,37184,1695609601.603917
2,37216,1695609601.6167593
2,37248,1695609601.633688
2,37280,1695609601.654295
2,37312,1695609601.6742315
2,37344,1695609601.696165
2,37376,1695609601.7145088
2,37408,1695609601.7311049
2,37440,1695609601.7504892
2,37472,1695609601.7699533
2,37504,1695609601.7912617
2,37536,1695609601.80947
2,37568,1695609601.8301325
2,37600,1695609601.8485508
2,37632,1695609601.868019
2,37664,1695609601.8887818
2,37696,1695609601.908831
2,37728,1695609601.9278612
2,37760,1695609601.9467893
2,37792,1695609601.9653733
2,37824,1695609601.9880922
2,37856,1695609602.0087771
2,37888,1695609602.0288224
2,37920,1695609602.048575
2,37952,1695609602.0680225
2,37984,1695609602.0886254
2,38016,1695609602.1086128
2,38048,1695609602.1284904
2,38080,1695609602.148888
2,38112,1695609602.1680388
2,38144,1695609602.186867
2,38176,1695609602.2064307
2,38208,1695609602.2285652
2,38240,1695609602.248706
2,38272,1695609602.2684596
2,38304,1695609602.2891436
2,38336,1695609602.3087254
2,38368,1695609602.3274531
2,38400,1695609602.3460596
2,38432,1695609602.3657548
2,38464,1695609602.3861992
2,38496,1695609602.4075062
2,38528,1695609602.4267535
2,38560,1695609602.4452448
2,38592,1695609602.4680376
2,38624,1695609602.4888704
2,38656,1695609602.5087802
2,38688,1695609602.5289292
2,38720,1695609602.5489762
2,38752,1695609602.5678198
2,38784,1695609602.58642
2,38816,1695609602.6057796
2,38848,1695609602.6280627
2,38880,1695609602.6488805
2,38912,1695609602.6686006
2,38944,1695609602.6888683
2,38976,1695609602.7088313
2,39008,1695609602.727878
2,39040,1695609602.7464418
2,39072,1695609602.7633486
2,39104,1695609602.7830644
2,39136,1695609602.802373
2,39168,1695609602.8214421
2,39200,1695609602.841562
2,39232,1695609602.86329
2,39264,1695609602.8824868
2,39296,1695609602.9013007
2,39328,1695609602.9221792
2,39360,1695609602.944999
2,39392,1695609602.9649246
2,39424,1695609602.9841588
2,39456,1695609603.0050013
2,39488,1695609603.024833
2,39520,1695609603.0438066
2,39552,1695609603.0627542
2,39584,1695609603.0815363
2,39616,1695609603.1024787
2,39648,1695609603.1222708
2,39680,1695609603.1426373
2,39712,1695609603.1622932
2,39744,1695609603.1769938
2,39776,1695609603.1914237
2,39808,1695609603.2145884
2,39840,1695609603.2326581
2,39872,1695609603.2508624
2,39904,1695609603.2699623
2,39936,1695609603.2892034
2,39968,1695609603.3107407
2,40000,1695609603.3330853
2,40032,1695609603.3518307
2,40064,1695609603.3709362
2,40096,1695609603.3897984
2,40128,1695609603.412464
2,40160,1695609603.432893
2,40192,1695609603.4528208
2,40224,1695609603.4726055
2,40256,1695609603.4929154
2,40288,1695609603.5119863
2,40320,1695609603.5267117
2,40352,1695609603.539626
2,40384,1695609603.5578582
2,40416,1695609603.5782535
2,40448,1695609603.5978034
2,40480,1695609603.6182125
2,40512,1695609603.634117
2,40544,1695609603.650438
2,40576,1695609603.66512
2,40608,1695609603.680575
2,40640,1695609603.6957593
2,40672,1695609603.7114878
2,40704,1695609603.7276833
2,40736,1695609603.7414637
2,40768,1695609603.7563748
2,40800,1695609603.7692866
2,40832,1695609603.784342
2,40864,1695609603.797271
2,40896,1695609603.8139439
2,40928,1695609603.827643
2,40960,1695609603.8424954
2,40992,1695609603.8586044
2,41024,1695609603.8716938
2,41056,1695609603.8853643
2,41088,1695609603.8988128
2,41120,1695609603.913179
2,41152,1695609603.9280872
2,41184,1695609603.9440973
2,41216,1695609603.9590359
2,41248,1695609603.974157
2,41280,1695609603.9870884
2,41312,1695609604.0013182
2,41344,1695609604.0143108
2,41376,1695609604.0270686
2,41408,1695609604.0407288
2,41440,1695609604.0529113
2,41472,1695609604.066613
2,41504,1695609604.079618
2,41536,1695609604.0932498
2,41568,1695609604.106037
2,41600,1695609604.1202135
2,41632,1695609604.1330874
2,41664,1695609604.147871
2,41696,1695609604.160056
2,41728,1695609604.1843543
2,41760,1695609604.2051136
2,41792,1695609604.2241814
2,41824,1695609604.2451727
2,41856,1695609604.2579548
2,41888,1695609604.2704117
2,41920,1695609604.282215
2,41952,1695609604.2939124
2,41984,1695609604.3063607
2,42016,1695609604.3181674
2,42048,1695609604.329829
2,42080,1695609604.3425725
2,42112,1695609604.3541243
2,42144,1695609604.3657913
2,42176,1695609604.3782277
2,42208,1695609604.3900683
2,42240,1695609604.4016917
2,42272,1695609604.4145167
2,42304,1695609604.426179
2,42336,1695609604.4377964
2,42368,1695609604.4500933
2,42400,1695609604.4617941
2,42432,1695609604.4732702
2,42464,1695609604.4859097
2,42496,1695609604.4977021
2,42528,1695609604.5091372
2,42560,1695609604.5217166
2,42592,1695609604.5336223
2,42624,1695609604.544942
2,42656,1695609604.5599568
2,42688,1695609604.5714781
2,42720,1695609604.5842314
2,42752,1695609604.5962634
2,42784,1695609604.6081557
2,42816,1695609604.6194487
2,42848,1695609604.6319497
2,42880,1695609604.643863
2,42912,1695609604.6566246
2,42944,1695609604.668592
2,42976,1695609604.679897
2,43008,1695609604.6913216
2,43040,1695609604.7038891
2,43072,1695609604.7159402
2,43104,1695609604.7273393
2,43136,1695609604.7399523
2,43168,1695609604.7519333
2,43200,1695609604.7635965
2,43232,1695609604.7761579
2,43264,1695609604.7882972
2,43296,1695609604.799664
2,43328,1695609604.8111289
2,43360,1695609604.8237212
2,43392,1695609604.835749
2,43424,1695609604.8473363
2,43456,1695609604.8599975
2,43488,1695609604.8722358
2,43520,1695609604.885825
2,43552,1695609604.8988113
2,43584,1695609604.9129746
2,43616,1695609604.9263268
2,43648,1695609604.940988
2,43680,1695609604.9540412
2,43712,1695609604.9672859
2,43744,1695609604.9799228
2,43776,1695609604.9945934
2,43808,1695609605.008202
2,43840,1695609605.0227616
2,43872,1695609605.0378263
2,43904,1695609605.0505302
2,43936,1695609605.0642357
2,43968,1695609605.0778944
2,44000,1695609605.0907078
2,44032,1695609605.1047454
2,44064,1695609605.1176198
2,44096,1695609605.132785
2,44128,1695609605.145493
2,44160,1695609605.1600904
2,44192,1695609605.1728857
2,44224,1695609605.1898777
2,44256,1695609605.2034683
2,44288,1695609605.220862
2,44320,1695609605.2358892
2,44352,1695609605.2477002
2,44384,1695609605.2612798
2,44416,1695609605.2774951
2,44448,1695609605.2935674
2,44480,1695609605.309393
2,44512,1695609605.3222566
2,44544,1695609605.3365605
2,44576,1695609605.3494575
2,44608,1695609605.3649049
2,44640,1695609605.3802009
2,44672,1695609605.3930378
2,44704,1695609605.409403
2,44736,1695609605.4227247
2,44768,1695609605.4375923
2,44800,1695609605.4503047
2,44832,1695609605.4654124
2,44864,1695609605.4779973
2,44896,1695609605.4918056
2,44928,1695609605.5044668
2,44960,1695609605.5209033
2,44992,1695609605.5460587
2,45024,1695609605.5647666
2,45056,1695609605.5834491
2,45088,1695609605.6051898
2,45120,1695609605.62428
2,45152,1695609605.6439724
2,45184,1695609605.665174
2,45216,1695609605.684739
2,45248,1695609605.70482
2,45280,1695609605.7243948
2,45312,1695609605.744289
2,45344,1695609605.7627265
2,45376,1695609605.7811673
2,45408,1695609605.7965405
2,45440,1695609605.8122876
2,45472,1695609605.8268042
2,45504,1695609605.846438
2,45536,1695609605.86694
2,45568,1695609605.8881133
2,45600,1695609605.9093068
2,45632,1695609605.9283748
2,45664,1695609605.949113
2,45696,1695609605.9670699
2,45728,1695609605.9887745
2,45760,1695609606.0092418
2,45792,1695609606.0275483
2,45824,1695609606.0484946
2,45856,1695609606.069224
2,45888,1695609606.0877345
2,45920,1695609606.1070142
2,45952,1695609606.126615
2,45984,1695609606.14651
2,46016,1695609606.166645
2,46048,1695609606.1867926
2,46080,1695609606.2073953
2,46112,1695609606.230717
2,46144,1695609606.2484214
2,46176,1695609606.2680376
2,46208,1695609606.2891278
2,46240,1695609606.3081672
2,46272,1695609606.3288376
2,46304,1695609606.348347
2,46336,1695609606.368156
2,46368,1695609606.3889863
2,46400,1695609606.4076962
2,46432,1695609606.429148
2,46464,1695609606.4486258
2,46496,1695609606.4682853
2,46528,1695609606.488867
2,46560,1695609606.5088782
