epoch,trained_sample,time
1,0,1696071997.320814
1,128,1696071998.6700733
1,256,1696071998.6932535
1,384,1696071998.7130196
1,512,1696071998.7338958
1,640,1696071998.7538366
1,768,1696071998.7762194
1,896,1696071998.7978225
1,1024,1696071998.819061
1,1152,1696071998.8499956
1,1280,1696071998.866029
1,1408,1696071998.8946226
1,1536,1696071998.9107149
1,1664,1696071998.9358587
1,1792,1696071998.9571304
1,1920,1696071998.9760523
1,2048,1696071999.0001526
1,2176,1696071999.021229
1,2304,1696071999.048452
1,2432,1696071999.0647733
1,2560,1696071999.0850818
1,2688,1696071999.1140053
1,2816,1696071999.1299834
1,2944,1696071999.1584475
1,3072,1696071999.1746292
1,3200,1696071999.1944077
1,3328,1696071999.2150724
1,3456,1696071999.2431862
1,3584,1696071999.2684002
1,3712,1696071999.2941985
1,3840,1696071999.3220186
1,3968,1696071999.3411937
1,4096,1696071999.3604248
1,4224,1696071999.3869126
1,4352,1696071999.4065616
1,4480,1696071999.4333072
1,4608,1696071999.453166
1,4736,1696071999.4689531
1,4864,1696071999.4875941
1,4992,1696071999.5062037
1,5120,1696071999.5301752
1,5248,1696071999.5481446
1,5376,1696071999.5664246
1,5504,1696071999.5883818
1,5632,1696071999.608778
1,5760,1696071999.6283603
1,5888,1696071999.6469004
1,6016,1696071999.667134
1,6144,1696071999.6894786
1,6272,1696071999.7083867
1,6400,1696071999.7252986
1,6528,1696071999.754951
1,6656,1696071999.7742531
1,6784,1696071999.8027334
1,6912,1696071999.8287995
1,7040,1696071999.8544583
1,7168,1696071999.8769813
1,7296,1696071999.899555
1,7424,1696071999.9216383
1,7552,1696071999.9418466
1,7680,1696071999.9623349
1,7808,1696071999.9824362
1,7936,1696072000.004138
1,8064,1696072000.025371
1,8192,1696072000.0469854
1,8320,1696072000.0667603
1,8448,1696072000.0881195
1,8576,1696072000.1087465
1,8704,1696072000.1258574
1,8832,1696072000.1472247
1,8960,1696072000.167955
1,9088,1696072000.1873295
1,9216,1696072000.207597
1,9344,1696072000.228781
1,9472,1696072000.248663
1,9600,1696072000.2669342
1,9728,1696072000.2876945
1,9856,1696072000.3063364
1,9984,1696072000.326016
1,10112,1696072000.3479464
1,10240,1696072000.3691175
1,10368,1696072000.392687
1,10496,1696072000.413188
1,10624,1696072000.4290974
1,10752,1696072000.4519234
1,10880,1696072000.472655
1,11008,1696072000.490693
1,11136,1696072000.5113764
1,11264,1696072000.5349276
1,11392,1696072000.554173
1,11520,1696072000.5739079
1,11648,1696072000.5987313
1,11776,1696072000.6185095
1,11904,1696072000.6408825
1,12032,1696072000.6638227
1,12160,1696072000.6845171
1,12288,1696072000.7073064
1,12416,1696072000.7313068
1,12544,1696072000.753425
1,12672,1696072000.784786
1,12800,1696072000.8012893
1,12928,1696072000.821597
1,13056,1696072000.8437152
1,13184,1696072000.8625603
1,13312,1696072000.889278
1,13440,1696072000.9136338
1,13568,1696072000.9337375
1,13696,1696072000.957749
1,13824,1696072000.9770474
1,13952,1696072000.9949543
1,14080,1696072001.0147672
1,14208,1696072001.039848
1,14336,1696072001.0561733
1,14464,1696072001.0764802
1,14592,1696072001.0953555
1,14720,1696072001.1208658
1,14848,1696072001.1394646
1,14976,1696072001.1581376
1,15104,1696072001.1774895
1,15232,1696072001.1982536
1,15360,1696072001.2180007
1,15488,1696072001.2381217
1,15616,1696072001.2580955
1,15744,1696072001.2779424
1,15872,1696072001.298031
1,16000,1696072001.317576
1,16128,1696072001.3418329
1,16256,1696072001.3602018
1,16384,1696072001.3800848
1,16512,1696072001.4025648
1,16640,1696072001.42281
1,16768,1696072001.4449017
1,16896,1696072001.463484
1,17024,1696072001.4840252
1,17152,1696072001.506613
1,17280,1696072001.5263548
1,17408,1696072001.5459242
1,17536,1696072001.566345
1,17664,1696072001.5861363
1,17792,1696072001.612577
1,17920,1696072001.630949
1,18048,1696072001.6488729
1,18176,1696072001.6700165
1,18304,1696072001.696747
1,18432,1696072001.7148647
1,18560,1696072001.7335377
1,18688,1696072001.7605317
1,18816,1696072001.7846892
1,18944,1696072001.802873
1,19072,1696072001.8217893
1,19200,1696072001.8421826
1,19328,1696072001.862504
1,19456,1696072001.8818223
1,19584,1696072001.9044466
1,19712,1696072001.9239807
1,19840,1696072001.944056
1,19968,1696072001.9666905
1,20096,1696072001.986153
1,20224,1696072002.0062625
1,20352,1696072002.0275269
1,20480,1696072002.0469956
1,20608,1696072002.0657387
1,20736,1696072002.0859916
1,20864,1696072002.101844
1,20992,1696072002.1248784
1,21120,1696072002.1495647
1,21248,1696072002.1702468
1,21376,1696072002.1899364
1,21504,1696072002.220588
1,21632,1696072002.2434733
1,21760,1696072002.2644792
1,21888,1696072002.2878509
1,22016,1696072002.3085523
1,22144,1696072002.330296
1,22272,1696072002.3564293
1,22400,1696072002.3787096
1,22528,1696072002.4105961
1,22656,1696072002.4318943
1,22784,1696072002.449826
1,22912,1696072002.4768975
1,23040,1696072002.494933
1,23168,1696072002.5128474
1,23296,1696072002.533668
1,23424,1696072002.5537403
1,23552,1696072002.5731626
1,23680,1696072002.5960248
1,23808,1696072002.6180823
1,23936,1696072002.6391194
1,24064,1696072002.657498
1,24192,1696072002.6787612
1,24320,1696072002.7052739
1,24448,1696072002.7238455
1,24576,1696072002.7437568
1,24704,1696072002.7679808
1,24832,1696072002.7905257
1,24960,1696072002.80993
1,25088,1696072002.8331375
1,25216,1696072002.852513
1,25344,1696072002.870673
1,25472,1696072002.8929882
1,25600,1696072002.9127743
1,25728,1696072002.930096
1,25856,1696072002.9529529
1,25984,1696072002.97314
1,26112,1696072002.9911113
1,26240,1696072003.0125976
1,26368,1696072003.0326774
1,26496,1696072003.0513442
1,26624,1696072003.072418
1,26752,1696072003.0925448
1,26880,1696072003.1122737
1,27008,1696072003.1309862
1,27136,1696072003.1516337
1,27264,1696072003.1732473
1,27392,1696072003.1928256
1,27520,1696072003.210168
1,27648,1696072003.2319188
1,27776,1696072003.251799
1,27904,1696072003.2723312
1,28032,1696072003.2947395
1,28160,1696072003.3146567
1,28288,1696072003.3408132
1,28416,1696072003.3681686
1,28544,1696072003.3880188
1,28672,1696072003.4081748
1,28800,1696072003.4308414
1,28928,1696072003.4502187
1,29056,1696072003.4704154
1,29184,1696072003.489563
1,29312,1696072003.5138462
1,29440,1696072003.5411384
1,29568,1696072003.560768
1,29696,1696072003.579733
1,29824,1696072003.6026702
1,29952,1696072003.623185
1,30080,1696072003.6438594
1,30208,1696072003.6648333
1,30336,1696072003.6870005
1,30464,1696072003.7056458
1,30592,1696072003.7261066
1,30720,1696072003.750401
1,30848,1696072003.7687945
1,30976,1696072003.7869232
1,31104,1696072003.8089814
1,31232,1696072003.828942
1,31360,1696072003.8471975
1,31488,1696072003.8682492
1,31616,1696072003.8877504
1,31744,1696072003.909894
1,31872,1696072003.9319932
1,32000,1696072003.9530334
1,32128,1696072003.9774766
1,32256,1696072003.9954786
1,32384,1696072004.0131087
1,32512,1696072004.0403385
1,32640,1696072004.0590785
1,32768,1696072004.0772974
1,32896,1696072004.103205
1,33024,1696072004.130426
1,33152,1696072004.1490538
1,33280,1696072004.1670914
1,33408,1696072004.1882596
1,33536,1696072004.2076674
1,33664,1696072004.226834
1,33792,1696072004.2476737
1,33920,1696072004.2677648
1,34048,1696072004.2887747
1,34176,1696072004.3087435
1,34304,1696072004.328707
1,34432,1696072004.3504815
1,34560,1696072004.3725722
1,34688,1696072004.39242
1,34816,1696072004.4113107
1,34944,1696072004.43225
1,35072,1696072004.4547417
1,35200,1696072004.4741583
1,35328,1696072004.4932816
1,35456,1696072004.5140336
1,35584,1696072004.534788
1,35712,1696072004.558039
1,35840,1696072004.5851607
1,35968,1696072004.6067817
1,36096,1696072004.6295466
1,36224,1696072004.6516373
1,36352,1696072004.6762567
1,36480,1696072004.7024772
1,36608,1696072004.7250106
1,36736,1696072004.7493827
1,36864,1696072004.770727
1,36992,1696072004.7953103
1,37120,1696072004.8175387
1,37248,1696072004.8447607
1,37376,1696072004.869258
1,37504,1696072004.8936687
1,37632,1696072004.9149432
1,37760,1696072004.935091
1,37888,1696072004.957451
1,38016,1696072004.9801614
1,38144,1696072005.0002918
1,38272,1696072005.0199883
1,38400,1696072005.0424778
1,38528,1696072005.0619202
1,38656,1696072005.0837774
1,38784,1696072005.10406
1,38912,1696072005.1243649
1,39040,1696072005.144469
1,39168,1696072005.1633494
1,39296,1696072005.1845279
1,39424,1696072005.2067826
1,39552,1696072005.226707
1,39680,1696072005.251254
1,39808,1696072005.2724483
1,39936,1696072005.2946706
1,40064,1696072005.3138976
1,40192,1696072005.3355594
1,40320,1696072005.3573809
1,40448,1696072005.3787153
1,40576,1696072005.39792
1,40704,1696072005.4195085
1,40832,1696072005.4415362
1,40960,1696072005.4628444
1,41088,1696072005.4818094
1,41216,1696072005.503927
1,41344,1696072005.5257022
1,41472,1696072005.5466325
1,41600,1696072005.565969
1,41728,1696072005.592837
1,41856,1696072005.6138585
1,41984,1696072005.6342828
1,42112,1696072005.6536405
1,42240,1696072005.680865
1,42368,1696072005.7013614
1,42496,1696072005.726846
1,42624,1696072005.7490456
1,42752,1696072005.7746115
1,42880,1696072005.8001883
1,43008,1696072005.8188074
1,43136,1696072005.848855
1,43264,1696072005.870366
1,43392,1696072005.8971395
1,43520,1696072005.9258318
1,43648,1696072005.9500308
1,43776,1696072005.9763753
1,43904,1696072006.0003324
1,44032,1696072006.0249944
1,44160,1696072006.0416806
1,44288,1696072006.0681581
1,44416,1696072006.088133
1,44544,1696072006.1174982
1,44672,1696072006.139609
1,44800,1696072006.1657274
1,44928,1696072006.1862044
1,45056,1696072006.2116268
1,45184,1696072006.2348614
1,45312,1696072006.259888
1,45440,1696072006.2826278
1,45568,1696072006.3022678
1,45696,1696072006.3279295
1,45824,1696072006.349077
1,45952,1696072006.369704
1,46080,1696072006.3947237
1,46208,1696072006.414422
1,46336,1696072006.4354188
1,46464,1696072006.4580035
1,46592,1696072006.478976
1,46720,1696072006.4998963
1,46848,1696072006.5208666
1,46976,1696072006.540446
1,47104,1696072006.5588853
1,47232,1696072006.5795174
1,47360,1696072006.5994925
1,47488,1696072006.6194293
1,47616,1696072006.640106
1,47744,1696072006.6621618
1,47872,1696072006.6785486
1,48000,1696072006.6992495
1,48128,1696072006.7173488
1,48256,1696072006.7351353
1,48384,1696072006.7547631
1,48512,1696072006.7787423
1,48640,1696072006.7985513
1,48768,1696072006.8206527
1,48896,1696072006.840916
1,49024,1696072006.8592055
1,49152,1696072006.8777676
1,49280,1696072006.8954961
1,49408,1696072006.9130015
1,49536,1696072006.9307005
1,49664,1696072006.9478264
1,49792,1696072006.966006
1,49920,1696072006.983571
1,50000,1696072007.0052762
2,128,1696072007.375791
2,256,1696072007.3974347
2,384,1696072007.4196734
2,512,1696072007.4379609
2,640,1696072007.4636674
2,768,1696072007.4864187
2,896,1696072007.5081732
2,1024,1696072007.5265439
2,1152,1696072007.5511909
2,1280,1696072007.574595
2,1408,1696072007.596521
2,1536,1696072007.6151478
2,1664,1696072007.6393318
2,1792,1696072007.662839
2,1920,1696072007.6849504
2,2048,1696072007.7031114
2,2176,1696072007.726982
2,2304,1696072007.7510073
2,2432,1696072007.772726
2,2560,1696072007.7903123
2,2688,1696072007.8148654
2,2816,1696072007.8371694
2,2944,1696072007.857912
2,3072,1696072007.872071
2,3200,1696072007.8954973
2,3328,1696072007.9176085
2,3456,1696072007.9383886
2,3584,1696072007.952083
2,3712,1696072007.9765327
2,3840,1696072007.9985318
2,3968,1696072008.019752
2,4096,1696072008.0348506
2,4224,1696072008.0582554
2,4352,1696072008.0803487
2,4480,1696072008.1008708
2,4608,1696072008.1203063
2,4736,1696072008.1455853
2,4864,1696072008.1706357
2,4992,1696072008.1927783
2,5120,1696072008.2121055
2,5248,1696072008.2365124
2,5376,1696072008.2578208
2,5504,1696072008.2778335
2,5632,1696072008.2927506
2,5760,1696072008.3145342
2,5888,1696072008.3342574
2,6016,1696072008.349576
2,6144,1696072008.367482
2,6272,1696072008.3851871
2,6400,1696072008.4020593
2,6528,1696072008.4181094
2,6656,1696072008.4371161
2,6784,1696072008.4569914
2,6912,1696072008.4756594
2,7040,1696072008.4945438
2,7168,1696072008.51478
2,7296,1696072008.5342007
2,7424,1696072008.552604
2,7552,1696072008.5732021
2,7680,1696072008.5914545
2,7808,1696072008.6103354
2,7936,1696072008.6305552
2,8064,1696072008.650341
2,8192,1696072008.6743512
2,8320,1696072008.6970987
2,8448,1696072008.7187965
2,8576,1696072008.7389185
2,8704,1696072008.7631457
2,8832,1696072008.7866244
2,8960,1696072008.8095088
2,9088,1696072008.8304904
2,9216,1696072008.850271
2,9344,1696072008.8755755
2,9472,1696072008.89695
2,9600,1696072008.9186537
2,9728,1696072008.9337368
2,9856,1696072008.9566095
2,9984,1696072008.9784384
2,10112,1696072008.99919
2,10240,1696072009.0244644
2,10368,1696072009.0449405
2,10496,1696072009.0658832
2,10624,1696072009.0860896
2,10752,1696072009.1061494
2,10880,1696072009.1264632
2,11008,1696072009.1537926
2,11136,1696072009.1720757
2,11264,1696072009.189707
2,11392,1696072009.2145228
2,11520,1696072009.2373195
2,11648,1696072009.2619371
2,11776,1696072009.2821765
2,11904,1696072009.3020306
2,12032,1696072009.3239417
2,12160,1696072009.3478985
2,12288,1696072009.368066
2,12416,1696072009.3910022
2,12544,1696072009.411138
2,12672,1696072009.433114
2,12800,1696072009.4548142
2,12928,1696072009.4746351
2,13056,1696072009.498964
2,13184,1696072009.5200255
2,13312,1696072009.5438628
2,13440,1696072009.5640264
2,13568,1696072009.5867932
2,13696,1696072009.6020236
2,13824,1696072009.6255848
2,13952,1696072009.648565
2,14080,1696072009.671088
2,14208,1696072009.691115
2,14336,1696072009.7143044
2,14464,1696072009.736108
2,14592,1696072009.7615683
2,14720,1696072009.7801988
2,14848,1696072009.797072
2,14976,1696072009.8226292
2,15104,1696072009.846091
2,15232,1696072009.8669217
2,15360,1696072009.8906016
2,15488,1696072009.914658
2,15616,1696072009.936489
2,15744,1696072009.9583778
2,15872,1696072009.978588
2,16000,1696072009.9973938
2,16128,1696072010.0180914
2,16256,1696072010.038886
2,16384,1696072010.0579524
2,16512,1696072010.08226
2,16640,1696072010.1029236
2,16768,1696072010.125149
2,16896,1696072010.146879
2,17024,1696072010.1669126
2,17152,1696072010.1906826
2,17280,1696072010.2061567
2,17408,1696072010.229847
2,17536,1696072010.2523568
2,17664,1696072010.2682164
2,17792,1696072010.2873313
2,17920,1696072010.3085713
2,18048,1696072010.3272457
2,18176,1696072010.3462052
2,18304,1696072010.3664303
2,18432,1696072010.3868332
2,18560,1696072010.4068244
2,18688,1696072010.4269109
2,18816,1696072010.446355
2,18944,1696072010.4667253
2,19072,1696072010.4867651
2,19200,1696072010.5066535
2,19328,1696072010.5264223
2,19456,1696072010.5461383
2,19584,1696072010.5708492
2,19712,1696072010.592202
2,19840,1696072010.614788
2,19968,1696072010.6356347
2,20096,1696072010.658298
2,20224,1696072010.6803904
2,20352,1696072010.702423
2,20480,1696072010.7224762
2,20608,1696072010.7486057
2,20736,1696072010.7697864
2,20864,1696072010.789915
2,20992,1696072010.8105834
2,21120,1696072010.8308344
2,21248,1696072010.849942
2,21376,1696072010.870253
2,21504,1696072010.8885524
2,21632,1696072010.906038
2,21760,1696072010.9267058
2,21888,1696072010.9465904
2,22016,1696072010.9660952
2,22144,1696072010.9872148
2,22272,1696072011.006873
2,22400,1696072011.0262542
2,22528,1696072011.046543
2,22656,1696072011.07109
2,22784,1696072011.0919788
2,22912,1696072011.1142662
2,23040,1696072011.1357024
2,23168,1696072011.1566293
2,23296,1696072011.176764
2,23424,1696072011.1981127
2,23552,1696072011.2160425
2,23680,1696072011.2377076
2,23808,1696072011.2541094
2,23936,1696072011.2771556
2,24064,1696072011.2973022
2,24192,1696072011.3133194
2,24320,1696072011.3380756
2,24448,1696072011.3624582
2,24576,1696072011.3779612
2,24704,1696072011.399888
2,24832,1696072011.4231842
2,24960,1696072011.4436975
2,25088,1696072011.4666824
2,25216,1696072011.488168
2,25344,1696072011.5109103
2,25472,1696072011.5317154
2,25600,1696072011.5545518
2,25728,1696072011.5699813
2,25856,1696072011.5924
2,25984,1696072011.6145616
2,26112,1696072011.6360302
2,26240,1696072011.658849
2,26368,1696072011.6796246
2,26496,1696072011.7029078
2,26624,1696072011.7238305
2,26752,1696072011.744984
2,26880,1696072011.7688084
2,27008,1696072011.790501
2,27136,1696072011.8104048
2,27264,1696072011.837054
2,27392,1696072011.8575637
2,27520,1696072011.8765612
2,27648,1696072011.9004557
2,27776,1696072011.9221816
2,27904,1696072011.9394042
2,28032,1696072011.960356
2,28160,1696072011.9841125
2,28288,1696072012.005734
2,28416,1696072012.0276396
2,28544,1696072012.0496671
2,28672,1696072012.071431
2,28800,1696072012.092312
2,28928,1696072012.120048
2,29056,1696072012.1432126
2,29184,1696072012.1648283
2,29312,1696072012.1877024
2,29440,1696072012.2107966
2,29568,1696072012.2279427
2,29696,1696072012.2491732
2,29824,1696072012.2672594
2,29952,1696072012.288666
2,30080,1696072012.3117971
2,30208,1696072012.3331492
2,30336,1696072012.3585625
2,30464,1696072012.3752668
2,30592,1696072012.3963237
2,30720,1696072012.4199338
2,30848,1696072012.4410932
2,30976,1696072012.4590795
2,31104,1696072012.4806368
2,31232,1696072012.5040507
2,31360,1696072012.5266175
2,31488,1696072012.5487192
2,31616,1696072012.5759687
2,31744,1696072012.599468
2,31872,1696072012.62342
2,32000,1696072012.6473482
2,32128,1696072012.669476
2,32256,1696072012.691648
2,32384,1696072012.7135043
2,32512,1696072012.7353752
2,32640,1696072012.758812
2,32768,1696072012.7827737
2,32896,1696072012.8051298
2,33024,1696072012.827907
2,33152,1696072012.8496912
2,33280,1696072012.8714795
2,33408,1696072012.8922224
2,33536,1696072012.9207587
2,33664,1696072012.9422996
2,33792,1696072012.9687016
2,33920,1696072012.9911096
2,34048,1696072013.013074
2,34176,1696072013.0358489
2,34304,1696072013.0568113
2,34432,1696072013.081661
2,34560,1696072013.1019504
2,34688,1696072013.1270297
2,34816,1696072013.1499426
2,34944,1696072013.1759238
2,35072,1696072013.1978564
2,35200,1696072013.2197115
2,35328,1696072013.2428372
2,35456,1696072013.2661443
2,35584,1696072013.2874486
2,35712,1696072013.3090143
2,35840,1696072013.3319752
2,35968,1696072013.3536065
2,36096,1696072013.3754148
2,36224,1696072013.397131
2,36352,1696072013.4195058
2,36480,1696072013.4412208
2,36608,1696072013.466645
2,36736,1696072013.487138
2,36864,1696072013.512736
2,36992,1696072013.5389664
2,37120,1696072013.5622818
2,37248,1696072013.588615
2,37376,1696072013.6099622
2,37504,1696072013.632723
2,37632,1696072013.6547964
2,37760,1696072013.6697276
2,37888,1696072013.689812
2,38016,1696072013.7102985
2,38144,1696072013.7306952
2,38272,1696072013.7507172
2,38400,1696072013.7705107
2,38528,1696072013.7910442
2,38656,1696072013.810837
2,38784,1696072013.8306968
2,38912,1696072013.8510675
2,39040,1696072013.870536
2,39168,1696072013.890465
2,39296,1696072013.9102008
2,39424,1696072013.9305649
2,39552,1696072013.9504697
2,39680,1696072013.9706779
2,39808,1696072013.9906034
2,39936,1696072014.0102854
2,40064,1696072014.0303595
2,40192,1696072014.0506577
2,40320,1696072014.0706346
2,40448,1696072014.0907214
2,40576,1696072014.1151612
2,40704,1696072014.135602
2,40832,1696072014.15924
2,40960,1696072014.1796708
2,41088,1696072014.2011836
2,41216,1696072014.2261534
2,41344,1696072014.2421532
2,41472,1696072014.2656415
2,41600,1696072014.2816038
2,41728,1696072014.306468
2,41856,1696072014.327749
2,41984,1696072014.3507655
2,42112,1696072014.3723161
2,42240,1696072014.3944228
2,42368,1696072014.4156258
2,42496,1696072014.4335768
2,42624,1696072014.4595068
2,42752,1696072014.48047
2,42880,1696072014.4971027
2,43008,1696072014.516253
2,43136,1696072014.5336533
2,43264,1696072014.5523286
2,43392,1696072014.5699682
2,43520,1696072014.5871956
2,43648,1696072014.604483
2,43776,1696072014.6260602
2,43904,1696072014.647662
2,44032,1696072014.6675968
2,44160,1696072014.6840618
2,44288,1696072014.7016878
2,44416,1696072014.7207031
2,44544,1696072014.7392738
2,44672,1696072014.7584321
2,44800,1696072014.7787173
2,44928,1696072014.798484
2,45056,1696072014.8183317
2,45184,1696072014.8384683
2,45312,1696072014.8587582
2,45440,1696072014.878747
2,45568,1696072014.8986971
2,45696,1696072014.9181607
2,45824,1696072014.9385247
2,45952,1696072014.9584484
2,46080,1696072014.9784763
2,46208,1696072014.998719
2,46336,1696072015.0186012
2,46464,1696072015.0385516
2,46592,1696072015.0587382
2,46720,1696072015.0763857
2,46848,1696072015.0961637
2,46976,1696072015.1151109
2,47104,1696072015.1343977
2,47232,1696072015.1548703
2,47360,1696072015.1716926
2,47488,1696072015.1968472
2,47616,1696072015.2210052
2,47744,1696072015.2425888
2,47872,1696072015.2623532
2,48000,1696072015.2890582
2,48128,1696072015.3082974
2,48256,1696072015.323783
2,48384,1696072015.3402627
2,48512,1696072015.3657894
2,48640,1696072015.3853338
2,48768,1696072015.4064171
2,48896,1696072015.4267468
2,49024,1696072015.44733
2,49152,1696072015.465094
2,49280,1696072015.4820223
2,49408,1696072015.5000446
2,49536,1696072015.5169883
2,49664,1696072015.5341725
2,49792,1696072015.5520532
2,49920,1696072015.5700946
2,50000,1696072015.587783
3,128,1696072015.96897
3,256,1696072015.9884481
3,384,1696072016.0111685
3,512,1696072016.0314004
3,640,1696072016.05495
3,768,1696072016.0768864
3,896,1696072016.0986483
3,1024,1696072016.1204882
3,1152,1696072016.1428838
3,1280,1696072016.1627622
3,1408,1696072016.1904862
3,1536,1696072016.2130113
3,1664,1696072016.234801
3,1792,1696072016.2545063
3,1920,1696072016.2790802
3,2048,1696072016.3011994
3,2176,1696072016.3226678
3,2304,1696072016.3380127
3,2432,1696072016.3593082
3,2560,1696072016.3830357
3,2688,1696072016.4039392
3,2816,1696072016.4269483
3,2944,1696072016.4476557
3,3072,1696072016.4702015
3,3200,1696072016.4953685
3,3328,1696072016.5159912
3,3456,1696072016.5432246
3,3584,1696072016.5592883
3,3712,1696072016.5781937
3,3840,1696072016.598711
3,3968,1696072016.6189966
3,4096,1696072016.638911
3,4224,1696072016.6582313
3,4352,1696072016.6786528
3,4480,1696072016.6998813
3,4608,1696072016.7186265
3,4736,1696072016.7380288
3,4864,1696072016.758244
3,4992,1696072016.7794075
3,5120,1696072016.799387
3,5248,1696072016.8182652
3,5376,1696072016.838556
3,5504,1696072016.859189
3,5632,1696072016.8790033
3,5760,1696072016.898452
3,5888,1696072016.9185019
3,6016,1696072016.9391246
3,6144,1696072016.9588687
3,6272,1696072016.9785898
3,6400,1696072016.9988003
3,6528,1696072017.0228832
3,6656,1696072017.0381486
3,6784,1696072017.0584776
3,6912,1696072017.0854087
3,7040,1696072017.1030612
3,7168,1696072017.124547
3,7296,1696072017.1467845
3,7424,1696072017.169415
3,7552,1696072017.1905625
3,7680,1696072017.209858
3,7808,1696072017.2362092
3,7936,1696072017.257604
3,8064,1696072017.2783527
3,8192,1696072017.3021595
3,8320,1696072017.324374
3,8448,1696072017.34653
3,8576,1696072017.366526
3,8704,1696072017.3929496
3,8832,1696072017.413472
3,8960,1696072017.434458
3,9088,1696072017.4548006
3,9216,1696072017.4789171
3,9344,1696072017.4997509
3,9472,1696072017.522869
3,9600,1696072017.545807
3,9728,1696072017.5686333
3,9856,1696072017.5906415
3,9984,1696072017.6113396
3,10112,1696072017.6348355
3,10240,1696072017.6561453
3,10368,1696072017.6789093
3,10496,1696072017.701608
3,10624,1696072017.722767
3,10752,1696072017.7428153
3,10880,1696072017.7668028
3,11008,1696072017.7877629
3,11136,1696072017.811053
3,11264,1696072017.8342755
3,11392,1696072017.8561935
3,11520,1696072017.8789053
3,11648,1696072017.8985765
3,11776,1696072017.9213474
3,11904,1696072017.9428093
3,12032,1696072017.9623175
3,12160,1696072017.9890573
3,12288,1696072018.0097997
3,12416,1696072018.0302668
3,12544,1696072018.0454078
3,12672,1696072018.067635
3,12800,1696072018.0912821
3,12928,1696072018.1112802
3,13056,1696072018.135206
3,13184,1696072018.155698
3,13312,1696072018.1792026
3,13440,1696072018.1998634
3,13568,1696072018.2223809
3,13696,1696072018.246693
3,13824,1696072018.261723
3,13952,1696072018.2841432
3,14080,1696072018.306682
3,14208,1696072018.3272183
3,14336,1696072018.3510792
3,14464,1696072018.3715725
3,14592,1696072018.3935444
3,14720,1696072018.414345
3,14848,1696072018.4371333
3,14976,1696072018.4589217
3,15104,1696072018.478667
3,15232,1696072018.5008814
3,15360,1696072018.5215485
3,15488,1696072018.5449867
3,15616,1696072018.5667272
3,15744,1696072018.586412
3,15872,1696072018.6033082
3,16000,1696072018.6224616
3,16128,1696072018.6406517
3,16256,1696072018.6669242
3,16384,1696072018.6891491
3,16512,1696072018.71065
3,16640,1696072018.7309895
3,16768,1696072018.7550902
3,16896,1696072018.7772563
3,17024,1696072018.8009856
3,17152,1696072018.8226368
3,17280,1696072018.8430986
3,17408,1696072018.8668664
3,17536,1696072018.8882158
3,17664,1696072018.910711
3,17792,1696072018.9318292
3,17920,1696072018.9547334
3,18048,1696072018.9758284
3,18176,1696072018.9978452
3,18304,1696072019.018271
3,18432,1696072019.0395613
3,18560,1696072019.0627778
3,18688,1696072019.084355
3,18816,1696072019.1066854
3,18944,1696072019.1271956
3,19072,1696072019.1507206
3,19200,1696072019.1717038
3,19328,1696072019.1948583
3,19456,1696072019.2151256
3,19584,1696072019.2393599
3,19712,1696072019.2604053
3,19840,1696072019.2827563
3,19968,1696072019.3031979
3,20096,1696072019.3268223
3,20224,1696072019.3484077
3,20352,1696072019.3709526
3,20480,1696072019.3908365
3,20608,1696072019.4096177
3,20736,1696072019.4269118
3,20864,1696072019.4494634
3,20992,1696072019.4707236
3,21120,1696072019.490211
3,21248,1696072019.513452
3,21376,1696072019.5363572
3,21504,1696072019.5587661
3,21632,1696072019.5788014
3,21760,1696072019.6022942
3,21888,1696072019.626567
3,22016,1696072019.6474662
3,22144,1696072019.6708114
3,22272,1696072019.6926486
3,22400,1696072019.715004
3,22528,1696072019.7346497
3,22656,1696072019.7589085
3,22784,1696072019.782666
3,22912,1696072019.797931
3,23040,1696072019.819686
3,23168,1696072019.843035
3,23296,1696072019.8646128
3,23424,1696072019.8874261
3,23552,1696072019.9071748
3,23680,1696072019.9284813
3,23808,1696072019.9493108
3,23936,1696072019.9682374
3,24064,1696072019.987033
3,24192,1696072020.0134153
3,24320,1696072020.0326934
3,24448,1696072020.0545776
3,24576,1696072020.0747616
3,24704,1696072020.0990672
3,24832,1696072020.1201708
3,24960,1696072020.142979
3,25088,1696072020.1634376
3,25216,1696072020.1869187
3,25344,1696072020.2048824
3,25472,1696072020.2227347
3,25600,1696072020.2449872
3,25728,1696072020.266712
3,25856,1696072020.2865193
3,25984,1696072020.3106422
3,26112,1696072020.3329072
3,26240,1696072020.349743
3,26368,1696072020.3739076
3,26496,1696072020.3885896
3,26624,1696072020.4150867
3,26752,1696072020.436322
3,26880,1696072020.4587207
3,27008,1696072020.479628
3,27136,1696072020.4991899
3,27264,1696072020.520412
3,27392,1696072020.5425758
3,27520,1696072020.562748
3,27648,1696072020.5868528
3,27776,1696072020.6084201
3,27904,1696072020.6301887
3,28032,1696072020.653277
3,28160,1696072020.668473
3,28288,1696072020.6945405
3,28416,1696072020.7184594
3,28544,1696072020.737275
3,28672,1696072020.7588892
3,28800,1696072020.7791429
3,28928,1696072020.7983396
3,29056,1696072020.8187575
3,29184,1696072020.8403602
3,29312,1696072020.8585916
3,29440,1696072020.8785477
3,29568,1696072020.8991566
3,29696,1696072020.915703
3,29824,1696072020.938792
3,29952,1696072020.9560227
3,30080,1696072020.973152
3,30208,1696072020.9968395
3,30336,1696072021.0168455
3,30464,1696072021.0355768
3,30592,1696072021.051089
3,30720,1696072021.0753667
3,30848,1696072021.0965571
3,30976,1696072021.1137404
3,31104,1696072021.1299815
3,31232,1696072021.152908
3,31360,1696072021.173257
3,31488,1696072021.192106
3,31616,1696072021.20797
3,31744,1696072021.2313113
3,31872,1696072021.2526715
3,32000,1696072021.2708173
3,32128,1696072021.2863936
3,32256,1696072021.311499
3,32384,1696072021.3379054
3,32512,1696072021.3536751
3,32640,1696072021.3702626
3,32768,1696072021.3933504
3,32896,1696072021.4133961
3,33024,1696072021.4325082
3,33152,1696072021.447768
3,33280,1696072021.4716427
3,33408,1696072021.4925885
3,33536,1696072021.510345
3,33664,1696072021.5270288
3,33792,1696072021.5513918
3,33920,1696072021.5711489
3,34048,1696072021.5911818
3,34176,1696072021.6074848
3,34304,1696072021.6311727
3,34432,1696072021.6522255
3,34560,1696072021.670297
3,34688,1696072021.686772
3,34816,1696072021.711863
3,34944,1696072021.731719
3,35072,1696072021.752738
3,35200,1696072021.771229
3,35328,1696072021.7925637
3,35456,1696072021.8147516
3,35584,1696072021.8343856
3,35712,1696072021.8593974
3,35840,1696072021.8806307
3,35968,1696072021.9019651
3,36096,1696072021.921844
3,36224,1696072021.9424958
3,36352,1696072021.9628546
3,36480,1696072021.9868257
3,36608,1696072022.0079336
3,36736,1696072022.0308976
3,36864,1696072022.0511768
3,36992,1696072022.0749846
3,37120,1696072022.0963733
3,37248,1696072022.1189034
3,37376,1696072022.1390796
3,37504,1696072022.1632788
3,37632,1696072022.1844862
3,37760,1696072022.2065685
3,37888,1696072022.227495
3,38016,1696072022.2546897
3,38144,1696072022.2769475
3,38272,1696072022.2986584
3,38400,1696072022.3184547
3,38528,1696072022.3368647
3,38656,1696072022.3583107
3,38784,1696072022.3829222
3,38912,1696072022.4066281
3,39040,1696072022.4305804
3,39168,1696072022.4518437
3,39296,1696072022.4750264
3,39424,1696072022.4951594
3,39552,1696072022.5154235
3,39680,1696072022.5354009
3,39808,1696072022.563341
3,39936,1696072022.5847154
3,40064,1696072022.6068294
3,40192,1696072022.6276724
3,40320,1696072022.6549525
3,40448,1696072022.6761506
3,40576,1696072022.6987448
3,40704,1696072022.7185104
3,40832,1696072022.744855
3,40960,1696072022.7656348
3,41088,1696072022.7867887
3,41216,1696072022.806677
3,41344,1696072022.8320336
3,41472,1696072022.8530962
3,41600,1696072022.8744884
3,41728,1696072022.894411
3,41856,1696072022.9213505
3,41984,1696072022.940218
3,42112,1696072022.9636111
3,42240,1696072022.9875257
3,42368,1696072023.0153267
3,42496,1696072023.0361958
3,42624,1696072023.0590794
3,42752,1696072023.0818644
3,42880,1696072023.1026783
3,43008,1696072023.1251411
3,43136,1696072023.1464612
3,43264,1696072023.1656787
3,43392,1696072023.1935894
3,43520,1696072023.213755
3,43648,1696072023.2344897
3,43776,1696072023.2545204
3,43904,1696072023.2788534
3,44032,1696072023.3003733
3,44160,1696072023.3226964
3,44288,1696072023.3429272
3,44416,1696072023.3666193
3,44544,1696072023.390251
3,44672,1696072023.4143052
3,44800,1696072023.4385006
3,44928,1696072023.4623861
3,45056,1696072023.4861956
3,45184,1696072023.5098743
3,45312,1696072023.532664
3,45440,1696072023.5547001
3,45568,1696072023.5747879
3,45696,1696072023.594354
3,45824,1696072023.6188033
3,45952,1696072023.6386032
3,46080,1696072023.6577592
3,46208,1696072023.6764126
3,46336,1696072023.6956506
3,46464,1696072023.7224991
3,46592,1696072023.7479203
3,46720,1696072023.7655518
3,46848,1696072023.7893546
3,46976,1696072023.8120277
3,47104,1696072023.8345788
3,47232,1696072023.8561976
3,47360,1696072023.8785427
3,47488,1696072023.8985527
3,47616,1696072023.925003
3,47744,1696072023.9445488
3,47872,1696072023.9644375
3,48000,1696072023.983983
3,48128,1696072024.0023406
3,48256,1696072024.0223255
3,48384,1696072024.043137
3,48512,1696072024.0633268
3,48640,1696072024.0829084
3,48768,1696072024.1022599
3,48896,1696072024.1204996
3,49024,1696072024.141737
3,49152,1696072024.1591866
3,49280,1696072024.1768146
3,49408,1696072024.1938415
3,49536,1696072024.211002
3,49664,1696072024.2290847
3,49792,1696072024.2469616
3,49920,1696072024.2650068
3,50000,1696072024.2819078
4,128,1696072024.701187
4,256,1696072024.7175386
4,384,1696072024.7428591
4,512,1696072024.758114
4,640,1696072024.7812943
4,768,1696072024.8026352
4,896,1696072024.8228757
4,1024,1696072024.8389237
4,1152,1696072024.8589451
4,1280,1696072024.8764791
4,1408,1696072024.896739
4,1536,1696072024.915302
4,1664,1696072024.9340606
4,1792,1696072024.9544306
4,1920,1696072024.9748623
4,2048,1696072024.994613
4,2176,1696072025.01907
4,2304,1696072025.0397236
4,2432,1696072025.0642388
4,2560,1696072025.0864534
4,2688,1696072025.1065643
4,2816,1696072025.1303663
4,2944,1696072025.152373
4,3072,1696072025.1734092
4,3200,1696072025.18909
4,3328,1696072025.21122
4,3456,1696072025.2330422
4,3584,1696072025.2546594
4,3712,1696072025.2749655
4,3840,1696072025.292372
4,3968,1696072025.311489
4,4096,1696072025.3305852
4,4224,1696072025.3484182
4,4352,1696072025.3676858
4,4480,1696072025.3872132
4,4608,1696072025.40649
4,4736,1696072025.4264073
4,4864,1696072025.4463434
4,4992,1696072025.4664624
4,5120,1696072025.4866316
4,5248,1696072025.5044155
4,5376,1696072025.5238538
4,5504,1696072025.54557
4,5632,1696072025.563687
4,5760,1696072025.5824764
4,5888,1696072025.6000595
4,6016,1696072025.6198165
4,6144,1696072025.639419
4,6272,1696072025.657512
4,6400,1696072025.6759048
4,6528,1696072025.6985888
4,6656,1696072025.7183094
4,6784,1696072025.7385445
4,6912,1696072025.7556999
4,7040,1696072025.774766
4,7168,1696072025.792599
4,7296,1696072025.8120122
4,7424,1696072025.8311408
4,7552,1696072025.8506646
4,7680,1696072025.8704247
4,7808,1696072025.8907773
4,7936,1696072025.910512
4,8064,1696072025.9300923
4,8192,1696072025.9506977
4,8320,1696072025.9706266
4,8448,1696072025.987625
4,8576,1696072026.0080655
4,8704,1696072026.0307415
4,8832,1696072026.050598
4,8960,1696072026.0689325
4,9088,1696072026.0883894
4,9216,1696072026.1108413
4,9344,1696072026.1309824
4,9472,1696072026.1524858
4,9600,1696072026.174565
4,9728,1696072026.1900542
4,9856,1696072026.2134593
4,9984,1696072026.2293816
4,10112,1696072026.2512848
4,10240,1696072026.273485
4,10368,1696072026.2984142
4,10496,1696072026.3228548
4,10624,1696072026.3446603
4,10752,1696072026.3653064
4,10880,1696072026.381482
4,11008,1696072026.4073653
4,11136,1696072026.4290814
4,11264,1696072026.4531958
4,11392,1696072026.4730282
4,11520,1696072026.4935253
4,11648,1696072026.5185807
4,11776,1696072026.5414128
4,11904,1696072026.5629256
4,12032,1696072026.5825343
4,12160,1696072026.5994074
4,12288,1696072026.6183398
4,12416,1696072026.6364706
4,12544,1696072026.6563349
4,12672,1696072026.6748457
4,12800,1696072026.6920927
4,12928,1696072026.710305
4,13056,1696072026.7344654
4,13184,1696072026.7495406
4,13312,1696072026.771935
4,13440,1696072026.7930262
4,13568,1696072026.8168776
4,13696,1696072026.8388672
4,13824,1696072026.860831
4,13952,1696072026.8829665
4,14080,1696072026.898411
4,14208,1696072026.92116
4,14336,1696072026.9425006
4,14464,1696072026.963465
4,14592,1696072026.9868543
4,14720,1696072027.0073667
4,14848,1696072027.030961
4,14976,1696072027.054445
4,15104,1696072027.076044
4,15232,1696072027.098951
4,15360,1696072027.119252
4,15488,1696072027.1428297
4,15616,1696072027.1584961
4,15744,1696072027.1811972
4,15872,1696072027.2025058
4,16000,1696072027.2231052
4,16128,1696072027.2464256
4,16256,1696072027.2708228
4,16384,1696072027.291419
4,16512,1696072027.3148
4,16640,1696072027.3356404
4,16768,1696072027.3585997
4,16896,1696072027.379827
4,17024,1696072027.4023955
4,17152,1696072027.4265687
4,17280,1696072027.4422781
4,17408,1696072027.4641657
4,17536,1696072027.4851725
4,17664,1696072027.5070221
4,17792,1696072027.5275042
4,17920,1696072027.5515983
4,18048,1696072027.5712516
4,18176,1696072027.5900128
4,18304,1696072027.610893
4,18432,1696072027.6301455
4,18560,1696072027.6506982
4,18688,1696072027.670344
4,18816,1696072027.690744
4,18944,1696072027.7105772
4,19072,1696072027.7300994
4,19200,1696072027.7504642
4,19328,1696072027.7704318
4,19456,1696072027.7906744
4,19584,1696072027.810433
4,19712,1696072027.8304424
4,19840,1696072027.8505745
4,19968,1696072027.8702245
4,20096,1696072027.8883493
4,20224,1696072027.9079986
4,20352,1696072027.9269726
4,20480,1696072027.944189
4,20608,1696072027.9706922
4,20736,1696072027.9962044
4,20864,1696072028.0170693
4,20992,1696072028.040461
4,21120,1696072028.062171
4,21248,1696072028.0821085
4,21376,1696072028.1032443
4,21504,1696072028.1245534
4,21632,1696072028.1495783
4,21760,1696072028.1699774
4,21888,1696072028.1948273
4,22016,1696072028.2141747
4,22144,1696072028.2341156
4,22272,1696072028.2525697
4,22400,1696072028.272301
4,22528,1696072028.2909625
4,22656,1696072028.310339
4,22784,1696072028.3304307
4,22912,1696072028.3501592
4,23040,1696072028.3706777
4,23168,1696072028.3900774
4,23296,1696072028.410682
4,23424,1696072028.427713
4,23552,1696072028.446356
4,23680,1696072028.4642491
4,23808,1696072028.4840121
4,23936,1696072028.5029867
4,24064,1696072028.522337
4,24192,1696072028.542187
4,24320,1696072028.5624766
4,24448,1696072028.582786
4,24576,1696072028.600415
4,24704,1696072028.6226604
4,24832,1696072028.6425214
4,24960,1696072028.6626859
4,25088,1696072028.6828175
4,25216,1696072028.7024193
4,25344,1696072028.7204585
4,25472,1696072028.7402282
4,25600,1696072028.7588658
4,25728,1696072028.7780187
4,25856,1696072028.7986383
4,25984,1696072028.8185248
4,26112,1696072028.8381486
4,26240,1696072028.8585033
4,26368,1696072028.8785932
4,26496,1696072028.8982236
4,26624,1696072028.918692
4,26752,1696072028.9367251
4,26880,1696072028.9567683
4,27008,1696072028.9752228
4,27136,1696072028.9939935
4,27264,1696072029.0190775
4,27392,1696072029.0399895
4,27520,1696072029.0630443
4,27648,1696072029.0789983
4,27776,1696072029.1008215
4,27904,1696072029.1227417
4,28032,1696072029.141839
4,28160,1696072029.1593466
4,28288,1696072029.1807895
4,28416,1696072029.1994996
4,28544,1696072029.2167325
4,28672,1696072029.2372868
4,28800,1696072029.2554994
4,28928,1696072029.2744133
4,29056,1696072029.294191
4,29184,1696072029.3145256
4,29312,1696072029.3344476
4,29440,1696072029.3546612
4,29568,1696072029.3742778
4,29696,1696072029.394897
4,29824,1696072029.4147894
4,29952,1696072029.43454
4,30080,1696072029.4540193
4,30208,1696072029.4744453
4,30336,1696072029.494596
4,30464,1696072029.514575
4,30592,1696072029.5342548
4,30720,1696072029.5547247
4,30848,1696072029.5745585
4,30976,1696072029.5943112
4,31104,1696072029.6147077
4,31232,1696072029.638753
4,31360,1696072029.6599896
4,31488,1696072029.6830108
4,31616,1696072029.7030532
4,31744,1696072029.726943
4,31872,1696072029.7484086
4,32000,1696072029.7706814
4,32128,1696072029.7909405
4,32256,1696072029.8172913
4,32384,1696072029.839253
4,32512,1696072029.8630133
4,32640,1696072029.8849864
4,32768,1696072029.9066038
4,32896,1696072029.9290884
4,33024,1696072029.9506803
4,33152,1696072029.9726026
4,33280,1696072029.994781
4,33408,1696072030.0139904
4,33536,1696072030.040814
4,33664,1696072030.0585701
4,33792,1696072030.0791838
4,33920,1696072030.0984213
4,34048,1696072030.118224
4,34176,1696072030.1387572
4,34304,1696072030.1587365
4,34432,1696072030.1764774
4,34560,1696072030.1949482
4,34688,1696072030.217188
4,34816,1696072030.2373343
4,34944,1696072030.2547855
4,35072,1696072030.2746925
4,35200,1696072030.294565
4,35328,1696072030.3145838
4,35456,1696072030.3345978
4,35584,1696072030.3549328
4,35712,1696072030.3746526
4,35840,1696072030.394635
4,35968,1696072030.4116852
4,36096,1696072030.432199
4,36224,1696072030.4508464
4,36352,1696072030.4706166
4,36480,1696072030.487599
4,36608,1696072030.5057414
4,36736,1696072030.523267
4,36864,1696072030.5428293
4,36992,1696072030.5594568
4,37120,1696072030.5773633
4,37248,1696072030.5961506
4,37376,1696072030.6145968
4,37504,1696072030.6340778
4,37632,1696072030.654421
4,37760,1696072030.6727457
4,37888,1696072030.6949487
4,38016,1696072030.7140012
4,38144,1696072030.7342517
4,38272,1696072030.754714
4,38400,1696072030.7746158
4,38528,1696072030.7943976
4,38656,1696072030.8144507
4,38784,1696072030.8347373
4,38912,1696072030.854298
4,39040,1696072030.8744044
4,39168,1696072030.894263
4,39296,1696072030.9140458
4,39424,1696072030.9344666
4,39552,1696072030.9556744
4,39680,1696072030.9750652
4,39808,1696072030.9942834
4,39936,1696072031.0147371
4,40064,1696072031.03461
4,40192,1696072031.0544715
4,40320,1696072031.074685
4,40448,1696072031.0990424
4,40576,1696072031.1209142
4,40704,1696072031.1440763
4,40832,1696072031.1665995
4,40960,1696072031.1872878
4,41088,1696072031.2109728
4,41216,1696072031.232244
4,41344,1696072031.2548552
4,41472,1696072031.2754116
4,41600,1696072031.2990196
4,41728,1696072031.3202605
4,41856,1696072031.34296
4,41984,1696072031.3632066
4,42112,1696072031.3870947
4,42240,1696072031.4076633
4,42368,1696072031.4309537
4,42496,1696072031.450611
4,42624,1696072031.4730053
4,42752,1696072031.4944344
4,42880,1696072031.5149834
4,43008,1696072031.5414693
4,43136,1696072031.5598016
4,43264,1696072031.5770874
4,43392,1696072031.6028023
4,43520,1696072031.6249492
4,43648,1696072031.6464763
4,43776,1696072031.661605
4,43904,1696072031.6842315
4,44032,1696072031.7066412
4,44160,1696072031.727674
4,44288,1696072031.750681
4,44416,1696072031.7717257
4,44544,1696072031.7926497
4,44672,1696072031.8106816
4,44800,1696072031.8348258
4,44928,1696072031.8504276
4,45056,1696072031.8732774
4,45184,1696072031.8945334
4,45312,1696072031.9165466
4,45440,1696072031.9387672
4,45568,1696072031.95807
4,45696,1696072031.9844701
4,45824,1696072032.0050225
4,45952,1696072032.0264485
4,46080,1696072032.046637
4,46208,1696072032.070806
4,46336,1696072032.0925138
4,46464,1696072032.1125312
4,46592,1696072032.1307774
4,46720,1696072032.1483426
4,46848,1696072032.1685562
4,46976,1696072032.1868603
4,47104,1696072032.2060273
4,47232,1696072032.226045
4,47360,1696072032.2483575
4,47488,1696072032.270752
4,47616,1696072032.2911332
4,47744,1696072032.3148074
4,47872,1696072032.335573
4,48000,1696072032.3587193
4,48128,1696072032.3739002
4,48256,1696072032.3975585
4,48384,1696072032.4202154
4,48512,1696072032.441428
4,48640,1696072032.4647505
4,48768,1696072032.481126
4,48896,1696072032.505898
4,49024,1696072032.52555
4,49152,1696072032.5496032
4,49280,1696072032.5693355
4,49408,1696072032.5929163
4,49536,1696072032.616269
4,49664,1696072032.6373327
4,49792,1696072032.6580048
4,49920,1696072032.6844027
4,50000,1696072032.7044013
5,128,1696072033.106343
5,256,1696072033.1216094
5,384,1696072033.142675
5,512,1696072033.163984
5,640,1696072033.1848116
5,768,1696072033.204136
5,896,1696072033.2222219
5,1024,1696072033.239244
5,1152,1696072033.2585843
5,1280,1696072033.278278
5,1408,1696072033.2986634
5,1536,1696072033.3186922
5,1664,1696072033.3383412
5,1792,1696072033.3556366
5,1920,1696072033.3742692
5,2048,1696072033.394496
5,2176,1696072033.4144287
5,2304,1696072033.434511
5,2432,1696072033.4547231
5,2560,1696072033.472229
5,2688,1696072033.4936259
5,2816,1696072033.512436
5,2944,1696072033.530736
5,3072,1696072033.550848
5,3200,1696072033.5704947
5,3328,1696072033.5901868
5,3456,1696072033.6106043
5,3584,1696072033.6305377
5,3712,1696072033.6502397
5,3840,1696072033.6704588
5,3968,1696072033.6908212
5,4096,1696072033.7110028
5,4224,1696072033.728492
5,4352,1696072033.7453282
5,4480,1696072033.7634597
5,4608,1696072033.7805302
5,4736,1696072033.798152
5,4864,1696072033.8163924
5,4992,1696072033.8335679
5,5120,1696072033.8517432
5,5248,1696072033.868928
5,5376,1696072033.887674
5,5504,1696072033.9115956
5,5632,1696072033.9309642
5,5760,1696072033.9501138
5,5888,1696072033.968436
5,6016,1696072033.9885097
5,6144,1696072034.0072744
5,6272,1696072034.0242293
5,6400,1696072034.041028
5,6528,1696072034.0589728
5,6656,1696072034.075764
5,6784,1696072034.0951
5,6912,1696072034.1143093
5,7040,1696072034.1319842
5,7168,1696072034.1494725
5,7296,1696072034.1693735
5,7424,1696072034.1872451
5,7552,1696072034.2041383
5,7680,1696072034.2218115
5,7808,1696072034.239721
5,7936,1696072034.2569907
5,8064,1696072034.2768745
5,8192,1696072034.2951047
5,8320,1696072034.3120067
5,8448,1696072034.3293207
5,8576,1696072034.3488405
5,8704,1696072034.3673642
5,8832,1696072034.3864527
5,8960,1696072034.4066098
5,9088,1696072034.4262946
5,9216,1696072034.4463654
5,9344,1696072034.4644437
5,9472,1696072034.4815736
5,9600,1696072034.4997456
5,9728,1696072034.5174496
5,9856,1696072034.5361845
5,9984,1696072034.556113
5,10112,1696072034.5743487
5,10240,1696072034.5920694
5,10368,1696072034.608883
5,10496,1696072034.6247945
5,10624,1696072034.6416821
5,10752,1696072034.6595614
5,10880,1696072034.6749034
5,11008,1696072034.6896634
5,11136,1696072034.7114472
5,11264,1696072034.7329013
5,11392,1696072034.7522664
5,11520,1696072034.767287
5,11648,1696072034.7852497
5,11776,1696072034.8043208
5,11904,1696072034.8271308
5,12032,1696072034.8437424
5,12160,1696072034.861696
5,12288,1696072034.8811495
5,12416,1696072034.8998578
5,12544,1696072034.9157567
5,12672,1696072034.9351578
5,12800,1696072034.953227
5,12928,1696072034.9721444
5,13056,1696072034.986689
5,13184,1696072035.0099752
5,13312,1696072035.0296016
5,13440,1696072035.0486753
5,13568,1696072035.0642505
5,13696,1696072035.0854845
5,13824,1696072035.1048594
5,13952,1696072035.1239147
5,14080,1696072035.1389427
5,14208,1696072035.1603358
5,14336,1696072035.1807637
5,14464,1696072035.2001138
5,14592,1696072035.2157953
5,14720,1696072035.2352073
5,14848,1696072035.2562373
5,14976,1696072035.276046
5,15104,1696072035.2918377
5,15232,1696072035.311343
5,15360,1696072035.3322563
5,15488,1696072035.3524897
5,15616,1696072035.3680494
5,15744,1696072035.3874755
5,15872,1696072035.4084024
5,16000,1696072035.4281137
5,16128,1696072035.443814
5,16256,1696072035.4628828
5,16384,1696072035.4843333
5,16512,1696072035.5043676
5,16640,1696072035.519953
5,16768,1696072035.539513
5,16896,1696072035.5603318
5,17024,1696072035.580218
5,17152,1696072035.5959272
5,17280,1696072035.6181598
5,17408,1696072035.6375806
5,17536,1696072035.6565297
5,17664,1696072035.6721392
5,17792,1696072035.6918657
5,17920,1696072035.7121983
5,18048,1696072035.7319193
5,18176,1696072035.7479055
5,18304,1696072035.7680008
5,18432,1696072035.7883573
5,18560,1696072035.808249
5,18688,1696072035.8241396
5,18816,1696072035.8437006
5,18944,1696072035.8642774
5,19072,1696072035.883951
5,19200,1696072035.8997555
5,19328,1696072035.9191995
5,19456,1696072035.9402761
5,19584,1696072035.9600534
5,19712,1696072035.9757526
5,19840,1696072035.9950728
5,19968,1696072036.0161161
5,20096,1696072036.0365827
5,20224,1696072036.0522318
5,20352,1696072036.0720468
5,20480,1696072036.092285
5,20608,1696072036.1124108
5,20736,1696072036.1274853
5,20864,1696072036.1453128
5,20992,1696072036.1640644
5,21120,1696072036.1838694
5,21248,1696072036.2001064
5,21376,1696072036.2207327
5,21504,1696072036.240615
5,21632,1696072036.260511
5,21760,1696072036.2760773
5,21888,1696072036.2973468
5,22016,1696072036.3176599
5,22144,1696072036.3366244
5,22272,1696072036.3520772
5,22400,1696072036.3720024
5,22528,1696072036.392219
5,22656,1696072036.4124722
5,22784,1696072036.4283385
5,22912,1696072036.4477923
5,23040,1696072036.468113
5,23168,1696072036.4883282
5,23296,1696072036.504187
5,23424,1696072036.5239666
5,23552,1696072036.5446281
5,23680,1696072036.5641496
5,23808,1696072036.5798776
5,23936,1696072036.5991454
5,24064,1696072036.6204095
5,24192,1696072036.6403599
5,24320,1696072036.6560395
5,24448,1696072036.6755707
5,24576,1696072036.6963837
5,24704,1696072036.7161403
5,24832,1696072036.7318199
5,24960,1696072036.7514787
5,25088,1696072036.772224
5,25216,1696072036.7923744
5,25344,1696072036.8081787
5,25472,1696072036.8277855
5,25600,1696072036.8483906
5,25728,1696072036.8681648
5,25856,1696072036.8840537
5,25984,1696072036.9092681
5,26112,1696072036.9322095
5,26240,1696072036.955414
5,26368,1696072036.9765148
5,26496,1696072036.996148
5,26624,1696072037.0167475
5,26752,1696072037.0385172
5,26880,1696072037.0536766
5,27008,1696072037.076208
5,27136,1696072037.0981596
5,27264,1696072037.1183057
5,27392,1696072037.138057
5,27520,1696072037.1586034
5,27648,1696072037.178155
5,27776,1696072037.197994
5,27904,1696072037.218302
5,28032,1696072037.2385314
5,28160,1696072037.2532058
5,28288,1696072037.2774076
5,28416,1696072037.2946494
5,28544,1696072037.313178
5,28672,1696072037.333293
5,28800,1696072037.3576705
5,28928,1696072037.3774667
5,29056,1696072037.3959088
5,29184,1696072037.4188335
5,29312,1696072037.434445
5,29440,1696072037.4534893
5,29568,1696072037.4715657
5,29696,1696072037.4919744
5,29824,1696072037.5148888
5,29952,1696072037.5350006
5,30080,1696072037.5563216
5,30208,1696072037.5806828
5,30336,1696072037.5976322
5,30464,1696072037.6171782
5,30592,1696072037.635564
5,30720,1696072037.6547737
5,30848,1696072037.6774604
5,30976,1696072037.6984456
5,31104,1696072037.7181487
5,31232,1696072037.7381392
5,31360,1696072037.7587833
5,31488,1696072037.7747607
5,31616,1696072037.795019
5,31744,1696072037.8160043
5,31872,1696072037.8365924
5,32000,1696072037.8564122
5,32128,1696072037.8752651
5,32256,1696072037.8966298
5,32384,1696072037.9185164
5,32512,1696072037.938219
5,32640,1696072037.9523582
5,32768,1696072037.972292
5,32896,1696072037.9971921
5,33024,1696072038.016876
5,33152,1696072038.0357401
5,33280,1696072038.0587907
5,33408,1696072038.0798867
5,33536,1696072038.0999796
5,33664,1696072038.1251996
5,33792,1696072038.1416497
5,33920,1696072038.165526
5,34048,1696072038.1847534
5,34176,1696072038.2028465
5,34304,1696072038.2248821
5,34432,1696072038.246875
5,34560,1696072038.2660284
5,34688,1696072038.286234
5,34816,1696072038.3003383
5,34944,1696072038.326923
5,35072,1696072038.3474326
5,35200,1696072038.36775
5,35328,1696072038.3865943
5,35456,1696072038.408241
5,35584,1696072038.4304402
5,35712,1696072038.450346
5,35840,1696072038.4701173
5,35968,1696072038.4924393
5,36096,1696072038.5127397
5,36224,1696072038.5309641
5,36352,1696072038.5512707
5,36480,1696072038.5729496
5,36608,1696072038.5926688
5,36736,1696072038.6109586
5,36864,1696072038.6329918
5,36992,1696072038.6547718
5,37120,1696072038.6734655
5,37248,1696072038.695515
5,37376,1696072038.7215781
5,37504,1696072038.7415326
5,37632,1696072038.7609954
5,37760,1696072038.7789204
5,37888,1696072038.8000367
5,38016,1696072038.8217392
5,38144,1696072038.8425853
5,38272,1696072038.8622048
5,38400,1696072038.8826952
5,38528,1696072038.8988767
5,38656,1696072038.9151106
5,38784,1696072038.9350636
5,38912,1696072038.9583292
5,39040,1696072038.979288
5,39168,1696072039.0006802
5,39296,1696072039.0208552
5,39424,1696072039.0389204
5,39552,1696072039.0604272
5,39680,1696072039.082157
5,39808,1696072039.101674
5,39936,1696072039.1174924
5,40064,1696072039.1374025
5,40192,1696072039.1568177
5,40320,1696072039.1749184
5,40448,1696072039.1955116
5,40576,1696072039.2175932
5,40704,1696072039.2367527
5,40832,1696072039.2547324
5,40960,1696072039.274305
5,41088,1696072039.2963395
5,41216,1696072039.3168774
5,41344,1696072039.3370275
5,41472,1696072039.3528569
5,41600,1696072039.373141
5,41728,1696072039.3946128
5,41856,1696072039.4147556
5,41984,1696072039.4348407
5,42112,1696072039.4559171
5,42240,1696072039.4812717
5,42368,1696072039.4989595
5,42496,1696072039.524568
5,42624,1696072039.5445526
5,42752,1696072039.5665202
5,42880,1696072039.586507
5,43008,1696072039.605705
5,43136,1696072039.6230407
5,43264,1696072039.6487677
5,43392,1696072039.6670315
5,43520,1696072039.685144
5,43648,1696072039.709186
5,43776,1696072039.7307124
5,43904,1696072039.7500262
5,44032,1696072039.7702537
5,44160,1696072039.7902787
5,44288,1696072039.810048
5,44416,1696072039.830216
5,44544,1696072039.853217
5,44672,1696072039.8763509
5,44800,1696072039.8965473
5,44928,1696072039.9164076
5,45056,1696072039.9346867
5,45184,1696072039.9543962
5,45312,1696072039.9786742
5,45440,1696072039.9989796
5,45568,1696072040.0211585
5,45696,1696072040.043039
5,45824,1696072040.0640075
5,45952,1696072040.0843165
5,46080,1696072040.10466
5,46208,1696072040.1253688
5,46336,1696072040.148683
5,46464,1696072040.1688812
5,46592,1696072040.1877916
5,46720,1696072040.2045505
5,46848,1696072040.2235644
5,46976,1696072040.2506857
5,47104,1696072040.2748845
5,47232,1696072040.2966793
5,47360,1696072040.3168836
5,47488,1696072040.337352
5,47616,1696072040.3624434
5,47744,1696072040.384363
5,47872,1696072040.4065552
5,48000,1696072040.4264696
5,48128,1696072040.4454758
5,48256,1696072040.4626377
5,48384,1696072040.4890387
5,48512,1696072040.509087
5,48640,1696072040.5292637
5,48768,1696072040.5536406
5,48896,1696072040.573056
5,49024,1696072040.5926375
5,49152,1696072040.6084218
5,49280,1696072040.6342173
5,49408,1696072040.6532044
5,49536,1696072040.6730137
5,49664,1696072040.6941264
5,49792,1696072040.71452
5,49920,1696072040.7430537
5,50000,1696072040.7665882
6,128,1696072041.1605911
6,256,1696072041.1817129
6,384,1696072041.1983712
6,512,1696072041.2149334
6,640,1696072041.2336936
6,768,1696072041.249555
6,896,1696072041.2665925
6,1024,1696072041.2817202
6,1152,1696072041.2983928
6,1280,1696072041.315253
6,1408,1696072041.331717
6,1536,1696072041.3481216
6,1664,1696072041.3646948
6,1792,1696072041.3810196
6,1920,1696072041.397658
6,2048,1696072041.4145787
6,2176,1696072041.4303834
6,2304,1696072041.4463909
6,2432,1696072041.4634273
6,2560,1696072041.4806602
6,2688,1696072041.4973674
6,2816,1696072041.5143397
6,2944,1696072041.530894
6,3072,1696072041.5488632
6,3200,1696072041.5747747
6,3328,1696072041.596563
6,3456,1696072041.6164632
6,3584,1696072041.6424088
6,3712,1696072041.6578288
6,3840,1696072041.6813068
6,3968,1696072041.7012708
6,4096,1696072041.7240422
6,4224,1696072041.7461438
6,4352,1696072041.7673802
6,4480,1696072041.7915256
6,4608,1696072041.812823
6,4736,1696072041.8336418
6,4864,1696072041.8563633
6,4992,1696072041.8803093
6,5120,1696072041.9013615
6,5248,1696072041.923181
6,5376,1696072041.9408383
6,5504,1696072041.9649696
6,5632,1696072041.985176
6,5760,1696072042.0071614
6,5888,1696072042.034466
6,6016,1696072042.0567462
6,6144,1696072042.0785975
6,6272,1696072042.0985048
6,6400,1696072042.1231325
6,6528,1696072042.1434283
6,6656,1696072042.1651752
6,6784,1696072042.1910236
6,6912,1696072042.2067232
6,7040,1696072042.2257774
6,7168,1696072042.2427812
6,7296,1696072042.2599378
6,7424,1696072042.2777605
6,7552,1696072042.2958708
6,7680,1696072042.3136015
6,7808,1696072042.3318381
6,7936,1696072042.3493142
6,8064,1696072042.3695827
6,8192,1696072042.387549
6,8320,1696072042.404448
6,8448,1696072042.4268293
6,8576,1696072042.444414
6,8704,1696072042.4624352
6,8832,1696072042.48238
6,8960,1696072042.502398
6,9088,1696072042.5224552
6,9216,1696072042.5426314
6,9344,1696072042.5619838
6,9472,1696072042.585847
6,9600,1696072042.6082015
6,9728,1696072042.6308088
6,9856,1696072042.6510627
6,9984,1696072042.667194
6,10112,1696072042.6844912
6,10240,1696072042.7026846
6,10368,1696072042.722397
6,10496,1696072042.742387
6,10624,1696072042.762419
6,10752,1696072042.7824671
6,10880,1696072042.8022363
6,11008,1696072042.8226466
6,11136,1696072042.842741
6,11264,1696072042.862311
6,11392,1696072042.882512
6,11520,1696072042.9028
6,11648,1696072042.9226904
6,11776,1696072042.9404304
6,11904,1696072042.9579995
6,12032,1696072042.9759574
6,12160,1696072042.993394
6,12288,1696072043.013338
6,12416,1696072043.031457
6,12544,1696072043.0483863
6,12672,1696072043.0721903
6,12800,1696072043.0931423
6,12928,1696072043.108985
6,13056,1696072043.1300874
6,13184,1696072043.1521974
6,13312,1696072043.172991
6,13440,1696072043.1966267
6,13568,1696072043.2167392
6,13696,1696072043.2387357
6,13824,1696072043.2589529
6,13952,1696072043.280968
6,14080,1696072043.3015084
6,14208,1696072043.3192854
6,14336,1696072043.3390925
6,14464,1696072043.3624969
6,14592,1696072043.3827822
6,14720,1696072043.4026306
6,14848,1696072043.4223006
6,14976,1696072043.4406054
6,15104,1696072043.4581528
6,15232,1696072043.4761653
6,15360,1696072043.4941983
6,15488,1696072043.5140936
6,15616,1696072043.534866
6,15744,1696072043.5579884
6,15872,1696072043.58085
