epoch,trained_sample,time
1,0,1696067357.8705332
1,128,1696067359.1147535
1,256,1696067359.18742
1,384,1696067359.2762094
1,512,1696067359.3646529
1,640,1696067359.4533927
1,768,1696067359.541918
1,896,1696067359.6307003
1,1024,1696067359.719345
1,1152,1696067359.8081143
1,1280,1696067359.8969054
1,1408,1696067359.9855251
1,1536,1696067360.0742002
1,1664,1696067360.16282
1,1792,1696067360.2515836
1,1920,1696067360.3402512
1,2048,1696067360.429084
1,2176,1696067360.517897
1,2304,1696067360.6066997
1,2432,1696067360.6954045
1,2560,1696067360.784013
1,2688,1696067360.872756
1,2816,1696067360.9614134
1,2944,1696067361.050162
1,3072,1696067361.1388674
1,3200,1696067361.227719
1,3328,1696067361.3165116
1,3456,1696067361.405053
1,3584,1696067361.4938226
1,3712,1696067361.5823915
1,3840,1696067361.6734612
1,3968,1696067361.7620327
1,4096,1696067361.8505056
1,4224,1696067361.9392352
1,4352,1696067362.0278726
1,4480,1696067362.1165571
1,4608,1696067362.2053158
1,4736,1696067362.2941282
1,4864,1696067362.382696
1,4992,1696067362.4712434
1,5120,1696067362.5600636
1,5248,1696067362.6488466
1,5376,1696067362.7376127
1,5504,1696067362.8264666
1,5632,1696067362.915289
1,5760,1696067363.003705
1,5888,1696067363.0930543
1,6016,1696067363.182248
1,6144,1696067363.2714775
1,6272,1696067363.3606346
1,6400,1696067363.449889
1,6528,1696067363.539212
1,6656,1696067363.6285095
1,6784,1696067363.7177653
1,6912,1696067363.8075786
1,7040,1696067363.8963265
1,7168,1696067363.9856555
1,7296,1696067364.0750387
1,7424,1696067364.1714087
1,7552,1696067364.2717938
1,7680,1696067364.3713517
1,7808,1696067364.4711063
1,7936,1696067364.5712428
1,8064,1696067364.6660182
1,8192,1696067364.7646306
1,8320,1696067364.862613
1,8448,1696067364.9580245
1,8576,1696067365.055729
1,8704,1696067365.1530225
1,8832,1696067365.2500584
1,8960,1696067365.347876
1,9088,1696067365.4443643
1,9216,1696067365.541224
1,9344,1696067365.6396463
1,9472,1696067365.7355716
1,9600,1696067365.8333206
1,9728,1696067365.9314723
1,9856,1696067366.0305548
1,9984,1696067366.129912
1,10112,1696067366.2280254
1,10240,1696067366.3272116
1,10368,1696067366.4260442
1,10496,1696067366.5207646
1,10624,1696067366.617797
1,10752,1696067366.717817
1,10880,1696067366.8174696
1,11008,1696067366.9157763
1,11136,1696067367.0148697
1,11264,1696067367.1131291
1,11392,1696067367.2125187
1,11520,1696067367.3113394
1,11648,1696067367.4109488
1,11776,1696067367.5094502
1,11904,1696067367.6063902
1,12032,1696067367.7027783
1,12160,1696067367.8012183
1,12288,1696067367.9000537
1,12416,1696067367.998977
1,12544,1696067368.0986197
1,12672,1696067368.1976976
1,12800,1696067368.2960706
1,12928,1696067368.3950138
1,13056,1696067368.491823
1,13184,1696067368.6432073
1,13312,1696067368.8310227
1,13440,1696067369.018921
1,13568,1696067369.2039866
1,13696,1696067369.3917978
1,13824,1696067369.5791714
1,13952,1696067369.7648816
1,14080,1696067369.9525027
1,14208,1696067370.1403577
1,14336,1696067370.3289545
1,14464,1696067370.516996
1,14592,1696067370.7044713
1,14720,1696067370.8904965
1,14848,1696067371.07934
1,14976,1696067371.2702818
1,15104,1696067371.4591339
1,15232,1696067371.6492722
1,15360,1696067371.837049
1,15488,1696067372.0258641
1,15616,1696067372.21414
1,15744,1696067372.4021237
1,15872,1696067372.5898175
1,16000,1696067372.7782571
1,16128,1696067372.969436
1,16256,1696067373.1579864
1,16384,1696067373.3489642
1,16512,1696067373.537576
1,16640,1696067373.728729
1,16768,1696067373.9175029
1,16896,1696067374.1077564
1,17024,1696067374.2959611
1,17152,1696067374.4820726
1,17280,1696067374.6708422
1,17408,1696067374.8595002
1,17536,1696067375.0506914
1,17664,1696067375.2394183
1,17792,1696067375.43092
1,17920,1696067375.620109
1,18048,1696067375.8108966
1,18176,1696067375.9986265
1,18304,1696067376.1875503
1,18432,1696067376.3736904
1,18560,1696067376.5626714
1,18688,1696067376.7534518
1,18816,1696067376.9425147
1,18944,1696067377.1333368
1,19072,1696067377.321741
1,19200,1696067377.5078516
1,19328,1696067377.6992345
1,19456,1696067377.8900852
1,19584,1696067378.081037
1,19712,1696067378.269318
1,19840,1696067378.4576578
1,19968,1696067378.6466362
1,20096,1696067378.8377469
1,20224,1696067379.0289862
1,20352,1696067379.2195234
1,20480,1696067379.4076402
1,20608,1696067379.5961082
1,20736,1696067379.7842932
1,20864,1696067379.9757204
1,20992,1696067380.1669962
1,21120,1696067380.3552897
1,21248,1696067380.5441966
1,21376,1696067380.735421
1,21504,1696067380.9239488
1,21632,1696067381.1124423
1,21760,1696067381.3010342
1,21888,1696067381.4928598
1,22016,1696067381.6836174
1,22144,1696067381.8718994
1,22272,1696067382.0625188
1,22400,1696067382.251495
1,22528,1696067382.4403226
1,22656,1696067382.6286752
1,22784,1696067382.816849
1,22912,1696067383.008025
1,23040,1696067383.1974592
1,23168,1696067383.3888414
1,23296,1696067383.580402
1,23424,1696067383.7682061
1,23552,1696067383.9563491
1,23680,1696067384.144673
1,23808,1696067384.3359222
1,23936,1696067384.524557
1,24064,1696067384.7156365
1,24192,1696067384.9071531
1,24320,1696067385.0986872
1,24448,1696067385.2896042
1,24576,1696067385.4784963
1,24704,1696067385.669667
1,24832,1696067385.8586266
1,24960,1696067386.0464864
1,25088,1696067386.2356682
1,25216,1696067386.4273715
1,25344,1696067386.6184895
1,25472,1696067386.8101923
1,25600,1696067386.9988022
1,25728,1696067387.1879954
1,25856,1696067387.3793764
1,25984,1696067387.5713122
1,26112,1696067387.76278
1,26240,1696067387.9548244
1,26368,1696067388.1464088
1,26496,1696067388.3344553
1,26624,1696067388.5236766
1,26752,1696067388.714662
1,26880,1696067388.9031582
1,27008,1696067389.0944862
1,27136,1696067389.2829802
1,27264,1696067389.4722505
1,27392,1696067389.6634257
1,27520,1696067389.85492
1,27648,1696067390.0465913
1,27776,1696067390.2381136
1,27904,1696067390.4293585
1,28032,1696067390.6204836
1,28160,1696067390.8116374
1,28288,1696067391.0028384
1,28416,1696067391.1919944
1,28544,1696067391.3829453
1,28672,1696067391.5713058
1,28800,1696067391.7625055
1,28928,1696067391.9510877
1,29056,1696067392.1427872
1,29184,1696067392.3345847
1,29312,1696067392.5232422
1,29440,1696067392.7122798
1,29568,1696067392.9042482
1,29696,1696067393.09602
1,29824,1696067393.2878118
1,29952,1696067393.478724
1,30080,1696067393.668113
1,30208,1696067393.856517
1,30336,1696067393.9810684
1,30464,1696067394.0706692
1,30592,1696067394.1599317
1,30720,1696067394.2493243
1,30848,1696067394.3385315
1,30976,1696067394.427797
1,31104,1696067394.5169888
1,31232,1696067394.6062927
1,31360,1696067394.6955287
1,31488,1696067394.784793
1,31616,1696067394.8739948
1,31744,1696067394.9632566
1,31872,1696067395.052315
1,32000,1696067395.1417613
1,32128,1696067395.2309432
1,32256,1696067395.3201993
1,32384,1696067395.409598
1,32512,1696067395.4988194
1,32640,1696067395.5881627
1,32768,1696067395.6773827
1,32896,1696067395.7666447
1,33024,1696067395.8558545
1,33152,1696067395.9451325
1,33280,1696067396.034286
1,33408,1696067396.1235876
1,33536,1696067396.2126482
1,33664,1696067396.3019037
1,33792,1696067396.3911018
1,33920,1696067396.4803233
1,34048,1696067396.5696847
1,34176,1696067396.6588788
1,34304,1696067396.7481527
1,34432,1696067396.8373733
1,34560,1696067396.9266903
1,34688,1696067397.0159285
1,34816,1696067397.1053479
1,34944,1696067397.1945672
1,35072,1696067397.2838295
1,35200,1696067397.3730783
1,35328,1696067397.462392
1,35456,1696067397.5514133
1,35584,1696067397.6405408
1,35712,1696067397.7298803
1,35840,1696067397.819161
1,35968,1696067397.9084918
1,36096,1696067397.9976926
1,36224,1696067398.0869658
1,36352,1696067398.1761649
1,36480,1696067398.2654026
1,36608,1696067398.35456
1,36736,1696067398.4438286
1,36864,1696067398.532861
1,36992,1696067398.622225
1,37120,1696067398.711374
1,37248,1696067398.8007293
1,37376,1696067398.8900812
1,37504,1696067398.9793584
1,37632,1696067399.068714
1,37760,1696067399.1579041
1,37888,1696067399.2471838
1,38016,1696067399.3363972
1,38144,1696067399.4257076
1,38272,1696067399.514967
1,38400,1696067399.6042316
1,38528,1696067399.6933205
1,38656,1696067399.782647
1,38784,1696067399.8717372
1,38912,1696067399.9611413
1,39040,1696067400.050313
1,39168,1696067400.1396606
1,39296,1696067400.2289965
1,39424,1696067400.3182924
1,39552,1696067400.4076507
1,39680,1696067400.4968517
1,39808,1696067400.586138
1,39936,1696067400.6754184
1,40064,1696067400.7646906
1,40192,1696067400.8539615
1,40320,1696067400.943264
1,40448,1696067401.032399
1,40576,1696067401.1216955
1,40704,1696067401.2107828
1,40832,1696067401.3001091
1,40960,1696067401.3893325
1,41088,1696067401.4786158
1,41216,1696067401.5681481
1,41344,1696067401.6573803
1,41472,1696067401.7466936
1,41600,1696067401.8358648
1,41728,1696067401.9252439
1,41856,1696067402.014542
1,41984,1696067402.1038404
1,42112,1696067402.193008
1,42240,1696067402.282707
1,42368,1696067402.3718753
1,42496,1696067402.4612014
1,42624,1696067402.550328
1,42752,1696067402.639803
1,42880,1696067402.7290087
1,43008,1696067402.8184085
1,43136,1696067402.9077485
1,43264,1696067402.9969997
1,43392,1696067403.0862844
1,43520,1696067403.1755433
1,43648,1696067403.2648485
1,43776,1696067403.3541205
1,43904,1696067403.4434128
1,44032,1696067403.53258
1,44160,1696067403.6220503
1,44288,1696067403.7112715
1,44416,1696067403.8006094
1,44544,1696067403.8898284
1,44672,1696067403.979223
