epoch,trained_sample,time
1,0,1696065188.3256848
1,32,1696065189.544246
1,64,1696065189.5832493
1,96,1696065189.6135504
1,128,1696065189.649843
1,160,1696065189.6855774
1,192,1696065189.7259607
1,224,1696065189.7548182
1,256,1696065189.7842796
1,288,1696065189.813727
1,320,1696065189.8487675
1,352,1696065189.8921704
1,384,1696065189.920298
1,416,1696065189.9517314
1,448,1696065189.9872265
1,480,1696065190.0251517
1,512,1696065190.057187
1,544,1696065190.091168
1,576,1696065190.1229975
1,608,1696065190.161003
1,640,1696065190.193133
1,672,1696065190.228841
1,704,1696065190.2697926
1,736,1696065190.3062928
1,768,1696065190.3397243
1,800,1696065190.371055
1,832,1696065190.403559
1,864,1696065190.4446929
1,896,1696065190.4729264
1,928,1696065190.5103557
1,960,1696065190.5430822
1,992,1696065190.5817173
1,1024,1696065190.6147704
1,1056,1696065190.6503232
1,1088,1696065190.679021
1,1120,1696065190.7140496
1,1152,1696065190.742464
1,1184,1696065190.778727
1,1216,1696065190.8074758
1,1248,1696065190.8410382
1,1280,1696065190.8757415
1,1312,1696065190.914233
1,1344,1696065190.9467707
1,1376,1696065190.982051
1,1408,1696065191.0158293
1,1440,1696065191.0472305
1,1472,1696065191.0802822
1,1504,1696065191.121552
1,1536,1696065191.1645858
1,1568,1696065191.2036076
1,1600,1696065191.235568
1,1632,1696065191.2759552
1,1664,1696065191.3072968
1,1696,1696065191.3413222
1,1728,1696065191.3769653
1,1760,1696065191.4179013
1,1792,1696065191.4507282
1,1824,1696065191.4825437
1,1856,1696065191.514789
1,1888,1696065191.5513926
1,1920,1696065191.5829988
1,1952,1696065191.6176238
1,1984,1696065191.6533012
1,2016,1696065191.6938214
1,2048,1696065191.7320697
1,2080,1696065191.772072
1,2112,1696065191.809809
1,2144,1696065191.8461688
1,2176,1696065191.8867848
1,2208,1696065191.919855
1,2240,1696065191.955756
1,2272,1696065191.99417
1,2304,1696065192.0276065
1,2336,1696065192.0589993
1,2368,1696065192.0907583
1,2400,1696065192.129339
1,2432,1696065192.1652806
1,2464,1696065192.1988266
1,2496,1696065192.2308328
1,2528,1696065192.2671785
1,2560,1696065192.306179
1,2592,1696065192.3395028
1,2624,1696065192.371017
1,2656,1696065192.4082282
1,2688,1696065192.4425955
1,2720,1696065192.4747424
1,2752,1696065192.5053403
1,2784,1696065192.542816
1,2816,1696065192.5761857
1,2848,1696065192.6076903
1,2880,1696065192.6429253
1,2912,1696065192.6904492
1,2944,1696065192.7228184
1,2976,1696065192.7547376
1,3008,1696065192.7900324
1,3040,1696065192.8286605
1,3072,1696065192.861061
1,3104,1696065192.8910706
1,3136,1696065192.9297612
1,3168,1696065192.9705966
1,3200,1696065193.0057037
1,3232,1696065193.0405807
1,3264,1696065193.0712755
1,3296,1696065193.1058648
1,3328,1696065193.1416538
1,3360,1696065193.1824274
1,3392,1696065193.2145247
1,3424,1696065193.2502942
1,3456,1696065193.2838447
1,3488,1696065193.3182566
1,3520,1696065193.3534472
1,3552,1696065193.3936124
1,3584,1696065193.4359586
1,3616,1696065193.4669547
1,3648,1696065193.5002785
1,3680,1696065193.5390937
1,3712,1696065193.577225
1,3744,1696065193.612878
1,3776,1696065193.6435137
1,3808,1696065193.683162
1,3840,1696065193.7149014
1,3872,1696065193.7467577
1,3904,1696065193.7792597
1,3936,1696065193.818313
1,3968,1696065193.850899
1,4000,1696065193.8850446
1,4032,1696065193.9168673
1,4064,1696065193.9549704
1,4096,1696065193.98835
1,4128,1696065194.0291176
1,4160,1696065194.061667
1,4192,1696065194.103773
1,4224,1696065194.1455035
1,4256,1696065194.1857526
1,4288,1696065194.2187252
1,4320,1696065194.2541528
1,4352,1696065194.2877507
1,4384,1696065194.3193104
1,4416,1696065194.3610878
1,4448,1696065194.40414
1,4480,1696065194.4355428
1,4512,1696065194.4703841
1,4544,1696065194.505972
1,4576,1696065194.5377648
1,4608,1696065194.5687654
1,4640,1696065194.5987024
1,4672,1696065194.6279373
1,4704,1696065194.6573167
1,4736,1696065194.6867592
1,4768,1696065194.7163215
1,4800,1696065194.7457206
1,4832,1696065194.7751157
1,4864,1696065194.8046927
1,4896,1696065194.8343575
1,4928,1696065194.8636544
1,4960,1696065194.8930988
1,4992,1696065194.9226215
1,5024,1696065194.9523008
1,5056,1696065194.9818642
1,5088,1696065195.011426
1,5120,1696065195.0409412
1,5152,1696065195.0706356
1,5184,1696065195.1000566
1,5216,1696065195.1295068
1,5248,1696065195.1591268
1,5280,1696065195.1888235
1,5312,1696065195.2179432
1,5344,1696065195.247541
1,5376,1696065195.277087
1,5408,1696065195.3069763
1,5440,1696065195.3364236
1,5472,1696065195.3661394
1,5504,1696065195.3957002
1,5536,1696065195.4255896
1,5568,1696065195.4550617
1,5600,1696065195.4846845
1,5632,1696065195.5146356
1,5664,1696065195.5444148
1,5696,1696065195.5735064
1,5728,1696065195.603349
1,5760,1696065195.6326404
1,5792,1696065195.6634524
1,5824,1696065195.6930609
1,5856,1696065195.7237039
1,5888,1696065195.753719
1,5920,1696065195.7951767
1,5952,1696065195.8277268
1,5984,1696065195.863162
1,6016,1696065195.8968816
1,6048,1696065195.931508
1,6080,1696065195.9643853
1,6112,1696065195.9993987
1,6144,1696065196.0326784
1,6176,1696065196.0638187
1,6208,1696065196.0984476
1,6240,1696065196.1307087
1,6272,1696065196.1630208
1,6304,1696065196.1972666
1,6336,1696065196.235358
1,6368,1696065196.2800977
1,6400,1696065196.3204718
1,6432,1696065196.3578563
1,6464,1696065196.3955486
1,6496,1696065196.4334867
1,6528,1696065196.469946
1,6560,1696065196.5077057
1,6592,1696065196.5456207
1,6624,1696065196.5834916
1,6656,1696065196.6214101
1,6688,1696065196.6587043
1,6720,1696065196.696099
1,6752,1696065196.7339067
1,6784,1696065196.7720299
1,6816,1696065196.8115172
1,6848,1696065196.8495655
1,6880,1696065196.8871386
1,6912,1696065196.925539
1,6944,1696065196.9628785
1,6976,1696065197.0009432
1,7008,1696065197.0396793
1,7040,1696065197.0774758
1,7072,1696065197.11515
1,7104,1696065197.1604304
1,7136,1696065197.2012389
1,7168,1696065197.2488303
1,7200,1696065197.2967746
1,7232,1696065197.3391442
1,7264,1696065197.3918736
1,7296,1696065197.4424055
1,7328,1696065197.4844954
1,7360,1696065197.5327501
1,7392,1696065197.580375
1,7424,1696065197.62856
1,7456,1696065197.666229
1,7488,1696065197.7213511
1,7520,1696065197.761877
1,7552,1696065197.812724
1,7584,1696065197.860069
1,7616,1696065197.9103932
1,7648,1696065197.954778
1,7680,1696065198.0011601
1,7712,1696065198.0489476
1,7744,1696065198.0969548
1,7776,1696065198.1442244
1,7808,1696065198.185343
1,7840,1696065198.2364426
1,7872,1696065198.2844646
1,7904,1696065198.3283806
1,7936,1696065198.3753066
1,7968,1696065198.4231946
1,8000,1696065198.4765866
1,8032,1696065198.5187776
1,8064,1696065198.5759554
1,8096,1696065198.6150813
1,8128,1696065198.662076
1,8160,1696065198.7103465
1,8192,1696065198.7559757
1,8224,1696065198.8024182
1,8256,1696065198.856845
1,8288,1696065198.89769
1,8320,1696065198.9447818
1,8352,1696065198.992881
1,8384,1696065199.0456762
1,8416,1696065199.0928285
1,8448,1696065199.1407366
1,8480,1696065199.1890104
1,8512,1696065199.230564
1,8544,1696065199.2756007
1,8576,1696065199.328238
1,8608,1696065199.3709395
1,8640,1696065199.4178228
1,8672,1696065199.4653802
1,8704,1696065199.5153525
1,8736,1696065199.565026
1,8768,1696065199.6063142
1,8800,1696065199.6641574
1,8832,1696065199.7087598
1,8864,1696065199.7510743
1,8896,1696065199.7966735
1,8928,1696065199.8401833
1,8960,1696065199.8919978
1,8992,1696065199.9355962
1,9024,1696065199.9842954
1,9056,1696065200.028354
1,9088,1696065200.081378
1,9120,1696065200.1284857
1,9152,1696065200.1766121
1,9184,1696065200.229339
1,9216,1696065200.2692184
1,9248,1696065200.3185112
1,9280,1696065200.36676
1,9312,1696065200.4144974
1,9344,1696065200.4613314
1,9376,1696065200.5165823
1,9408,1696065200.5563118
1,9440,1696065200.60829
1,9472,1696065200.6549966
1,9504,1696065200.7082803
1,9536,1696065200.748316
1,9568,1696065200.796311
1,9600,1696065200.8442886
1,9632,1696065200.8872662
1,9664,1696065200.9362807
1,9696,1696065200.9804766
1,9728,1696065201.0324457
1,9760,1696065201.08041
1,9792,1696065201.1281195
1,9824,1696065201.1765702
1,9856,1696065201.2312264
1,9888,1696065201.2710292
1,9920,1696065201.3151824
1,9952,1696065201.3635895
1,9984,1696065201.4129922
1,10016,1696065201.46048
1,10048,1696065201.507816
1,10080,1696065201.5566206
1,10112,1696065201.6010325
1,10144,1696065201.646387
1,10176,1696065201.694548
1,10208,1696065201.747579
1,10240,1696065201.7885826
1,10272,1696065201.8368661
1,10304,1696065201.8854878
1,10336,1696065201.9276748
1,10368,1696065201.9796798
1,10400,1696065202.0279245
1,10432,1696065202.0766087
1,10464,1696065202.1237006
1,10496,1696065202.1719582
1,10528,1696065202.2201295
1,10560,1696065202.2682345
1,10592,1696065202.309392
1,10624,1696065202.3574355
1,10656,1696065202.4077432
1,10688,1696065202.450181
1,10720,1696065202.498228
1,10752,1696065202.5449162
1,10784,1696065202.5929594
1,10816,1696065202.6406765
1,10848,1696065202.688742
1,10880,1696065202.7368205
1,10912,1696065202.7851734
1,10944,1696065202.827317
1,10976,1696065202.8765929
1,11008,1696065202.9245086
1,11040,1696065202.9726863
1,11072,1696065203.0206115
1,11104,1696065203.0684571
1,11136,1696065203.1111805
1,11168,1696065203.1584897
1,11200,1696065203.2069986
1,11232,1696065203.2568765
1,11264,1696065203.3050714
1,11296,1696065203.3456
1,11328,1696065203.3949773
1,11360,1696065203.4428694
1,11392,1696065203.4902723
1,11424,1696065203.5398848
1,11456,1696065203.5847409
1,11488,1696065203.63029
1,11520,1696065203.678141
1,11552,1696065203.7268634
1,11584,1696065203.775785
1,11616,1696065203.8281384
1,11648,1696065203.8674111
1,11680,1696065203.915477
1,11712,1696065203.9644856
1,11744,1696065204.0122097
1,11776,1696065204.0557096
1,11808,1696065204.1036966
1,11840,1696065204.1534517
1,11872,1696065204.2011917
1,11904,1696065204.2511537
1,11936,1696065204.2956376
1,11968,1696065204.3457623
1,12000,1696065204.387573
1,12032,1696065204.4369931
1,12064,1696065204.4851763
1,12096,1696065204.5326807
1,12128,1696065204.580435
1,12160,1696065204.6241026
1,12192,1696065204.6709795
1,12224,1696065204.7241998
1,12256,1696065204.7720735
1,12288,1696065204.8203304
1,12320,1696065204.8685415
1,12352,1696065204.9086728
1,12384,1696065204.9551704
1,12416,1696065205.0027952
1,12448,1696065205.0511303
1,12480,1696065205.1016126
1,12512,1696065205.1491783
1,12544,1696065205.1971414
1,12576,1696065205.2482452
1,12608,1696065205.290978
1,12640,1696065205.3397608
1,12672,1696065205.3867722
1,12704,1696065205.432346
1,12736,1696065205.4803536
1,12768,1696065205.528004
1,12800,1696065205.5763981
1,12832,1696065205.6205943
1,12864,1696065205.667046
1,12896,1696065205.7153766
1,12928,1696065205.7624009
1,12960,1696065205.8107672
1,12992,1696065205.8635845
1,13024,1696065205.9118538
1,13056,1696065205.953121
1,13088,1696065206.000894
1,13120,1696065206.0492384
1,13152,1696065206.0944505
1,13184,1696065206.1418588
1,13216,1696065206.189344
1,13248,1696065206.2397988
1,13280,1696065206.2830865
1,13312,1696065206.3308065
1,13344,1696065206.3796258
1,13376,1696065206.4320343
1,13408,1696065206.4719963
1,13440,1696065206.518861
1,13472,1696065206.5717542
1,13504,1696065206.6142294
1,13536,1696065206.668501
1,13568,1696065206.7083302
1,13600,1696065206.754974
1,13632,1696065206.8029218
1,13664,1696065206.8560247
1,13696,1696065206.9041288
1,13728,1696065206.9526172
1,13760,1696065206.993109
1,13792,1696065207.0415123
1,13824,1696065207.0889904
1,13856,1696065207.1399562
1,13888,1696065207.181771
1,13920,1696065207.2321637
1,13952,1696065207.2804112
1,13984,1696065207.3285446
1,14016,1696065207.3764248
1,14048,1696065207.424648
1,14080,1696065207.4730232
1,14112,1696065207.5135021
1,14144,1696065207.561576
1,14176,1696065207.6095948
1,14208,1696065207.658113
1,14240,1696065207.7054906
1,14272,1696065207.7565866
1,14304,1696065207.7983198
1,14336,1696065207.8467622
1,14368,1696065207.8994503
1,14400,1696065207.948255
1,14432,1696065207.99623
1,14464,1696065208.0372553
1,14496,1696065208.0834758
1,14528,1696065208.1308649
1,14560,1696065208.1793866
1,14592,1696065208.2284822
1,14624,1696065208.2761538
1,14656,1696065208.319773
1,14688,1696065208.3702154
1,14720,1696065208.4250484
1,14752,1696065208.465389
1,14784,1696065208.5211341
1,14816,1696065208.5577939
1,14848,1696065208.6053476
1,14880,1696065208.653158
1,14912,1696065208.70533
1,14944,1696065208.746246
1,14976,1696065208.7943983
1,15008,1696065208.8421218
1,15040,1696065208.8894086
1,15072,1696065208.9393668
1,15104,1696065208.9866302
1,15136,1696065209.0400512
1,15168,1696065209.0881717
1,15200,1696065209.1276567
1,15232,1696065209.1749394
1,15264,1696065209.222543
1,15296,1696065209.271292
1,15328,1696065209.3178153
1,15360,1696065209.3656366
1,15392,1696065209.4138496
1,15424,1696065209.4620945
1,15456,1696065209.5103686
1,15488,1696065209.559239
1,15520,1696065209.6041963
1,15552,1696065209.6570268
1,15584,1696065209.697334
1,15616,1696065209.745689
1,15648,1696065209.7962217
1,15680,1696065209.8440373
1,15712,1696065209.888267
1,15744,1696065209.9403853
1,15776,1696065209.9886348
1,15808,1696065210.0365863
1,15840,1696065210.0850837
1,15872,1696065210.1253219
1,15904,1696065210.1732016
1,15936,1696065210.2194865
1,15968,1696065210.2723477
1,16000,1696065210.3141115
1,16032,1696065210.363538
1,16064,1696065210.4111862
1,16096,1696065210.4589431
1,16128,1696065210.5055652
1,16160,1696065210.5544891
1,16192,1696065210.6032383
1,16224,1696065210.645559
1,16256,1696065210.6936648
1,16288,1696065210.7468185
1,16320,1696065210.7860725
1,16352,1696065210.8350573
1,16384,1696065210.882288
1,16416,1696065210.9294817
1,16448,1696065210.9782085
1,16480,1696065211.0213964
1,16512,1696065211.0781379
1,16544,1696065211.1225214
1,16576,1696065211.1685393
1,16608,1696065211.2208202
1,16640,1696065211.261312
1,16672,1696065211.3093295
1,16704,1696065211.363721
1,16736,1696065211.4110026
1,16768,1696065211.4525387
1,16800,1696065211.500834
1,16832,1696065211.5488222
1,16864,1696065211.597109
1,16896,1696065211.6429358
1,16928,1696065211.6853223
1,16960,1696065211.733784
1,16992,1696065211.787388
1,17024,1696065211.8324354
1,17056,1696065211.8761964
1,17088,1696065211.9280586
1,17120,1696065211.9778452
1,17152,1696065212.0243134
1,17184,1696065212.0697172
1,17216,1696065212.117882
1,17248,1696065212.1681783
1,17280,1696065212.2065892
1,17312,1696065212.2574255
1,17344,1696065212.3019586
1,17376,1696065212.3548083
1,17408,1696065212.3948338
1,17440,1696065212.445855
1,17472,1696065212.4913542
1,17504,1696065212.546074
1,17536,1696065212.590002
1,17568,1696065212.6426222
1,17600,1696065212.6840377
1,17632,1696065212.7338526
1,17664,1696065212.7784507
1,17696,1696065212.8220196
1,17728,1696065212.8671327
1,17760,1696065212.9254408
1,17792,1696065212.9660761
1,17824,1696065213.013563
1,17856,1696065213.0606332
1,17888,1696065213.1182165
1,17920,1696065213.1583169
1,17952,1696065213.2171018
1,17984,1696065213.2509904
1,18016,1696065213.300286
1,18048,1696065213.342905
1,18080,1696065213.3962705
1,18112,1696065213.4419227
1,18144,1696065213.49054
1,18176,1696065213.5430954
1,18208,1696065213.5926764
1,18240,1696065213.6407685
1,18272,1696065213.6939378
1,18304,1696065213.735511
1,18336,1696065213.7843282
1,18368,1696065213.8323514
1,18400,1696065213.8816562
1,18432,1696065213.9233212
1,18464,1696065213.977076
1,18496,1696065214.0200322
1,18528,1696065214.0717306
1,18560,1696065214.114282
1,18592,1696065214.1717117
1,18624,1696065214.211529
1,18656,1696065214.2592695
1,18688,1696065214.307948
1,18720,1696065214.34651
1,18752,1696065214.3938243
1,18784,1696065214.4418552
1,18816,1696065214.4942539
1,18848,1696065214.5389063
1,18880,1696065214.5869877
1,18912,1696065214.6353774
1,18944,1696065214.6808717
1,18976,1696065214.7291596
1,19008,1696065214.782429
1,19040,1696065214.8256586
1,19072,1696065214.8670237
1,19104,1696065214.9142933
1,19136,1696065214.9623048
1,19168,1696065215.013309
1,19200,1696065215.0549848
1,19232,1696065215.1027532
1,19264,1696065215.1512904
1,19296,1696065215.2065163
1,19328,1696065215.2468092
1,19360,1696065215.2966983
1,19392,1696065215.3387582
1,19424,1696065215.3944955
1,19456,1696065215.434335
1,19488,1696065215.4869463
1,19520,1696065215.5272086
1,19552,1696065215.5853639
1,19584,1696065215.626114
1,19616,1696065215.6737583
1,19648,1696065215.722227
1,19680,1696065215.7746437
1,19712,1696065215.8159301
1,19744,1696065215.854916
1,19776,1696065215.9093008
1,19808,1696065215.9590683
1,19840,1696065215.9992864
1,19872,1696065216.0478985
1,19904,1696065216.0952613
1,19936,1696065216.1484914
1,19968,1696065216.1942165
1,20000,1696065216.2447832
1,20032,1696065216.2899976
1,20064,1696065216.3423316
1,20096,1696065216.3817449
1,20128,1696065216.4293878
1,20160,1696065216.4774623
1,20192,1696065216.524177
1,20224,1696065216.5778127
1,20256,1696065216.6177855
1,20288,1696065216.6659827
1,20320,1696065216.718185
1,20352,1696065216.7602694
1,20384,1696065216.810443
1,20416,1696065216.8584006
1,20448,1696065216.9033408
1,20480,1696065216.948079
1,20512,1696065216.9946113
1,20544,1696065217.0439827
1,20576,1696065217.0929813
1,20608,1696065217.1383355
1,20640,1696065217.1862478
1,20672,1696065217.2374136
1,20704,1696065217.2834952
1,20736,1696065217.3301787
1,20768,1696065217.37823
1,20800,1696065217.419164
1,20832,1696065217.473449
1,20864,1696065217.5148747
1,20896,1696065217.5659676
1,20928,1696065217.6084461
1,20960,1696065217.6582909
1,20992,1696065217.7031622
1,21024,1696065217.754268
1,21056,1696065217.804636
1,21088,1696065217.8575602
1,21120,1696065217.894985
1,21152,1696065217.942196
1,21184,1696065217.990098
1,21216,1696065218.0405836
1,21248,1696065218.086133
1,21280,1696065218.133803
1,21312,1696065218.1817956
1,21344,1696065218.2340865
1,21376,1696065218.274963
1,21408,1696065218.322867
1,21440,1696065218.3739464
1,21472,1696065218.425111
1,21504,1696065218.465676
1,21536,1696065218.513495
1,21568,1696065218.5625541
1,21600,1696065218.609339
1,21632,1696065218.6580603
1,21664,1696065218.7025886
1,21696,1696065218.7504225
1,21728,1696065218.8003883
1,21760,1696065218.8464143
1,21792,1696065218.894228
1,21824,1696065218.942623
1,21856,1696065218.9868867
1,21888,1696065219.0305965
1,21920,1696065219.074978
1,21952,1696065219.126961
1,21984,1696065219.1856124
1,22016,1696065219.2190394
1,22048,1696065219.2668521
1,22080,1696065219.3146257
1,22112,1696065219.3697226
1,22144,1696065219.4109209
1,22176,1696065219.4592323
1,22208,1696065219.4998913
1,22240,1696065219.5524065
1,22272,1696065219.601265
1,22304,1696065219.6442933
1,22336,1696065219.690619
1,22368,1696065219.7460275
1,22400,1696065219.7885463
1,22432,1696065219.8384652
1,22464,1696065219.8864574
1,22496,1696065219.9363372
1,22528,1696065219.9851038
1,22560,1696065220.0260227
1,22592,1696065220.0738912
1,22624,1696065220.1261659
1,22656,1696065220.1759732
1,22688,1696065220.210967
1,22720,1696065220.2623675
1,22752,1696065220.314347
1,22784,1696065220.358329
1,22816,1696065220.4065616
1,22848,1696065220.4571435
1,22880,1696065220.5103538
1,22912,1696065220.5461464
1,22944,1696065220.593876
1,22976,1696065220.641893
1,23008,1696065220.6945899
1,23040,1696065220.737186
1,23072,1696065220.7796738
1,23104,1696065220.8305538
1,23136,1696065220.8821237
1,23168,1696065220.9235394
1,23200,1696065220.9748368
1,23232,1696065221.0227997
1,23264,1696065221.0687017
1,23296,1696065221.1138682
1,23328,1696065221.1619036
1,23360,1696065221.2095463
1,23392,1696065221.2622433
1,23424,1696065221.3029804
1,23456,1696065221.3473074
1,23488,1696065221.3986661
1,23520,1696065221.4484887
1,23552,1696065221.4950566
1,23584,1696065221.5439012
1,23616,1696065221.5868473
1,23648,1696065221.6424546
1,23680,1696065221.685669
1,23712,1696065221.7275362
1,23744,1696065221.7749152
1,23776,1696065221.8283439
1,23808,1696065221.8740494
1,23840,1696065221.922109
1,23872,1696065221.9699774
1,23904,1696065222.0222375
1,23936,1696065222.06683
1,23968,1696065222.109872
1,24000,1696065222.1580446
1,24032,1696065222.2103868
1,24064,1696065222.2504559
1,24096,1696065222.2986522
1,24128,1696065222.3485272
1,24160,1696065222.3984358
1,24192,1696065222.4428117
1,24224,1696065222.4912038
1,24256,1696065222.5392447
1,24288,1696065222.5942383
1,24320,1696065222.6274369
1,24352,1696065222.6783972
1,24384,1696065222.7268243
1,24416,1696065222.7813632
1,24448,1696065222.8220284
1,24480,1696065222.8699841
1,24512,1696065222.918126
1,24544,1696065222.968533
1,24576,1696065223.0144458
1,24608,1696065223.0622525
1,24640,1696065223.110528
1,24672,1696065223.1557653
1,24704,1696065223.19892
1,24736,1696065223.2497528
1,24768,1696065223.2915728
1,24800,1696065223.3462741
1,24832,1696065223.388359
1,24864,1696065223.4385421
1,24896,1696065223.4861946
1,24928,1696065223.5381584
1,24960,1696065223.579542
1,24992,1696065223.637899
1,25024,1696065223.6742973
1,25056,1696065223.7262008
1,25088,1696065223.767066
1,25120,1696065223.8150396
1,25152,1696065223.863741
1,25184,1696065223.9174106
1,25216,1696065223.958971
1,25248,1696065224.0102391
1,25280,1696065224.0578837
1,25312,1696065224.110466
1,25344,1696065224.151862
1,25376,1696065224.1977491
1,25408,1696065224.246001
1,25440,1696065224.299148
1,25472,1696065224.3381033
1,25504,1696065224.386297
1,25536,1696065224.4345171
1,25568,1696065224.4847379
1,25600,1696065224.530814
1,25632,1696065224.5784514
1,25664,1696065224.6286886
1,25696,1696065224.6829133
1,25728,1696065224.7154157
1,25760,1696065224.7500734
1,25792,1696065224.782848
1,25824,1696065224.8250744
1,25856,1696065224.8589315
1,25888,1696065224.8933408
1,25920,1696065224.928702
1,25952,1696065224.969719
1,25984,1696065225.0062716
1,26016,1696065225.0417423
1,26048,1696065225.0717657
1,26080,1696065225.103023
1,26112,1696065225.1460903
1,26144,1696065225.1787806
1,26176,1696065225.2113178
1,26208,1696065225.253466
1,26240,1696065225.2938793
1,26272,1696065225.3257766
1,26304,1696065225.3593612
1,26336,1696065225.4012887
1,26368,1696065225.4391086
1,26400,1696065225.4703898
1,26432,1696065225.5038507
1,26464,1696065225.541865
1,26496,1696065225.5787978
1,26528,1696065225.61459
1,26560,1696065225.6467593
1,26592,1696065225.6889684
1,26624,1696065225.7294803
1,26656,1696065225.7610927
1,26688,1696065225.7950008
1,26720,1696065225.837363
1,26752,1696065225.877529
1,26784,1696065225.9107618
1,26816,1696065225.9427955
1,26848,1696065225.9851286
1,26880,1696065226.0258772
1,26912,1696065226.057223
1,26944,1696065226.0935395
1,26976,1696065226.1337705
1,27008,1696065226.1702888
1,27040,1696065226.1994581
1,27072,1696065226.2414398
1,27104,1696065226.272015
1,27136,1696065226.3096979
1,27168,1696065226.3487737
1,27200,1696065226.3827543
1,27232,1696065226.4145555
1,27264,1696065226.4465854
1,27296,1696065226.4779482
1,27328,1696065226.511046
1,27360,1696065226.5428865
1,27392,1696065226.5778759
1,27424,1696065226.6108842
1,27456,1696065226.6427436
1,27488,1696065226.6779165
1,27520,1696065226.7108226
1,27552,1696065226.7456942
1,27584,1696065226.7786188
1,27616,1696065226.8087306
1,27648,1696065226.845828
1,27680,1696065226.8814087
1,27712,1696065226.9147043
1,27744,1696065226.9466803
1,27776,1696065226.9787078
1,27808,1696065227.0109286
1,27840,1696065227.0416238
1,27872,1696065227.0753543
1,27904,1696065227.110244
1,27936,1696065227.1427946
1,27968,1696065227.1762736
1,28000,1696065227.2071671
1,28032,1696065227.2420068
1,28064,1696065227.2823782
1,28096,1696065227.3145568
1,28128,1696065227.3453102
1,28160,1696065227.3794947
1,28192,1696065227.4107742
1,28224,1696065227.446259
1,28256,1696065227.4788656
1,28288,1696065227.5107036
1,28320,1696065227.542635
1,28352,1696065227.57824
1,28384,1696065227.6109445
1,28416,1696065227.6429014
1,28448,1696065227.6747255
1,28480,1696065227.7148843
1,28512,1696065227.7469873
1,28544,1696065227.778971
1,28576,1696065227.8139825
1,28608,1696065227.8444412
1,28640,1696065227.881132
1,28672,1696065227.9133935
1,28704,1696065227.946874
1,28736,1696065227.9817061
1,28768,1696065228.014711
1,28800,1696065228.0453305
1,28832,1696065228.0791175
1,28864,1696065228.1120584
1,28896,1696065228.154007
1,28928,1696065228.1870196
1,28960,1696065228.2187188
1,28992,1696065228.2508795
1,29024,1696065228.28595
1,29056,1696065228.3187997
1,29088,1696065228.350049
1,29120,1696065228.3834536
1,29152,1696065228.4152296
1,29184,1696065228.448445
1,29216,1696065228.4824347
1,29248,1696065228.514622
1,29280,1696065228.5466826
1,29312,1696065228.5788093
1,29344,1696065228.6137447
1,29376,1696065228.6466286
1,29408,1696065228.6817746
1,29440,1696065228.717189
1,29472,1696065228.7505732
1,29504,1696065228.7856336
1,29536,1696065228.8188171
1,29568,1696065228.8508158
1,29600,1696065228.8907702
1,29632,1696065228.9259026
1,29664,1696065228.960978
1,29696,1696065228.9931302
1,29728,1696065229.0289388
1,29760,1696065229.0611362
1,29792,1696065229.0914433
1,29824,1696065229.1297941
1,29856,1696065229.1596603
1,29888,1696065229.197825
1,29920,1696065229.230902
1,29952,1696065229.2638786
1,29984,1696065229.2964594
1,30016,1696065229.3316538
1,30048,1696065229.3632638
1,30080,1696065229.3953707
1,30112,1696065229.4279726
1,30144,1696065229.4604764
1,30176,1696065229.4947848
1,30208,1696065229.5269284
1,30240,1696065229.5587792
1,30272,1696065229.5975485
1,30304,1696065229.6313198
1,30336,1696065229.6627467
1,30368,1696065229.6956718
1,30400,1696065229.7281854
1,30432,1696065229.760891
1,30464,1696065229.795346
1,30496,1696065229.8269386
1,30528,1696065229.8621368
1,30560,1696065229.8921225
1,30592,1696065229.926763
1,30624,1696065229.9597518
1,30656,1696065229.9913268
1,30688,1696065230.02633
1,30720,1696065230.061446
1,30752,1696065230.0917664
1,30784,1696065230.1265812
1,30816,1696065230.1587386
1,30848,1696065230.19882
1,30880,1696065230.230624
1,30912,1696065230.2662039
1,30944,1696065230.298912
1,30976,1696065230.3319623
1,31008,1696065230.36311
1,31040,1696065230.3983088
1,31072,1696065230.4308257
1,31104,1696065230.462707
1,31136,1696065230.493626
1,31168,1696065230.5273623
1,31200,1696065230.5587842
1,31232,1696065230.5919774
1,31264,1696065230.6234143
1,31296,1696065230.6581528
1,31328,1696065230.690564
1,31360,1696065230.7209232
1,31392,1696065230.7572439
1,31424,1696065230.790947
1,31456,1696065230.822819
1,31488,1696065230.854893
1,31520,1696065230.8866527
1,31552,1696065230.9180899
1,31584,1696065230.9517148
1,31616,1696065230.983161
1,31648,1696065231.0157902
1,31680,1696065231.0486808
1,31712,1696065231.0828948
1,31744,1696065231.1180813
1,31776,1696065231.1508386
1,31808,1696065231.190757
1,31840,1696065231.2294793
1,31872,1696065231.2634115
1,31904,1696065231.2949352
1,31936,1696065231.3276143
1,31968,1696065231.3598173
1,32000,1696065231.392436
1,32032,1696065231.4268289
1,32064,1696065231.462006
1,32096,1696065231.49501
1,32128,1696065231.5268776
1,32160,1696065231.5621238
1,32192,1696065231.5975194
1,32224,1696065231.630869
1,32256,1696065231.6626105
1,32288,1696065231.6947744
1,32320,1696065231.7269635
1,32352,1696065231.7591724
1,32384,1696065231.7920825
1,32416,1696065231.823267
1,32448,1696065231.8577344
1,32480,1696065231.8909085
1,32512,1696065231.921695
1,32544,1696065231.9578931
1,32576,1696065231.9907398
1,32608,1696065232.0257795
1,32640,1696065232.0587952
1,32672,1696065232.0935314
1,32704,1696065232.1240208
1,32736,1696065232.1607065
1,32768,1696065232.1916203
1,32800,1696065232.226175
1,32832,1696065232.2586653
1,32864,1696065232.2909307
1,32896,1696065232.3280876
1,32928,1696065232.3622656
1,32960,1696065232.397894
1,32992,1696065232.4281607
1,33024,1696065232.4627826
1,33056,1696065232.494893
1,33088,1696065232.5269332
1,33120,1696065232.5592031
1,33152,1696065232.5911832
1,33184,1696065232.6311266
1,33216,1696065232.663021
1,33248,1696065232.6957548
1,33280,1696065232.7280385
1,33312,1696065232.7710218
1,33344,1696065232.8027837
1,33376,1696065232.838127
1,33408,1696065232.8706055
1,33440,1696065232.9027576
1,33472,1696065232.934745
1,33504,1696065232.9669383
1,33536,1696065232.9989257
1,33568,1696065233.0319126
1,33600,1696065233.063866
1,33632,1696065233.0955925
1,33664,1696065233.1300242
1,33696,1696065233.1708767
1,33728,1696065233.204373
1,33760,1696065233.2367842
1,33792,1696065233.2778368
1,33824,1696065233.3089013
1,33856,1696065233.3409321
1,33888,1696065233.3774114
1,33920,1696065233.4077547
1,33952,1696065233.4460366
1,33984,1696065233.478775
1,34016,1696065233.510908
1,34048,1696065233.5429254
1,34080,1696065233.5750265
1,34112,1696065233.6067202
1,34144,1696065233.6403575
1,34176,1696065233.6749785
1,34208,1696065233.7150562
1,34240,1696065233.7467616
1,34272,1696065233.7788815
1,34304,1696065233.8140237
1,34336,1696065233.8466678
1,34368,1696065233.8819354
1,34400,1696065233.9149373
1,34432,1696065233.9539902
1,34464,1696065233.98599
1,34496,1696065234.0257993
1,34528,1696065234.0594475
1,34560,1696065234.0911152
1,34592,1696065234.123123
1,34624,1696065234.158114
1,34656,1696065234.1880481
1,34688,1696065234.2229767
1,34720,1696065234.2575712
1,34752,1696065234.299792
1,34784,1696065234.3310738
1,34816,1696065234.3658857
1,34848,1696065234.3958917
1,34880,1696065234.4336548
1,34912,1696065234.4666805
1,34944,1696065234.4973395
1,34976,1696065234.5311284
1,35008,1696065234.5622046
1,35040,1696065234.6054323
1,35072,1696065234.6371853
1,35104,1696065234.6710477
1,35136,1696065234.7131724
1,35168,1696065234.7510464
