epoch,trained_sample,time
1,0,1696059645.067533
1,32,1696059646.2746127
1,64,1696059646.2917342
1,96,1696059646.303586
1,128,1696059646.3194048
1,160,1696059646.3316386
1,192,1696059646.3424053
1,224,1696059646.3531046
1,256,1696059646.3664026
1,288,1696059646.3791304
1,320,1696059646.3896916
1,352,1696059646.4005141
1,384,1696059646.4145432
1,416,1696059646.4277034
1,448,1696059646.4383972
1,480,1696059646.4495547
1,512,1696059646.46369
1,544,1696059646.4752254
1,576,1696059646.4858117
1,608,1696059646.4966588
1,640,1696059646.5109744
1,672,1696059646.5225122
1,704,1696059646.5341246
1,736,1696059646.5458956
1,768,1696059646.5683498
1,800,1696059646.584948
1,832,1696059646.6043835
1,864,1696059646.6253674
1,896,1696059646.6429873
1,928,1696059646.657293
1,960,1696059646.6739144
1,992,1696059646.6861773
1,1024,1696059646.733962
1,1056,1696059646.7501862
1,1088,1696059646.7664685
1,1120,1696059646.781491
1,1152,1696059646.8795552
1,1184,1696059646.8992326
1,1216,1696059646.9235685
1,1248,1696059646.9390612
1,1280,1696059646.9522867
1,1312,1696059646.969602
1,1344,1696059646.9841335
1,1376,1696059647.00503
1,1408,1696059647.0259533
1,1440,1696059647.0450113
1,1472,1696059647.0650845
1,1504,1696059647.0859387
1,1536,1696059647.1058528
1,1568,1696059647.1245759
1,1600,1696059647.1452897
1,1632,1696059647.1628792
1,1664,1696059647.1808412
1,1696,1696059647.193701
1,1728,1696059647.2068532
1,1760,1696059647.2192817
1,1792,1696059647.232372
1,1824,1696059647.2447913
1,1856,1696059647.2569337
1,1888,1696059647.2703798
1,1920,1696059647.2826896
1,1952,1696059647.2950006
1,1984,1696059647.3078423
1,2016,1696059647.3201282
1,2048,1696059647.333362
1,2080,1696059647.3453097
1,2112,1696059647.3586607
1,2144,1696059647.3709817
1,2176,1696059647.3834085
1,2208,1696059647.3961465
1,2240,1696059647.4083545
1,2272,1696059647.419922
1,2304,1696059647.4374294
1,2336,1696059647.4580152
1,2368,1696059647.4780757
1,2400,1696059647.4982982
1,2432,1696059647.5186255
1,2464,1696059647.5383503
1,2496,1696059647.5587006
1,2528,1696059647.5786567
1,2560,1696059647.598829
1,2592,1696059647.6186862
1,2624,1696059647.6387243
1,2656,1696059647.658695
1,2688,1696059647.6786513
1,2720,1696059647.691678
1,2752,1696059647.7037811
1,2784,1696059647.7157085
1,2816,1696059647.732062
1,2848,1696059647.7447848
1,2880,1696059647.7576144
1,2912,1696059647.7694855
1,2944,1696059647.782583
1,2976,1696059647.7952085
1,3008,1696059647.8081608
1,3040,1696059647.8208568
1,3072,1696059647.8330934
1,3104,1696059647.8465152
1,3136,1696059647.8588603
1,3168,1696059647.8713317
1,3200,1696059647.8841002
1,3232,1696059647.8963602
1,3264,1696059647.909684
1,3296,1696059647.9215586
1,3328,1696059647.9395196
1,3360,1696059647.953378
1,3392,1696059647.9651804
1,3424,1696059647.9785688
1,3456,1696059647.9908803
1,3488,1696059648.002395
1,3520,1696059648.0152712
1,3552,1696059648.0287106
1,3584,1696059648.0405164
1,3616,1696059648.0522132
1,3648,1696059648.067804
1,3680,1696059648.0808575
1,3712,1696059648.0936809
1,3744,1696059648.105442
1,3776,1696059648.1187656
1,3808,1696059648.1310587
1,3840,1696059648.143598
1,3872,1696059648.1561403
1,3904,1696059648.1685486
1,3936,1696059648.1801488
1,3968,1696059648.193279
1,4000,1696059648.205104
1,4032,1696059648.218733
1,4064,1696059648.2310202
1,4096,1696059648.243736
1,4128,1696059648.256253
1,4160,1696059648.2676969
1,4192,1696059648.2823637
1,4224,1696059648.2946987
1,4256,1696059648.3082235
1,4288,1696059648.3199368
1,4320,1696059648.3332329
1,4352,1696059648.3471115
1,4384,1696059648.359539
1,4416,1696059648.372039
1,4448,1696059648.3843274
1,4480,1696059648.395893
1,4512,1696059648.4089115
1,4544,1696059648.4212506
1,4576,1696059648.434727
1,4608,1696059648.4469802
1,4640,1696059648.4637227
1,4672,1696059648.4790628
1,4704,1696059648.4991279
1,4736,1696059648.5104842
1,4768,1696059648.52346
1,4800,1696059648.5366437
1,4832,1696059648.5482535
1,4864,1696059648.561558
1,4896,1696059648.5733936
1,4928,1696059648.5910323
1,4960,1696059648.6040635
1,4992,1696059648.6166627
1,5024,1696059648.6282275
1,5056,1696059648.6416614
1,5088,1696059648.6536589
1,5120,1696059648.667189
1,5152,1696059648.6791768
1,5184,1696059648.6917808
1,5216,1696059648.7043967
1,5248,1696059648.7165935
1,5280,1696059648.7292485
1,5312,1696059648.7414274
1,5344,1696059648.755293
1,5376,1696059648.767578
1,5408,1696059648.7802932
1,5440,1696059648.7931242
1,5472,1696059648.8050416
1,5504,1696059648.8200617
1,5536,1696059648.8332632
1,5568,1696059648.845639
1,5600,1696059648.8573856
1,5632,1696059648.8707168
1,5664,1696059648.8828874
1,5696,1696059648.8944118
1,5728,1696059648.907384
1,5760,1696059648.9208493
1,5792,1696059648.9325955
1,5824,1696059648.9440172
1,5856,1696059648.9665985
1,5888,1696059648.9851928
1,5920,1696059648.999667
1,5952,1696059649.0122
1,5984,1696059649.0250728
1,6016,1696059649.0369854
1,6048,1696059649.0505836
1,6080,1696059649.0626032
1,6112,1696059649.0749679
1,6144,1696059649.087908
1,6176,1696059649.1003835
1,6208,1696059649.1121397
1,6240,1696059649.1254916
1,6272,1696059649.1375368
1,6304,1696059649.1508393
1,6336,1696059649.1629558
1,6368,1696059649.1753616
1,6400,1696059649.188111
1,6432,1696059649.2001588
1,6464,1696059649.2137163
1,6496,1696059649.2261002
1,6528,1696059649.2380974
1,6560,1696059649.2510746
1,6592,1696059649.2634242
1,6624,1696059649.2763379
1,6656,1696059649.28896
1,6688,1696059649.3005579
1,6720,1696059649.3139007
1,6752,1696059649.325949
1,6784,1696059649.3391383
1,6816,1696059649.351282
1,6848,1696059649.3639388
1,6880,1696059649.3765488
1,6912,1696059649.3888414
1,6944,1696059649.402325
1,6976,1696059649.4144857
1,7008,1696059649.426717
1,7040,1696059649.4397137
1,7072,1696059649.4511273
1,7104,1696059649.4661944
1,7136,1696059649.4796581
1,7168,1696059649.492705
1,7200,1696059649.5066319
1,7232,1696059649.5201204
1,7264,1696059649.534351
1,7296,1696059649.5492384
1,7328,1696059649.5623097
1,7360,1696059649.5745215
1,7392,1696059649.588028
1,7424,1696059649.5998254
1,7456,1696059649.6130817
1,7488,1696059649.6255727
1,7520,1696059649.6373737
1,7552,1696059649.6507492
1,7584,1696059649.6628969
1,7616,1696059649.675548
1,7648,1696059649.6881793
1,7680,1696059649.7001903
1,7712,1696059649.715068
1,7744,1696059649.727724
1,7776,1696059649.7403224
1,7808,1696059649.752458
1,7840,1696059649.7658246
1,7872,1696059649.7776837
1,7904,1696059649.7909977
1,7936,1696059649.8051715
1,7968,1696059649.819507
1,8000,1696059649.831493
1,8032,1696059649.8444514
1,8064,1696059649.8569963
1,8096,1696059649.8692334
1,8128,1696059649.8870327
1,8160,1696059649.8985095
1,8192,1696059649.9116068
1,8224,1696059649.9251537
1,8256,1696059649.9386828
1,8288,1696059649.9508626
1,8320,1696059649.9637454
1,8352,1696059649.9758306
1,8384,1696059649.9873536
1,8416,1696059649.9997864
1,8448,1696059650.0126607
1,8480,1696059650.024888
1,8512,1696059650.0367494
1,8544,1696059650.051787
1,8576,1696059650.06357
1,8608,1696059650.0764968
1,8640,1696059650.0891004
1,8672,1696059650.1007845
1,8704,1696059650.1161776
1,8736,1696059650.1281574
1,8768,1696059650.1397653
1,8800,1696059650.1527777
1,8832,1696059650.1648157
1,8864,1696059650.179441
1,8896,1696059650.1917915
1,8928,1696059650.2045863
1,8960,1696059650.218718
1,8992,1696059650.232278
1,9024,1696059650.2444363
1,9056,1696059650.256289
1,9088,1696059650.2679317
1,9120,1696059650.2809849
1,9152,1696059650.2936218
1,9184,1696059650.3054109
1,9216,1696059650.31908
1,9248,1696059650.3308764
1,9280,1696059650.3432612
1,9312,1696059650.356064
1,9344,1696059650.3687212
1,9376,1696059650.3803203
1,9408,1696059650.3933609
1,9440,1696059650.4071589
1,9472,1696059650.4200532
1,9504,1696059650.4324584
1,9536,1696059650.4444807
1,9568,1696059650.4559956
1,9600,1696059650.4694042
1,9632,1696059650.481184
1,9664,1696059650.4945145
1,9696,1696059650.5067723
1,9728,1696059650.5190997
1,9760,1696059650.5317094
1,9792,1696059650.5438173
1,9824,1696059650.5569246
1,9856,1696059650.5691361
1,9888,1696059650.5824974
1,9920,1696059650.5946374
1,9952,1696059650.607101
1,9984,1696059650.6205165
1,10016,1696059650.63218
1,10048,1696059650.6438715
1,10080,1696059650.6572638
1,10112,1696059650.6698506
1,10144,1696059650.6819339
1,10176,1696059650.6951575
1,10208,1696059650.7066877
1,10240,1696059650.7195013
1,10272,1696059650.7320676
1,10304,1696059650.7438154
1,10336,1696059650.756828
1,10368,1696059650.7690048
1,10400,1696059650.7823906
1,10432,1696059650.794726
1,10464,1696059650.8070896
1,10496,1696059650.8199635
1,10528,1696059650.832393
1,10560,1696059650.8472724
1,10592,1696059650.861523
1,10624,1696059650.8750005
1,10656,1696059650.8870862
1,10688,1696059650.8995402
1,10720,1696059650.9121697
1,10752,1696059650.9243963
1,10784,1696059650.935908
1,10816,1696059650.9481938
1,10848,1696059650.961604
1,10880,1696059650.973941
1,10912,1696059650.985761
1,10944,1696059650.9987273
1,10976,1696059651.0107145
1,11008,1696059651.0234058
1,11040,1696059651.0371764
1,11072,1696059651.049446
1,11104,1696059651.0627065
1,11136,1696059651.075016
1,11168,1696059651.0864725
1,11200,1696059651.099334
1,11232,1696059651.1127565
1,11264,1696059651.1245122
1,11296,1696059651.1361995
1,11328,1696059651.149207
1,11360,1696059651.1610675
1,11392,1696059651.172859
1,11424,1696059651.18468
1,11456,1696059651.2007906
1,11488,1696059651.2195718
1,11520,1696059651.231667
1,11552,1696059651.2427192
1,11584,1696059651.2535465
1,11616,1696059651.2649193
1,11648,1696059651.276512
1,11680,1696059651.287678
1,11712,1696059651.298871
1,11744,1696059651.3098934
1,11776,1696059651.3211942
1,11808,1696059651.3329024
1,11840,1696059651.3466434
1,11872,1696059651.3579435
1,11904,1696059651.3693347
1,11936,1696059651.3804889
1,11968,1696059651.3913474
1,12000,1696059651.4023864
1,12032,1696059651.4144626
1,12064,1696059651.4259417
1,12096,1696059651.4365652
1,12128,1696059651.447383
1,12160,1696059651.4584854
1,12192,1696059651.4695935
1,12224,1696059651.4811575
1,12256,1696059651.4921863
1,12288,1696059651.5027397
1,12320,1696059651.5141706
1,12352,1696059651.525481
1,12384,1696059651.5366712
1,12416,1696059651.5475905
1,12448,1696059651.558499
1,12480,1696059651.57046
1,12512,1696059651.5816674
1,12544,1696059651.5928912
1,12576,1696059651.6044931
1,12608,1696059651.615648
1,12640,1696059651.6265156
1,12672,1696059651.6375415
1,12704,1696059651.648716
1,12736,1696059651.6596117
1,12768,1696059651.6710489
1,12800,1696059651.6824093
1,12832,1696059651.6929855
1,12864,1696059651.7042873
1,12896,1696059651.7185843
1,12928,1696059651.7299538
1,12960,1696059651.7410245
1,12992,1696059651.7521882
1,13024,1696059651.764772
1,13056,1696059651.7807493
1,13088,1696059651.8009934
1,13120,1696059651.8223133
1,13152,1696059651.8428538
1,13184,1696059651.8629165
1,13216,1696059651.8812802
1,13248,1696059651.9011116
1,13280,1696059651.9214234
1,13312,1696059651.9355206
1,13344,1696059651.9490902
1,13376,1696059651.9624424
1,13408,1696059651.9743521
1,13440,1696059651.9887114
1,13472,1696059652.000065
1,13504,1696059652.0154438
1,13536,1696059652.0286791
1,13568,1696059652.0406272
1,13600,1696059652.055924
1,13632,1696059652.067645
1,13664,1696059652.0805154
1,13696,1696059652.0962393
1,13728,1696059652.115145
1,13760,1696059652.134883
1,13792,1696059652.1543202
1,13824,1696059652.1742337
1,13856,1696059652.1932735
1,13888,1696059652.2129378
1,13920,1696059652.2332754
1,13952,1696059652.2548668
1,13984,1696059652.2732725
1,14016,1696059652.2936304
1,14048,1696059652.3153403
1,14080,1696059652.3345082
1,14112,1696059652.3532023
1,14144,1696059652.37329
1,14176,1696059652.3889258
1,14208,1696059652.4002633
1,14240,1696059652.4132774
1,14272,1696059652.4253762
1,14304,1696059652.4390428
1,14336,1696059652.4516647
1,14368,1696059652.4640439
1,14400,1696059652.4763765
1,14432,1696059652.4905338
1,14464,1696059652.504358
1,14496,1696059652.5163023
1,14528,1696059652.5273666
1,14560,1696059652.5407517
1,14592,1696059652.5550327
1,14624,1696059652.5678713
1,14656,1696059652.5823898
1,14688,1696059652.594843
1,14720,1696059652.6082969
1,14752,1696059652.6192834
1,14784,1696059652.6364942
1,14816,1696059652.6547086
1,14848,1696059652.6751914
1,14880,1696059652.6931977
1,14912,1696059652.7104466
1,14944,1696059652.7305136
1,14976,1696059652.7508495
1,15008,1696059652.7692327
1,15040,1696059652.7856004
1,15072,1696059652.7996657
1,15104,1696059652.8116703
1,15136,1696059652.8226857
1,15168,1696059652.8361592
1,15200,1696059652.8553505
1,15232,1696059652.8749702
1,15264,1696059652.8931842
1,15296,1696059652.9124224
1,15328,1696059652.928572
1,15360,1696059652.943049
1,15392,1696059652.9536028
1,15424,1696059652.9676723
1,15456,1696059652.9824076
1,15488,1696059652.9977329
1,15520,1696059653.012075
1,15552,1696059653.025085
1,15584,1696059653.0391016
1,15616,1696059653.054574
1,15648,1696059653.0678315
1,15680,1696059653.0808632
1,15712,1696059653.0958383
1,15744,1696059653.114036
1,15776,1696059653.126791
1,15808,1696059653.1425161
1,15840,1696059653.1541517
1,15872,1696059653.1697092
1,15904,1696059653.1834652
1,15936,1696059653.1941173
1,15968,1696059653.2090802
1,16000,1696059653.2253592
1,16032,1696059653.2364833
1,16064,1696059653.2536793
1,16096,1696059653.2661593
1,16128,1696059653.2833788
1,16160,1696059653.2939734
1,16192,1696059653.3113523
1,16224,1696059653.3216388
1,16256,1696059653.341841
1,16288,1696059653.352623
1,16320,1696059653.3671842
1,16352,1696059653.3812673
1,16384,1696059653.3966897
1,16416,1696059653.4082003
1,16448,1696059653.4232671
1,16480,1696059653.4339318
1,16512,1696059653.451474
1,16544,1696059653.4618742
1,16576,1696059653.475277
1,16608,1696059653.489189
1,16640,1696059653.5061643
1,16672,1696059653.5197928
1,16704,1696059653.5331407
1,16736,1696059653.546515
1,16768,1696059653.5622807
1,16800,1696059653.5758822
1,16832,1696059653.5887008
1,16864,1696059653.6023195
1,16896,1696059653.6172795
1,16928,1696059653.6284204
1,16960,1696059653.6417727
1,16992,1696059653.6551557
1,17024,1696059653.6702552
1,17056,1696059653.6837437
1,17088,1696059653.6973581
1,17120,1696059653.7122457
1,17152,1696059653.727224
1,17184,1696059653.7401383
1,17216,1696059653.7521896
1,17248,1696059653.764861
1,17280,1696059653.7807105
1,17312,1696059653.7936916
1,17344,1696059653.8064394
1,17376,1696059653.8203282
1,17408,1696059653.8335876
1,17440,1696059653.8464906
1,17472,1696059653.8590505
1,17504,1696059653.872945
1,17536,1696059653.8901887
1,17568,1696059653.9038956
1,17600,1696059653.9179041
1,17632,1696059653.931262
1,17664,1696059653.9463499
1,17696,1696059653.9574897
1,17728,1696059653.9703937
1,17760,1696059653.9832907
1,17792,1696059654.0002801
1,17824,1696059654.0133593
1,17856,1696059654.0266092
1,17888,1696059654.041582
1,17920,1696059654.0584533
1,17952,1696059654.0701332
1,17984,1696059654.0825377
1,18016,1696059654.0951993
1,18048,1696059654.112014
1,18080,1696059654.1239567
1,18112,1696059654.1359725
1,18144,1696059654.14979
1,18176,1696059654.1648092
1,18208,1696059654.178558
1,18240,1696059654.1928976
1,18272,1696059654.2060263
1,18304,1696059654.2218535
1,18336,1696059654.2341547
1,18368,1696059654.2480507
1,18400,1696059654.262287
1,18432,1696059654.278366
1,18464,1696059654.2899234
1,18496,1696059654.3030987
1,18528,1696059654.3160503
1,18560,1696059654.331088
1,18592,1696059654.3433723
1,18624,1696059654.3561153
1,18656,1696059654.3682032
1,18688,1696059654.3843129
1,18720,1696059654.397473
1,18752,1696059654.4103518
1,18784,1696059654.4228966
1,18816,1696059654.4390783
1,18848,1696059654.4524693
1,18880,1696059654.4648998
1,18912,1696059654.4787078
1,18944,1696059654.4942763
1,18976,1696059654.5066655
1,19008,1696059654.520395
1,19040,1696059654.5344439
1,19072,1696059654.5514345
1,19104,1696059654.5649908
1,19136,1696059654.5770612
1,19168,1696059654.5916123
1,19200,1696059654.607739
1,19232,1696059654.6202843
1,19264,1696059654.6336513
1,19296,1696059654.644968
1,19328,1696059654.6615222
1,19360,1696059654.6742992
1,19392,1696059654.6848447
1,19424,1696059654.7028122
1,19456,1696059654.720404
1,19488,1696059654.7313778
1,19520,1696059654.7441344
1,19552,1696059654.7570581
1,19584,1696059654.7716427
1,19616,1696059654.7848258
1,19648,1696059654.7974832
1,19680,1696059654.8105621
1,19712,1696059654.8261719
1,19744,1696059654.8398771
1,19776,1696059654.8518522
1,19808,1696059654.8642867
1,19840,1696059654.8836472
1,19872,1696059654.8953037
1,19904,1696059654.9163718
1,19936,1696059654.9358459
1,19968,1696059654.955103
1,20000,1696059654.9745674
1,20032,1696059654.994562
1,20064,1696059655.0149748
1,20096,1696059655.034796
1,20128,1696059655.054448
1,20160,1696059655.0743935
1,20192,1696059655.0944831
1,20224,1696059655.1154122
1,20256,1696059655.1354563
1,20288,1696059655.1547513
1,20320,1696059655.1745546
1,20352,1696059655.1953068
1,20384,1696059655.2149448
1,20416,1696059655.2349427
1,20448,1696059655.2552092
1,20480,1696059655.275626
1,20512,1696059655.2948716
1,20544,1696059655.3144631
1,20576,1696059655.3342907
1,20608,1696059655.3547742
1,20640,1696059655.3747811
1,20672,1696059655.393896
1,20704,1696059655.4137032
1,20736,1696059655.4343562
1,20768,1696059655.4577885
1,20800,1696059655.4751947
1,20832,1696059655.4938073
1,20864,1696059655.5134916
1,20896,1696059655.5309505
1,20928,1696059655.5451243
1,20960,1696059655.558218
1,20992,1696059655.571563
1,21024,1696059655.583807
1,21056,1696059655.5974147
1,21088,1696059655.6099942
1,21120,1696059655.6237223
1,21152,1696059655.6368005
1,21184,1696059655.651122
1,21216,1696059655.6654437
1,21248,1696059655.6779146
1,21280,1696059655.6911445
1,21312,1696059655.7039864
1,21344,1696059655.7197716
1,21376,1696059655.732268
1,21408,1696059655.745727
1,21440,1696059655.7583036
1,21472,1696059655.770822
1,21504,1696059655.7839422
1,21536,1696059655.7961752
1,21568,1696059655.813517
1,21600,1696059655.8244534
1,21632,1696059655.843601
1,21664,1696059655.8659565
1,21696,1696059655.8829632
1,21728,1696059655.9019072
1,21760,1696059655.9227214
1,21792,1696059655.941113
1,21824,1696059655.9586744
1,21856,1696059655.9769948
1,21888,1696059655.990704
1,21920,1696059656.0049732
1,21952,1696059656.0183303
1,21984,1696059656.0372381
1,22016,1696059656.0556378
1,22048,1696059656.0740898
1,22080,1696059656.0937982
1,22112,1696059656.1131105
1,22144,1696059656.1287563
1,22176,1696059656.1419275
1,22208,1696059656.1560469
1,22240,1696059656.1680021
1,22272,1696059656.1822486
1,22304,1696059656.193886
1,22336,1696059656.2084951
1,22368,1696059656.21974
1,22400,1696059656.2425013
1,22432,1696059656.261011
1,22464,1696059656.2793353
1,22496,1696059656.2986875
1,22528,1696059656.3190067
1,22560,1696059656.3370385
1,22592,1696059656.355148
1,22624,1696059656.3732424
1,22656,1696059656.391599
1,22688,1696059656.4033988
1,22720,1696059656.4206474
1,22752,1696059656.438539
1,22784,1696059656.4577255
1,22816,1696059656.4753094
1,22848,1696059656.4907806
1,22880,1696059656.5028117
1,22912,1696059656.5225234
1,22944,1696059656.5371373
1,22976,1696059656.5512018
1,23008,1696059656.564647
1,23040,1696059656.5766618
1,23072,1696059656.5934577
1,23104,1696059656.6058383
1,23136,1696059656.621875
1,23168,1696059656.63411
1,23200,1696059656.6473567
1,23232,1696059656.6602004
1,23264,1696059656.672151
1,23296,1696059656.6890688
1,23328,1696059656.7067878
1,23360,1696059656.7211115
1,23392,1696059656.7353747
1,23424,1696059656.7489316
1,23456,1696059656.7621555
1,23488,1696059656.7755141
1,23520,1696059656.7883527
1,23552,1696059656.8022926
1,23584,1696059656.8131142
1,23616,1696059656.8311126
1,23648,1696059656.8504992
1,23680,1696059656.8705952
1,23712,1696059656.8904135
1,23744,1696059656.9103918
1,23776,1696059656.930262
1,23808,1696059656.9510138
1,23840,1696059656.9703557
1,23872,1696059656.9897242
1,23904,1696059657.0038579
1,23936,1696059657.0216203
1,23968,1696059657.0337472
1,24000,1696059657.0518196
1,24032,1696059657.0688965
1,24064,1696059657.0880647
1,24096,1696059657.105514
1,24128,1696059657.1212747
1,24160,1696059657.1343522
1,24192,1696059657.154155
1,24224,1696059657.173154
1,24256,1696059657.1910336
1,24288,1696059657.210712
1,24320,1696059657.230446
1,24352,1696059657.2492695
1,24384,1696059657.268477
1,24416,1696059657.2902062
1,24448,1696059657.3114479
1,24480,1696059657.3303783
1,24512,1696059657.3499513
1,24544,1696059657.3685217
1,24576,1696059657.3839428
1,24608,1696059657.3984034
1,24640,1696059657.4121072
1,24672,1696059657.426501
1,24704,1696059657.4407125
1,24736,1696059657.454835
1,24768,1696059657.46848
1,24800,1696059657.4814715
1,24832,1696059657.4965546
1,24864,1696059657.5107317
1,24896,1696059657.5231588
1,24928,1696059657.5369806
1,24960,1696059657.5505795
1,24992,1696059657.5693552
1,25024,1696059657.589698
1,25056,1696059657.6101758
1,25088,1696059657.6304274
1,25120,1696059657.6500149
1,25152,1696059657.670289
1,25184,1696059657.690198
1,25216,1696059657.710434
1,25248,1696059657.7301471
1,25280,1696059657.7511344
1,25312,1696059657.7707036
1,25344,1696059657.7903185
1,25376,1696059657.8105378
1,25408,1696059657.830543
1,25440,1696059657.850351
1,25472,1696059657.8710241
1,25504,1696059657.8907006
1,25536,1696059657.9104836
1,25568,1696059657.9304636
1,25600,1696059657.950823
1,25632,1696059657.9701896
1,25664,1696059657.9901917
1,25696,1696059658.0100996
1,25728,1696059658.0305595
1,25760,1696059658.050113
1,25792,1696059658.0704005
1,25824,1696059658.0902183
1,25856,1696059658.1137412
1,25888,1696059658.130851
1,25920,1696059658.1483724
1,25952,1696059658.1659887
1,25984,1696059658.1862571
1,26016,1696059658.2060947
1,26048,1696059658.2268093
1,26080,1696059658.2468224
1,26112,1696059658.2669418
1,26144,1696059658.286657
1,26176,1696059658.306712
1,26208,1696059658.3264647
1,26240,1696059658.346406
1,26272,1696059658.3669317
1,26304,1696059658.3871975
1,26336,1696059658.4064677
1,26368,1696059658.4260368
1,26400,1696059658.446309
1,26432,1696059658.46636
1,26464,1696059658.486111
1,26496,1696059658.506903
1,26528,1696059658.5270526
1,26560,1696059658.5499082
1,26592,1696059658.5666928
1,26624,1696059658.5820382
1,26656,1696059658.5980988
1,26688,1696059658.6097705
1,26720,1696059658.622803
1,26752,1696059658.6364481
1,26784,1696059658.6480348
1,26816,1696059658.6647296
1,26848,1696059658.6805518
1,26880,1696059658.6932585
1,26912,1696059658.7072587
1,26944,1696059658.7196743
1,26976,1696059658.7337797
1,27008,1696059658.7463164
1,27040,1696059658.7603443
1,27072,1696059658.7731338
1,27104,1696059658.7868886
1,27136,1696059658.8011956
1,27168,1696059658.813589
1,27200,1696059658.8278775
1,27232,1696059658.8404264
1,27264,1696059658.8545353
1,27296,1696059658.868269
1,27328,1696059658.881712
1,27360,1696059658.8953724
1,27392,1696059658.9078004
1,27424,1696059658.9207656
1,27456,1696059658.9345264
1,27488,1696059658.9476843
1,27520,1696059658.9616332
1,27552,1696059658.9755979
1,27584,1696059658.9893527
1,27616,1696059659.0018165
1,27648,1696059659.0161397
1,27680,1696059659.0286393
1,27712,1696059659.04551
1,27744,1696059659.0606625
1,27776,1696059659.0727224
1,27808,1696059659.0870912
1,27840,1696059659.0994754
1,27872,1696059659.1138334
1,27904,1696059659.126604
1,27936,1696059659.1397223
1,27968,1696059659.1536107
1,28000,1696059659.1677616
1,28032,1696059659.1813302
1,28064,1696059659.1937096
1,28096,1696059659.207485
1,28128,1696059659.2204921
1,28160,1696059659.2331834
1,28192,1696059659.2464132
1,28224,1696059659.260615
1,28256,1696059659.2727883
1,28288,1696059659.288514
1,28320,1696059659.3007765
1,28352,1696059659.3150651
1,28384,1696059659.3294842
1,28416,1696059659.3420637
1,28448,1696059659.3558636
1,28480,1696059659.367911
1,28512,1696059659.3819716
1,28544,1696059659.393934
1,28576,1696059659.4082487
1,28608,1696059659.4210343
1,28640,1696059659.433895
1,28672,1696059659.4487019
1,28704,1696059659.4606662
1,28736,1696059659.4737327
1,28768,1696059659.4881043
1,28800,1696059659.5006304
1,28832,1696059659.5128186
1,28864,1696059659.5262492
1,28896,1696059659.5395105
1,28928,1696059659.5531194
1,28960,1696059659.566518
1,28992,1696059659.5804958
1,29024,1696059659.5942566
1,29056,1696059659.6074507
1,29088,1696059659.6221755
1,29120,1696059659.6351476
1,29152,1696059659.6489146
1,29184,1696059659.6617496
1,29216,1696059659.6753478
1,29248,1696059659.68816
1,29280,1696059659.7011573
1,29312,1696059659.7138145
1,29344,1696059659.7284653
1,29376,1696059659.7408166
1,29408,1696059659.754405
1,29440,1696059659.7681627
1,29472,1696059659.781163
1,29504,1696059659.794296
1,29536,1696059659.8082814
1,29568,1696059659.8211355
1,29600,1696059659.8338394
1,29632,1696059659.8479488
1,29664,1696059659.8609557
1,29696,1696059659.87294
1,29728,1696059659.8876157
1,29760,1696059659.9002557
1,29792,1696059659.9167492
1,29824,1696059659.9318328
1,29856,1696059659.946672
1,29888,1696059659.959889
1,29920,1696059659.973512
1,29952,1696059659.985769
1,29984,1696059660.0002291
1,30016,1696059660.0126185
1,30048,1696059660.0253873
1,30080,1696059660.0394897
1,30112,1696059660.05248
1,30144,1696059660.068457
1,30176,1696059660.083596
1,30208,1696059660.0977147
1,30240,1696059660.1108496
1,30272,1696059660.1254501
1,30304,1696059660.1377747
1,30336,1696059660.1526299
1,30368,1696059660.166139
1,30400,1696059660.1803975
1,30432,1696059660.1939468
1,30464,1696059660.2067428
1,30496,1696059660.2205594
1,30528,1696059660.2323585
1,30560,1696059660.2451622
1,30592,1696059660.258502
1,30624,1696059660.272582
1,30656,1696059660.286287
1,30688,1696059660.2996438
1,30720,1696059660.3139563
1,30752,1696059660.3279984
1,30784,1696059660.3418937
1,30816,1696059660.3552709
1,30848,1696059660.3679419
1,30880,1696059660.381933
1,30912,1696059660.3940303
1,30944,1696059660.4075427
1,30976,1696059660.4204745
1,31008,1696059660.433454
1,31040,1696059660.4461985
1,31072,1696059660.4603524
1,31104,1696059660.4731703
1,31136,1696059660.485683
1,31168,1696059660.4999042
1,31200,1696059660.5164423
1,31232,1696059660.529913
1,31264,1696059660.5423806
1,31296,1696059660.55902
1,31328,1696059660.5717666
1,31360,1696059660.5891411
1,31392,1696059660.6012442
1,31424,1696059660.620645
1,31456,1696059660.637618
1,31488,1696059660.65216
1,31520,1696059660.6656086
1,31552,1696059660.6792872
1,31584,1696059660.6929154
1,31616,1696059660.705023
1,31648,1696059660.7185423
1,31680,1696059660.7357192
1,31712,1696059660.7542095
1,31744,1696059660.7744038
1,31776,1696059660.793754
1,31808,1696059660.8137481
1,31840,1696059660.8322904
1,31872,1696059660.8477216
1,31904,1696059660.8608117
1,31936,1696059660.8756251
1,31968,1696059660.8900638
1,32000,1696059660.9043012
1,32032,1696059660.917731
1,32064,1696059660.9322443
1,32096,1696059660.951542
1,32128,1696059660.9711516
1,32160,1696059660.9907355
1,32192,1696059661.0095575
1,32224,1696059661.0285747
1,32256,1696059661.0452318
1,32288,1696059661.0587666
1,32320,1696059661.071979
1,32352,1696059661.0853837
1,32384,1696059661.0984857
1,32416,1696059661.1109493
1,32448,1696059661.1297395
1,32480,1696059661.1495385
1,32512,1696059661.168732
1,32544,1696059661.189641
1,32576,1696059661.2092934
1,32608,1696059661.2234826
1,32640,1696059661.242298
1,32672,1696059661.2553573
1,32704,1696059661.2680783
1,32736,1696059661.2851596
1,32768,1696059661.2994382
1,32800,1696059661.3141437
1,32832,1696059661.328328
1,32864,1696059661.3440251
1,32896,1696059661.355913
1,32928,1696059661.3713243
1,32960,1696059661.3849046
1,32992,1696059661.3971941
1,33024,1696059661.4117515
1,33056,1696059661.423455
1,33088,1696059661.4349768
1,33120,1696059661.4500043
1,33152,1696059661.4743004
1,33184,1696059661.491023
1,33216,1696059661.5030015
1,33248,1696059661.5214531
1,33280,1696059661.5397675
1,33312,1696059661.5550444
1,33344,1696059661.5671363
1,33376,1696059661.584778
1,33408,1696059661.598354
1,33440,1696059661.6101675
1,33472,1696059661.6260211
1,33504,1696059661.6388905
1,33536,1696059661.6569278
1,33568,1696059661.6705167
1,33600,1696059661.684109
1,33632,1696059661.6971457
1,33664,1696059661.712401
1,33696,1696059661.7277322
1,33728,1696059661.7403617
1,33760,1696059661.757323
1,33792,1696059661.778192
1,33824,1696059661.7978587
1,33856,1696059661.8173397
1,33888,1696059661.8347883
1,33920,1696059661.8486884
1,33952,1696059661.8605437
1,33984,1696059661.873641
1,34016,1696059661.887628
1,34048,1696059661.9021404
1,34080,1696059661.9144428
1,34112,1696059661.928921
1,34144,1696059661.9409266
1,34176,1696059661.9575589
1,34208,1696059661.9702423
1,34240,1696059661.9884565
1,34272,1696059662.0045679
1,34304,1696059662.0191298
1,34336,1696059662.0371583
1,34368,1696059662.0556
1,34400,1696059662.067641
1,34432,1696059662.084554
1,34464,1696059662.0961986
1,34496,1696059662.111202
1,34528,1696059662.1260867
1,34560,1696059662.1380198
1,34592,1696059662.1520696
1,34624,1696059662.164974
1,34656,1696059662.1778347
1,34688,1696059662.1925023
1,34720,1696059662.203891
1,34752,1696059662.2177684
1,34784,1696059662.230723
1,34816,1696059662.247879
1,34848,1696059662.2651002
1,34880,1696059662.2782845
1,34912,1696059662.293451
1,34944,1696059662.3057077
1,34976,1696059662.3244536
1,35008,1696059662.341097
1,35040,1696059662.3550243
1,35072,1696059662.3730175
1,35104,1696059662.3917396
1,35136,1696059662.409604
1,35168,1696059662.429552
1,35200,1696059662.449317
1,35232,1696059662.4689317
1,35264,1696059662.4888427
1,35296,1696059662.5092032
1,35328,1696059662.5267394
1,35360,1696059662.538378
1,35392,1696059662.5524828
1,35424,1696059662.5715246
1,35456,1696059662.590093
1,35488,1696059662.6129987
1,35520,1696059662.637762
1,35552,1696059662.6573844
1,35584,1696059662.6768909
1,35616,1696059662.6981962
1,35648,1696059662.716954
1,35680,1696059662.735104
1,35712,1696059662.751754
1,35744,1696059662.764508
1,35776,1696059662.7840645
1,35808,1696059662.8021238
1,35840,1696059662.8155577
1,35872,1696059662.8339922
1,35904,1696059662.8542643
1,35936,1696059662.8741636
1,35968,1696059662.8880563
1,36000,1696059662.907048
1,36032,1696059662.9303737
1,36064,1696059662.9504473
1,36096,1696059662.970302
1,36128,1696059662.9904866
1,36160,1696059663.0101407
1,36192,1696059663.0306184
1,36224,1696059663.0501752
1,36256,1696059663.0708332
1,36288,1696059663.0900998
1,36320,1696059663.1077855
1,36352,1696059663.118835
1,36384,1696059663.138425
1,36416,1696059663.1533344
1,36448,1696059663.1683233
1,36480,1696059663.1823826
1,36512,1696059663.1965535
1,36544,1696059663.211317
1,36576,1696059663.2257943
1,36608,1696059663.2409933
1,36640,1696059663.2538157
1,36672,1696059663.2697644
1,36704,1696059663.284517
1,36736,1696059663.2973332
1,36768,1696059663.3113747
1,36800,1696059663.325408
1,36832,1696059663.3417633
1,36864,1696059663.3554158
1,36896,1696059663.369099
1,36928,1696059663.380659
1,36960,1696059663.3975255
1,36992,1696059663.4090302
1,37024,1696059663.4251177
1,37056,1696059663.4383187
1,37088,1696059663.4554083
1,37120,1696059663.4675357
1,37152,1696059663.483097
1,37184,1696059663.4946795
1,37216,1696059663.509845
1,37248,1696059663.520781
1,37280,1696059663.5378788
1,37312,1696059663.548939
1,37344,1696059663.5656092
1,37376,1696059663.5797012
1,37408,1696059663.5926864
1,37440,1696059663.6096072
1,37472,1696059663.6219242
1,37504,1696059663.6384807
1,37536,1696059663.6509225
1,37568,1696059663.6670697
1,37600,1696059663.6793633
1,37632,1696059663.6938813
1,37664,1696059663.7073052
1,37696,1696059663.7240849
1,37728,1696059663.735486
1,37760,1696059663.7505093
1,37792,1696059663.7636938
1,37824,1696059663.7762718
1,37856,1696059663.793629
1,37888,1696059663.8073034
1,37920,1696059663.8264923
1,37952,1696059663.8460531
1,37984,1696059663.8657465
1,38016,1696059663.8830252
1,38048,1696059663.896558
1,38080,1696059663.9137144
1,38112,1696059663.926379
1,38144,1696059663.9446297
1,38176,1696059663.9574862
1,38208,1696059663.9764829
1,38240,1696059663.9938204
1,38272,1696059664.0103235
1,38304,1696059664.0247269
1,38336,1696059664.04132
1,38368,1696059664.0566723
1,38400,1696059664.0698264
1,38432,1696059664.088143
1,38464,1696059664.1064093
1,38496,1696059664.126063
1,38528,1696059664.1450965
1,38560,1696059664.1613405
1,38592,1696059664.1766825
1,38624,1696059664.1901665
1,38656,1696059664.2058864
1,38688,1696059664.2179556
1,38720,1696059664.2355998
1,38752,1696059664.247926
1,38784,1696059664.2601333
1,38816,1696059664.2766354
1,38848,1696059664.2966743
1,38880,1696059664.3143234
1,38912,1696059664.33024
1,38944,1696059664.3455875
1,38976,1696059664.3585615
1,39008,1696059664.3730052
1,39040,1696059664.3849463
1,39072,1696059664.4006507
1,39104,1696059664.4148183
1,39136,1696059664.4358659
1,39168,1696059664.4554918
1,39200,1696059664.474772
1,39232,1696059664.4938624
1,39264,1696059664.5149426
1,39296,1696059664.5351646
1,39328,1696059664.5546055
1,39360,1696059664.5739107
1,39392,1696059664.593333
1,39424,1696059664.6110728
1,39456,1696059664.6284444
1,39488,1696059664.6395335
1,39520,1696059664.6586199
1,39552,1696059664.6781416
1,39584,1696059664.6955302
1,39616,1696059664.7136955
1,39648,1696059664.733968
1,39680,1696059664.751324
1,39712,1696059664.7652996
1,39744,1696059664.7797968
1,39776,1696059664.7995021
1,39808,1696059664.8193529
1,39840,1696059664.8387563
1,39872,1696059664.8588743
1,39904,1696059664.8772619
1,39936,1696059664.895703
1,39968,1696059664.9118607
1,40000,1696059664.9243705
1,40032,1696059664.9412832
1,40064,1696059664.9546683
1,40096,1696059664.9743273
1,40128,1696059664.9918473
1,40160,1696059665.0030353
1,40192,1696059665.0184777
1,40224,1696059665.033668
1,40256,1696059665.0456333
1,40288,1696059665.0648272
1,40320,1696059665.0830026
1,40352,1696059665.103338
1,40384,1696059665.1223319
1,40416,1696059665.1419153
1,40448,1696059665.1594412
1,40480,1696059665.1767871
1,40512,1696059665.1879694
1,40544,1696059665.2046332
1,40576,1696059665.2192347
1,40608,1696059665.2330544
1,40640,1696059665.2474046
1,40672,1696059665.2677891
1,40704,1696059665.2855625
1,40736,1696059665.3017492
1,40768,1696059665.321825
1,40800,1696059665.3413134
1,40832,1696059665.361527
1,40864,1696059665.3817644
1,40896,1696059665.401557
1,40928,1696059665.4235382
1,40960,1696059665.4389899
1,40992,1696059665.4550858
1,41024,1696059665.4756122
1,41056,1696059665.4945178
1,41088,1696059665.5139737
1,41120,1696059665.533968
1,41152,1696059665.5542426
1,41184,1696059665.5746033
1,41216,1696059665.5948029
1,41248,1696059665.6148078
1,41280,1696059665.634604
1,41312,1696059665.6548684
1,41344,1696059665.674739
1,41376,1696059665.6942365
1,41408,1696059665.7140703
1,41440,1696059665.7279863
1,41472,1696059665.744687
1,41504,1696059665.7608078
1,41536,1696059665.7741086
1,41568,1696059665.7940617
1,41600,1696059665.810828
1,41632,1696059665.829717
1,41664,1696059665.8507376
1,41696,1696059665.8704684
1,41728,1696059665.8902166
1,41760,1696059665.9106421
1,41792,1696059665.9305935
1,41824,1696059665.9504619
1,41856,1696059665.9701335
1,41888,1696059665.9900858
1,41920,1696059666.0100577
1,41952,1696059666.0305972
1,41984,1696059666.0505846
1,42016,1696059666.0740466
1,42048,1696059666.0908024
1,42080,1696059666.1041632
1,42112,1696059666.1191483
1,42144,1696059666.131815
1,42176,1696059666.1456096
1,42208,1696059666.1588182
1,42240,1696059666.172169
1,42272,1696059666.189382
1,42304,1696059666.2076423
1,42336,1696059666.223407
1,42368,1696059666.2369945
1,42400,1696059666.2534435
1,42432,1696059666.268165
1,42464,1696059666.286732
1,42496,1696059666.298617
1,42528,1696059666.3155692
1,42560,1696059666.3316572
1,42592,1696059666.3461132
1,42624,1696059666.3584132
1,42656,1696059666.3754783
1,42688,1696059666.3890388
1,42720,1696059666.4043384
1,42752,1696059666.4182785
1,42784,1696059666.437414
1,42816,1696059666.451962
1,42848,1696059666.4687707
1,42880,1696059666.4819686
1,42912,1696059666.501086
1,42944,1696059666.521998
1,42976,1696059666.5421355
1,43008,1696059666.5613465
1,43040,1696059666.578773
1,43072,1696059666.5902982
1,43104,1696059666.6045477
1,43136,1696059666.6203442
1,43168,1696059666.6345613
1,43200,1696059666.6486466
1,43232,1696059666.6672513
1,43264,1696059666.678125
1,43296,1696059666.695548
1,43328,1696059666.7117617
1,43360,1696059666.724758
1,43392,1696059666.7401729
1,43424,1696059666.7616444
1,43456,1696059666.774158
1,43488,1696059666.791476
1,43520,1696059666.8067815
1,43552,1696059666.823495
1,43584,1696059666.8380187
1,43616,1696059666.8523228
1,43648,1696059666.8646896
1,43680,1696059666.8806806
1,43712,1696059666.8967075
1,43744,1696059666.9099052
1,43776,1696059666.9271505
1,43808,1696059666.9451349
1,43840,1696059666.9637115
1,43872,1696059666.9824202
1,43904,1696059667.0009232
1,43936,1696059667.0151112
1,43968,1696059667.0315657
1,44000,1696059667.0440104
1,44032,1696059667.0596876
1,44064,1696059667.0742266
1,44096,1696059667.0878377
1,44128,1696059667.109569
1,44160,1696059667.1292593
1,44192,1696059667.1486697
1,44224,1696059667.1626894
1,44256,1696059667.1774647
1,44288,1696059667.1920238
1,44320,1696059667.2047167
1,44352,1696059667.221112
1,44384,1696059667.2354548
1,44416,1696059667.249822
1,44448,1696059667.270155
1,44480,1696059667.2909532
1,44512,1696059667.310266
1,44544,1696059667.3293624
1,44576,1696059667.349145
1,44608,1696059667.3697298
1,44640,1696059667.389524
1,44672,1696059667.4078093
1,44704,1696059667.4243197
1,44736,1696059667.4367728
1,44768,1696059667.4532003
1,44800,1696059667.4664927
1,44832,1696059667.4868321
1,44864,1696059667.5064464
1,44896,1696059667.5257146
1,44928,1696059667.5452645
1,44960,1696059667.565203
1,44992,1696059667.5798037
1,45024,1696059667.5966048
1,45056,1696059667.6173248
1,45088,1696059667.6361313
1,45120,1696059667.6549437
1,45152,1696059667.674291
1,45184,1696059667.693348
1,45216,1696059667.7133467
1,45248,1696059667.734255
1,45280,1696059667.7540655
1,45312,1696059667.7740507
1,45344,1696059667.79011
1,45376,1696059667.8024044
1,45408,1696059667.8203511
1,45440,1696059667.8357103
1,45472,1696059667.8543975
1,45504,1696059667.874823
1,45536,1696059667.8942697
1,45568,1696059667.9133823
1,45600,1696059667.9334843
1,45632,1696059667.954647
1,45664,1696059667.9739828
1,45696,1696059667.9934096
1,45728,1696059668.0130255
1,45760,1696059668.0344245
1,45792,1696059668.053161
1,45824,1696059668.0738935
1,45856,1696059668.091459
1,45888,1696059668.110681
1,45920,1696059668.129062
1,45952,1696059668.1470885
1,45984,1696059668.1651886
1,46016,1696059668.183761
1,46048,1696059668.2010853
1,46080,1696059668.2195795
1,46112,1696059668.2315922
1,46144,1696059668.2490327
1,46176,1696059668.2660737
1,46208,1696059668.2837925
1,46240,1696059668.29998
1,46272,1696059668.3132777
1,46304,1696059668.3281777
1,46336,1696059668.344803
1,46368,1696059668.3590856
1,46400,1696059668.3761368
1,46432,1696059668.3945
1,46464,1696059668.4120936
1,46496,1696059668.4253275
1,46528,1696059668.4410741
1,46560,1696059668.4570124
1,46592,1696059668.472854
1,46624,1696059668.4900436
1,46656,1696059668.5044506
1,46688,1696059668.517568
1,46720,1696059668.533194
1,46752,1696059668.5463142
1,46784,1696059668.5608656
1,46816,1696059668.5732791
1,46848,1696059668.5877068
1,46880,1696059668.6007183
1,46912,1696059668.6128714
1,46944,1696059668.626837
1,46976,1696059668.6407833
1,47008,1696059668.6528635
1,47040,1696059668.6664171
1,47072,1696059668.6787174
1,47104,1696059668.6924362
1,47136,1696059668.7062423
1,47168,1696059668.7206175
1,47200,1696059668.7331636
1,47232,1696059668.7453427
1,47264,1696059668.759148
1,47296,1696059668.7728076
1,47328,1696059668.7866585
1,47360,1696059668.8017828
1,47392,1696059668.8150394
1,47424,1696059668.8286002
1,47456,1696059668.8450112
1,47488,1696059668.8596315
1,47520,1696059668.8737876
1,47552,1696059668.8871517
1,47584,1696059668.90064
1,47616,1696059668.9169908
1,47648,1696059668.9312506
1,47680,1696059668.945134
1,47712,1696059668.960225
1,47744,1696059668.9746356
1,47776,1696059668.9886806
1,47808,1696059669.0025027
1,47840,1696059669.016867
1,47872,1696059669.0318289
1,47904,1696059669.046189
1,47936,1696059669.0604873
1,47968,1696059669.0748947
1,48000,1696059669.088869
1,48032,1696059669.1048956
1,48064,1696059669.1197612
1,48096,1696059669.1344886
1,48128,1696059669.1467297
1,48160,1696059669.1604626
1,48192,1696059669.1743593
1,48224,1696059669.1895812
1,48256,1696059669.2026885
1,48288,1696059669.216748
1,48320,1696059669.2324169
1,48352,1696059669.2471752
1,48384,1696059669.261901
1,48416,1696059669.2744818
1,48448,1696059669.288756
1,48480,1696059669.3023088
1,48512,1696059669.3177166
1,48544,1696059669.3310087
1,48576,1696059669.3445947
1,48608,1696059669.3577166
1,48640,1696059669.3714244
1,48672,1696059669.3840587
1,48704,1696059669.3997438
1,48736,1696059669.4139473
1,48768,1696059669.4266248
1,48800,1696059669.440455
1,48832,1696059669.4569573
1,48864,1696059669.4715393
1,48896,1696059669.4858534
1,48928,1696059669.4998279
1,48960,1696059669.5135467
1,48992,1696059669.5260096
1,49024,1696059669.5404289
1,49056,1696059669.552699
1,49088,1696059669.5667698
1,49120,1696059669.5796335
1,49152,1696059669.5927703
1,49184,1696059669.6089253
1,49216,1696059669.6239424
1,49248,1696059669.6389763
1,49280,1696059669.6519878
1,49312,1696059669.6671002
1,49344,1696059669.6791878
1,49376,1696059669.6932626
1,49408,1696059669.7057014
1,49440,1696059669.720599
1,49472,1696059669.7337472
1,49504,1696059669.746308
1,49536,1696059669.7605333
1,49568,1696059669.7758827
1,49600,1696059669.788144
1,49632,1696059669.800454
1,49664,1696059669.813912
1,49696,1696059669.8266478
1,49728,1696059669.8402221
1,49760,1696059669.8593264
1,49792,1696059669.8729143
1,49824,1696059669.8864937
1,49856,1696059669.8999517
1,49888,1696059669.9133458
1,49920,1696059669.927061
1,49952,1696059669.940512
1,49984,1696059669.9540048
1,50000,1696059669.973552
2,32,1696059670.2570233
2,64,1696059670.2683396
2,96,1696059670.281238
2,128,1696059670.294696
2,160,1696059670.307955
2,192,1696059670.3211675
2,224,1696059670.3348832
2,256,1696059670.3474934
2,288,1696059670.3646927
2,320,1696059670.3758414
2,352,1696059670.394709
2,384,1696059670.4134078
2,416,1696059670.4313004
2,448,1696059670.449906
2,480,1696059670.4707959
2,512,1696059670.490796
2,544,1696059670.5102072
2,576,1696059670.5297868
2,608,1696059670.550428
2,640,1696059670.5705237
2,672,1696059670.5903718
2,704,1696059670.610386
2,736,1696059670.6305366
2,768,1696059670.650731
2,800,1696059670.6702263
2,832,1696059670.6903224
2,864,1696059670.710439
2,896,1696059670.7302005
2,928,1696059670.7504034
2,960,1696059670.7701943
2,992,1696059670.790159
2,1024,1696059670.8103154
2,1056,1696059670.8301787
2,1088,1696059670.850132
2,1120,1696059670.8709238
2,1152,1696059670.8906422
2,1184,1696059670.9105854
2,1216,1696059670.9303455
2,1248,1696059670.9502697
2,1280,1696059670.970618
2,1312,1696059670.9904222
2,1344,1696059671.0106113
2,1376,1696059671.030504
2,1408,1696059671.0508847
2,1440,1696059671.0701144
2,1472,1696059671.0900662
2,1504,1696059671.1101584
2,1536,1696059671.1309352
2,1568,1696059671.1509209
2,1600,1696059671.1705415
2,1632,1696059671.1907144
2,1664,1696059671.2080848
2,1696,1696059671.2262533
2,1728,1696059671.2458837
2,1760,1696059671.2660832
2,1792,1696059671.2865715
2,1824,1696059671.305982
2,1856,1696059671.326822
2,1888,1696059671.3464177
2,1920,1696059671.3658192
2,1952,1696059671.3863144
2,1984,1696059671.4066648
2,2016,1696059671.4263158
2,2048,1696059671.4470074
2,2080,1696059671.4669464
2,2112,1696059671.4868972
2,2144,1696059671.5062127
2,2176,1696059671.5259912
2,2208,1696059671.5461974
2,2240,1696059671.5662458
2,2272,1696059671.5864441
2,2304,1696059671.606156
2,2336,1696059671.6259508
2,2368,1696059671.6461384
2,2400,1696059671.666028
2,2432,1696059671.6864154
2,2464,1696059671.7061489
2,2496,1696059671.726578
2,2528,1696059671.746653
2,2560,1696059671.766541
2,2592,1696059671.7866063
2,2624,1696059671.8062038
2,2656,1696059671.826027
2,2688,1696059671.8466334
2,2720,1696059671.8665612
2,2752,1696059671.8866353
2,2784,1696059671.9071188
2,2816,1696059671.9269257
2,2848,1696059671.9460528
2,2880,1696059671.9663315
2,2912,1696059671.9867835
2,2944,1696059672.0067859
2,2976,1696059672.0267272
2,3008,1696059672.0466375
2,3040,1696059672.066738
2,3072,1696059672.087087
2,3104,1696059672.1070542
2,3136,1696059672.126315
2,3168,1696059672.146031
2,3200,1696059672.1666844
2,3232,1696059672.1867638
2,3264,1696059672.2067437
2,3296,1696059672.2269392
2,3328,1696059672.2467234
2,3360,1696059672.2666082
2,3392,1696059672.2861986
2,3424,1696059672.3067248
2,3456,1696059672.326728
2,3488,1696059672.3468804
2,3520,1696059672.3662748
2,3552,1696059672.386228
2,3584,1696059672.4059045
2,3616,1696059672.4269273
2,3648,1696059672.4470189
2,3680,1696059672.4666135
2,3712,1696059672.486351
2,3744,1696059672.5063024
2,3776,1696059672.5261643
2,3808,1696059672.546756
2,3840,1696059672.566931
2,3872,1696059672.5863671
2,3904,1696059672.6064441
2,3936,1696059672.6263554
2,3968,1696059672.646757
2,4000,1696059672.6665664
2,4032,1696059672.6797748
2,4064,1696059672.698043
2,4096,1696059672.7124715
2,4128,1696059672.7265882
2,4160,1696059672.7413468
2,4192,1696059672.7542355
2,4224,1696059672.7685807
2,4256,1696059672.7806187
2,4288,1696059672.7936082
2,4320,1696059672.8088646
2,4352,1696059672.821673
2,4384,1696059672.8362617
2,4416,1696059672.8487782
2,4448,1696059672.8609536
2,4480,1696059672.875487
2,4512,1696059672.8891506
2,4544,1696059672.9026508
2,4576,1696059672.9173515
2,4608,1696059672.930537
2,4640,1696059672.9440932
2,4672,1696059672.958241
2,4704,1696059672.973081
2,4736,1696059672.9855483
2,4768,1696059673.000226
2,4800,1696059673.0141127
2,4832,1696059673.0286345
2,4864,1696059673.0425084
2,4896,1696059673.0564497
2,4928,1696059673.0700738
2,4960,1696059673.0840094
2,4992,1696059673.0984147
2,5024,1696059673.1137464
2,5056,1696059673.1269448
2,5088,1696059673.1406035
2,5120,1696059673.1555023
2,5152,1696059673.1690087
2,5184,1696059673.182017
2,5216,1696059673.1961882
2,5248,1696059673.2113497
2,5280,1696059673.2261612
2,5312,1696059673.2400248
2,5344,1696059673.2569683
2,5376,1696059673.2719204
2,5408,1696059673.2857938
2,5440,1696059673.299619
2,5472,1696059673.3129854
2,5504,1696059673.3265445
2,5536,1696059673.3409255
2,5568,1696059673.354398
2,5600,1696059673.3677154
2,5632,1696059673.3819203
2,5664,1696059673.3962343
2,5696,1696059673.4102983
2,5728,1696059673.4237635
2,5760,1696059673.438155
2,5792,1696059673.4528432
2,5824,1696059673.465992
2,5856,1696059673.4805844
2,5888,1696059673.4927616
2,5920,1696059673.506378
2,5952,1696059673.5206456
2,5984,1696059673.5405042
2,6016,1696059673.555215
2,6048,1696059673.5697932
2,6080,1696059673.5821557
2,6112,1696059673.5971441
2,6144,1696059673.6105692
2,6176,1696059673.6249032
2,6208,1696059673.637739
2,6240,1696059673.6528304
2,6272,1696059673.665298
2,6304,1696059673.680799
2,6336,1696059673.6940672
2,6368,1696059673.7085433
2,6400,1696059673.7254295
2,6432,1696059673.7393386
2,6464,1696059673.7546523
2,6496,1696059673.7681348
2,6528,1696059673.7823644
2,6560,1696059673.796216
2,6592,1696059673.8100228
2,6624,1696059673.8243158
2,6656,1696059673.8374262
2,6688,1696059673.852546
2,6720,1696059673.8665316
2,6752,1696059673.8810937
2,6784,1696059673.8958933
2,6816,1696059673.909835
2,6848,1696059673.9229712
2,6880,1696059673.9367263
2,6912,1696059673.9505525
2,6944,1696059673.9631808
2,6976,1696059673.9829245
2,7008,1696059674.0029826
2,7040,1696059674.0226302
2,7072,1696059674.0425
2,7104,1696059674.0628715
2,7136,1696059674.082618
2,7168,1696059674.1030703
2,7200,1696059674.1232977
2,7232,1696059674.1430752
2,7264,1696059674.163161
2,7296,1696059674.183021
2,7328,1696059674.2022946
2,7360,1696059674.2220194
2,7392,1696059674.235497
2,7424,1696059674.2536175
2,7456,1696059674.2674
2,7488,1696059674.2862525
2,7520,1696059674.2994235
2,7552,1696059674.3175187
2,7584,1696059674.3377695
2,7616,1696059674.357419
2,7648,1696059674.3777301
2,7680,1696059674.398329
2,7712,1696059674.4185278
2,7744,1696059674.4382756
2,7776,1696059674.4583044
2,7808,1696059674.4779627
2,7840,1696059674.4982774
2,7872,1696059674.5190651
2,7904,1696059674.5385447
2,7936,1696059674.5582104
2,7968,1696059674.5784595
2,8000,1696059674.5980923
2,8032,1696059674.6178567
2,8064,1696059674.6382608
2,8096,1696059674.6581635
2,8128,1696059674.678532
2,8160,1696059674.698638
2,8192,1696059674.718509
2,8224,1696059674.7380986
2,8256,1696059674.7585874
2,8288,1696059674.778293
2,8320,1696059674.7982507
2,8352,1696059674.818336
2,8384,1696059674.8385072
2,8416,1696059674.858207
2,8448,1696059674.8781216
2,8480,1696059674.8981483
2,8512,1696059674.9197903
2,8544,1696059674.938887
2,8576,1696059674.9580133
2,8608,1696059674.978237
2,8640,1696059674.9982681
2,8672,1696059675.0180883
2,8704,1696059675.0381315
2,8736,1696059675.0587506
2,8768,1696059675.078955
2,8800,1696059675.0981684
2,8832,1696059675.1182659
2,8864,1696059675.13793
2,8896,1696059675.158148
2,8928,1696059675.1784103
2,8960,1696059675.1985486
2,8992,1696059675.2185118
2,9024,1696059675.2381036
2,9056,1696059675.2586267
2,9088,1696059675.2785852
2,9120,1696059675.2985885
2,9152,1696059675.3187895
2,9184,1696059675.3385293
2,9216,1696059675.3586493
2,9248,1696059675.3783147
2,9280,1696059675.398091
2,9312,1696059675.4181445
2,9344,1696059675.4383113
2,9376,1696059675.4580648
2,9408,1696059675.4785957
2,9440,1696059675.4985404
2,9472,1696059675.5184371
2,9504,1696059675.5319865
2,9536,1696059675.5494258
2,9568,1696059675.5659974
2,9600,1696059675.5808115
2,9632,1696059675.596019
2,9664,1696059675.6089027
2,9696,1696059675.6213953
2,9728,1696059675.6364605
2,9760,1696059675.648659
2,9792,1696059675.6614366
2,9824,1696059675.6760466
2,9856,1696059675.6883774
2,9888,1696059675.7004333
2,9920,1696059675.7135923
2,9952,1696059675.7274675
2,9984,1696059675.73913
2,10016,1696059675.7533364
2,10048,1696059675.766376
2,10080,1696059675.7809882
2,10112,1696059675.7933574
2,10144,1696059675.8073728
2,10176,1696059675.8215435
2,10208,1696059675.8368936
2,10240,1696059675.8499823
2,10272,1696059675.8644726
2,10304,1696059675.8774536
2,10336,1696059675.8902218
2,10368,1696059675.9044445
2,10400,1696059675.9173741
2,10432,1696059675.9311492
2,10464,1696059675.9433312
2,10496,1696059675.956571
2,10528,1696059675.9700215
2,10560,1696059675.9844673
2,10592,1696059675.9981184
2,10624,1696059676.011881
2,10656,1696059676.0262008
2,10688,1696059676.0406153
2,10720,1696059676.0538871
2,10752,1696059676.0680702
2,10784,1696059676.080989
2,10816,1696059676.0941355
2,10848,1696059676.1080172
2,10880,1696059676.120801
2,10912,1696059676.1346853
2,10944,1696059676.1487854
2,10976,1696059676.162105
2,11008,1696059676.1759224
2,11040,1696059676.1900954
2,11072,1696059676.20447
2,11104,1696059676.2176318
2,11136,1696059676.2318232
2,11168,1696059676.2445052
2,11200,1696059676.260943
2,11232,1696059676.2755423
2,11264,1696059676.2895012
2,11296,1696059676.3039901
2,11328,1696059676.3182356
2,11360,1696059676.332209
2,11392,1696059676.3450048
2,11424,1696059676.3598125
2,11456,1696059676.373856
2,11488,1696059676.3858316
2,11520,1696059676.4001193
2,11552,1696059676.4125936
2,11584,1696059676.4248195
2,11616,1696059676.438421
2,11648,1696059676.4527462
2,11680,1696059676.4647298
2,11712,1696059676.4795182
2,11744,1696059676.4918845
2,11776,1696059676.5060341
2,11808,1696059676.5199637
2,11840,1696059676.534351
2,11872,1696059676.5484638
2,11904,1696059676.5618353
2,11936,1696059676.575792
2,11968,1696059676.5887592
2,12000,1696059676.6006904
2,12032,1696059676.6142726
2,12064,1696059676.6282115
2,12096,1696059676.6402562
2,12128,1696059676.6564157
2,12160,1696059676.6703062
2,12192,1696059676.6843522
2,12224,1696059676.6986065
2,12256,1696059676.7133186
2,12288,1696059676.7267025
2,12320,1696059676.7403243
2,12352,1696059676.7526572
2,12384,1696059676.767424
2,12416,1696059676.781404
2,12448,1696059676.793541
2,12480,1696059676.8082438
2,12512,1696059676.8218896
2,12544,1696059676.8350961
2,12576,1696059676.8489153
2,12608,1696059676.861245
2,12640,1696059676.8753748
2,12672,1696059676.8883874
2,12704,1696059676.9024856
2,12736,1696059676.915832
2,12768,1696059676.9319468
2,12800,1696059676.9448013
2,12832,1696059676.9576092
2,12864,1696059676.9719348
2,12896,1696059676.9844997
2,12928,1696059676.999886
2,12960,1696059677.0128982
2,12992,1696059677.0272784
2,13024,1696059677.0414498
2,13056,1696059677.0548716
2,13088,1696059677.0697174
2,13120,1696059677.0829747
2,13152,1696059677.0973244
2,13184,1696059677.1101534
2,13216,1696059677.124548
2,13248,1696059677.1369915
2,13280,1696059677.1503859
2,13312,1696059677.1632128
2,13344,1696059677.1770868
2,13376,1696059677.1893332
2,13408,1696059677.2039495
2,13440,1696059677.2167673
2,13472,1696059677.232644
2,13504,1696059677.2448874
2,13536,1696059677.2571437
2,13568,1696059677.2707286
2,13600,1696059677.2839444
2,13632,1696059677.2987015
2,13664,1696059677.3120973
2,13696,1696059677.3260682
2,13728,1696059677.3399744
2,13760,1696059677.3544888
2,13792,1696059677.3679962
2,13824,1696059677.3815827
2,13856,1696059677.394155
2,13888,1696059677.4081845
2,13920,1696059677.4229345
2,13952,1696059677.4375355
2,13984,1696059677.449592
2,14016,1696059677.4643464
2,14048,1696059677.4782588
2,14080,1696059677.491394
2,14112,1696059677.505895
2,14144,1696059677.5206344
2,14176,1696059677.5337522
2,14208,1696059677.5483696
2,14240,1696059677.5612476
2,14272,1696059677.576245
2,14304,1696059677.588042
2,14336,1696059677.6025233
2,14368,1696059677.614413
2,14400,1696059677.6286356
2,14432,1696059677.6417706
2,14464,1696059677.6558554
2,14496,1696059677.6693804
2,14528,1696059677.683427
2,14560,1696059677.6974201
2,14592,1696059677.709901
2,14624,1696059677.7239587
2,14656,1696059677.7379959
2,14688,1696059677.752786
2,14720,1696059677.7658277
2,14752,1696059677.780485
2,14784,1696059677.7936058
2,14816,1696059677.8069005
2,14848,1696059677.8204656
2,14880,1696059677.836796
2,14912,1696059677.8518481
2,14944,1696059677.869394
2,14976,1696059677.8845527
2,15008,1696059677.896738
2,15040,1696059677.9089868
2,15072,1696059677.923514
2,15104,1696059677.9357114
2,15136,1696059677.9480596
2,15168,1696059677.9608173
2,15200,1696059677.9797611
2,15232,1696059677.998192
2,15264,1696059678.0183449
2,15296,1696059678.0380213
2,15328,1696059678.0588262
2,15360,1696059678.0786996
2,15392,1696059678.0985777
2,15424,1696059678.118567
2,15456,1696059678.138665
2,15488,1696059678.1579835
2,15520,1696059678.1786819
2,15552,1696059678.1985488
2,15584,1696059678.218123
2,15616,1696059678.238345
2,15648,1696059678.25836
2,15680,1696059678.2785506
2,15712,1696059678.2978172
2,15744,1696059678.3180096
2,15776,1696059678.3389404
2,15808,1696059678.3588285
2,15840,1696059678.3786507
2,15872,1696059678.3986454
2,15904,1696059678.4184778
2,15936,1696059678.4386828
2,15968,1696059678.4587066
2,16000,1696059678.4782279
2,16032,1696059678.4985871
2,16064,1696059678.5180542
2,16096,1696059678.5378633
2,16128,1696059678.558912
2,16160,1696059678.5781553
2,16192,1696059678.598245
2,16224,1696059678.618506
2,16256,1696059678.6414113
2,16288,1696059678.6585639
2,16320,1696059678.6782708
2,16352,1696059678.6984363
2,16384,1696059678.7185931
2,16416,1696059678.7381105
2,16448,1696059678.758589
2,16480,1696059678.7785966
2,16512,1696059678.7933307
2,16544,1696059678.8086007
2,16576,1696059678.8214893
2,16608,1696059678.8359313
2,16640,1696059678.8496587
2,16672,1696059678.8624935
2,16704,1696059678.876303
2,16736,1696059678.8882704
2,16768,1696059678.9026635
2,16800,1696059678.917348
2,16832,1696059678.9326015
2,16864,1696059678.9452703
2,16896,1696059678.9597518
2,16928,1696059678.9724123
2,16960,1696059678.9855983
2,16992,1696059678.9995456
2,17024,1696059679.0134807
2,17056,1696059679.0268738
2,17088,1696059679.0404544
2,17120,1696059679.0526066
2,17152,1696059679.064992
2,17184,1696059679.0791962
2,17216,1696059679.0925553
2,17248,1696059679.1072402
2,17280,1696059679.1206522
2,17312,1696059679.1355422
2,17344,1696059679.1485667
2,17376,1696059679.1660025
2,17408,1696059679.1778874
2,17440,1696059679.1922507
2,17472,1696059679.2052798
2,17504,1696059679.2201858
2,17536,1696059679.2328203
2,17568,1696059679.2455194
2,17600,1696059679.2608318
2,17632,1696059679.2741132
2,17664,1696059679.2884734
2,17696,1696059679.3004668
2,17728,1696059679.3168805
2,17760,1696059679.332015
2,17792,1696059679.3457792
2,17824,1696059679.3585448
2,17856,1696059679.370965
2,17888,1696059679.3913655
2,17920,1696059679.4108062
2,17952,1696059679.4301233
2,17984,1696059679.450698
2,18016,1696059679.4717255
2,18048,1696059679.4906325
2,18080,1696059679.510101
2,18112,1696059679.5302405
2,18144,1696059679.5505576
2,18176,1696059679.5700214
2,18208,1696059679.590193
2,18240,1696059679.6101472
2,18272,1696059679.6299129
2,18304,1696059679.6502094
2,18336,1696059679.6699183
2,18368,1696059679.6901946
2,18400,1696059679.7103179
2,18432,1696059679.7308688
2,18464,1696059679.750822
2,18496,1696059679.7705946
2,18528,1696059679.7907343
2,18560,1696059679.8105745
2,18592,1696059679.8307416
2,18624,1696059679.8506489
2,18656,1696059679.8703105
2,18688,1696059679.8905919
2,18720,1696059679.91076
2,18752,1696059679.9308007
2,18784,1696059679.9510398
2,18816,1696059679.971076
2,18848,1696059679.990411
2,18880,1696059680.0106797
2,18912,1696059680.0306292
2,18944,1696059680.0503628
2,18976,1696059680.0703416
2,19008,1696059680.0838232
2,19040,1696059680.1011345
2,19072,1696059680.1159368
2,19104,1696059680.1307378
2,19136,1696059680.1436784
2,19168,1696059680.1575634
2,19200,1696059680.1698606
2,19232,1696059680.184541
2,19264,1696059680.1973858
2,19296,1696059680.2113538
2,19328,1696059680.2241485
2,19360,1696059680.2374887
2,19392,1696059680.250531
2,19424,1696059680.2646632
2,19456,1696059680.2771063
2,19488,1696059680.2915502
2,19520,1696059680.3053772
2,19552,1696059680.3193145
2,19584,1696059680.332846
2,19616,1696059680.3450491
2,19648,1696059680.3598068
2,19680,1696059680.3720996
2,19712,1696059680.3847578
2,19744,1696059680.3994896
2,19776,1696059680.4125915
2,19808,1696059680.4254017
2,19840,1696059680.439062
2,19872,1696059680.451155
2,19904,1696059680.464555
2,19936,1696059680.478146
2,19968,1696059680.4925516
2,20000,1696059680.507214
2,20032,1696059680.5222452
2,20064,1696059680.5345976
2,20096,1696059680.5529032
2,20128,1696059680.5664592
2,20160,1696059680.580683
2,20192,1696059680.5928516
2,20224,1696059680.6065905
2,20256,1696059680.6202443
2,20288,1696059680.6341395
2,20320,1696059680.6490555
2,20352,1696059680.661963
2,20384,1696059680.675753
2,20416,1696059680.688398
2,20448,1696059680.7013822
2,20480,1696059680.7157032
2,20512,1696059680.7289078
2,20544,1696059680.7419825
2,20576,1696059680.7551289
2,20608,1696059680.7676492
2,20640,1696059680.783555
2,20672,1696059680.7965934
2,20704,1696059680.8128314
2,20736,1696059680.8247106
2,20768,1696059680.8433478
2,20800,1696059680.8554635
2,20832,1696059680.8733401
2,20864,1696059680.8858883
2,20896,1696059680.9054935
2,20928,1696059680.9198344
2,20960,1696059680.9335895
2,20992,1696059680.9463584
2,21024,1696059680.9603715
2,21056,1696059680.9738321
2,21088,1696059680.9883463
2,21120,1696059681.000138
2,21152,1696059681.016198
2,21184,1696059681.0303693
2,21216,1696059681.042051
2,21248,1696059681.0548842
2,21280,1696059681.0683875
2,21312,1696059681.0800087
2,21344,1696059681.0930927
2,21376,1696059681.1042314
2,21408,1696059681.1161249
2,21440,1696059681.131594
2,21472,1696059681.1445048
2,21504,1696059681.1561272
2,21536,1696059681.169065
2,21568,1696059681.1811085
2,21600,1696059681.194534
2,21632,1696059681.2062879
2,21664,1696059681.218825
2,21696,1696059681.2326517
2,21728,1696059681.2447329
2,21760,1696059681.2578154
2,21792,1696059681.269573
2,21824,1696059681.2822485
2,21856,1696059681.2954068
2,21888,1696059681.307722
2,21920,1696059681.3231413
2,21952,1696059681.3354957
2,21984,1696059681.3480346
2,22016,1696059681.3595486
2,22048,1696059681.372303
2,22080,1696059681.3863552
2,22112,1696059681.3985407
2,22144,1696059681.4106207
2,22176,1696059681.4238236
2,22208,1696059681.4373152
2,22240,1696059681.4499335
2,22272,1696059681.4616325
2,22304,1696059681.4747074
2,22336,1696059681.486926
2,22368,1696059681.4995873
2,22400,1696059681.5114343
2,22432,1696059681.5268521
2,22464,1696059681.5445662
2,22496,1696059681.5553682
2,22528,1696059681.5711298
2,22560,1696059681.5841901
2,22592,1696059681.5973597
2,22624,1696059681.6093469
2,22656,1696059681.622601
2,22688,1696059681.6348426
2,22720,1696059681.6472464
2,22752,1696059681.6600041
2,22784,1696059681.671442
2,22816,1696059681.6868966
2,22848,1696059681.699698
2,22880,1696059681.7131827
2,22912,1696059681.7243557
2,22944,1696059681.7368867
2,22976,1696059681.7503319
2,23008,1696059681.762622
2,23040,1696059681.775164
2,23072,1696059681.7886775
2,23104,1696059681.802836
2,23136,1696059681.8149207
2,23168,1696059681.8274643
2,23200,1696059681.8401787
2,23232,1696059681.852224
2,23264,1696059681.8637521
2,23296,1696059681.8763297
2,23328,1696059681.8935413
2,23360,1696059681.9062405
2,23392,1696059681.9184182
2,23424,1696059681.9305775
2,23456,1696059681.9435275
2,23488,1696059681.9562538
2,23520,1696059681.9683979
2,23552,1696059681.9800572
2,23584,1696059681.991766
2,23616,1696059682.0045085
2,23648,1696059682.0183501
2,23680,1696059682.031232
2,23712,1696059682.0447533
2,23744,1696059682.0589159
2,23776,1696059682.0707357
2,23808,1696059682.0832336
2,23840,1696059682.0963995
2,23872,1696059682.107956
2,23904,1696059682.1204593
2,23936,1696059682.13435
2,23968,1696059682.1465406
2,24000,1696059682.1588576
2,24032,1696059682.1722589
2,24064,1696059682.1832418
2,24096,1696059682.1982377
2,24128,1696059682.211573
2,24160,1696059682.224396
2,24192,1696059682.2357774
2,24224,1696059682.2480426
2,24256,1696059682.2635367
2,24288,1696059682.2793546
2,24320,1696059682.2916963
2,24352,1696059682.3069482
2,24384,1696059682.3185604
2,24416,1696059682.332544
2,24448,1696059682.3456275
2,24480,1696059682.3576646
2,24512,1696059682.3722787
2,24544,1696059682.3840656
2,24576,1696059682.3970442
2,24608,1696059682.4089222
2,24640,1696059682.4208891
2,24672,1696059682.4340713
2,24704,1696059682.4458513
2,24736,1696059682.4577425
2,24768,1696059682.4719243
2,24800,1696059682.4841607
2,24832,1696059682.4956532
2,24864,1696059682.5088398
2,24896,1696059682.5213158
2,24928,1696059682.5329409
2,24960,1696059682.5447922
2,24992,1696059682.5580842
2,25024,1696059682.5705712
2,25056,1696059682.58292
2,25088,1696059682.5953348
2,25120,1696059682.608395
2,25152,1696059682.620143
2,25184,1696059682.632839
2,25216,1696059682.6458921
2,25248,1696059682.6595085
2,25280,1696059682.671491
2,25312,1696059682.6842823
2,25344,1696059682.6961467
2,25376,1696059682.7090306
2,25408,1696059682.7227201
2,25440,1696059682.7342074
2,25472,1696059682.7469769
2,25504,1696059682.7603981
2,25536,1696059682.7723246
2,25568,1696059682.7853692
2,25600,1696059682.7985072
2,25632,1696059682.8114238
2,25664,1696059682.8246195
2,25696,1696059682.836611
2,25728,1696059682.8496556
2,25760,1696059682.8614817
2,25792,1696059682.8746767
2,25824,1696059682.8868015
2,25856,1696059682.899286
2,25888,1696059682.912694
2,25920,1696059682.9244802
2,25952,1696059682.9375856
2,25984,1696059682.9507806
2,26016,1696059682.9631245
2,26048,1696059682.9772654
2,26080,1696059682.9890985
2,26112,1696059683.0025237
2,26144,1696059683.0146897
2,26176,1696059683.0267866
2,26208,1696059683.039605
2,26240,1696059683.0508857
2,26272,1696059683.0648243
2,26304,1696059683.0783021
2,26336,1696059683.0905087
2,26368,1696059683.1027699
2,26400,1696059683.1154985
2,26432,1696059683.1287293
2,26464,1696059683.1415074
2,26496,1696059683.1531973
2,26528,1696059683.1666658
2,26560,1696059683.1788766
2,26592,1696059683.1912427
2,26624,1696059683.2031653
2,26656,1696059683.2175677
2,26688,1696059683.2317991
2,26720,1696059683.2436965
2,26752,1696059683.2570064
2,26784,1696059683.269515
2,26816,1696059683.2812054
2,26848,1696059683.294589
2,26880,1696059683.3058276
2,26912,1696059683.3177145
2,26944,1696059683.3319056
2,26976,1696059683.3446486
2,27008,1696059683.3596494
2,27040,1696059683.3704062
2,27072,1696059683.3837707
2,27104,1696059683.396895
2,27136,1696059683.4081557
2,27168,1696059683.4195395
2,27200,1696059683.432653
2,27232,1696059683.4476147
2,27264,1696059683.459712
2,27296,1696059683.4744005
2,27328,1696059683.4867013
2,27360,1696059683.499579
2,27392,1696059683.5127032
2,27424,1696059683.5252216
2,27456,1696059683.5368292
2,27488,1696059683.5501583
2,27520,1696059683.5616333
2,27552,1696059683.573257
2,27584,1696059683.587873
2,27616,1696059683.5999377
2,27648,1696059683.6131349
2,27680,1696059683.625608
2,27712,1696059683.6372802
2,27744,1696059683.650514
2,27776,1696059683.661916
2,27808,1696059683.6736932
2,27840,1696059683.6879334
2,27872,1696059683.7001972
2,27904,1696059683.7117128
2,27936,1696059683.7248974
2,27968,1696059683.7373629
2,28000,1696059683.7490017
2,28032,1696059683.7608712
2,28064,1696059683.7740889
2,28096,1696059683.7864559
2,28128,1696059683.7984216
2,28160,1696059683.81034
2,28192,1696059683.8233047
2,28224,1696059683.8385787
2,28256,1696059683.8521967
2,28288,1696059683.8656886
2,28320,1696059683.8768947
2,28352,1696059683.8894677
2,28384,1696059683.9032135
2,28416,1696059683.914905
2,28448,1696059683.9278376
2,28480,1696059683.9404566
2,28512,1696059683.9524734
2,28544,1696059683.9649248
2,28576,1696059683.9780226
2,28608,1696059683.9899209
2,28640,1696059684.002951
2,28672,1696059684.0154042
2,28704,1696059684.0283022
2,28736,1696059684.040532
2,28768,1696059684.054452
2,28800,1696059684.0680628
2,28832,1696059684.0804603
2,28864,1696059684.0917993
2,28896,1696059684.107628
2,28928,1696059684.1196845
2,28960,1696059684.1351051
2,28992,1696059684.148086
2,29024,1696059684.1615
2,29056,1696059684.1740022
2,29088,1696059684.1858785
2,29120,1696059684.1987853
2,29152,1696059684.2122862
2,29184,1696059684.2240782
2,29216,1696059684.2374701
2,29248,1696059684.2499256
2,29280,1696059684.2613564
2,29312,1696059684.2748516
2,29344,1696059684.2869205
2,29376,1696059684.299259
2,29408,1696059684.312069
2,29440,1696059684.3242097
2,29472,1696059684.3358457
2,29504,1696059684.3490417
2,29536,1696059684.3608065
2,29568,1696059684.3721805
2,29600,1696059684.3858259
2,29632,1696059684.4010463
2,29664,1696059684.4162002
2,29696,1696059684.4280248
2,29728,1696059684.4411788
2,29760,1696059684.452794
2,29792,1696059684.4647934
2,29824,1696059684.478224
2,29856,1696059684.4905357
2,29888,1696059684.502726
2,29920,1696059684.515646
2,29952,1696059684.527855
2,29984,1696059684.5409381
2,30016,1696059684.5552175
2,30048,1696059684.5677943
2,30080,1696059684.5804245
2,30112,1696059684.5925245
2,30144,1696059684.606201
2,30176,1696059684.6177304
2,30208,1696059684.629539
2,30240,1696059684.6437235
2,30272,1696059684.6555126
2,30304,1696059684.6685505
2,30336,1696059684.6804304
2,30368,1696059684.6917186
2,30400,1696059684.7080076
2,30432,1696059684.720072
2,30464,1696059684.732332
2,30496,1696059684.7451727
2,30528,1696059684.7572935
2,30560,1696059684.7701313
2,30592,1696059684.7836087
2,30624,1696059684.7956083
2,30656,1696059684.8084295
2,30688,1696059684.8214526
2,30720,1696059684.8334203
2,30752,1696059684.8467202
2,30784,1696059684.8589253
2,30816,1696059684.8711798
2,30848,1696059684.8839612
2,30880,1696059684.8961873
2,30912,1696059684.9090307
2,30944,1696059684.9228017
2,30976,1696059684.9350374
2,31008,1696059684.947907
2,31040,1696059684.9601233
2,31072,1696059684.9760833
2,31104,1696059684.9897635
2,31136,1696059685.001114
2,31168,1696059685.0147831
2,31200,1696059685.0270858
2,31232,1696059685.0395787
2,31264,1696059685.0522032
2,31296,1696059685.0646756
2,31328,1696059685.076381
2,31360,1696059685.0905986
2,31392,1696059685.1054783
2,31424,1696059685.1171436
2,31456,1696059685.130288
2,31488,1696059685.14226
2,31520,1696059685.1554077
2,31552,1696059685.1676958
2,31584,1696059685.1841419
2,31616,1696059685.1967015
2,31648,1696059685.2083335
2,31680,1696059685.221469
2,31712,1696059685.2356088
2,31744,1696059685.247103
2,31776,1696059685.2596006
2,31808,1696059685.2753096
2,31840,1696059685.2880442
2,31872,1696059685.3001285
2,31904,1696059685.313821
2,31936,1696059685.3272336
2,31968,1696059685.340162
2,32000,1696059685.3541832
2,32032,1696059685.3661451
2,32064,1696059685.37919
2,32096,1696059685.3914707
2,32128,1696059685.4044304
2,32160,1696059685.41697
2,32192,1696059685.4287157
2,32224,1696059685.4421914
2,32256,1696059685.4536462
2,32288,1696059685.465643
2,32320,1696059685.4800258
2,32352,1696059685.4916716
2,32384,1696059685.5046735
2,32416,1696059685.5160398
2,32448,1696059685.5272872
2,32480,1696059685.5428042
2,32512,1696059685.555443
2,32544,1696059685.5685008
2,32576,1696059685.5807197
2,32608,1696059685.591938
2,32640,1696059685.6074603
2,32672,1696059685.619603
2,32704,1696059685.6325412
2,32736,1696059685.644264
2,32768,1696059685.65644
2,32800,1696059685.6695323
2,32832,1696059685.682143
2,32864,1696059685.6954393
2,32896,1696059685.7072883
2,32928,1696059685.7205925
2,32960,1696059685.7335603
2,32992,1696059685.7453783
2,33024,1696059685.7587497
2,33056,1696059685.7706447
2,33088,1696059685.7833474
2,33120,1696059685.796546
2,33152,1696059685.8100278
2,33184,1696059685.8238502
2,33216,1696059685.8354287
2,33248,1696059685.852097
2,33280,1696059685.8655045
2,33312,1696059685.8771484
2,33344,1696059685.8902981
2,33376,1696059685.9035132
2,33408,1696059685.9167328
2,33440,1696059685.9293072
2,33472,1696059685.9409761
2,33504,1696059685.9543998
2,33536,1696059685.9666166
2,33568,1696059685.9786873
2,33600,1696059685.9915752
2,33632,1696059686.0037801
2,33664,1696059686.0169075
2,33696,1696059686.0294073
2,33728,1696059686.0410945
2,33760,1696059686.0545418
2,33792,1696059686.0668023
2,33824,1696059686.0791087
2,33856,1696059686.091775
2,33888,1696059686.1039603
2,33920,1696059686.1171246
2,33952,1696059686.131006
2,33984,1696059686.1433244
2,34016,1696059686.1563165
2,34048,1696059686.1684933
2,34080,1696059686.1817203
2,34112,1696059686.1933732
2,34144,1696059686.20546
2,34176,1696059686.218442
2,34208,1696059686.2304387
2,34240,1696059686.243275
2,34272,1696059686.2556503
2,34304,1696059686.2687805
2,34336,1696059686.281448
2,34368,1696059686.293085
2,34400,1696059686.3065739
2,34432,1696059686.3187335
2,34464,1696059686.3310213
2,34496,1696059686.3436708
2,34528,1696059686.3558216
2,34560,1696059686.369328
2,34592,1696059686.3818269
2,34624,1696059686.3936691
2,34656,1696059686.406696
2,34688,1696059686.4189637
2,34720,1696059686.4314911
2,34752,1696059686.444118
2,34784,1696059686.4563153
2,34816,1696059686.4677448
2,34848,1696059686.4807312
2,34880,1696059686.4928243
2,34912,1696059686.5045724
2,34944,1696059686.5195422
2,34976,1696059686.5312862
2,35008,1696059686.5443532
2,35040,1696059686.5570545
2,35072,1696059686.568603
2,35104,1696059686.5830157
2,35136,1696059686.595683
2,35168,1696059686.6078763
2,35200,1696059686.6213884
2,35232,1696059686.6338563
2,35264,1696059686.6455908
2,35296,1696059686.6587377
2,35328,1696059686.670962
2,35360,1696059686.6832805
2,35392,1696059686.695924
2,35424,1696059686.7080529
2,35456,1696059686.7195957
2,35488,1696059686.7326176
2,35520,1696059686.7448113
2,35552,1696059686.7563465
2,35584,1696059686.7700353
2,35616,1696059686.7824688
2,35648,1696059686.7944193
2,35680,1696059686.8073602
2,35712,1696059686.8196604
2,35744,1696059686.8329194
2,35776,1696059686.8455606
2,35808,1696059686.8572824
2,35840,1696059686.8705437
2,35872,1696059686.8852048
2,35904,1696059686.8991778
2,35936,1696059686.9113152
2,35968,1696059686.9222777
2,36000,1696059686.9345717
2,36032,1696059686.951263
2,36064,1696059686.968885
2,36096,1696059686.9797225
2,36128,1696059686.993005
2,36160,1696059687.0075066
2,36192,1696059687.020279
2,36224,1696059687.0329847
2,36256,1696059687.0445924
2,36288,1696059687.0563307
2,36320,1696059687.069398
2,36352,1696059687.081146
2,36384,1696059687.0945966
2,36416,1696059687.1067488
2,36448,1696059687.1192756
2,36480,1696059687.1321929
2,36512,1696059687.145515
2,36544,1696059687.1597688
2,36576,1696059687.1716402
2,36608,1696059687.1845913
2,36640,1696059687.1970773
2,36672,1696059687.2087643
2,36704,1696059687.2237577
2,36736,1696059687.2356124
2,36768,1696059687.2486882
2,36800,1696059687.2613118
2,36832,1696059687.2729652
2,36864,1696059687.2847958
2,36896,1696059687.2977984
2,36928,1696059687.309613
2,36960,1696059687.3227859
2,36992,1696059687.334955
2,37024,1696059687.3472297
2,37056,1696059687.3599105
2,37088,1696059687.3720105
2,37120,1696059687.383539
2,37152,1696059687.396775
2,37184,1696059687.4094403
2,37216,1696059687.4210942
2,37248,1696059687.4344485
2,37280,1696059687.44663
2,37312,1696059687.458688
2,37344,1696059687.4715085
2,37376,1696059687.4837036
2,37408,1696059687.4971569
2,37440,1696059687.509752
2,37472,1696059687.5214784
2,37504,1696059687.5346599
2,37536,1696059687.5468543
2,37568,1696059687.5593739
2,37600,1696059687.5722535
2,37632,1696059687.5861328
2,37664,1696059687.5982728
2,37696,1696059687.6109552
2,37728,1696059687.622435
2,37760,1696059687.6353476
2,37792,1696059687.6487143
2,37824,1696059687.6603274
2,37856,1696059687.6720726
2,37888,1696059687.6854284
2,37920,1696059687.69788
2,37952,1696059687.709621
2,37984,1696059687.722812
2,38016,1696059687.734947
2,38048,1696059687.747221
2,38080,1696059687.7599354
2,38112,1696059687.7720585
2,38144,1696059687.7857575
2,38176,1696059687.798054
2,38208,1696059687.809943
2,38240,1696059687.8228738
2,38272,1696059687.837738
2,38304,1696059687.8516176
2,38336,1696059687.863424
2,38368,1696059687.876318
2,38400,1696059687.888815
2,38432,1696059687.9009376
2,38464,1696059687.91433
2,38496,1696059687.9265182
2,38528,1696059687.9385808
2,38560,1696059687.9536774
2,38592,1696059687.9700618
2,38624,1696059687.9834487
2,38656,1696059687.9960446
2,38688,1696059688.0077424
2,38720,1696059688.019417
2,38752,1696059688.0328453
2,38784,1696059688.045568
2,38816,1696059688.0566645
2,38848,1696059688.0690765
2,38880,1696059688.0827832
2,38912,1696059688.0945513
2,38944,1696059688.1071987
2,38976,1696059688.1200392
2,39008,1696059688.1320057
2,39040,1696059688.145459
2,39072,1696059688.1578302
2,39104,1696059688.1698647
2,39136,1696059688.1829345
2,39168,1696059688.1951487
2,39200,1696059688.207733
2,39232,1696059688.2202725
2,39264,1696059688.2325947
2,39296,1696059688.2463562
2,39328,1696059688.2599742
2,39360,1696059688.2723372
2,39392,1696059688.2841005
2,39424,1696059688.2996442
2,39456,1696059688.3115373
2,39488,1696059688.3249364
2,39520,1696059688.3372514
2,39552,1696059688.3500896
2,39584,1696059688.3641598
2,39616,1696059688.375667
2,39648,1696059688.3885496
2,39680,1696059688.4066458
2,39712,1696059688.4264638
2,39744,1696059688.4464052
2,39776,1696059688.4663439
2,39808,1696059688.4869168
2,39840,1696059688.5063248
2,39872,1696059688.525815
2,39904,1696059688.546849
2,39936,1696059688.566512
2,39968,1696059688.586321
2,40000,1696059688.6062725
2,40032,1696059688.626826
2,40064,1696059688.6468315
2,40096,1696059688.6662014
2,40128,1696059688.6864088
2,40160,1696059688.7066424
2,40192,1696059688.7200556
2,40224,1696059688.7336686
2,40256,1696059688.7467403
2,40288,1696059688.7598875
2,40320,1696059688.7718976
2,40352,1696059688.786048
2,40384,1696059688.7979288
2,40416,1696059688.810187
2,40448,1696059688.823116
2,40480,1696059688.836374
2,40512,1696059688.849436
2,40544,1696059688.861169
2,40576,1696059688.8743804
2,40608,1696059688.8865879
2,40640,1696059688.8990378
2,40672,1696059688.9111216
2,40704,1696059688.923628
2,40736,1696059688.9378548
2,40768,1696059688.9498324
2,40800,1696059688.962838
2,40832,1696059688.9749699
2,40864,1696059688.9864368
2,40896,1696059688.9993398
2,40928,1696059689.0124888
2,40960,1696059689.0241458
2,40992,1696059689.0358489
2,41024,1696059689.0491722
2,41056,1696059689.0616367
2,41088,1696059689.073355
2,41120,1696059689.086604
2,41152,1696059689.098743
2,41184,1696059689.1110868
2,41216,1696059689.1238556
2,41248,1696059689.1360016
2,41280,1696059689.1475005
2,41312,1696059689.1606946
2,41344,1696059689.1734529
2,41376,1696059689.1852467
2,41408,1696059689.1982758
2,41440,1696059689.2102666
2,41472,1696059689.2232523
2,41504,1696059689.235564
2,41536,1696059689.2486832
2,41568,1696059689.2611544
2,41600,1696059689.2728295
2,41632,1696059689.28807
2,41664,1696059689.3002613
2,41696,1696059689.3135905
2,41728,1696059689.3260458
2,41760,1696059689.3380246
2,41792,1696059689.351058
2,41824,1696059689.3632076
2,41856,1696059689.3759642
2,41888,1696059689.3885112
2,41920,1696059689.4005654
2,41952,1696059689.4120774
2,41984,1696059689.4253826
2,42016,1696059689.4373841
2,42048,1696059689.4494097
2,42080,1696059689.462829
2,42112,1696059689.4750443
2,42144,1696059689.4875717
2,42176,1696059689.500193
2,42208,1696059689.5122917
2,42240,1696059689.5237615
2,42272,1696059689.5361643
2,42304,1696059689.5484443
2,42336,1696059689.5605316
2,42368,1696059689.5737522
2,42400,1696059689.5879014
2,42432,1696059689.6015038
2,42464,1696059689.6139348
2,42496,1696059689.6256313
2,42528,1696059689.6388326
2,42560,1696059689.6509767
2,42592,1696059689.6634068
2,42624,1696059689.6761234
2,42656,1696059689.687534
2,42688,1696059689.7023294
2,42720,1696059689.714567
2,42752,1696059689.7274125
2,42784,1696059689.7409675
2,42816,1696059689.753317
2,42848,1696059689.7665153
2,42880,1696059689.7789624
2,42912,1696059689.7923217
2,42944,1696059689.803899
2,42976,1696059689.8171167
2,43008,1696059689.8296652
2,43040,1696059689.841483
2,43072,1696059689.854607
2,43104,1696059689.8667703
2,43136,1696059689.8790839
2,43168,1696059689.8917537
2,43200,1696059689.9038801
2,43232,1696059689.9173808
2,43264,1696059689.9298532
2,43296,1696059689.941732
2,43328,1696059689.9549568
2,43360,1696059689.9670796
2,43392,1696059689.9796872
2,43424,1696059689.992267
2,43456,1696059690.004528
2,43488,1696059690.018121
2,43520,1696059690.030379
2,43552,1696059690.042542
2,43584,1696059690.055458
2,43616,1696059690.0676692
2,43648,1696059690.0806732
2,43680,1696059690.0927582
2,43712,1696059690.1043289
2,43744,1696059690.118019
2,43776,1696059690.1304293
2,43808,1696059690.1424477
2,43840,1696059690.1553361
2,43872,1696059690.1676295
2,43904,1696059690.1960397
2,43936,1696059690.2092383
2,43968,1696059690.2210546
2,44000,1696059690.2344718
2,44032,1696059690.246628
2,44064,1696059690.258694
2,44096,1696059690.2714992
2,44128,1696059690.2836368
2,44160,1696059690.2966921
2,44192,1696059690.3117135
2,44224,1696059690.3243215
2,44256,1696059690.3363745
2,44288,1696059690.3497977
2,44320,1696059690.3639414
2,44352,1696059690.3756342
2,44384,1696059690.3888056
2,44416,1696059690.4013755
2,44448,1696059690.4130826
2,44480,1696059690.426553
2,44512,1696059690.4387224
2,44544,1696059690.451045
2,44576,1696059690.463744
2,44608,1696059690.475974
2,44640,1696059690.4890957
2,44672,1696059690.5009081
2,44704,1696059690.5128973
2,44736,1696059690.526158
2,44768,1696059690.538529
2,44800,1696059690.5500498
2,44832,1696059690.5630875
2,44864,1696059690.5767162
2,44896,1696059690.5887187
2,44928,1696059690.6008656
2,44960,1696059690.614164
2,44992,1696059690.6263473
2,45024,1696059690.6386254
2,45056,1696059690.652076
2,45088,1696059690.663744
2,45120,1696059690.676981
2,45152,1696059690.6894414
2,45184,1696059690.7011445
2,45216,1696059690.714346
2,45248,1696059690.7265549
2,45280,1696059690.738717
2,45312,1696059690.7519505
2,45344,1696059690.7639632
2,45376,1696059690.7771163
2,45408,1696059690.789023
2,45440,1696059690.8023996
2,45472,1696059690.814604
2,45504,1696059690.826782
2,45536,1696059690.8396087
2,45568,1696059690.851777
2,45600,1696059690.864965
2,45632,1696059690.8793807
2,45664,1696059690.8918316
2,45696,1696059690.904285
2,45728,1696059690.9163184
2,45760,1696059690.93129
2,45792,1696059690.9437637
2,45824,1696059690.956261
2,45856,1696059690.968293
2,45888,1696059690.9814482
2,45920,1696059690.993181
2,45952,1696059691.0063272
2,45984,1696059691.0186956
2,46016,1696059691.030868
2,46048,1696059691.0435917
2,46080,1696059691.055977
2,46112,1696059691.0693214
2,46144,1696059691.0810857
2,46176,1696059691.0944777
