epoch,trained_sample,time
1,0,1696063019.1362007
1,16,1696063020.3593242
1,32,1696063020.3949876
1,48,1696063020.426636
1,64,1696063020.4586003
1,80,1696063020.4876611
1,96,1696063020.5196087
1,112,1696063020.5535295
1,128,1696063020.5827131
1,144,1696063020.6170774
1,160,1696063020.6571722
1,176,1696063020.6873028
1,192,1696063020.727383
1,208,1696063020.7584715
1,224,1696063020.79039
1,240,1696063020.8235142
1,256,1696063020.8625214
1,272,1696063020.8929505
1,288,1696063020.9257362
1,304,1696063020.958401
1,320,1696063020.996756
1,336,1696063021.0299785
1,352,1696063021.060617
1,368,1696063021.0911844
1,384,1696063021.1310472
1,400,1696063021.1624892
1,416,1696063021.1905832
1,432,1696063021.227573
1,448,1696063021.2662413
1,464,1696063021.2985072
1,480,1696063021.3305275
1,496,1696063021.362568
1,512,1696063021.402578
1,528,1696063021.4310908
1,544,1696063021.462884
1,560,1696063021.4981768
1,576,1696063021.5362394
1,592,1696063021.5666642
1,608,1696063021.5961325
1,624,1696063021.6301367
1,640,1696063021.668356
1,656,1696063021.6985924
1,672,1696063021.7311246
1,688,1696063021.7608812
1,704,1696063021.7984893
1,720,1696063021.8301966
1,736,1696063021.8622465
1,752,1696063021.8949404
1,768,1696063021.9340577
1,784,1696063021.9664676
1,800,1696063021.9994256
1,816,1696063022.030365
1,832,1696063022.069286
1,848,1696063022.1000867
1,864,1696063022.1313355
1,880,1696063022.1630716
1,896,1696063022.2019746
1,912,1696063022.2341735
1,928,1696063022.2662091
1,944,1696063022.2955964
1,960,1696063022.3349514
1,976,1696063022.3663
1,992,1696063022.3981552
1,1008,1696063022.4305694
1,1024,1696063022.4693987
1,1040,1696063022.5004902
1,1056,1696063022.531293
1,1072,1696063022.56336
1,1088,1696063022.6000116
1,1104,1696063022.6313362
1,1120,1696063022.6632879
1,1136,1696063022.6943972
1,1152,1696063022.7327
1,1168,1696063022.76591
1,1184,1696063022.798007
1,1200,1696063022.8302047
1,1216,1696063022.8681438
1,1232,1696063022.898755
1,1248,1696063022.9331186
1,1264,1696063022.9660716
1,1280,1696063023.0049138
1,1296,1696063023.0360215
1,1312,1696063023.0666687
1,1328,1696063023.0968
1,1344,1696063023.1360106
1,1360,1696063023.1662557
1,1376,1696063023.1990526
1,1392,1696063023.231583
1,1408,1696063023.2681985
1,1424,1696063023.3020718
1,1440,1696063023.3343503
1,1456,1696063023.366067
1,1472,1696063023.4039133
1,1488,1696063023.4345615
1,1504,1696063023.4664826
1,1520,1696063023.4947672
1,1536,1696063023.5263233
1,1552,1696063023.5605261
1,1568,1696063023.5928636
1,1584,1696063023.62219
1,1600,1696063023.6535943
1,1616,1696063023.6838198
1,1632,1696063023.7156503
1,1648,1696063023.7462971
1,1664,1696063023.78431
1,1680,1696063023.8150134
1,1696,1696063023.847563
1,1712,1696063023.8814764
1,1728,1696063023.9189515
1,1744,1696063023.9502087
1,1760,1696063023.9822147
1,1776,1696063024.014103
1,1792,1696063024.0533864
1,1808,1696063024.084539
1,1824,1696063024.115519
1,1840,1696063024.1475995
1,1856,1696063024.1849265
1,1872,1696063024.2186227
1,1888,1696063024.2565732
1,1904,1696063024.2877097
1,1920,1696063024.327863
1,1936,1696063024.358405
1,1952,1696063024.3903613
1,1968,1696063024.4186554
1,1984,1696063024.4539785
1,2000,1696063024.486474
1,2016,1696063024.514762
1,2032,1696063024.5466928
1,2048,1696063024.5870876
1,2064,1696063024.617288
1,2080,1696063024.6461158
1,2096,1696063024.677591
1,2112,1696063024.7174752
1,2128,1696063024.7502775
1,2144,1696063024.7786944
1,2160,1696063024.8137608
1,2176,1696063024.8530793
1,2192,1696063024.8861895
1,2208,1696063024.9181414
1,2224,1696063024.9471743
1,2240,1696063024.9773893
1,2256,1696063025.0127873
1,2272,1696063025.0491397
1,2288,1696063025.0787897
1,2304,1696063025.1166382
1,2320,1696063025.1459038
1,2336,1696063025.1765187
1,2352,1696063025.20797
1,2368,1696063025.2503855
1,2384,1696063025.2826576
1,2400,1696063025.3142607
1,2416,1696063025.3427675
1,2432,1696063025.3826008
1,2448,1696063025.4144707
1,2464,1696063025.4464538
1,2480,1696063025.4784114
1,2496,1696063025.5180998
1,2512,1696063025.5517478
1,2528,1696063025.5833783
1,2544,1696063025.6155775
1,2560,1696063025.6558855
1,2576,1696063025.6868012
1,2592,1696063025.7184613
1,2608,1696063025.753415
1,2624,1696063025.7929907
1,2640,1696063025.8247497
1,2656,1696063025.8605742
1,2672,1696063025.8916764
1,2688,1696063025.9259603
1,2704,1696063025.9582887
1,2720,1696063025.9968195
1,2736,1696063026.03097
1,2752,1696063026.0718188
1,2768,1696063026.103507
1,2784,1696063026.1344903
1,2800,1696063026.1694982
1,2816,1696063026.2059634
1,2832,1696063026.2470253
1,2848,1696063026.2786841
1,2864,1696063026.313748
1,2880,1696063026.3523223
1,2896,1696063026.3826964
1,2912,1696063026.4140549
1,2928,1696063026.4497182
1,2944,1696063026.4901943
1,2960,1696063026.5209692
1,2976,1696063026.5498903
1,2992,1696063026.5888603
1,3008,1696063026.623634
1,3024,1696063026.6536593
1,3040,1696063026.686032
1,3056,1696063026.721939
1,3072,1696063026.762322
1,3088,1696063026.7943993
1,3104,1696063026.8230848
1,3120,1696063026.8579714
1,3136,1696063026.902033
1,3152,1696063026.9328153
1,3168,1696063026.9621775
1,3184,1696063026.9969277
1,3200,1696063027.0369194
1,3216,1696063027.0679853
1,3232,1696063027.0992155
1,3248,1696063027.130429
1,3264,1696063027.1694083
1,3280,1696063027.2094681
1,3296,1696063027.2390006
1,3312,1696063027.2735772
1,3328,1696063027.3131645
1,3344,1696063027.353251
1,3360,1696063027.3843877
1,3376,1696063027.4140606
1,3392,1696063027.4494267
1,3408,1696063027.4803581
1,3424,1696063027.5099626
1,3440,1696063027.5452678
1,3456,1696063027.576438
1,3472,1696063027.6069071
1,3488,1696063027.6417897
1,3504,1696063027.674804
1,3520,1696063027.7092705
1,3536,1696063027.7403865
1,3552,1696063027.7719448
1,3568,1696063027.806014
1,3584,1696063027.8396192
1,3600,1696063027.87063
1,3616,1696063027.9056528
1,3632,1696063027.936697
1,3648,1696063027.9661477
1,3664,1696063028.005036
1,3680,1696063028.034849
1,3696,1696063028.0698082
1,3712,1696063028.0989974
1,3728,1696063028.133631
1,3744,1696063028.166348
1,3760,1696063028.2030826
1,3776,1696063028.2343926
1,3792,1696063028.273386
1,3808,1696063028.3043444
1,3824,1696063028.3337097
1,3840,1696063028.3625305
1,3856,1696063028.3930454
1,3872,1696063028.4262397
1,3888,1696063028.4584339
1,3904,1696063028.4904332
1,3920,1696063028.5263274
1,3936,1696063028.5617971
1,3952,1696063028.5925481
1,3968,1696063028.6230104
1,3984,1696063028.657634
1,4000,1696063028.6884086
1,4016,1696063028.7273247
1,4032,1696063028.7583642
1,4048,1696063028.790347
1,4064,1696063028.8303614
1,4080,1696063028.8620973
1,4096,1696063028.894895
1,4112,1696063028.9267497
1,4128,1696063028.9592144
1,4144,1696063028.990297
1,4160,1696063029.0292404
1,4176,1696063029.0600848
1,4192,1696063029.0942729
1,4208,1696063029.1340835
1,4224,1696063029.163328
1,4240,1696063029.1943808
1,4256,1696063029.2227361
1,4272,1696063029.2618003
1,4288,1696063029.2925022
1,4304,1696063029.3303437
1,4320,1696063029.358838
1,4336,1696063029.3975098
1,4352,1696063029.438465
1,4368,1696063029.4702742
1,4384,1696063029.4988048
1,4400,1696063029.5352614
1,4416,1696063029.5739632
1,4432,1696063029.6046498
1,4448,1696063029.6339386
1,4464,1696063029.6630225
1,4480,1696063029.6962264
1,4496,1696063029.7308462
1,4512,1696063029.76307
1,4528,1696063029.7951384
1,4544,1696063029.8347332
1,4560,1696063029.8664773
1,4576,1696063029.9021895
1,4592,1696063029.9342093
1,4608,1696063029.9741886
1,4624,1696063030.0045512
1,4640,1696063030.0451658
1,4656,1696063030.0761395
1,4672,1696063030.1157172
1,4688,1696063030.146453
1,4704,1696063030.1803546
1,4720,1696063030.2106023
1,4736,1696063030.2505963
1,4752,1696063030.2785876
1,4768,1696063030.3176546
1,4784,1696063030.3482347
1,4800,1696063030.3888922
1,4816,1696063030.4175107
1,4832,1696063030.4502134
1,4848,1696063030.485416
1,4864,1696063030.5260656
1,4880,1696063030.561719
1,4896,1696063030.5955935
1,4912,1696063030.6264238
1,4928,1696063030.6659124
1,4944,1696063030.6981568
1,4960,1696063030.7304316
1,4976,1696063030.7624972
1,4992,1696063030.8023205
1,5008,1696063030.8316011
1,5024,1696063030.8635185
1,5040,1696063030.8944368
1,5056,1696063030.9342718
1,5072,1696063030.9672003
1,5088,1696063030.9992201
1,5104,1696063031.030551
1,5120,1696063031.0703592
1,5136,1696063031.1023903
1,5152,1696063031.130659
1,5168,1696063031.1660588
1,5184,1696063031.2054627
1,5200,1696063031.2365386
1,5216,1696063031.2682796
1,5232,1696063031.2998674
1,5248,1696063031.3397236
1,5264,1696063031.3705354
1,5280,1696063031.3987958
1,5296,1696063031.433883
1,5312,1696063031.4733949
1,5328,1696063031.502748
1,5344,1696063031.5317538
1,5360,1696063031.565946
1,5376,1696063031.6052675
1,5392,1696063031.6360645
1,5408,1696063031.6665092
1,5424,1696063031.7014306
1,5440,1696063031.7411397
1,5456,1696063031.7721946
1,5472,1696063031.8026905
1,5488,1696063031.831394
1,5504,1696063031.8663905
1,5520,1696063031.898283
1,5536,1696063031.9331641
1,5552,1696063031.966203
1,5568,1696063032.0053582
1,5584,1696063032.0362911
1,5600,1696063032.0666823
1,5616,1696063032.0962257
1,5632,1696063032.1333046
1,5648,1696063032.166402
1,5664,1696063032.1948223
1,5680,1696063032.2312143
1,5696,1696063032.2743556
1,5712,1696063032.3060493
1,5728,1696063032.335151
1,5744,1696063032.3711839
1,5760,1696063032.4106565
1,5776,1696063032.4465861
1,5792,1696063032.4792514
1,5808,1696063032.5103252
1,5824,1696063032.5491788
1,5840,1696063032.5804267
1,5856,1696063032.610673
1,5872,1696063032.6432464
1,5888,1696063032.6820662
1,5904,1696063032.7145536
1,5920,1696063032.7463636
1,5936,1696063032.778368
1,5952,1696063032.8162525
1,5968,1696063032.8484945
1,5984,1696063032.8799417
1,6000,1696063032.9105988
1,6016,1696063032.9486732
1,6032,1696063032.9776747
1,6048,1696063033.008555
1,6064,1696063033.041648
1,6080,1696063033.0825658
1,6096,1696063033.1128762
1,6112,1696063033.1420784
1,6128,1696063033.171398
1,6144,1696063033.2063255
1,6160,1696063033.2368546
1,6176,1696063033.2734406
1,6192,1696063033.3043685
1,6208,1696063033.3412733
1,6224,1696063033.3743148
1,6240,1696063033.406249
1,6256,1696063033.4383729
1,6272,1696063033.4764874
1,6288,1696063033.505837
1,6304,1696063033.5382812
1,6320,1696063033.567952
1,6336,1696063033.6094816
1,6352,1696063033.6406083
1,6368,1696063033.6745076
1,6384,1696063033.7029557
1,6400,1696063033.7338486
1,6416,1696063033.766631
1,6432,1696063033.7983618
1,6448,1696063033.8304026
1,6464,1696063033.8684428
1,6480,1696063033.9024982
1,6496,1696063033.9346309
1,6512,1696063033.9692633
1,6528,1696063034.009079
1,6544,1696063034.0398808
1,6560,1696063034.073714
1,6576,1696063034.1043663
1,6592,1696063034.1423998
1,6608,1696063034.1743033
1,6624,1696063034.2089214
1,6640,1696063034.2380452
1,6656,1696063034.2782638
1,6672,1696063034.3103004
1,6688,1696063034.342463
1,6704,1696063034.374516
1,6720,1696063034.412551
1,6736,1696063034.4430673
1,6752,1696063034.4751844
1,6768,1696063034.5062728
1,6784,1696063034.5462546
1,6800,1696063034.5784223
1,6816,1696063034.6100988
1,6832,1696063034.6421227
1,6848,1696063034.6811974
1,6864,1696063034.7119882
1,6880,1696063034.7435896
1,6896,1696063034.7745693
1,6912,1696063034.81441
1,6928,1696063034.8483162
1,6944,1696063034.8785944
1,6960,1696063034.9135175
1,6976,1696063034.9531128
1,6992,1696063034.984044
1,7008,1696063035.015215
1,7024,1696063035.0473318
1,7040,1696063035.0875518
1,7056,1696063035.1183512
1,7072,1696063035.1515095
1,7088,1696063035.182496
1,7104,1696063035.220575
1,7120,1696063035.2498019
1,7136,1696063035.2825491
1,7152,1696063035.314525
1,7168,1696063035.3544405
1,7184,1696063035.386421
1,7200,1696063035.414853
1,7216,1696063035.4515293
1,7232,1696063035.4907455
1,7248,1696063035.5267422
1,7264,1696063035.5593436
1,7280,1696063035.5938632
1,7296,1696063035.6334734
1,7312,1696063035.6645653
1,7328,1696063035.6981647
1,7344,1696063035.7315662
1,7360,1696063035.7707217
1,7376,1696063035.8023694
1,7392,1696063035.8342874
1,7408,1696063035.8661401
1,7424,1696063035.9042685
1,7440,1696063035.9425566
1,7456,1696063035.9741373
1,7472,1696063036.0066016
1,7488,1696063036.0460246
1,7504,1696063036.0784254
1,7520,1696063036.110512
1,7536,1696063036.1450949
1,7552,1696063036.1840365
1,7568,1696063036.2145357
1,7584,1696063036.2431498
1,7600,1696063036.2780893
1,7616,1696063036.3182871
1,7632,1696063036.3494453
1,7648,1696063036.3829386
1,7664,1696063036.4142034
1,7680,1696063036.4525154
1,7696,1696063036.4863782
1,7712,1696063036.5180557
1,7728,1696063036.5508893
1,7744,1696063036.5900002
1,7760,1696063036.6222157
1,7776,1696063036.6508396
1,7792,1696063036.6898165
1,7808,1696063036.726945
1,7824,1696063036.7583668
1,7840,1696063036.7915695
1,7856,1696063036.8223183
1,7872,1696063036.8624232
1,7888,1696063036.8943942
1,7904,1696063036.9325008
1,7920,1696063036.962627
1,7936,1696063037.0008156
1,7952,1696063037.0300546
1,7968,1696063037.0608864
1,7984,1696063037.0921688
1,8000,1696063037.1317945
1,8016,1696063037.166701
1,8032,1696063037.1993377
1,8048,1696063037.2310421
1,8064,1696063037.2717798
1,8080,1696063037.3032763
1,8096,1696063037.3345485
1,8112,1696063037.3662863
1,8128,1696063037.4060647
1,8144,1696063037.434607
1,8160,1696063037.4698448
1,8176,1696063037.5004299
1,8192,1696063037.5385616
1,8208,1696063037.570513
1,8224,1696063037.6049676
1,8240,1696063037.638349
1,8256,1696063037.676492
1,8272,1696063037.709932
1,8288,1696063037.7422044
1,8304,1696063037.7779315
1,8320,1696063037.8174703
1,8336,1696063037.8486009
1,8352,1696063037.8779848
1,8368,1696063037.9071367
1,8384,1696063037.942261
1,8400,1696063037.9724932
1,8416,1696063038.0071137
1,8432,1696063038.0391917
1,8448,1696063038.075868
1,8464,1696063038.1065967
1,8480,1696063038.1356237
1,8496,1696063038.1730397
1,8512,1696063038.2100182
1,8528,1696063038.2431896
1,8544,1696063038.2743096
1,8560,1696063038.3029974
1,8576,1696063038.3383043
1,8592,1696063038.3702395
1,8608,1696063038.4064212
1,8624,1696063038.4351244
1,8640,1696063038.470217
1,8656,1696063038.5023339
1,8672,1696063038.5359056
1,8688,1696063038.569871
1,8704,1696063038.609399
1,8720,1696063038.6400676
1,8736,1696063038.6699414
1,8752,1696063038.7023377
1,8768,1696063038.7413118
1,8784,1696063038.772152
1,8800,1696063038.8059795
1,8816,1696063038.8381875
1,8832,1696063038.877553
1,8848,1696063038.908572
1,8864,1696063038.937957
1,8880,1696063038.9671957
1,8896,1696063039.002046
1,8912,1696063039.0413368
1,8928,1696063039.072579
1,8944,1696063039.1040058
1,8960,1696063039.1455252
1,8976,1696063039.1792982
1,8992,1696063039.2103524
1,9008,1696063039.2387369
1,9024,1696063039.273809
1,9040,1696063039.303029
1,9056,1696063039.3379366
1,9072,1696063039.3703163
1,9088,1696063039.4052353
1,9104,1696063039.438564
1,9120,1696063039.4701872
1,9136,1696063039.5024195
1,9152,1696063039.5420933
1,9168,1696063039.5741417
1,9184,1696063039.606392
1,9200,1696063039.6429129
1,9216,1696063039.6819675
1,9232,1696063039.714245
1,9248,1696063039.7475312
1,9264,1696063039.7783885
1,9280,1696063039.8182807
1,9296,1696063039.8504555
1,9312,1696063039.8895366
1,9328,1696063039.920437
1,9344,1696063039.9587255
1,9360,1696063039.9903035
1,9376,1696063040.0186968
1,9392,1696063040.054106
1,9408,1696063040.0939689
1,9424,1696063040.1263783
1,9440,1696063040.1585844
1,9456,1696063040.1902413
1,9472,1696063040.2293975
1,9488,1696063040.2621875
1,9504,1696063040.294236
1,9520,1696063040.3259616
1,9536,1696063040.3647065
1,9552,1696063040.395939
1,9568,1696063040.4296486
1,9584,1696063040.4603932
1,9600,1696063040.5007699
1,9616,1696063040.5374022
1,9632,1696063040.5702078
1,9648,1696063040.6032653
1,9664,1696063040.642698
1,9680,1696063040.6742222
1,9696,1696063040.7027972
1,9712,1696063040.7380934
1,9728,1696063040.7774162
1,9744,1696063040.8085215
1,9760,1696063040.8424325
1,9776,1696063040.8742182
1,9792,1696063040.913347
1,9808,1696063040.9443862
1,9824,1696063040.978133
1,9840,1696063041.0110312
1,9856,1696063041.0500662
1,9872,1696063041.0855832
1,9888,1696063041.118161
1,9904,1696063041.1509242
1,9920,1696063041.1938565
1,9936,1696063041.227433
1,9952,1696063041.2603004
1,9968,1696063041.2943385
1,9984,1696063041.3293667
1,10000,1696063041.35877
1,10016,1696063041.3921905
1,10032,1696063041.4223528
1,10048,1696063041.4579196
1,10064,1696063041.4904768
1,10080,1696063041.522624
1,10096,1696063041.5552404
1,10112,1696063041.5945296
1,10128,1696063041.6282074
1,10144,1696063041.6622102
1,10160,1696063041.6942468
1,10176,1696063041.7326841
1,10192,1696063041.7642922
1,10208,1696063041.7952394
1,10224,1696063041.8263116
1,10240,1696063041.8653774
1,10256,1696063041.896328
1,10272,1696063041.9256155
1,10288,1696063041.9583244
1,10304,1696063041.9982324
1,10320,1696063042.0301187
1,10336,1696063042.06315
1,10352,1696063042.0943468
1,10368,1696063042.1321464
1,10384,1696063042.163112
1,10400,1696063042.1943085
1,10416,1696063042.2284744
1,10432,1696063042.2688336
1,10448,1696063042.3003132
1,10464,1696063042.3307784
1,10480,1696063042.3629797
1,10496,1696063042.3958392
1,10512,1696063042.4266596
1,10528,1696063042.4581118
1,10544,1696063042.489385
1,10560,1696063042.521749
1,10576,1696063042.551368
1,10592,1696063042.5827107
1,10608,1696063042.6149507
1,10624,1696063042.6478417
1,10640,1696063042.6786132
1,10656,1696063042.7103813
1,10672,1696063042.7417395
1,10688,1696063042.7757351
1,10704,1696063042.8066127
1,10720,1696063042.8381276
1,10736,1696063042.869255
1,10752,1696063042.9016504
1,10768,1696063042.9316385
1,10784,1696063042.9670455
1,10800,1696063042.998168
1,10816,1696063043.031742
1,10832,1696063043.0624924
1,10848,1696063043.0943842
1,10864,1696063043.1271179
1,10880,1696063043.1596267
1,10896,1696063043.190396
1,10912,1696063043.2223914
1,10928,1696063043.2537172
1,10944,1696063043.28578
1,10960,1696063043.314097
1,10976,1696063043.3478813
1,10992,1696063043.3817413
1,11008,1696063043.4212844
1,11024,1696063043.4522767
1,11040,1696063043.483266
1,11056,1696063043.515326
1,11072,1696063043.554778
1,11088,1696063043.585104
1,11104,1696063043.6138203
1,11120,1696063043.6498923
1,11136,1696063043.6939154
1,11152,1696063043.723231
1,11168,1696063043.7595637
1,11184,1696063043.7937703
1,11200,1696063043.823405
1,11216,1696063043.8547769
1,11232,1696063043.887542
1,11248,1696063043.917884
1,11264,1696063043.9509878
1,11280,1696063043.9827116
1,11296,1696063044.014554
1,11312,1696063044.0496786
1,11328,1696063044.0826848
1,11344,1696063044.1146207
1,11360,1696063044.146574
1,11376,1696063044.1763387
1,11392,1696063044.207743
1,11408,1696063044.2427173
1,11424,1696063044.2746572
1,11440,1696063044.3093593
1,11456,1696063044.3408039
1,11472,1696063044.3738148
1,11488,1696063044.4063685
1,11504,1696063044.4358168
1,11520,1696063044.4681876
1,11536,1696063044.5000765
1,11552,1696063044.531072
1,11568,1696063044.565798
1,11584,1696063044.5971308
1,11600,1696063044.6316454
1,11616,1696063044.6625307
1,11632,1696063044.6951947
1,11648,1696063044.7248824
1,11664,1696063044.754849
1,11680,1696063044.7898803
1,11696,1696063044.8224885
1,11712,1696063044.8544717
1,11728,1696063044.8863344
1,11744,1696063044.9185412
1,11760,1696063044.950785
1,11776,1696063044.981311
1,11792,1696063045.0174918
1,11808,1696063045.0483055
1,11824,1696063045.0800276
1,11840,1696063045.112369
1,11856,1696063045.1418602
1,11872,1696063045.1715107
1,11888,1696063045.205884
1,11904,1696063045.2383885
1,11920,1696063045.2706833
1,11936,1696063045.3026628
1,11952,1696063045.3343852
1,11968,1696063045.373228
1,11984,1696063045.4046474
1,12000,1696063045.4344428
1,12016,1696063045.4665966
1,12032,1696063045.4957597
1,12048,1696063045.5304358
1,12064,1696063045.5594945
1,12080,1696063045.594716
1,12096,1696063045.6265187
1,12112,1696063045.6602745
1,12128,1696063045.6947038
1,12144,1696063045.7300777
1,12160,1696063045.7624822
1,12176,1696063045.7945201
1,12192,1696063045.82828
1,12208,1696063045.859773
1,12224,1696063045.8907518
1,12240,1696063045.9253745
1,12256,1696063045.9563942
1,12272,1696063045.989708
1,12288,1696063046.0265615
1,12304,1696063046.0584054
1,12320,1696063046.0889494
1,12336,1696063046.1184807
1,12352,1696063046.154267
1,12368,1696063046.1890159
1,12384,1696063046.2203703
1,12400,1696063046.2500267
1,12416,1696063046.282675
1,12432,1696063046.3144734
1,12448,1696063046.3432682
1,12464,1696063046.3781624
1,12480,1696063046.4106853
1,12496,1696063046.4424927
1,12512,1696063046.4712756
1,12528,1696063046.5065398
1,12544,1696063046.5386147
1,12560,1696063046.5678122
1,12576,1696063046.599317
1,12592,1696063046.6306953
1,12608,1696063046.6635153
1,12624,1696063046.694685
1,12640,1696063046.7296057
1,12656,1696063046.760954
1,12672,1696063046.7950664
1,12688,1696063046.8265028
1,12704,1696063046.8571615
1,12720,1696063046.8935938
1,12736,1696063046.9249437
1,12752,1696063046.9590707
1,12768,1696063046.9906259
1,12784,1696063047.0248857
1,12800,1696063047.0583725
1,12816,1696063047.087498
1,12832,1696063047.125634
1,12848,1696063047.1585226
1,12864,1696063047.198939
1,12880,1696063047.2304962
1,12896,1696063047.2639425
1,12912,1696063047.2953877
1,12928,1696063047.326483
1,12944,1696063047.355565
1,12960,1696063047.3906918
1,12976,1696063047.4226158
1,12992,1696063047.4550638
1,13008,1696063047.4863389
1,13024,1696063047.5186377
1,13040,1696063047.5471659
1,13056,1696063047.5808136
1,13072,1696063047.6125143
1,13088,1696063047.6419232
1,13104,1696063047.6718016
1,13120,1696063047.7064059
1,13136,1696063047.7354262
1,13152,1696063047.770319
1,13168,1696063047.8025632
1,13184,1696063047.836136
1,13200,1696063047.8701046
1,13216,1696063047.8991284
1,13232,1696063047.9302974
1,13248,1696063047.9627314
1,13264,1696063047.9945889
1,13280,1696063048.026601
1,13296,1696063048.0595329
1,13312,1696063048.0907469
1,13328,1696063048.1303062
1,13344,1696063048.1622918
1,13360,1696063048.19563
1,13376,1696063048.2273216
1,13392,1696063048.2587013
1,13408,1696063048.2905416
1,13424,1696063048.3195
1,13440,1696063048.3542883
1,13456,1696063048.3866227
1,13472,1696063048.415812
1,13488,1696063048.447476
1,13504,1696063048.479022
1,13520,1696063048.5136662
1,13536,1696063048.5444324
1,13552,1696063048.5768263
1,13568,1696063048.6082838
1,13584,1696063048.640883
1,13600,1696063048.6778462
1,13616,1696063048.7110784
1,13632,1696063048.7424753
1,13648,1696063048.7745557
1,13664,1696063048.8065903
1,13680,1696063048.841038
1,13696,1696063048.8723905
1,13712,1696063048.9059927
1,13728,1696063048.9384406
1,13744,1696063048.967236
1,13760,1696063049.0021627
1,13776,1696063049.0330596
1,13792,1696063049.0675428
1,13808,1696063049.0986273
1,13824,1696063049.1306186
1,13840,1696063049.165246
1,13856,1696063049.2019398
1,13872,1696063049.235875
1,13888,1696063049.2728024
1,13904,1696063049.3136828
1,13920,1696063049.3533883
1,13936,1696063049.3933823
1,13952,1696063049.4235747
1,13968,1696063049.465132
1,13984,1696063049.5050976
1,14000,1696063049.5430536
1,14016,1696063049.5829206
1,14032,1696063049.6228313
1,14048,1696063049.657678
1,14064,1696063049.691233
1,14080,1696063049.7206626
1,14096,1696063049.7506514
1,14112,1696063049.7890706
1,14128,1696063049.820631
1,14144,1696063049.8527136
1,14160,1696063049.8829591
1,14176,1696063049.9190314
1,14192,1696063049.9516387
1,14208,1696063049.9823952
1,14224,1696063050.0116985
1,14240,1696063050.0509577
1,14256,1696063050.0824594
1,14272,1696063050.116956
1,14288,1696063050.1485488
1,14304,1696063050.1847386
1,14320,1696063050.2143734
1,14336,1696063050.2465196
1,14352,1696063050.2816987
1,14368,1696063050.3212519
1,14384,1696063050.3526437
1,14400,1696063050.382448
1,14416,1696063050.4144473
1,14432,1696063050.4534488
1,14448,1696063050.4837308
1,14464,1696063050.5148516
1,14480,1696063050.549828
1,14496,1696063050.5890887
1,14512,1696063050.621447
1,14528,1696063050.6546397
1,14544,1696063050.686576
1,14560,1696063050.7255049
1,14576,1696063050.7550967
1,14592,1696063050.7899675
1,14608,1696063050.8225007
1,14624,1696063050.8573105
1,14640,1696063050.8908048
1,14656,1696063050.9224534
1,14672,1696063050.9514508
1,14688,1696063050.9909685
1,14704,1696063051.023588
1,14720,1696063051.0545185
1,14736,1696063051.0894494
1,14752,1696063051.1282506
1,14768,1696063051.1583529
1,14784,1696063051.1907444
1,14800,1696063051.2225354
1,14816,1696063051.2573917
1,14832,1696063051.2936568
1,14848,1696063051.324091
1,14864,1696063051.3579497
1,14880,1696063051.3935924
1,14896,1696063051.4269273
1,14912,1696063051.4584253
1,14928,1696063051.4933863
1,14944,1696063051.533241
1,14960,1696063051.5645027
1,14976,1696063051.5969079
1,14992,1696063051.6284983
1,15008,1696063051.6687527
1,15024,1696063051.709254
1,15040,1696063051.740546
1,15056,1696063051.772886
1,15072,1696063051.8119488
1,15088,1696063051.8509476
1,15104,1696063051.8825529
1,15120,1696063051.9117377
1,15136,1696063051.954391
1,15152,1696063051.9870572
1,15168,1696063052.0185316
1,15184,1696063052.0534394
1,15200,1696063052.0942783
1,15216,1696063052.1327212
1,15232,1696063052.1624024
1,15248,1696063052.1952975
1,15264,1696063052.2304456
1,15280,1696063052.2669094
1,15296,1696063052.2980955
1,15312,1696063052.3304555
1,15328,1696063052.365873
1,15344,1696063052.4045327
1,15360,1696063052.43428
1,15376,1696063052.4665499
1,15392,1696063052.5018005
1,15408,1696063052.5421648
1,15424,1696063052.5743358
1,15440,1696063052.608063
1,15456,1696063052.6543014
1,15472,1696063052.6851084
1,15488,1696063052.7194388
1,15504,1696063052.7506828
1,15520,1696063052.7855334
1,15536,1696063052.8150637
1,15552,1696063052.8503141
1,15568,1696063052.8797128
1,15584,1696063052.9201953
1,15600,1696063052.9576676
1,15616,1696063052.990943
1,15632,1696063053.0225236
1,15648,1696063053.0601983
1,15664,1696063053.0917652
1,15680,1696063053.1236126
1,15696,1696063053.1546166
1,15712,1696063053.1936107
1,15728,1696063053.2333698
1,15744,1696063053.2631342
1,15760,1696063053.2978265
1,15776,1696063053.3351524
1,15792,1696063053.3671982
1,15808,1696063053.4018285
1,15824,1696063053.4321468
1,15840,1696063053.472825
1,15856,1696063053.5045872
1,15872,1696063053.5342777
1,15888,1696063053.569396
1,15904,1696063053.6091025
1,15920,1696063053.6406467
1,15936,1696063053.6701846
1,15952,1696063053.7057264
1,15968,1696063053.7429218
1,15984,1696063053.7804296
1,16000,1696063053.8142374
1,16016,1696063053.8470497
1,16032,1696063053.8823938
1,16048,1696063053.9193532
1,16064,1696063053.9516156
1,16080,1696063053.9825435
1,16096,1696063054.0214162
1,16112,1696063054.0580163
1,16128,1696063054.0987906
1,16144,1696063054.135183
1,16160,1696063054.1768734
1,16176,1696063054.2150002
1,16192,1696063054.2532206
1,16208,1696063054.2899065
1,16224,1696063054.3322744
1,16240,1696063054.3720798
1,16256,1696063054.4068933
1,16272,1696063054.4439929
1,16288,1696063054.4851575
1,16304,1696063054.521205
1,16320,1696063054.55795
1,16336,1696063054.5964766
1,16352,1696063054.6400943
1,16368,1696063054.6744876
1,16384,1696063054.7127512
1,16400,1696063054.7474616
1,16416,1696063054.7905717
1,16432,1696063054.826129
1,16448,1696063054.864883
1,16464,1696063054.9044874
1,16480,1696063054.9478147
1,16496,1696063054.982686
1,16512,1696063055.0262728
1,16528,1696063055.0648565
1,16544,1696063055.1101384
1,16560,1696063055.148373
1,16576,1696063055.1853793
1,16592,1696063055.2211075
1,16608,1696063055.2665308
1,16624,1696063055.309417
1,16640,1696063055.3484492
1,16656,1696063055.3855946
1,16672,1696063055.4259424
1,16688,1696063055.465035
1,16704,1696063055.501648
1,16720,1696063055.5382044
1,16736,1696063055.581116
1,16752,1696063055.6165404
1,16768,1696063055.6532063
1,16784,1696063055.6899908
1,16800,1696063055.731487
1,16816,1696063055.766255
1,16832,1696063055.802817
1,16848,1696063055.8390172
1,16864,1696063055.8841257
1,16880,1696063055.928449
1,16896,1696063055.970318
1,16912,1696063056.0161705
1,16928,1696063056.0610497
1,16944,1696063056.097239
1,16960,1696063056.1334321
1,16976,1696063056.1699834
1,16992,1696063056.213745
1,17008,1696063056.2576656
1,17024,1696063056.2942789
1,17040,1696063056.330897
1,17056,1696063056.3750584
1,17072,1696063056.4196954
1,17088,1696063056.4550335
1,17104,1696063056.4917817
1,17120,1696063056.5343707
1,17136,1696063056.5766675
1,17152,1696063056.6136162
1,17168,1696063056.6501071
1,17184,1696063056.6923132
1,17200,1696063056.727325
1,17216,1696063056.7648897
1,17232,1696063056.8039553
1,17248,1696063056.8456967
1,17264,1696063056.8830876
1,17280,1696063056.921346
1,17296,1696063056.9605165
1,17312,1696063057.0030472
1,17328,1696063057.0390346
1,17344,1696063057.076544
1,17360,1696063057.113278
1,17376,1696063057.1595678
1,17392,1696063057.1968632
1,17408,1696063057.2336354
1,17424,1696063057.2700381
1,17440,1696063057.3129954
1,17456,1696063057.349107
1,17472,1696063057.3881693
1,17488,1696063057.422741
1,17504,1696063057.4655802
1,17520,1696063057.504286
1,17536,1696063057.541187
1,17552,1696063057.577569
1,17568,1696063057.6225748
1,17584,1696063057.6576264
1,17600,1696063057.695792
1,17616,1696063057.7331746
1,17632,1696063057.7740173
1,17648,1696063057.8093646
1,17664,1696063057.845971
1,17680,1696063057.8846905
1,17696,1696063057.9275253
1,17712,1696063057.9627676
1,17728,1696063058.006021
1,17744,1696063058.041963
1,17760,1696063058.0843766
1,17776,1696063058.119143
1,17792,1696063058.156748
1,17808,1696063058.196155
1,17824,1696063058.2383966
1,17840,1696063058.27349
1,17856,1696063058.3100379
1,17872,1696063058.3462732
1,17888,1696063058.3897066
1,17904,1696063058.4250891
1,17920,1696063058.4616683
1,17936,1696063058.5003126
1,17952,1696063058.544053
1,17968,1696063058.5846815
1,17984,1696063058.6208096
1,18000,1696063058.657378
1,18016,1696063058.6981933
1,18032,1696063058.734959
1,18048,1696063058.7729132
1,18064,1696063058.8094826
1,18080,1696063058.8504596
1,18096,1696063058.885467
1,18112,1696063058.9220595
1,18128,1696063058.9584115
1,18144,1696063059.0026202
1,18160,1696063059.0399947
1,18176,1696063059.0753152
1,18192,1696063059.111989
1,18208,1696063059.1542287
1,18224,1696063059.1973727
1,18240,1696063059.2336762
1,18256,1696063059.2700555
1,18272,1696063059.312972
1,18288,1696063059.3513827
1,18304,1696063059.3909013
1,18320,1696063059.4291286
1,18336,1696063059.4750285
1,18352,1696063059.5134244
1,18368,1696063059.5486612
1,18384,1696063059.584979
1,18400,1696063059.6290047
1,18416,1696063059.66516
1,18432,1696063059.7039065
1,18448,1696063059.7407644
1,18464,1696063059.7841814
1,18480,1696063059.8282783
1,18496,1696063059.8650527
1,18512,1696063059.897263
1,18528,1696063059.9335587
1,18544,1696063059.9686413
1,18560,1696063059.9991982
1,18576,1696063060.0302687
1,18592,1696063060.0663989
1,18608,1696063060.1020775
1,18624,1696063060.1342082
1,18640,1696063060.1630723
1,18656,1696063060.1981733
1,18672,1696063060.2386384
1,18688,1696063060.2736998
1,18704,1696063060.3033154
1,18720,1696063060.3421085
1,18736,1696063060.3815439
1,18752,1696063060.414693
1,18768,1696063060.4465137
1,18784,1696063060.4818106
1,18800,1696063060.515599
1,18816,1696063060.5465512
1,18832,1696063060.577486
1,18848,1696063060.6140683
1,18864,1696063060.647077
1,18880,1696063060.6786327
1,18896,1696063060.7117064
1,18912,1696063060.7465546
1,18928,1696063060.7794504
1,18944,1696063060.8104863
1,18960,1696063060.8425512
1,18976,1696063060.8776724
1,18992,1696063060.913829
1,19008,1696063060.9465904
1,19024,1696063060.9809902
1,19040,1696063061.0212731
1,19056,1696063061.061554
1,19072,1696063061.092904
1,19088,1696063061.1268399
1,19104,1696063061.1659894
1,19120,1696063061.1984916
1,19136,1696063061.2351134
1,19152,1696063061.2676342
1,19168,1696063061.3030722
1,19184,1696063061.3357432
1,19200,1696063061.3674252
1,19216,1696063061.3987045
1,19232,1696063061.4335074
1,19248,1696063061.4670246
1,19264,1696063061.497498
1,19280,1696063061.530996
1,19296,1696063061.567287
1,19312,1696063061.5997593
1,19328,1696063061.6304903
1,19344,1696063061.6627402
1,19360,1696063061.6974711
1,19376,1696063061.7313228
1,19392,1696063061.7634373
1,19408,1696063061.7946064
1,19424,1696063061.8297064
1,19440,1696063061.865241
1,19456,1696063061.8950484
1,19472,1696063061.9256444
1,19488,1696063061.9621534
1,19504,1696063061.9956326
1,19520,1696063062.0266862
1,19536,1696063062.055859
1,19552,1696063062.0984101
1,19568,1696063062.1358197
1,19584,1696063062.1673942
1,19600,1696063062.2076352
1,19616,1696063062.2559314
1,19632,1696063062.2955496
1,19648,1696063062.3352013
1,19664,1696063062.3710196
1,19680,1696063062.4123325
1,19696,1696063062.4497051
1,19712,1696063062.4860039
1,19728,1696063062.5224702
1,19744,1696063062.5656786
1,19760,1696063062.604303
1,19776,1696063062.639133
1,19792,1696063062.676117
1,19808,1696063062.717772
1,19824,1696063062.7531197
1,19840,1696063062.7893183
1,19856,1696063062.8280275
1,19872,1696063062.8695345
1,19888,1696063062.9058514
1,19904,1696063062.9423926
1,19920,1696063062.978487
1,19936,1696063063.0220227
1,19952,1696063063.0634408
1,19968,1696063063.0940099
1,19984,1696063063.129678
1,20000,1696063063.1691906
1,20016,1696063063.2005863
1,20032,1696063063.2321434
1,20048,1696063063.2641559
1,20064,1696063063.3026922
1,20080,1696063063.3343897
1,20096,1696063063.3677342
1,20112,1696063063.3986707
1,20128,1696063063.433928
1,20144,1696063063.4670608
1,20160,1696063063.498319
1,20176,1696063063.5305812
1,20192,1696063063.5657098
1,20208,1696063063.599055
1,20224,1696063063.6316545
1,20240,1696063063.6634943
1,20256,1696063063.6987371
1,20272,1696063063.7334738
1,20288,1696063063.764588
1,20304,1696063063.7985103
1,20320,1696063063.8336346
1,20336,1696063063.8625216
1,20352,1696063063.9006135
1,20368,1696063063.9309256
1,20384,1696063063.9671652
1,20400,1696063063.9997013
1,20416,1696063064.0306616
1,20432,1696063064.0625796
1,20448,1696063064.1016214
1,20464,1696063064.1327856
1,20480,1696063064.1656713
1,20496,1696063064.1984012
1,20512,1696063064.2368958
1,20528,1696063064.2683675
1,20544,1696063064.2980342
1,20560,1696063064.33042
1,20576,1696063064.365428
1,20592,1696063064.3941631
1,20608,1696063064.434073
1,20624,1696063064.4662323
1,20640,1696063064.5015788
1,20656,1696063064.5309606
1,20672,1696063064.5689497
1,20688,1696063064.6004348
1,20704,1696063064.6388621
1,20720,1696063064.670468
1,20736,1696063064.7038655
1,20752,1696063064.734773
1,20768,1696063064.7699463
1,20784,1696063064.8030105
1,20800,1696063064.8333516
1,20816,1696063064.8670678
1,20832,1696063064.9015784
1,20848,1696063064.9351141
1,20864,1696063064.9664323
1,20880,1696063064.9986439
1,20896,1696063065.0369554
1,20912,1696063065.0687187
1,20928,1696063065.1023674
1,20944,1696063065.1345968
1,20960,1696063065.1697862
