epoch,trained_sample,time
1,0,1695615887.485096
1,64,1695615888.7202125
1,128,1695615888.754124
1,192,1695615888.8031693
1,256,1695615888.8523517
1,320,1695615888.9100876
1,384,1695615888.953753
1,448,1695615888.9991572
1,512,1695615889.0534043
1,576,1695615889.1002767
1,640,1695615889.1420848
1,704,1695615889.1959443
1,768,1695615889.2453876
1,832,1695615889.2876067
1,896,1695615889.3356535
1,960,1695615889.385797
1,1024,1695615889.4374976
1,1088,1695615889.481323
1,1152,1695615889.5249434
1,1216,1695615889.572755
1,1280,1695615889.6217165
1,1344,1695615889.6703217
1,1408,1695615889.7181535
1,1472,1695615889.7626793
1,1536,1695615889.8139975
1,1600,1695615889.8652568
1,1664,1695615889.9085
1,1728,1695615889.956636
1,1792,1695615890.012981
1,1856,1695615890.0558317
1,1920,1695615890.1034286
1,1984,1695615890.1487148
1,2048,1695615890.2024877
1,2112,1695615890.2467446
1,2176,1695615890.2947202
1,2240,1695615890.342585
1,2304,1695615890.3898513
1,2368,1695615890.438517
1,2432,1695615890.4867966
1,2496,1695615890.535229
1,2560,1695615890.5836656
1,2624,1695615890.632092
1,2688,1695615890.6804862
1,2752,1695615890.7288074
1,2816,1695615890.7774053
1,2880,1695615890.8260233
1,2944,1695615890.875809
1,3008,1695615890.922577
1,3072,1695615890.9710648
1,3136,1695615891.0195587
1,3200,1695615891.0678847
1,3264,1695615891.1164353
1,3328,1695615891.1648088
1,3392,1695615891.215171
1,3456,1695615891.2628355
1,3520,1695615891.3105361
1,3584,1695615891.3594503
1,3648,1695615891.407389
1,3712,1695615891.4549837
1,3776,1695615891.5048046
1,3840,1695615891.5494514
1,3904,1695615891.5967934
1,3968,1695615891.6444683
1,4032,1695615891.6925645
1,4096,1695615891.7403276
1,4160,1695615891.7884326
1,4224,1695615891.8364685
1,4288,1695615891.8850245
1,4352,1695615891.9323194
1,4416,1695615891.9802234
1,4480,1695615892.0281827
1,4544,1695615892.0762467
1,4608,1695615892.1241302
1,4672,1695615892.1727915
1,4736,1695615892.2200916
1,4800,1695615892.2738712
1,4864,1695615892.3239257
1,4928,1695615892.3738892
1,4992,1695615892.4123979
1,5056,1695615892.4699063
1,5120,1695615892.5118377
1,5184,1695615892.5566328
1,5248,1695615892.606577
1,5312,1695615892.6580634
1,5376,1695615892.706327
1,5440,1695615892.7580295
1,5504,1695615892.798341
1,5568,1695615892.8488042
1,5632,1695615892.8949666
1,5696,1695615892.9432147
1,5760,1695615892.988142
1,5824,1695615893.045279
1,5888,1695615893.0866063
1,5952,1695615893.134211
1,6016,1695615893.1797843
1,6080,1695615893.2342384
1,6144,1695615893.2851634
1,6208,1695615893.3278782
1,6272,1695615893.3717227
1,6336,1695615893.426017
1,6400,1695615893.4741888
1,6464,1695615893.5147748
1,6528,1695615893.56782
1,6592,1695615893.6181805
1,6656,1695615893.6724596
1,6720,1695615893.7340565
1,6784,1695615893.7859986
1,6848,1695615893.8381612
1,6912,1695615893.8843536
1,6976,1695615893.9341915
1,7040,1695615893.9879358
1,7104,1695615894.0491836
1,7168,1695615894.0997705
1,7232,1695615894.153406
1,7296,1695615894.1994398
1,7360,1695615894.2497256
1,7424,1695615894.3140645
1,7488,1695615894.3662
1,7552,1695615894.408451
1,7616,1695615894.4602249
1,7680,1695615894.5200438
1,7744,1695615894.562655
1,7808,1695615894.6196468
1,7872,1695615894.6777966
1,7936,1695615894.7303627
1,8000,1695615894.7830913
1,8064,1695615894.8295264
1,8128,1695615894.8817382
1,8192,1695615894.9384139
1,8256,1695615894.9865303
1,8320,1695615895.0376902
1,8384,1695615895.0886028
1,8448,1695615895.1462333
1,8512,1695615895.1982968
1,8576,1695615895.2448475
1,8640,1695615895.2979517
1,8704,1695615895.3545623
1,8768,1695615895.3999555
1,8832,1695615895.4546633
1,8896,1695615895.506812
1,8960,1695615895.5625715
1,9024,1695615895.6225748
1,9088,1695615895.6742256
1,9152,1695615895.7288697
1,9216,1695615895.782153
1,9280,1695615895.8330808
1,9344,1695615895.8978143
1,9408,1695615895.9567924
1,9472,1695615896.0040166
1,9536,1695615896.060698
1,9600,1695615896.1212578
1,9664,1695615896.1736665
1,9728,1695615896.224779
1,9792,1695615896.2856178
1,9856,1695615896.3389812
1,9920,1695615896.3942494
1,9984,1695615896.4495943
1,10048,1695615896.5058963
1,10112,1695615896.5601113
1,10176,1695615896.6104922
1,10240,1695615896.6749058
1,10304,1695615896.7304895
1,10368,1695615896.7819319
1,10432,1695615896.8344615
1,10496,1695615896.888096
1,10560,1695615896.9442108
1,10624,1695615896.9992
1,10688,1695615897.0545387
1,10752,1695615897.107733
1,10816,1695615897.164628
1,10880,1695615897.2192338
1,10944,1695615897.2778676
1,11008,1695615897.3307076
1,11072,1695615897.3867807
1,11136,1695615897.4396565
1,11200,1695615897.4968073
1,11264,1695615897.5505784
1,11328,1695615897.6118426
1,11392,1695615897.662151
1,11456,1695615897.7149165
1,11520,1695615897.773942
1,11584,1695615897.8272574
1,11648,1695615897.885384
1,11712,1695615897.9414492
1,11776,1695615898.0007005
1,11840,1695615898.0510488
1,11904,1695615898.1120267
1,11968,1695615898.1608837
1,12032,1695615898.2167144
1,12096,1695615898.273716
1,12160,1695615898.332024
1,12224,1695615898.3864267
1,12288,1695615898.4400203
1,12352,1695615898.4983275
1,12416,1695615898.5534155
1,12480,1695615898.6066751
1,12544,1695615898.6625307
1,12608,1695615898.7220566
1,12672,1695615898.7787042
1,12736,1695615898.8261502
1,12800,1695615898.8858838
1,12864,1695615898.942916
1,12928,1695615898.9940193
1,12992,1695615899.0480056
1,13056,1695615899.1058104
1,13120,1695615899.1654968
1,13184,1695615899.2160459
1,13248,1695615899.2707658
1,13312,1695615899.3244498
1,13376,1695615899.3901536
1,13440,1695615899.4382923
1,13504,1695615899.492122
1,13568,1695615899.5499947
1,13632,1695615899.6101143
1,13696,1695615899.66086
1,13760,1695615899.7170768
1,13824,1695615899.768388
1,13888,1695615899.823891
1,13952,1695615899.8809829
1,14016,1695615899.934838
1,14080,1695615899.9901052
1,14144,1695615900.0474534
1,14208,1695615900.1015666
1,14272,1695615900.1540453
1,14336,1695615900.2124
1,14400,1695615900.2744827
1,14464,1695615900.3223622
1,14528,1695615900.379922
1,14592,1695615900.4311647
1,14656,1695615900.4937205
1,14720,1695615900.544015
1,14784,1695615900.5942194
1,14848,1695615900.6487093
1,14912,1695615900.7046506
1,14976,1695615900.7698443
1,15040,1695615900.821696
1,15104,1695615900.8719244
1,15168,1695615900.9306579
1,15232,1695615900.9846115
1,15296,1695615901.0398047
1,15360,1695615901.0931075
1,15424,1695615901.1522524
1,15488,1695615901.2061834
1,15552,1695615901.2619686
1,15616,1695615901.3177588
1,15680,1695615901.3786135
1,15744,1695615901.4266744
1,15808,1695615901.4802175
1,15872,1695615901.5381458
1,15936,1695615901.5929399
1,16000,1695615901.6478071
1,16064,1695615901.7002504
1,16128,1695615901.7582006
1,16192,1695615901.817788
1,16256,1695615901.8696065
1,16320,1695615901.9212952
1,16384,1695615901.981866
1,16448,1695615902.0418525
1,16512,1695615902.090534
1,16576,1695615902.1442723
1,16640,1695615902.2020097
1,16704,1695615902.2591593
1,16768,1695615902.3087642
1,16832,1695615902.3737206
1,16896,1695615902.4272118
1,16960,1695615902.4764018
1,17024,1695615902.5338256
1,17088,1695615902.5894284
1,17152,1695615902.6421444
1,17216,1695615902.701549
1,17280,1695615902.7543101
1,17344,1695615902.8058946
1,17408,1695615902.8659463
1,17472,1695615902.9299
1,17536,1695615902.9728627
1,17600,1695615903.0286431
1,17664,1695615903.0839972
1,17728,1695615903.1464972
1,17792,1695615903.1958284
1,17856,1695615903.2539675
1,17920,1695615903.3099754
1,17984,1695615903.3667257
1,18048,1695615903.4211977
1,18112,1695615903.4720638
1,18176,1695615903.5302737
1,18240,1695615903.5820396
1,18304,1695615903.6353784
1,18368,1695615903.6874888
1,18432,1695615903.7462704
1,18496,1695615903.8019786
1,18560,1695615903.8571134
1,18624,1695615903.9102497
1,18688,1695615903.967282
1,18752,1695615904.0154033
1,18816,1695615904.0744207
1,18880,1695615904.1267145
1,18944,1695615904.1828218
1,19008,1695615904.23603
1,19072,1695615904.2938082
1,19136,1695615904.3493016
1,19200,1695615904.4019616
1,19264,1695615904.4577043
1,19328,1695615904.5105722
1,19392,1695615904.5633159
1,19456,1695615904.6234562
1,19520,1695615904.6712716
1,19584,1695615904.7297127
1,19648,1695615904.7829323
1,19712,1695615904.8357022
1,19776,1695615904.8938947
1,19840,1695615904.94738
1,19904,1695615905.0045888
1,19968,1695615905.0546908
1,20032,1695615905.1173124
1,20096,1695615905.1744523
1,20160,1695615905.222284
1,20224,1695615905.2749357
1,20288,1695615905.327221
1,20352,1695615905.3859766
1,20416,1695615905.4387963
1,20480,1695615905.4952354
1,20544,1695615905.5464385
1,20608,1695615905.603428
1,20672,1695615905.654786
1,20736,1695615905.7184076
1,20800,1695615905.7640715
1,20864,1695615905.819727
1,20928,1695615905.8838594
1,20992,1695615905.9342332
1,21056,1695615905.9862175
1,21120,1695615906.0409951
1,21184,1695615906.0942264
1,21248,1695615906.1534505
1,21312,1695615906.206508
1,21376,1695615906.262973
1,21440,1695615906.314451
1,21504,1695615906.3721766
1,21568,1695615906.4249973
1,21632,1695615906.4800873
1,21696,1695615906.5397813
1,21760,1695615906.5980573
1,21824,1695615906.646501
1,21888,1695615906.6992576
1,21952,1695615906.7549932
1,22016,1695615906.8184292
1,22080,1695615906.8694434
1,22144,1695615906.9232132
1,22208,1695615906.9807918
1,22272,1695615907.0343134
1,22336,1695615907.0948896
1,22400,1695615907.142793
1,22464,1695615907.2019918
1,22528,1695615907.260428
1,22592,1695615907.3078356
1,22656,1695615907.3663025
1,22720,1695615907.4190493
1,22784,1695615907.4818149
1,22848,1695615907.5318286
1,22912,1695615907.5900629
1,22976,1695615907.6424384
1,23040,1695615907.7065847
1,23104,1695615907.754476
1,23168,1695615907.813028
1,23232,1695615907.8663518
1,23296,1695615907.929483
1,23360,1695615907.9781945
1,23424,1695615908.0314693
1,23488,1695615908.089741
1,23552,1695615908.1509778
1,23616,1695615908.199776
1,23680,1695615908.2568293
1,23744,1695615908.310567
1,23808,1695615908.3736584
1,23872,1695615908.4268076
1,23936,1695615908.475493
1,24000,1695615908.538389
1,24064,1695615908.5958264
1,24128,1695615908.64859
1,24192,1695615908.6991906
1,24256,1695615908.7547777
1,24320,1695615908.8094294
1,24384,1695615908.870362
1,24448,1695615908.9262834
1,24512,1695615908.9781706
1,24576,1695615909.0270448
1,24640,1695615909.0898442
1,24704,1695615909.1460156
1,24768,1695615909.2026002
1,24832,1695615909.2501187
1,24896,1695615909.3095546
1,24960,1695615909.3658783
1,25024,1695615909.4145691
1,25088,1695615909.478473
1,25152,1695615909.526534
1,25216,1695615909.5866506
1,25280,1695615909.6382942
1,25344,1695615909.7007911
1,25408,1695615909.7497423
1,25472,1695615909.8068936
1,25536,1695615909.8651428
1,25600,1695615909.9142659
1,25664,1695615909.9692464
1,25728,1695615910.03159
1,25792,1695615910.0814686
1,25856,1695615910.134493
1,25920,1695615910.198491
1,25984,1695615910.250745
1,26048,1695615910.3095262
1,26112,1695615910.3580945
1,26176,1695615910.4180644
1,26240,1695615910.474441
1,26304,1695615910.5234582
1,26368,1695615910.5816894
1,26432,1695615910.6374538
1,26496,1695615910.6940262
1,26560,1695615910.7430246
1,26624,1695615910.804995
1,26688,1695615910.85851
1,26752,1695615910.918746
1,26816,1695615910.9742393
1,26880,1695615911.0225325
1,26944,1695615911.0829358
1,27008,1695615911.1384232
1,27072,1695615911.1945634
1,27136,1695615911.2432213
1,27200,1695615911.306525
1,27264,1695615911.359161
1,27328,1695615911.407355
1,27392,1695615911.4705374
1,27456,1695615911.5215218
1,27520,1695615911.5820851
1,27584,1695615911.628019
1,27648,1695615911.6948462
1,27712,1695615911.743528
1,27776,1695615911.8024158
1,27840,1695615911.8545291
1,27904,1695615911.9120398
1,27968,1695615911.9720263
1,28032,1695615912.0210865
1,28096,1695615912.077728
1,28160,1695615912.1373155
1,28224,1695615912.1874197
1,28288,1695615912.2418287
1,28352,1695615912.3026872
1,28416,1695615912.35324
1,28480,1695615912.410078
1,28544,1695615912.4666243
1,28608,1695615912.5183222
1,28672,1695615912.5767903
1,28736,1695615912.630459
1,28800,1695615912.6929693
1,28864,1695615912.7423286
1,28928,1695615912.7945638
1,28992,1695615912.8511767
1,29056,1695615912.9142766
1,29120,1695615912.9641345
1,29184,1695615913.0155632
1,29248,1695615913.0784202
1,29312,1695615913.131197
1,29376,1695615913.186574
1,29440,1695615913.2391737
1,29504,1695615913.3023388
1,29568,1695615913.3551385
1,29632,1695615913.4119241
1,29696,1695615913.4627967
1,29760,1695615913.518296
1,29824,1695615913.5776472
1,29888,1695615913.6265986
1,29952,1695615913.6888568
1,30016,1695615913.738454
1,30080,1695615913.799325
1,30144,1695615913.8499098
1,30208,1695615913.9065
1,30272,1695615913.961879
1,30336,1695615914.0176322
1,30400,1695615914.071135
1,30464,1695615914.127222
1,30528,1695615914.1804702
1,30592,1695615914.2415917
1,30656,1695615914.2906036
1,30720,1695615914.3494382
1,30784,1695615914.4032176
1,30848,1695615914.4551682
1,30912,1695615914.517958
1,30976,1695615914.5666068
1,31040,1695615914.6258411
1,31104,1695615914.678692
1,31168,1695615914.7377007
1,31232,1695615914.790799
1,31296,1695615914.8503785
1,31360,1695615914.8988066
1,31424,1695615914.9577696
1,31488,1695615915.0106404
1,31552,1695615915.064233
1,31616,1695615915.1191766
1,31680,1695615915.1779873
1,31744,1695615915.230648
1,31808,1695615915.2899368
1,31872,1695615915.34246
1,31936,1695615915.3957176
1,32000,1695615915.4544585
1,32064,1695615915.5067315
1,32128,1695615915.5659587
1,32192,1695615915.6184082
1,32256,1695615915.6773884
1,32320,1695615915.7302964
1,32384,1695615915.7885876
1,32448,1695615915.8481758
1,32512,1695615915.902488
1,32576,1695615915.9518452
1,32640,1695615916.014562
1,32704,1695615916.0700366
1,32768,1695615916.1155558
1,32832,1695615916.1742988
1,32896,1695615916.2303157
1,32960,1695615916.2826254
1,33024,1695615916.341515
1,33088,1695615916.4004002
1,33152,1695615916.4508004
1,33216,1695615916.5107791
1,33280,1695615916.5677614
1,33344,1695615916.6155865
1,33408,1695615916.673005
1,33472,1695615916.729624
1,33536,1695615916.784888
1,33600,1695615916.8387947
1,33664,1695615916.8938189
1,33728,1695615916.9468012
1,33792,1695615917.0059788
1,33856,1695615917.0586116
1,33920,1695615917.1212585
1,33984,1695615917.1798933
1,34048,1695615917.2265234
1,34112,1695615917.279908
1,34176,1695615917.3383071
1,34240,1695615917.4001756
1,34304,1695615917.4500003
1,34368,1695615917.509874
1,34432,1695615917.5583062
1,34496,1695615917.6201649
1,34560,1695615917.66982
1,34624,1695615917.7262576
1,34688,1695615917.7841234
1,34752,1695615917.8375814
1,34816,1695615917.8903365
1,34880,1695615917.9489324
1,34944,1695615918.0052953
1,35008,1695615918.05577
1,35072,1695615918.113523
1,35136,1695615918.1749334
1,35200,1695615918.2308407
1,35264,1695615918.2763495
1,35328,1695615918.3370144
1,35392,1695615918.3958852
1,35456,1695615918.4503114
1,35520,1695615918.4993603
1,35584,1695615918.5577242
1,35648,1695615918.6117296
1,35712,1695615918.674438
1,35776,1695615918.7224362
1,35840,1695615918.7782593
1,35904,1695615918.8307784
1,35968,1695615918.8945296
1,36032,1695615918.9434261
1,36096,1695615919.001957
1,36160,1695615919.0550094
1,36224,1695615919.1187093
1,36288,1695615919.1680248
1,36352,1695615919.2200468
1,36416,1695615919.2811193
1,36480,1695615919.3424537
1,36544,1695615919.3867438
1,36608,1695615919.4501514
1,36672,1695615919.4993758
1,36736,1695615919.5624015
1,36800,1695615919.6107306
1,36864,1695615919.6636608
1,36928,1695615919.729699
1,36992,1695615919.7827055
1,37056,1695615919.8305893
1,37120,1695615919.8893502
1,37184,1695615919.945501
1,37248,1695615920.006181
1,37312,1695615920.0543225
1,37376,1695615920.106428
1,37440,1695615920.1657934
1,37504,1695615920.2268882
1,37568,1695615920.2743764
1,37632,1695615920.3301604
1,37696,1695615920.3851264
1,37760,1695615920.4488628
1,37824,1695615920.4984207
1,37888,1695615920.552008
1,37952,1695615920.6031232
1,38016,1695615920.6618128
1,38080,1695615920.718353
1,38144,1695615920.7706578
1,38208,1695615920.8296695
1,38272,1695615920.8885658
1,38336,1695615920.940947
1,38400,1695615920.994166
1,38464,1695615921.046772
1,38528,1695615921.1103947
1,38592,1695615921.1601465
1,38656,1695615921.2205071
1,38720,1695615921.266482
1,38784,1695615921.3249605
1,38848,1695615921.3781097
1,38912,1695615921.4315758
1,38976,1695615921.4868069
1,39040,1695615921.5511138
1,39104,1695615921.602014
1,39168,1695615921.6555896
1,39232,1695615921.714041
1,39296,1695615921.7766716
1,39360,1695615921.8227
1,39424,1695615921.8758464
1,39488,1695615921.9347827
1,39552,1695615921.993922
1,39616,1695615922.04271
1,39680,1695615922.1015334
1,39744,1695615922.1543546
1,39808,1695615922.2182677
1,39872,1695615922.26629
1,39936,1695615922.322403
1,40000,1695615922.382042
1,40064,1695615922.43789
1,40128,1695615922.4871597
1,40192,1695615922.542618
1,40256,1695615922.5976646
1,40320,1695615922.6537874
1,40384,1695615922.7100937
1,40448,1695615922.7659934
1,40512,1695615922.8218365
1,40576,1695615922.8792598
1,40640,1695615922.9274032
1,40704,1695615922.9829755
1,40768,1695615923.0419114
1,40832,1695615923.1048372
1,40896,1695615923.14917
1,40960,1695615923.2065923
1,41024,1695615923.266287
1,41088,1695615923.321715
1,41152,1695615923.374342
1,41216,1695615923.4347913
1,41280,1695615923.483664
1,41344,1695615923.5407307
1,41408,1695615923.5885305
1,41472,1695615923.6379554
1,41536,1695615923.678799
1,41600,1695615923.7334816
1,41664,1695615923.778353
1,41728,1695615923.8262584
1,41792,1695615923.8744805
1,41856,1695615923.9281034
1,41920,1695615923.971429
1,41984,1695615924.0141351
1,42048,1695615924.0625253
1,42112,1695615924.1220715
1,42176,1695615924.162539
1,42240,1695615924.2106106
1,42304,1695615924.2596517
1,42368,1695615924.315819
1,42432,1695615924.3586962
1,42496,1695615924.4059176
1,42560,1695615924.4538481
1,42624,1695615924.506276
1,42688,1695615924.5468173
1,42752,1695615924.5985262
1,42816,1695615924.6462877
1,42880,1695615924.6943579
1,42944,1695615924.7422318
1,43008,1695615924.7903702
1,43072,1695615924.838423
1,43136,1695615924.8903513
1,43200,1695615924.934522
1,43264,1695615924.9826913
1,43328,1695615925.0260642
1,43392,1695615925.0810673
1,43456,1695615925.1242766
1,43520,1695615925.1771276
1,43584,1695615925.2253792
1,43648,1695615925.2734964
1,43712,1695615925.322029
1,43776,1695615925.3700438
1,43840,1695615925.4181328
1,43904,1695615925.4665015
1,43968,1695615925.5143223
1,44032,1695615925.562245
1,44096,1695615925.6140783
1,44160,1695615925.6609213
1,44224,1695615925.7029471
1,44288,1695615925.754658
1,44352,1695615925.804475
1,44416,1695615925.850462
1,44480,1695615925.8985546
1,44544,1695615925.947644
1,44608,1695615925.9953694
1,44672,1695615926.0426476
1,44736,1695615926.0940182
1,44800,1695615926.1390364
1,44864,1695615926.1900432
1,44928,1695615926.2379706
1,44992,1695615926.2860227
1,45056,1695615926.3342445
1,45120,1695615926.3780198
1,45184,1695615926.4264898
1,45248,1695615926.478619
1,45312,1695615926.527329
1,45376,1695615926.5745754
1,45440,1695615926.622473
1,45504,1695615926.6714976
1,45568,1695615926.7185905
1,45632,1695615926.7656546
1,45696,1695615926.8222616
1,45760,1695615926.8625555
1,45824,1695615926.9136608
1,45888,1695615926.9619405
1,45952,1695615927.0101237
1,46016,1695615927.0581708
1,46080,1695615927.1061575
1,46144,1695615927.1542208
1,46208,1695615927.2065413
1,46272,1695615927.2516608
1,46336,1695615927.298818
1,46400,1695615927.3483262
1,46464,1695615927.3978307
1,46528,1695615927.441299
1,46592,1695615927.4896967
1,46656,1695615927.5423172
1,46720,1695615927.590097
1,46784,1695615927.6351373
1,46848,1695615927.686357
1,46912,1695615927.7344098
1,46976,1695615927.7825341
1,47040,1695615927.8308241
1,47104,1695615927.8860812
1,47168,1695615927.926857
1,47232,1695615927.9752595
1,47296,1695615928.0225263
1,47360,1695615928.0746508
1,47424,1695615928.118431
1,47488,1695615928.1697276
1,47552,1695615928.2178485
1,47616,1695615928.2683365
1,47680,1695615928.3142962
1,47744,1695615928.362265
1,47808,1695615928.413146
1,47872,1695615928.4582024
1,47936,1695615928.5142617
1,48000,1695615928.5579102
1,48064,1695615928.6060405
1,48128,1695615928.6473253
1,48192,1695615928.6992023
1,48256,1695615928.7557817
1,48320,1695615928.795467
1,48384,1695615928.842477
1,48448,1695615928.8913343
1,48512,1695615928.946394
1,48576,1695615928.990283
1,48640,1695615929.0395973
1,48704,1695615929.08617
1,48768,1695615929.137506
1,48832,1695615929.182542
1,48896,1695615929.2378557
1,48960,1695615929.2803953
1,49024,1695615929.3287673
1,49088,1695615929.3780956
1,49152,1695615929.425549
1,49216,1695615929.4729366
1,49280,1695615929.5248897
1,49344,1695615929.569858
1,49408,1695615929.6144435
1,49472,1695615929.6658933
1,49536,1695615929.714503
1,49600,1695615929.7621527
1,49664,1695615929.8105977
1,49728,1695615929.8583536
1,49792,1695615929.9127026
1,49856,1695615929.9509218
1,49920,1695615929.997791
1,49984,1695615930.056871
1,50000,1695615930.116541
2,64,1695615930.4238071
2,128,1695615930.46644
2,192,1695615930.5145965
2,256,1695615930.5643945
2,320,1695615930.6111557
2,384,1695615930.6610527
2,448,1695615930.7050636
2,512,1695615930.7570946
2,576,1695615930.8085356
2,640,1695615930.8521698
2,704,1695615930.8987947
2,768,1695615930.9448664
2,832,1695615930.992927
2,896,1695615931.047234
2,960,1695615931.0902224
2,1024,1695615931.138487
2,1088,1695615931.192154
2,1152,1695615931.2427812
2,1216,1695615931.2851074
2,1280,1695615931.3338509
2,1344,1695615931.3825498
2,1408,1695615931.4363606
2,1472,1695615931.47908
2,1536,1695615931.527285
2,1600,1695615931.583738
2,1664,1695615931.627572
2,1728,1695615931.679476
2,1792,1695615931.7264104
2,1856,1695615931.7754307
2,1920,1695615931.8225136
2,1984,1695615931.87103
2,2048,1695615931.9221165
2,2112,1695615931.9699209
2,2176,1695615932.021301
2,2240,1695615932.0620465
2,2304,1695615932.1164792
2,2368,1695615932.1624987
2,2432,1695615932.2138557
2,2496,1695615932.256041
2,2560,1695615932.3125896
2,2624,1695615932.3628771
2,2688,1695615932.4138634
2,2752,1695615932.4540472
2,2816,1695615932.5051594
2,2880,1695615932.549973
2,2944,1695615932.5984445
2,3008,1695615932.6465602
2,3072,1695615932.6950223
2,3136,1695615932.7450235
2,3200,1695615932.7985792
2,3264,1695615932.8393369
2,3328,1695615932.8902042
2,3392,1695615932.9381125
2,3456,1695615932.986462
2,3520,1695615933.035519
2,3584,1695615933.0820475
2,3648,1695615933.1307697
2,3712,1695615933.1854544
2,3776,1695615933.227489
2,3840,1695615933.27365
2,3904,1695615933.3233173
2,3968,1695615933.3696253
2,4032,1695615933.421935
2,4096,1695615933.4714608
2,4160,1695615933.5187914
