epoch,trained_sample,time
1,0,1695614199.9185677
1,32,1695614201.1564984
1,64,1695614201.1936512
1,96,1695614201.2341807
1,128,1695614201.266468
1,160,1695614201.3079484
1,192,1695614201.3400433
1,224,1695614201.3709645
1,256,1695614201.402566
1,288,1695614201.444843
1,320,1695614201.4756284
1,352,1695614201.510432
1,384,1695614201.543493
1,416,1695614201.585165
1,448,1695614201.6173022
1,480,1695614201.6511118
1,512,1695614201.6827376
1,544,1695614201.72518
1,576,1695614201.7587564
1,608,1695614201.795206
1,640,1695614201.826639
1,672,1695614201.8686225
1,704,1695614201.8994925
1,736,1695614201.932611
1,768,1695614201.9645765
1,800,1695614202.0031588
1,832,1695614202.0347583
1,864,1695614202.0666785
1,896,1695614202.1014814
1,928,1695614202.142774
1,960,1695614202.1736717
1,992,1695614202.2073627
1,1024,1695614202.2419658
1,1056,1695614202.2829535
1,1088,1695614202.3158963
1,1120,1695614202.3469622
1,1152,1695614202.3822346
1,1184,1695614202.4237227
1,1216,1695614202.4549966
1,1248,1695614202.4862761
1,1280,1695614202.5195022
1,1312,1695614202.5573015
1,1344,1695614202.5910904
1,1376,1695614202.6227548
1,1408,1695614202.6589644
1,1440,1695614202.698917
1,1472,1695614202.730637
1,1504,1695614202.7607899
1,1536,1695614202.7949204
1,1568,1695614202.8346908
1,1600,1695614202.86677
1,1632,1695614202.898491
1,1664,1695614202.930616
1,1696,1695614202.9718397
1,1728,1695614203.005127
1,1760,1695614203.0413957
1,1792,1695614203.0726368
1,1824,1695614203.112701
1,1856,1695614203.1422713
1,1888,1695614203.179976
1,1920,1695614203.2140062
1,1952,1695614203.2558262
1,1984,1695614203.2869978
1,2016,1695614203.3184333
1,2048,1695614203.3534093
1,2080,1695614203.3926895
1,2112,1695614203.4224913
1,2144,1695614203.457186
1,2176,1695614203.4888215
1,2208,1695614203.5303943
1,2240,1695614203.5628328
1,2272,1695614203.5945609
1,2304,1695614203.6265175
1,2336,1695614203.6677017
1,2368,1695614203.7056587
1,2400,1695614203.7388384
1,2432,1695614203.770578
1,2464,1695614203.8117993
1,2496,1695614203.843082
1,2528,1695614203.8781695
1,2560,1695614203.910583
1,2592,1695614203.9518912
1,2624,1695614203.9830418
1,2656,1695614204.0177958
1,2688,1695614204.0560608
1,2720,1695614204.0975268
1,2752,1695614204.138557
1,2784,1695614204.1766713
1,2816,1695614204.2215695
1,2848,1695614204.268241
1,2880,1695614204.3052583
1,2912,1695614204.3449194
1,2944,1695614204.3824966
1,2976,1695614204.4280562
1,3008,1695614204.4635262
1,3040,1695614204.501068
1,3072,1695614204.5383003
1,3104,1695614204.5840058
1,3136,1695614204.6212397
1,3168,1695614204.6584864
1,3200,1695614204.7043352
1,3232,1695614204.7513182
1,3264,1695614204.787459
1,3296,1695614204.8274932
1,3328,1695614204.863391
1,3360,1695614204.9112778
1,3392,1695614204.9470232
1,3424,1695614204.9833117
1,3456,1695614205.0211582
1,3488,1695614205.0678372
1,3520,1695614205.1056356
1,3552,1695614205.142591
1,3584,1695614205.1798275
1,3616,1695614205.227385
1,3648,1695614205.2629874
1,3680,1695614205.3012254
1,3712,1695614205.338266
1,3744,1695614205.384256
1,3776,1695614205.4204965
1,3808,1695614205.4595904
1,3840,1695614205.4974067
1,3872,1695614205.5439682
1,3904,1695614205.5841634
1,3936,1695614205.6214359
1,3968,1695614205.6586778
1,4000,1695614205.7040493
1,4032,1695614205.7415798
1,4064,1695614205.778701
1,4096,1695614205.816177
1,4128,1695614205.863608
1,4160,1695614205.905684
1,4192,1695614205.9430308
1,4224,1695614205.9805021
1,4256,1695614206.0279033
1,4288,1695614206.0682242
1,4320,1695614206.1159804
1,4352,1695614206.1542497
1,4384,1695614206.2001932
1,4416,1695614206.2381048
1,4448,1695614206.2763543
1,4480,1695614206.3134573
1,4512,1695614206.3599868
1,4544,1695614206.3981175
1,4576,1695614206.4360604
1,4608,1695614206.4750235
1,4640,1695614206.520107
1,4672,1695614206.5590656
1,4704,1695614206.6000376
1,4736,1695614206.6403818
1,4768,1695614206.6785107
1,4800,1695614206.717034
1,4832,1695614206.7539113
1,4864,1695614206.7917686
1,4896,1695614206.837477
1,4928,1695614206.8752937
1,4960,1695614206.913507
1,4992,1695614206.9508815
1,5024,1695614206.999159
1,5056,1695614207.0357509
1,5088,1695614207.0751288
1,5120,1695614207.1162648
1,5152,1695614207.1543117
1,5184,1695614207.1923287
1,5216,1695614207.2312765
1,5248,1695614207.26753
1,5280,1695614207.3065686
1,5312,1695614207.3435538
1,5344,1695614207.3837402
1,5376,1695614207.4240236
1,5408,1695614207.4646642
1,5440,1695614207.5027018
1,5472,1695614207.5414925
1,5504,1695614207.579365
1,5536,1695614207.6213727
1,5568,1695614207.6618907
1,5600,1695614207.7007792
1,5632,1695614207.7386663
1,5664,1695614207.781071
1,5696,1695614207.812201
1,5728,1695614207.8480637
1,5760,1695614207.8798387
1,5792,1695614207.915261
1,5824,1695614207.94711
1,5856,1695614207.9796197
1,5888,1695614208.0143921
1,5920,1695614208.05169
1,5952,1695614208.0830011
1,5984,1695614208.1201239
1,6016,1695614208.1514482
1,6048,1695614208.1871393
1,6080,1695614208.2218626
1,6112,1695614208.2546194
1,6144,1695614208.2868059
1,6176,1695614208.3223705
1,6208,1695614208.354735
1,6240,1695614208.390111
1,6272,1695614208.4211028
1,6304,1695614208.4578183
1,6336,1695614208.4891248
1,6368,1695614208.5228596
1,6400,1695614208.557772
1,6432,1695614208.5933547
1,6464,1695614208.6287816
1,6496,1695614208.6773815
1,6528,1695614208.7106912
1,6560,1695614208.742922
1,6592,1695614208.7855077
1,6624,1695614208.8185399
1,6656,1695614208.8505712
1,6688,1695614208.8860247
1,6720,1695614208.9186442
1,6752,1695614208.9506266
1,6784,1695614208.9861765
1,6816,1695614209.0215275
1,6848,1695614209.056875
1,6880,1695614209.094035
1,6912,1695614209.1274393
1,6944,1695614209.1592617
1,6976,1695614209.197527
1,7008,1695614209.233914
1,7040,1695614209.2675881
1,7072,1695614209.3000934
1,7104,1695614209.3371246
1,7136,1695614209.370853
1,7168,1695614209.402788
1,7200,1695614209.4347684
1,7232,1695614209.4704626
1,7264,1695614209.5021048
1,7296,1695614209.5358934
1,7328,1695614209.5677295
1,7360,1695614209.6058223
1,7392,1695614209.6415558
1,7424,1695614209.674895
1,7456,1695614209.7079709
1,7488,1695614209.7392037
1,7520,1695614209.7747753
1,7552,1695614209.8076134
1,7584,1695614209.8423498
1,7616,1695614209.877579
1,7648,1695614209.910483
1,7680,1695614209.9425995
1,7712,1695614209.9746985
1,7744,1695614210.010209
1,7776,1695614210.0458302
1,7808,1695614210.0814302
1,7840,1695614210.116996
1,7872,1695614210.1536436
1,7904,1695614210.1874096
1,7936,1695614210.2189465
1,7968,1695614210.2543583
1,8000,1695614210.290992
1,8032,1695614210.3230507
1,8064,1695614210.355156
1,8096,1695614210.390472
1,8128,1695614210.425677
1,8160,1695614210.458817
1,8192,1695614210.4938622
1,8224,1695614210.5317533
1,8256,1695614210.563143
1,8288,1695614210.5982552
1,8320,1695614210.630746
1,8352,1695614210.662782
1,8384,1695614210.697969
1,8416,1695614210.730599
1,8448,1695614210.7637978
1,8480,1695614210.795411
1,8512,1695614210.8335073
1,8544,1695614210.8637018
1,8576,1695614210.9027965
1,8608,1695614210.9360952
1,8640,1695614210.9673755
1,8672,1695614211.0076373
1,8704,1695614211.0401044
1,8736,1695614211.0713518
1,8768,1695614211.109855
1,8800,1695614211.142751
1,8832,1695614211.1745946
1,8864,1695614211.2102127
1,8896,1695614211.245006
1,8928,1695614211.2852867
1,8960,1695614211.3187776
1,8992,1695614211.3575485
1,9024,1695614211.3926277
1,9056,1695614211.4235096
1,9088,1695614211.4549377
1,9120,1695614211.491492
1,9152,1695614211.5241282
1,9184,1695614211.5555844
1,9216,1695614211.5870054
1,9248,1695614211.6235254
1,9280,1695614211.6550326
1,9312,1695614211.6904387
1,9344,1695614211.7259111
1,9376,1695614211.7616255
1,9408,1695614211.7996016
1,9440,1695614211.831046
1,9472,1695614211.8657193
1,9504,1695614211.8957164
1,9536,1695614211.932218
1,9568,1695614211.963287
1,9600,1695614211.9978034
1,9632,1695614212.0308897
1,9664,1695614212.0628853
1,9696,1695614212.0978005
1,9728,1695614212.1309388
1,9760,1695614212.1628678
1,9792,1695614212.1949584
1,9824,1695614212.23026
1,9856,1695614212.2654648
1,9888,1695614212.301118
1,9920,1695614212.3382347
1,9952,1695614212.3739674
1,9984,1695614212.406787
1,10016,1695614212.441892
1,10048,1695614212.4773974
1,10080,1695614212.5127997
1,10112,1695614212.554128
1,10144,1695614212.5867696
1,10176,1695614212.6189911
1,10208,1695614212.6509666
1,10240,1695614212.6865602
1,10272,1695614212.7218032
1,10304,1695614212.7572668
1,10336,1695614212.79059
1,10368,1695614212.8228817
1,10400,1695614212.8579345
1,10432,1695614212.890742
1,10464,1695614212.9227722
1,10496,1695614212.9546738
1,10528,1695614212.989963
1,10560,1695614213.0228827
1,10592,1695614213.0578477
1,10624,1695614213.0909472
1,10656,1695614213.1228309
1,10688,1695614213.1577458
1,10720,1695614213.1908433
1,10752,1695614213.2213964
1,10784,1695614213.2558076
1,10816,1695614213.2936199
1,10848,1695614213.3272524
1,10880,1695614213.3599904
1,10912,1695614213.391244
1,10944,1695614213.4265552
1,10976,1695614213.4586005
1,11008,1695614213.492393
1,11040,1695614213.5235438
1,11072,1695614213.5614605
1,11104,1695614213.5917811
1,11136,1695614213.6256306
1,11168,1695614213.6598113
1,11200,1695614213.6912148
1,11232,1695614213.7267716
1,11264,1695614213.759747
1,11296,1695614213.7909517
1,11328,1695614213.8235178
1,11360,1695614213.8572295
1,11392,1695614213.8918598
1,11424,1695614213.9264004
1,11456,1695614213.961762
1,11488,1695614213.994911
1,11520,1695614214.0279555
1,11552,1695614214.059162
1,11584,1695614214.098064
1,11616,1695614214.1313162
1,11648,1695614214.1629374
1,11680,1695614214.1980128
1,11712,1695614214.2305214
1,11744,1695614214.261197
1,11776,1695614214.295557
1,11808,1695614214.327089
1,11840,1695614214.3619215
1,11872,1695614214.394519
1,11904,1695614214.428235
1,11936,1695614214.460912
1,11968,1695614214.4911587
1,12000,1695614214.528153
1,12032,1695614214.5606184
1,12064,1695614214.590532
1,12096,1695614214.630082
1,12128,1695614214.664281
1,12160,1695614214.6955478
1,12192,1695614214.7309718
1,12224,1695614214.765837
1,12256,1695614214.7989483
1,12288,1695614214.831914
1,12320,1695614214.863074
1,12352,1695614214.898449
1,12384,1695614214.9307761
1,12416,1695614214.9627774
1,12448,1695614214.9950588
1,12480,1695614215.0273066
1,12512,1695614215.064767
1,12544,1695614215.0954807
1,12576,1695614215.1269872
1,12608,1695614215.1648757
1,12640,1695614215.19857
1,12672,1695614215.2337165
1,12704,1695614215.2669697
1,12736,1695614215.2986908
1,12768,1695614215.3311217
1,12800,1695614215.3664212
1,12832,1695614215.4018142
1,12864,1695614215.4375954
1,12896,1695614215.4679232
1,12928,1695614215.5060132
1,12960,1695614215.5387187
1,12992,1695614215.5738387
1,13024,1695614215.6051052
1,13056,1695614215.6488812
1,13088,1695614215.6811504
1,13120,1695614215.7178822
1,13152,1695614215.7548323
1,13184,1695614215.7969103
1,13216,1695614215.8277807
1,13248,1695614215.8636098
1,13280,1695614215.8952696
1,13312,1695614215.9389305
1,13344,1695614215.9708245
1,13376,1695614216.006644
1,13408,1695614216.0387816
1,13440,1695614216.079092
1,13472,1695614216.110807
1,13504,1695614216.143259
1,13536,1695614216.178569
1,13568,1695614216.221002
1,13600,1695614216.2545137
1,13632,1695614216.2971811
1,13664,1695614216.3307261
1,13696,1695614216.368041
1,13728,1695614216.4029765
1,13760,1695614216.4347246
1,13792,1695614216.4670355
1,13824,1695614216.5026274
1,13856,1695614216.534191
1,13888,1695614216.5665495
1,13920,1695614216.6034904
1,13952,1695614216.6361818
1,13984,1695614216.6674592
1,14016,1695614216.7060945
1,14048,1695614216.740273
1,14080,1695614216.7712588
1,14112,1695614216.8066936
1,14144,1695614216.83997
1,14176,1695614216.8711
1,14208,1695614216.909068
1,14240,1695614216.9426882
1,14272,1695614216.9795096
1,14304,1695614217.011869
1,14336,1695614217.0434463
1,14368,1695614217.0790913
1,14400,1695614217.1099367
1,14432,1695614217.1440623
1,14464,1695614217.17664
1,14496,1695614217.2141051
1,14528,1695614217.2476335
1,14560,1695614217.279019
1,14592,1695614217.3146057
1,14624,1695614217.3467958
1,14656,1695614217.3797503
1,14688,1695614217.411683
1,14720,1695614217.4433389
1,14752,1695614217.4815958
1,14784,1695614217.5167906
1,14816,1695614217.556838
1,14848,1695614217.589268
1,14880,1695614217.6262686
1,14912,1695614217.6587877
1,14944,1695614217.692065
1,14976,1695614217.7250633
1,15008,1695614217.7592459
1,15040,1695614217.7905176
1,15072,1695614217.8267558
1,15104,1695614217.8587918
1,15136,1695614217.893758
1,15168,1695614217.9293559
1,15200,1695614217.962582
1,15232,1695614217.9949093
1,15264,1695614218.0268972
1,15296,1695614218.0625346
1,15328,1695614218.094639
1,15360,1695614218.1336482
1,15392,1695614218.1673794
1,15424,1695614218.1996238
1,15456,1695614218.2310965
1,15488,1695614218.2625666
1,15520,1695614218.299343
1,15552,1695614218.3342175
1,15584,1695614218.366584
1,15616,1695614218.3988757
1,15648,1695614218.4340575
1,15680,1695614218.4664745
1,15712,1695614218.4987261
1,15744,1695614218.5341449
1,15776,1695614218.5668688
1,15808,1695614218.598835
1,15840,1695614218.6339316
1,15872,1695614218.6695206
1,15904,1695614218.7118306
1,15936,1695614218.743172
1,15968,1695614218.7808475
1,16000,1695614218.8145034
1,16032,1695614218.8466756
1,16064,1695614218.88185
1,16096,1695614218.9145916
1,16128,1695614218.9451358
1,16160,1695614218.9789991
1,16192,1695614219.014556
1,16224,1695614219.0468724
1,16256,1695614219.0789807
1,16288,1695614219.112617
1,16320,1695614219.1448698
1,16352,1695614219.1810794
1,16384,1695614219.2147515
1,16416,1695614219.2468154
1,16448,1695614219.2791407
1,16480,1695614219.310455
1,16512,1695614219.347235
1,16544,1695614219.3785048
1,16576,1695614219.4206135
1,16608,1695614219.4516363
1,16640,1695614219.48982
1,16672,1695614219.5247092
1,16704,1695614219.5622854
1,16736,1695614219.5948985
1,16768,1695614219.6298509
1,16800,1695614219.665444
1,16832,1695614219.7007022
1,16864,1695614219.731331
1,16896,1695614219.7676375
1,16928,1695614219.7990818
1,16960,1695614219.8374903
1,16992,1695614219.8695204
1,17024,1695614219.9037173
1,17056,1695614219.936204
1,17088,1695614219.9690084
1,17120,1695614220.0033214
1,17152,1695614220.034555
1,17184,1695614220.0683103
1,17216,1695614220.0988426
1,17248,1695614220.136419
1,17280,1695614220.1690023
1,17312,1695614220.203
1,17344,1695614220.2336323
1,17376,1695614220.2684717
1,17408,1695614220.302785
1,17440,1695614220.3347337
1,17472,1695614220.3669732
1,17504,1695614220.398542
1,17536,1695614220.444868
1,17568,1695614220.4789028
1,17600,1695614220.5109465
1,17632,1695614220.543329
1,17664,1695614220.581435
1,17696,1695614220.6147072
1,17728,1695614220.6467865
1,17760,1695614220.6799448
1,17792,1695614220.7154152
1,17824,1695614220.7470834
1,17856,1695614220.7806213
1,17888,1695614220.8111708
1,17920,1695614220.8478167
1,17952,1695614220.8855457
1,17984,1695614220.9171934
1,18016,1695614220.9512095
1,18048,1695614220.9827316
1,18080,1695614221.016013
1,18112,1695614221.048119
1,18144,1695614221.0852072
1,18176,1695614221.1161854
1,18208,1695614221.151579
1,18240,1695614221.1832643
1,18272,1695614221.21481
1,18304,1695614221.251662
1,18336,1695614221.2828946
1,18368,1695614221.3184035
1,18400,1695614221.3505805
1,18432,1695614221.3828583
1,18464,1695614221.4154003
1,18496,1695614221.4548173
1,18528,1695614221.4908493
1,18560,1695614221.5240922
1,18592,1695614221.555956
1,18624,1695614221.5917299
1,18656,1695614221.623297
1,18688,1695614221.6616852
1,18720,1695614221.694669
1,18752,1695614221.7265916
1,18784,1695614221.7588043
1,18816,1695614221.80149
1,18848,1695614221.8330386
1,18880,1695614221.8666346
1,18912,1695614221.8986568
1,18944,1695614221.9341607
1,18976,1695614221.9693658
1,19008,1695614222.0027637
1,19040,1695614222.034726
1,19072,1695614222.0701554
1,19104,1695614222.102789
1,19136,1695614222.134921
1,19168,1695614222.170257
1,19200,1695614222.2056813
1,19232,1695614222.2356124
1,19264,1695614222.271407
1,19296,1695614222.3022134
1,19328,1695614222.3356488
1,19360,1695614222.3713462
1,19392,1695614222.4029474
1,19424,1695614222.438591
1,19456,1695614222.4736993
1,19488,1695614222.5065784
1,19520,1695614222.5422618
1,19552,1695614222.5758274
1,19584,1695614222.6074917
1,19616,1695614222.6424575
1,19648,1695614222.677867
1,19680,1695614222.7105086
1,19712,1695614222.742684
1,19744,1695614222.777994
1,19776,1695614222.8133097
1,19808,1695614222.846721
1,19840,1695614222.878723
1,19872,1695614222.9139001
1,19904,1695614222.9467835
1,19936,1695614222.9797843
1,19968,1695614223.0111978
1,20000,1695614223.046815
1,20032,1695614223.0787563
1,20064,1695614223.1144047
1,20096,1695614223.1468496
1,20128,1695614223.1819067
1,20160,1695614223.2146444
1,20192,1695614223.2468822
1,20224,1695614223.2823012
1,20256,1695614223.3176208
1,20288,1695614223.350567
1,20320,1695614223.3875222
1,20352,1695614223.4203093
1,20384,1695614223.4508672
1,20416,1695614223.4871163
1,20448,1695614223.5186586
1,20480,1695614223.5543969
1,20512,1695614223.5865223
1,20544,1695614223.621982
1,20576,1695614223.654798
1,20608,1695614223.6866343
1,20640,1695614223.7219346
1,20672,1695614223.7577558
1,20704,1695614223.7909482
1,20736,1695614223.822677
1,20768,1695614223.8581665
1,20800,1695614223.890591
1,20832,1695614223.922501
1,20864,1695614223.9587638
1,20896,1695614223.991821
1,20928,1695614224.0231104
1,20960,1695614224.061191
1,20992,1695614224.0948892
1,21024,1695614224.1268315
1,21056,1695614224.167419
1,21088,1695614224.1987872
1,21120,1695614224.234195
1,21152,1695614224.2665343
1,21184,1695614224.298776
1,21216,1695614224.3307385
1,21248,1695614224.366307
1,21280,1695614224.4017744
1,21312,1695614224.4316895
1,21344,1695614224.4677396
1,21376,1695614224.499537
1,21408,1695614224.5437407
1,21440,1695614224.5751655
1,21472,1695614224.6132848
1,21504,1695614224.646534
1,21536,1695614224.6788306
1,21568,1695614224.7109525
1,21600,1695614224.7435043
1,21632,1695614224.7815154
1,21664,1695614224.8144863
1,21696,1695614224.846789
1,21728,1695614224.8797495
1,21760,1695614224.9125786
1,21792,1695614224.9471717
1,21824,1695614224.9853227
1,21856,1695614225.0193868
1,21888,1695614225.0510023
1,21920,1695614225.084984
1,21952,1695614225.1231117
1,21984,1695614225.1548586
1,22016,1695614225.1905274
1,22048,1695614225.222736
1,22080,1695614225.257942
1,22112,1695614225.2906377
1,22144,1695614225.3220334
1,22176,1695614225.3560576
1,22208,1695614225.3883915
1,22240,1695614225.422804
1,22272,1695614225.4547014
1,22304,1695614225.4869847
1,22336,1695614225.5220132
1,22368,1695614225.5607605
1,22400,1695614225.5949624
1,22432,1695614225.6266873
1,22464,1695614225.6589584
1,22496,1695614225.6945434
1,22528,1695614225.7267172
1,22560,1695614225.7620065
1,22592,1695614225.7917147
1,22624,1695614225.8300066
1,22656,1695614225.8626897
1,22688,1695614225.8929548
1,22720,1695614225.9278018
1,22752,1695614225.9593353
1,22784,1695614225.997808
1,22816,1695614226.0276172
1,22848,1695614226.065922
1,22880,1695614226.098802
1,22912,1695614226.130661
1,22944,1695614226.173126
1,22976,1695614226.2078164
1,23008,1695614226.248331
1,23040,1695614226.2798364
1,23072,1695614226.3118384
1,23104,1695614226.3490627
1,23136,1695614226.381858
1,23168,1695614226.4140742
1,23200,1695614226.4460664
1,23232,1695614226.4794035
1,23264,1695614226.5110073
1,23296,1695614226.5438724
1,23328,1695614226.583866
1,23360,1695614226.6174915
1,23392,1695614226.650318
1,23424,1695614226.6826158
1,23456,1695614226.7148705
1,23488,1695614226.748106
1,23520,1695614226.7791135
1,23552,1695614226.8139408
1,23584,1695614226.8469667
1,23616,1695614226.878762
1,23648,1695614226.9114573
1,23680,1695614226.9462814
1,23712,1695614226.9789107
1,23744,1695614227.011981
1,23776,1695614227.043449
1,23808,1695614227.0781324
1,23840,1695614227.111662
1,23872,1695614227.1430044
1,23904,1695614227.1755066
1,23936,1695614227.2106328
1,23968,1695614227.2435322
1,24000,1695614227.274988
1,24032,1695614227.3097558
1,24064,1695614227.3396416
1,24096,1695614227.3783004
1,24128,1695614227.4109416
1,24160,1695614227.4444902
1,24192,1695614227.4772322
1,24224,1695614227.5098898
1,24256,1695614227.540819
1,24288,1695614227.5751548
1,24320,1695614227.6141417
1,24352,1695614227.6462376
1,24384,1695614227.6784945
1,24416,1695614227.7109356
1,24448,1695614227.7524936
1,24480,1695614227.783463
1,24512,1695614227.8215623
1,24544,1695614227.854809
1,24576,1695614227.8882182
1,24608,1695614227.919968
1,24640,1695614227.9516625
1,24672,1695614227.9878354
1,24704,1695614228.0198162
1,24736,1695614228.057042
1,24768,1695614228.0906546
1,24800,1695614228.122675
1,24832,1695614228.15369
1,24864,1695614228.187982
1,24896,1695614228.2205935
1,24928,1695614228.2525241
1,24960,1695614228.286543
1,24992,1695614228.3187587
1,25024,1695614228.3541079
1,25056,1695614228.3896978
1,25088,1695614228.4255
1,25120,1695614228.4587107
1,25152,1695614228.4903183
1,25184,1695614228.5242357
1,25216,1695614228.555731
1,25248,1695614228.5944476
1,25280,1695614228.6345215
1,25312,1695614228.6668582
1,25344,1695614228.6999903
1,25376,1695614228.7324665
1,25408,1695614228.7667918
1,25440,1695614228.7988443
1,25472,1695614228.8342876
1,25504,1695614228.8697016
1,25536,1695614228.9026735
1,25568,1695614228.9347541
1,25600,1695614228.969916
1,25632,1695614229.0051522
1,25664,1695614229.0385828
1,25696,1695614229.0708873
1,25728,1695614229.102932
1,25760,1695614229.1353636
1,25792,1695614229.1797552
1,25824,1695614229.2111845
1,25856,1695614229.2485402
1,25888,1695614229.2794783
1,25920,1695614229.3177924
1,25952,1695614229.3506243
1,25984,1695614229.3826003
1,26016,1695614229.41777
1,26048,1695614229.4507182
1,26080,1695614229.4827776
1,26112,1695614229.5178735
1,26144,1695614229.5477016
1,26176,1695614229.5828302
1,26208,1695614229.6183696
1,26240,1695614229.6607761
1,26272,1695614229.6948202
1,26304,1695614229.7308326
1,26336,1695614229.7663498
1,26368,1695614229.8014073
1,26400,1695614229.8345678
1,26432,1695614229.8667908
1,26464,1695614229.898951
1,26496,1695614229.9346106
1,26528,1695614229.9668508
1,26560,1695614229.999044
1,26592,1695614230.0347474
1,26624,1695614230.0676882
1,26656,1695614230.0992074
1,26688,1695614230.1346803
1,26720,1695614230.175747
1,26752,1695614230.2071245
1,26784,1695614230.242422
1,26816,1695614230.2775989
1,26848,1695614230.3108916
1,26880,1695614230.3426974
1,26912,1695614230.3781419
1,26944,1695614230.4121819
1,26976,1695614230.4431775
1,27008,1695614230.4748666
1,27040,1695614230.5117238
1,27072,1695614230.5432913
1,27104,1695614230.578892
1,27136,1695614230.6115298
1,27168,1695614230.6431856
1,27200,1695614230.6829944
1,27232,1695614230.714668
1,27264,1695614230.7503426
1,27296,1695614230.7857115
1,27328,1695614230.8161318
1,27360,1695614230.8580456
1,27392,1695614230.8936417
1,27424,1695614230.9250114
1,27456,1695614230.9585469
1,27488,1695614230.9937944
1,27520,1695614231.0269656
1,27552,1695614231.060085
1,27584,1695614231.0914633
1,27616,1695614231.1274116
1,27648,1695614231.1599896
1,27680,1695614231.1914957
1,27712,1695614231.2273211
1,27744,1695614231.2597084
1,27776,1695614231.2913737
1,27808,1695614231.327237
1,27840,1695614231.3595362
1,27872,1695614231.3915124
1,27904,1695614231.4296582
1,27936,1695614231.4627733
1,27968,1695614231.4977856
1,28000,1695614231.5307376
1,28032,1695614231.5644295
1,28064,1695614231.5956597
1,28096,1695614231.6339262
1,28128,1695614231.6667323
1,28160,1695614231.7067828
1,28192,1695614231.7387962
1,28224,1695614231.7748108
1,28256,1695614231.8110352
1,28288,1695614231.8436682
1,28320,1695614231.8749862
1,28352,1695614231.9105504
1,28384,1695614231.942678
1,28416,1695614231.9759533
1,28448,1695614232.0076602
1,28480,1695614232.0445337
1,28512,1695614232.0754561
1,28544,1695614232.106952
1,28576,1695614232.1458566
1,28608,1695614232.1788344
1,28640,1695614232.2117562
1,28672,1695614232.2431617
1,28704,1695614232.2791505
1,28736,1695614232.310814
1,28768,1695614232.346019
1,28800,1695614232.378674
1,28832,1695614232.4108405
1,28864,1695614232.444143
1,28896,1695614232.4818017
1,28928,1695614232.5167248
1,28960,1695614232.5510988
1,28992,1695614232.5827153
1,29024,1695614232.6179247
1,29056,1695614232.650865
1,29088,1695614232.685568
1,29120,1695614232.7215402
1,29152,1695614232.75542
1,29184,1695614232.7903552
1,29216,1695614232.8257513
1,29248,1695614232.858582
1,29280,1695614232.8924391
1,29312,1695614232.9236047
1,29344,1695614232.9618964
1,29376,1695614232.9989364
1,29408,1695614233.034769
1,29440,1695614233.0669355
1,29472,1695614233.0991783
1,29504,1695614233.1309283
1,29536,1695614233.1750264
1,29568,1695614233.2079182
1,29600,1695614233.2392771
1,29632,1695614233.2750344
1,29664,1695614233.3069134
1,29696,1695614233.342354
1,29728,1695614233.3747408
1,29760,1695614233.406777
1,29792,1695614233.4420967
1,29824,1695614233.4775856
1,29856,1695614233.5106788
1,29888,1695614233.542751
1,29920,1695614233.5780325
1,29952,1695614233.6107805
1,29984,1695614233.6428385
1,30016,1695614233.6781545
1,30048,1695614233.7107623
1,30080,1695614233.7510197
1,30112,1695614233.7828345
1,30144,1695614233.8157334
1,30176,1695614233.8533983
1,30208,1695614233.8834827
1,30240,1695614233.9195955
1,30272,1695614233.9511302
1,30304,1695614233.9823668
1,30336,1695614234.0188735
1,30368,1695614234.0511835
1,30400,1695614234.0897164
1,30432,1695614234.1291354
1,30464,1695614234.162673
1,30496,1695614234.1945553
1,30528,1695614234.2260578
1,30560,1695614234.2590623
1,30592,1695614234.2944262
1,30624,1695614234.3314054
1,30656,1695614234.3631823
1,30688,1695614234.3988051
1,30720,1695614234.4319298
1,30752,1695614234.4631088
1,30784,1695614234.494848
1,30816,1695614234.5316958
1,30848,1695614234.5631282
1,30880,1695614234.6020336
1,30912,1695614234.6346865
1,30944,1695614234.6677403
1,30976,1695614234.6997445
1,31008,1695614234.7315748
1,31040,1695614234.7755294
1,31072,1695614234.8070943
1,31104,1695614234.8455412
1,31136,1695614234.8787286
1,31168,1695614234.9108
1,31200,1695614234.9431329
1,31232,1695614234.9790764
1,31264,1695614235.0107336
1,31296,1695614235.04646
1,31328,1695614235.0818558
1,31360,1695614235.1147032
1,31392,1695614235.1468053
1,31424,1695614235.1789894
1,31456,1695614235.2168944
1,31488,1695614235.250706
1,31520,1695614235.2825289
1,31552,1695614235.3182726
1,31584,1695614235.3505583
1,31616,1695614235.382939
1,31648,1695614235.418324
1,31680,1695614235.4507911
1,31712,1695614235.4828482
1,31744,1695614235.5186052
1,31776,1695614235.5536838
1,31808,1695614235.5889258
1,31840,1695614235.6239011
1,31872,1695614235.6551988
1,31904,1695614235.6909192
1,31936,1695614235.7226899
1,31968,1695614235.7580233
1,32000,1695614235.7939374
1,32032,1695614235.8341997
1,32064,1695614235.8732316
1,32096,1695614235.9104774
1,32128,1695614235.9478347
1,32160,1695614235.9851367
1,32192,1695614236.022198
1,32224,1695614236.061316
1,32256,1695614236.1008172
1,32288,1695614236.1380653
1,32320,1695614236.182628
1,32352,1695614236.2181902
1,32384,1695614236.2556727
1,32416,1695614236.2932608
1,32448,1695614236.3302066
1,32480,1695614236.3673604
1,32512,1695614236.407735
1,32544,1695614236.443954
1,32576,1695614236.483762
1,32608,1695614236.5211425
1,32640,1695614236.5585353
1,32672,1695614236.5944827
1,32704,1695614236.6319945
1,32736,1695614236.6692905
1,32768,1695614236.7086353
1,32800,1695614236.74588
1,32832,1695614236.7828338
1,32864,1695614236.826929
1,32896,1695614236.8652296
1,32928,1695614236.9024308
1,32960,1695614236.9395607
1,32992,1695614236.979621
1,33024,1695614237.0171962
1,33056,1695614237.054404
1,33088,1695614237.0915198
1,33120,1695614237.1293905
1,33152,1695614237.1667333
1,33184,1695614237.2040336
1,33216,1695614237.241315
1,33248,1695614237.2785256
1,33280,1695614237.3158355
1,33312,1695614237.3533092
1,33344,1695614237.390031
1,33376,1695614237.427297
1,33408,1695614237.465159
1,33440,1695614237.5021951
1,33472,1695614237.5409963
1,33504,1695614237.5783687
1,33536,1695614237.6173198
1,33568,1695614237.6545637
1,33600,1695614237.6915703
1,33632,1695614237.7290285
1,33664,1695614237.7653017
1,33696,1695614237.8051198
1,33728,1695614237.8426769
1,33760,1695614237.883043
1,33792,1695614237.9190676
1,33824,1695614237.9571922
1,33856,1695614237.994256
1,33888,1695614238.0314555
1,33920,1695614238.071573
1,33952,1695614238.1161013
1,33984,1695614238.1533926
1,34016,1695614238.1924016
1,34048,1695614238.2298152
1,34080,1695614238.2672946
1,34112,1695614238.3050725
1,34144,1695614238.3423443
1,34176,1695614238.3814182
1,34208,1695614238.4210389
1,34240,1695614238.4580107
1,34272,1695614238.4939377
1,34304,1695614238.5314064
1,34336,1695614238.569392
1,34368,1695614238.6063268
1,34400,1695614238.6421614
1,34432,1695614238.6796477
1,34464,1695614238.7157965
1,34496,1695614238.7626612
1,34528,1695614238.7983701
1,34560,1695614238.83616
1,34592,1695614238.883491
1,34624,1695614238.9211018
1,34656,1695614238.9581957
1,34688,1695614238.999007
1,34720,1695614239.0413609
1,34752,1695614239.080133
1,34784,1695614239.1203654
1,34816,1695614239.1577392
1,34848,1695614239.1946235
1,34880,1695614239.231893
1,34912,1695614239.2700198
1,34944,1695614239.3073223
1,34976,1695614239.3453598
1,35008,1695614239.3824291
1,35040,1695614239.4195423
1,35072,1695614239.459872
1,35104,1695614239.4975421
1,35136,1695614239.5345047
1,35168,1695614239.5719302
1,35200,1695614239.6099892
1,35232,1695614239.6504748
1,35264,1695614239.6875517
1,35296,1695614239.727461
1,35328,1695614239.7627988
1,35360,1695614239.7994518
1,35392,1695614239.8372374
1,35424,1695614239.8736055
1,35456,1695614239.9128747
1,35488,1695614239.9507165
1,35520,1695614239.9882932
1,35552,1695614240.0265157
1,35584,1695614240.0637193
1,35616,1695614240.1013858
1,35648,1695614240.1384313
1,35680,1695614240.1759994
1,35712,1695614240.216034
1,35744,1695614240.2563913
1,35776,1695614240.294724
1,35808,1695614240.3313673
1,35840,1695614240.369522
1,35872,1695614240.4062839
1,35904,1695614240.4434826
1,35936,1695614240.4812715
1,35968,1695614240.5182247
1,36000,1695614240.555647
1,36032,1695614240.5932934
1,36064,1695614240.6304872
1,36096,1695614240.6682594
1,36128,1695614240.7051864
1,36160,1695614240.7422924
1,36192,1695614240.779501
1,36224,1695614240.8171508
1,36256,1695614240.8541083
1,36288,1695614240.891365
1,36320,1695614240.9327896
1,36352,1695614240.9693985
1,36384,1695614241.0065367
1,36416,1695614241.043718
1,36448,1695614241.0911071
1,36480,1695614241.1289473
1,36512,1695614241.165768
1,36544,1695614241.2053344
1,36576,1695614241.2454112
1,36608,1695614241.283292
1,36640,1695614241.31918
1,36672,1695614241.359883
1,36704,1695614241.3952658
1,36736,1695614241.4380548
1,36768,1695614241.473806
1,36800,1695614241.5128536
1,36832,1695614241.5504727
1,36864,1695614241.5881898
1,36896,1695614241.6277819
1,36928,1695614241.6654086
1,36960,1695614241.7025514
1,36992,1695614241.7397668
1,37024,1695614241.7770987
1,37056,1695614241.814321
1,37088,1695614241.8515248
1,37120,1695614241.8898005
1,37152,1695614241.9285934
1,37184,1695614241.9657621
1,37216,1695614242.0028152
1,37248,1695614242.040098
1,37280,1695614242.0801823
1,37312,1695614242.1203232
1,37344,1695614242.1576858
1,37376,1695614242.1936204
1,37408,1695614242.2309666
1,37440,1695614242.2683234
1,37472,1695614242.3062077
1,37504,1695614242.3435707
1,37536,1695614242.3838286
1,37568,1695614242.4237905
1,37600,1695614242.4639413
1,37632,1695614242.503903
1,37664,1695614242.543689
1,37696,1695614242.5891767
1,37728,1695614242.6261046
1,37760,1695614242.6633542
1,37792,1695614242.7009766
1,37824,1695614242.7448962
1,37856,1695614242.7820365
1,37888,1695614242.8180804
1,37920,1695614242.8555746
1,37952,1695614242.8959134
1,37984,1695614242.9337063
1,38016,1695614242.9799628
1,38048,1695614243.0199852
1,38080,1695614243.060182
1,38112,1695614243.0976248
1,38144,1695614243.1346529
1,38176,1695614243.173169
1,38208,1695614243.2103612
1,38240,1695614243.247613
1,38272,1695614243.2853427
1,38304,1695614243.3225555
1,38336,1695614243.3599365
1,38368,1695614243.3982925
1,38400,1695614243.4353461
1,38432,1695614243.4731987
1,38464,1695614243.510542
1,38496,1695614243.5478427
1,38528,1695614243.5850396
1,38560,1695614243.6222255
1,38592,1695614243.6582239
1,38624,1695614243.6975284
1,38656,1695614243.7348144
1,38688,1695614243.7721093
1,38720,1695614243.809126
1,38752,1695614243.8463588
1,38784,1695614243.8838797
1,38816,1695614243.9209952
1,38848,1695614243.9603167
1,38880,1695614244.0051265
1,38912,1695614244.041674
1,38944,1695614244.079055
1,38976,1695614244.11504
1,39008,1695614244.1530993
1,39040,1695614244.1901252
1,39072,1695614244.2273457
1,39104,1695614244.2653718
1,39136,1695614244.3026142
1,39168,1695614244.3398833
1,39200,1695614244.3770337
1,39232,1695614244.413947
1,39264,1695614244.4511685
1,39296,1695614244.4894547
1,39328,1695614244.528857
1,39360,1695614244.565346
1,39392,1695614244.6027555
1,39424,1695614244.6400836
1,39456,1695614244.6773353
1,39488,1695614244.7136276
1,39520,1695614244.7509544
1,39552,1695614244.7914805
1,39584,1695614244.8273554
1,39616,1695614244.8652024
1,39648,1695614244.9022555
1,39680,1695614244.939379
1,39712,1695614244.9769928
1,39744,1695614245.021505
1,39776,1695614245.0585349
1,39808,1695614245.0957668
1,39840,1695614245.1332452
1,39872,1695614245.1703851
1,39904,1695614245.207866
1,39936,1695614245.2452016
1,39968,1695614245.2822323
1,40000,1695614245.3193836
1,40032,1695614245.3597634
1,40064,1695614245.4000494
1,40096,1695614245.4373024
1,40128,1695614245.4744601
1,40160,1695614245.5114906
1,40192,1695614245.5492296
1,40224,1695614245.586213
1,40256,1695614245.6235657
1,40288,1695614245.661233
1,40320,1695614245.6983976
1,40352,1695614245.7355814
1,40384,1695614245.7732053
1,40416,1695614245.8125162
1,40448,1695614245.8496163
1,40480,1695614245.8867679
1,40512,1695614245.9242237
1,40544,1695614245.9633987
