epoch,trained_sample,time
1,0,1695618839.882118
1,32,1695618841.2003112
1,64,1695618841.225818
1,96,1695618841.2448218
1,128,1695618841.2634938
1,160,1695618841.2869887
1,192,1695618841.310165
1,224,1695618841.3299046
1,256,1695618841.3484304
1,288,1695618841.367012
1,320,1695618841.386611
1,352,1695618841.4055138
1,384,1695618841.4243965
1,416,1695618841.4432745
1,448,1695618841.462347
1,480,1695618841.481477
1,512,1695618841.5003195
1,544,1695618841.5181289
1,576,1695618841.539172
1,608,1695618841.5559325
1,640,1695618841.5722814
1,672,1695618841.5907948
1,704,1695618841.6094182
1,736,1695618841.626927
1,768,1695618841.6448443
1,800,1695618841.6625414
1,832,1695618841.6808367
1,864,1695618841.6984456
1,896,1695618841.7160456
1,928,1695618841.7336311
1,960,1695618841.753027
1,992,1695618841.769978
1,1024,1695618841.78659
1,1056,1695618841.8037188
1,1088,1695618841.8226578
1,1120,1695618841.8438323
1,1152,1695618841.8616314
1,1184,1695618841.8796482
1,1216,1695618841.903473
1,1248,1695618841.9199378
1,1280,1695618841.9360695
1,1312,1695618841.9545813
1,1344,1695618841.9760458
1,1376,1695618841.9954855
1,1408,1695618842.0134664
1,1440,1695618842.0320077
1,1472,1695618842.058362
1,1504,1695618842.0782344
1,1536,1695618842.0981276
1,1568,1695618842.118413
1,1600,1695618842.1360247
1,1632,1695618842.1521962
1,1664,1695618842.1683495
1,1696,1695618842.1862288
1,1728,1695618842.205054
1,1760,1695618842.2229023
1,1792,1695618842.2414443
1,1824,1695618842.258831
1,1856,1695618842.2772627
1,1888,1695618842.2949255
1,1920,1695618842.3117666
1,1952,1695618842.328196
1,1984,1695618842.3444462
1,2016,1695618842.3624842
1,2048,1695618842.3799648
1,2080,1695618842.3966603
1,2112,1695618842.4125006
1,2144,1695618842.4306037
1,2176,1695618842.4495704
1,2208,1695618842.4669814
1,2240,1695618842.485168
1,2272,1695618842.502728
1,2304,1695618842.5211902
1,2336,1695618842.5386498
1,2368,1695618842.557208
1,2400,1695618842.5746038
1,2432,1695618842.593194
1,2464,1695618842.6107903
1,2496,1695618842.628904
1,2528,1695618842.6468961
1,2560,1695618842.6649797
1,2592,1695618842.6827254
1,2624,1695618842.6994622
1,2656,1695618842.7161887
1,2688,1695618842.732939
1,2720,1695618842.748093
1,2752,1695618842.7641788
1,2784,1695618842.781123
1,2816,1695618842.7962308
1,2848,1695618842.8122728
1,2880,1695618842.8283858
1,2912,1695618842.846644
1,2944,1695618842.8635392
1,2976,1695618842.8799589
1,3008,1695618842.8965552
1,3040,1695618842.9140158
1,3072,1695618842.9316413
1,3104,1695618842.9482594
1,3136,1695618842.9637697
1,3168,1695618842.9821198
1,3200,1695618842.9997127
1,3232,1695618843.0162885
1,3264,1695618843.0318565
1,3296,1695618843.0504355
1,3328,1695618843.0678167
1,3360,1695618843.084273
1,3392,1695618843.1002104
1,3424,1695618843.118385
1,3456,1695618843.1371155
1,3488,1695618843.154731
1,3520,1695618843.1714752
1,3552,1695618843.1880326
1,3584,1695618843.2047381
1,3616,1695618843.2202878
1,3648,1695618843.2368612
1,3680,1695618843.2538874
1,3712,1695618843.2701745
1,3744,1695618843.2885163
1,3776,1695618843.306484
1,3808,1695618843.32363
1,3840,1695618843.3401449
1,3872,1695618843.356043
1,3904,1695618843.3744264
1,3936,1695618843.3930757
1,3968,1695618843.4107518
1,4000,1695618843.4294012
1,4032,1695618843.4467084
1,4064,1695618843.4650922
1,4096,1695618843.4863312
1,4128,1695618843.5025492
1,4160,1695618843.5188532
1,4192,1695618843.535437
1,4224,1695618843.5520294
1,4256,1695618843.5681682
1,4288,1695618843.586321
1,4320,1695618843.6033046
1,4352,1695618843.6199067
1,4384,1695618843.6365592
1,4416,1695618843.6523442
1,4448,1695618843.6764157
1,4480,1695618843.6937013
1,4512,1695618843.7117476
1,4544,1695618843.7331145
1,4576,1695618843.752235
1,4608,1695618843.771125
1,4640,1695618843.7902038
1,4672,1695618843.809481
1,4704,1695618843.8367994
1,4736,1695618843.8538175
1,4768,1695618843.8700986
1,4800,1695618843.8878443
1,4832,1695618843.9042158
1,4864,1695618843.9202325
1,4896,1695618843.9383914
1,4928,1695618843.9568865
1,4960,1695618843.9746566
1,4992,1695618843.9931078
1,5024,1695618844.0108929
1,5056,1695618844.0296583
1,5088,1695618844.0471218
1,5120,1695618844.0652597
1,5152,1695618844.0826538
1,5184,1695618844.1011527
1,5216,1695618844.118498
1,5248,1695618844.1370878
1,5280,1695618844.154736
1,5312,1695618844.1731555
1,5344,1695618844.1908102
1,5376,1695618844.209487
1,5408,1695618844.2269223
1,5440,1695618844.2453537
1,5472,1695618844.2627919
1,5504,1695618844.2815974
1,5536,1695618844.2990172
1,5568,1695618844.31939
1,5600,1695618844.3360493
1,5632,1695618844.3518217
1,5664,1695618844.3677943
1,5696,1695618844.3874447
1,5728,1695618844.4063382
1,5760,1695618844.4249947
1,5792,1695618844.442699
1,5824,1695618844.460726
1,5856,1695618844.478658
1,5888,1695618844.4969091
1,5920,1695618844.5145674
1,5952,1695618844.5330663
1,5984,1695618844.5506315
1,6016,1695618844.5690296
1,6048,1695618844.5865824
1,6080,1695618844.6050336
1,6112,1695618844.6227834
1,6144,1695618844.6407127
1,6176,1695618844.6586719
1,6208,1695618844.6772797
1,6240,1695618844.6945817
1,6272,1695618844.7126346
1,6304,1695618844.730719
1,6336,1695618844.7476373
1,6368,1695618844.7640464
1,6400,1695618844.7805362
1,6432,1695618844.796252
1,6464,1695618844.8115363
1,6496,1695618844.8321505
1,6528,1695618844.8562143
1,6560,1695618844.882557
1,6592,1695618844.9027617
1,6624,1695618844.9268394
1,6656,1695618844.9541578
1,6688,1695618844.9745388
1,6720,1695618844.9936469
1,6752,1695618845.0124695
1,6784,1695618845.030537
1,6816,1695618845.0510128
1,6848,1695618845.0734746
1,6880,1695618845.093848
1,6912,1695618845.1134365
1,6944,1695618845.133568
1,6976,1695618845.1538434
1,7008,1695618845.1733935
1,7040,1695618845.197347
1,7072,1695618845.2168276
1,7104,1695618845.237823
1,7136,1695618845.2583141
1,7168,1695618845.277389
1,7200,1695618845.2962713
1,7232,1695618845.3151839
1,7264,1695618845.331202
1,7296,1695618845.345316
1,7328,1695618845.363517
1,7360,1695618845.3866837
1,7392,1695618845.4058728
1,7424,1695618845.4255552
1,7456,1695618845.4429
1,7488,1695618845.4610052
1,7520,1695618845.4789515
1,7552,1695618845.4973733
1,7584,1695618845.5147667
1,7616,1695618845.532844
1,7648,1695618845.5506668
1,7680,1695618845.5684085
1,7712,1695618845.5849123
1,7744,1695618845.6016748
1,7776,1695618845.6166284
1,7808,1695618845.6326115
1,7840,1695618845.6485043
1,7872,1695618845.6665168
1,7904,1695618845.6831388
1,7936,1695618845.701271
1,7968,1695618845.7188783
1,8000,1695618845.7354355
1,8032,1695618845.752164
1,8064,1695618845.768016
1,8096,1695618845.7879384
1,8128,1695618845.8066287
1,8160,1695618845.8255424
1,8192,1695618845.8427753
1,8224,1695618845.8615248
1,8256,1695618845.878707
1,8288,1695618845.8964388
1,8320,1695618845.9128976
1,8352,1695618845.9286468
1,8384,1695618845.9463007
1,8416,1695618845.9631255
1,8448,1695618845.980065
1,8480,1695618845.9955065
1,8512,1695618846.0135696
1,8544,1695618846.0322669
1,8576,1695618846.0505822
1,8608,1695618846.069189
1,8640,1695618846.086862
1,8672,1695618846.1051
1,8704,1695618846.1228218
1,8736,1695618846.1412978
1,8768,1695618846.158971
1,8800,1695618846.1772397
1,8832,1695618846.1961598
1,8864,1695618846.2162812
1,8896,1695618846.234948
1,8928,1695618846.2519825
1,8960,1695618846.268459
1,8992,1695618846.283283
1,9024,1695618846.3009317
1,9056,1695618846.3169496
1,9088,1695618846.334924
1,9120,1695618846.351865
1,9152,1695618846.3682857
1,9184,1695618846.384547
1,9216,1695618846.4025145
1,9248,1695618846.4214506
1,9280,1695618846.4390378
1,9312,1695618846.4633992
1,9344,1695618846.4828186
1,9376,1695618846.4994147
1,9408,1695618846.5202668
1,9440,1695618846.5380738
1,9472,1695618846.5578232
1,9504,1695618846.5803676
1,9536,1695618846.5953856
1,9568,1695618846.6093638
1,9600,1695618846.6224275
1,9632,1695618846.6399946
1,9664,1695618846.655281
1,9696,1695618846.67102
1,9728,1695618846.6884105
1,9760,1695618846.709007
1,9792,1695618846.7234967
1,9824,1695618846.7373621
1,9856,1695618846.7507463
1,9888,1695618846.7657337
1,9920,1695618846.7801917
1,9952,1695618846.7973235
1,9984,1695618846.8172739
1,10016,1695618846.8407185
1,10048,1695618846.8583272
1,10080,1695618846.8799205
1,10112,1695618846.903632
1,10144,1695618846.9241385
1,10176,1695618846.9465246
1,10208,1695618846.971119
1,10240,1695618846.9938378
1,10272,1695618847.0176573
1,10304,1695618847.0379357
1,10336,1695618847.055707
1,10368,1695618847.071702
1,10400,1695618847.0876784
1,10432,1695618847.1127625
1,10464,1695618847.1385205
1,10496,1695618847.1523616
1,10528,1695618847.1728315
1,10560,1695618847.1900315
1,10592,1695618847.208759
1,10624,1695618847.2279081
1,10656,1695618847.2506971
1,10688,1695618847.2699034
1,10720,1695618847.2868443
1,10752,1695618847.303676
1,10784,1695618847.321946
1,10816,1695618847.3435457
1,10848,1695618847.36694
1,10880,1695618847.3861825
1,10912,1695618847.4068577
1,10944,1695618847.422705
1,10976,1695618847.4435284
1,11008,1695618847.4632623
1,11040,1695618847.4871516
1,11072,1695618847.5099561
1,11104,1695618847.5271955
1,11136,1695618847.5439603
1,11168,1695618847.5605621
1,11200,1695618847.5780118
1,11232,1695618847.5987277
1,11264,1695618847.617843
1,11296,1695618847.6382594
1,11328,1695618847.658099
1,11360,1695618847.6785603
1,11392,1695618847.7047322
1,11424,1695618847.7227206
1,11456,1695618847.741073
1,11488,1695618847.7639914
1,11520,1695618847.784724
1,11552,1695618847.8051677
1,11584,1695618847.827849
1,11616,1695618847.8465767
1,11648,1695618847.8667114
1,11680,1695618847.8857746
1,11712,1695618847.9035516
1,11744,1695618847.9234445
1,11776,1695618847.9474752
1,11808,1695618847.9655929
1,11840,1695618847.9869742
1,11872,1695618848.0014057
1,11904,1695618848.0146403
1,11936,1695618848.028825
1,11968,1695618848.0422988
1,12000,1695618848.056357
1,12032,1695618848.0702972
1,12064,1695618848.086881
1,12096,1695618848.1048152
1,12128,1695618848.1223273
1,12160,1695618848.139772
1,12192,1695618848.156206
1,12224,1695618848.17186
1,12256,1695618848.1919818
1,12288,1695618848.210304
1,12320,1695618848.2299964
1,12352,1695618848.2501402
1,12384,1695618848.2701948
1,12416,1695618848.2902203
1,12448,1695618848.3102262
1,12480,1695618848.3301554
1,12512,1695618848.3500748
1,12544,1695618848.370419
1,12576,1695618848.3882055
1,12608,1695618848.4110146
1,12640,1695618848.4304824
1,12672,1695618848.454139
1,12704,1695618848.474653
1,12736,1695618848.493699
1,12768,1695618848.517562
1,12800,1695618848.5400805
1,12832,1695618848.5626755
1,12864,1695618848.5828152
1,12896,1695618848.5988874
1,12928,1695618848.6166284
1,12960,1695618848.6346507
1,12992,1695618848.6534078
1,13024,1695618848.670628
1,13056,1695618848.68723
1,13088,1695618848.7039235
1,13120,1695618848.7204947
1,13152,1695618848.7360415
1,13184,1695618848.7525556
1,13216,1695618848.769374
1,13248,1695618848.7864459
1,13280,1695618848.8027363
1,13312,1695618848.820691
1,13344,1695618848.8428845
1,13376,1695618848.8620632
1,13408,1695618848.881887
1,13440,1695618848.9024642
1,13472,1695618848.9222686
1,13504,1695618848.9423418
1,13536,1695618848.961914
1,13568,1695618848.9822605
1,13600,1695618849.002157
1,13632,1695618849.022641
1,13664,1695618849.0420132
1,13696,1695618849.0625012
1,13728,1695618849.0820408
1,13760,1695618849.1025977
1,13792,1695618849.1220431
1,13824,1695618849.142604
1,13856,1695618849.1624084
1,13888,1695618849.1823294
1,13920,1695618849.2023115
1,13952,1695618849.2222762
1,13984,1695618849.241937
1,14016,1695618849.2623322
1,14048,1695618849.2821712
1,14080,1695618849.3020577
1,14112,1695618849.322129
1,14144,1695618849.3424485
1,14176,1695618849.3620343
1,14208,1695618849.3822277
1,14240,1695618849.4022663
1,14272,1695618849.4225297
1,14304,1695618849.4423184
1,14336,1695618849.4621782
1,14368,1695618849.4824069
1,14400,1695618849.5021794
1,14432,1695618849.52229
1,14464,1695618849.5420651
1,14496,1695618849.5624027
1,14528,1695618849.5822043
1,14560,1695618849.6024325
1,14592,1695618849.6222434
1,14624,1695618849.6423419
1,14656,1695618849.662056
1,14688,1695618849.6825974
1,14720,1695618849.7022185
1,14752,1695618849.7222106
1,14784,1695618849.7423155
1,14816,1695618849.7621121
1,14848,1695618849.7825027
1,14880,1695618849.802196
1,14912,1695618849.822415
1,14944,1695618849.842326
1,14976,1695618849.8623924
1,15008,1695618849.8851767
1,15040,1695618849.904414
1,15072,1695618849.9325871
1,15104,1695618849.9471216
1,15136,1695618849.9661195
1,15168,1695618849.983266
1,15200,1695618849.9996383
1,15232,1695618850.0159173
1,15264,1695618850.0323923
1,15296,1695618850.048364
1,15328,1695618850.0665326
1,15360,1695618850.0850923
1,15392,1695618850.102896
1,15424,1695618850.119696
1,15456,1695618850.1362162
1,15488,1695618850.1514032
1,15520,1695618850.1716757
1,15552,1695618850.1901128
1,15584,1695618850.2124882
1,15616,1695618850.233397
1,15648,1695618850.2547581
1,15680,1695618850.2741199
1,15712,1695618850.2980013
1,15744,1695618850.320082
1,15776,1695618850.3409977
1,15808,1695618850.361537
1,15840,1695618850.3847084
1,15872,1695618850.404617
1,15904,1695618850.423749
1,15936,1695618850.4417381
1,15968,1695618850.4594424
1,16000,1695618850.4760778
1,16032,1695618850.4915886
1,16064,1695618850.5097663
1,16096,1695618850.5280168
1,16128,1695618850.5444613
1,16160,1695618850.5601757
1,16192,1695618850.5765548
1,16224,1695618850.5931065
1,16256,1695618850.6108868
1,16288,1695618850.6293025
1,16320,1695618850.646569
1,16352,1695618850.663337
1,16384,1695618850.6799538
1,16416,1695618850.6961296
1,16448,1695618850.7144535
1,16480,1695618850.7330506
1,16512,1695618850.7507176
1,16544,1695618850.769135
1,16576,1695618850.7867799
1,16608,1695618850.8054368
1,16640,1695618850.8228207
1,16672,1695618850.8465369
1,16704,1695618850.86168
1,16736,1695618850.885037
1,16768,1695618850.9043553
1,16800,1695618850.9244156
1,16832,1695618850.9495177
1,16864,1695618850.9697764
1,16896,1695618850.991987
1,16928,1695618851.0146534
1,16960,1695618851.0340343
1,16992,1695618851.0539532
1,17024,1695618851.0743017
1,17056,1695618851.0941212
1,17088,1695618851.114486
1,17120,1695618851.134287
1,17152,1695618851.1542358
1,17184,1695618851.174259
1,17216,1695618851.1942468
1,17248,1695618851.2144713
1,17280,1695618851.23406
1,17312,1695618851.2545369
1,17344,1695618851.2742188
1,17376,1695618851.2943342
1,17408,1695618851.314211
1,17440,1695618851.3344917
1,17472,1695618851.3543966
1,17504,1695618851.3740885
1,17536,1695618851.3943572
1,17568,1695618851.4142926
1,17600,1695618851.4340336
1,17632,1695618851.454392
1,17664,1695618851.4739833
1,17696,1695618851.494295
1,17728,1695618851.5142517
1,17760,1695618851.5343409
1,17792,1695618851.5541
1,17824,1695618851.5744598
1,17856,1695618851.5970097
1,17888,1695618851.6188412
1,17920,1695618851.6375155
1,17952,1695618851.6542258
1,17984,1695618851.6706564
1,18016,1695618851.6874707
1,18048,1695618851.7040002
1,18080,1695618851.720559
1,18112,1695618851.7384033
1,18144,1695618851.7566607
1,18176,1695618851.774459
1,18208,1695618851.7930622
1,18240,1695618851.810622
1,18272,1695618851.829275
1,18304,1695618851.8469012
1,18336,1695618851.863726
1,18368,1695618851.880207
1,18400,1695618851.8964283
1,18432,1695618851.9145029
1,18464,1695618851.938221
1,18496,1695618851.9586432
1,18528,1695618851.9779706
1,18560,1695618851.9983523
1,18592,1695618852.0179777
1,18624,1695618852.0383708
1,18656,1695618852.0581646
1,18688,1695618852.0782838
1,18720,1695618852.0979788
1,18752,1695618852.1184397
1,18784,1695618852.138241
1,18816,1695618852.158341
1,18848,1695618852.1780488
1,18880,1695618852.1981063
1,18912,1695618852.2183259
1,18944,1695618852.2382555
1,18976,1695618852.2581806
1,19008,1695618852.271793
1,19040,1695618852.2855887
1,19072,1695618852.2989876
1,19104,1695618852.3131526
1,19136,1695618852.326177
1,19168,1695618852.3408391
1,19200,1695618852.3539698
1,19232,1695618852.3683813
1,19264,1695618852.3820944
1,19296,1695618852.3968728
1,19328,1695618852.4121764
1,19360,1695618852.430665
1,19392,1695618852.4478467
1,19424,1695618852.464235
1,19456,1695618852.4804423
1,19488,1695618852.4983385
1,19520,1695618852.5165954
1,19552,1695618852.5346677
1,19584,1695618852.5531697
1,19616,1695618852.5709808
1,19648,1695618852.5874836
1,19680,1695618852.603969
1,19712,1695618852.61986
1,19744,1695618852.6427531
1,19776,1695618852.6642387
1,19808,1695618852.680008
1,19840,1695618852.6959207
1,19872,1695618852.7122908
1,19904,1695618852.7279353
1,19936,1695618852.7464588
1,19968,1695618852.763953
1,20000,1695618852.780297
1,20032,1695618852.7969446
1,20064,1695618852.8139622
1,20096,1695618852.8333614
1,20128,1695618852.851996
1,20160,1695618852.8683214
1,20192,1695618852.8837807
1,20224,1695618852.9023788
1,20256,1695618852.9196715
1,20288,1695618852.9367003
1,20320,1695618852.9529278
1,20352,1695618852.968627
1,20384,1695618852.9863465
1,20416,1695618853.0034382
1,20448,1695618853.0198734
1,20480,1695618853.0363548
1,20512,1695618853.0541272
1,20544,1695618853.073973
1,20576,1695618853.0940664
1,20608,1695618853.1116223
1,20640,1695618853.1280699
1,20672,1695618853.1431806
1,20704,1695618853.1668026
1,20736,1695618853.182439
1,20768,1695618853.2020578
1,20800,1695618853.2206
1,20832,1695618853.236239
1,20864,1695618853.2523038
1,20896,1695618853.2678397
1,20928,1695618853.2860665
1,20960,1695618853.3037202
1,20992,1695618853.3203268
1,21024,1695618853.3364537
1,21056,1695618853.3545878
1,21088,1695618853.3728256
1,21120,1695618853.3904264
1,21152,1695618853.408793
1,21184,1695618853.4264097
1,21216,1695618853.4434354
1,21248,1695618853.4600537
1,21280,1695618853.4760835
1,21312,1695618853.494398
1,21344,1695618853.512017
1,21376,1695618853.528321
1,21408,1695618853.544103
1,21440,1695618853.5605123
1,21472,1695618853.576646
1,21504,1695618853.591635
1,21536,1695618853.6081765
1,21568,1695618853.6235633
1,21600,1695618853.6436472
1,21632,1695618853.6622355
1,21664,1695618853.679655
1,21696,1695618853.696292
1,21728,1695618853.7120216
1,21760,1695618853.7303278
1,21792,1695618853.7476652
1,21824,1695618853.7646253
1,21856,1695618853.780257
1,21888,1695618853.7985275
1,21920,1695618853.8156362
1,21952,1695618853.8316526
1,21984,1695618853.8526986
1,22016,1695618853.8732874
1,22048,1695618853.896228
1,22080,1695618853.911694
1,22112,1695618853.9255443
1,22144,1695618853.94533
1,22176,1695618853.9604487
1,22208,1695618853.9737194
1,22240,1695618853.9876056
1,22272,1695618854.0018063
1,22304,1695618854.0190246
1,22336,1695618854.0358155
1,22368,1695618854.0521336
1,22400,1695618854.0686076
1,22432,1695618854.0896375
1,22464,1695618854.1083994
1,22496,1695618854.1264656
1,22528,1695618854.1443076
1,22560,1695618854.1627483
1,22592,1695618854.1845906
1,22624,1695618854.206683
1,22656,1695618854.225896
1,22688,1695618854.2464697
1,22720,1695618854.2659686
1,22752,1695618854.2862298
1,22784,1695618854.3061538
1,22816,1695618854.3262691
1,22848,1695618854.346131
1,22880,1695618854.3663037
1,22912,1695618854.3862615
1,22944,1695618854.4063878
1,22976,1695618854.4260674
1,23008,1695618854.4457483
1,23040,1695618854.4650462
1,23072,1695618854.4886937
1,23104,1695618854.5063128
1,23136,1695618854.521426
1,23168,1695618854.5447302
1,23200,1695618854.5641341
1,23232,1695618854.5840425
1,23264,1695618854.609403
1,23296,1695618854.6266234
1,23328,1695618854.6452236
1,23360,1695618854.666642
1,23392,1695618854.6871269
1,23424,1695618854.7019246
1,23456,1695618854.7217646
1,23488,1695618854.7427971
1,23520,1695618854.7622619
1,23552,1695618854.7817597
1,23584,1695618854.8021693
1,23616,1695618854.8223765
1,23648,1695618854.842129
1,23680,1695618854.862311
1,23712,1695618854.8818872
1,23744,1695618854.9021976
1,23776,1695618854.9223967
1,23808,1695618854.9421847
1,23840,1695618854.962428
1,23872,1695618854.982155
1,23904,1695618855.0022287
1,23936,1695618855.0221627
1,23968,1695618855.0423708
1,24000,1695618855.0620022
1,24032,1695618855.082484
1,24064,1695618855.1044948
1,24096,1695618855.1246362
1,24128,1695618855.1439357
1,24160,1695618855.1604047
1,24192,1695618855.1764886
1,24224,1695618855.1943312
1,24256,1695618855.2110796
1,24288,1695618855.2276568
1,24320,1695618855.2440004
1,24352,1695618855.2590697
1,24384,1695618855.2820616
1,24416,1695618855.3041306
1,24448,1695618855.3244982
1,24480,1695618855.343019
1,24512,1695618855.361086
1,24544,1695618855.3785741
1,24576,1695618855.3956423
1,24608,1695618855.421198
1,24640,1695618855.4412904
1,24672,1695618855.4625692
1,24704,1695618855.4820578
1,24736,1695618855.502461
1,24768,1695618855.5223403
1,24800,1695618855.5423517
1,24832,1695618855.5618744
1,24864,1695618855.5814314
1,24896,1695618855.601042
1,24928,1695618855.6246824
1,24960,1695618855.6441996
1,24992,1695618855.662865
1,25024,1695618855.6834114
1,25056,1695618855.7052336
1,25088,1695618855.7241476
1,25120,1695618855.7425213
1,25152,1695618855.7648141
1,25184,1695618855.7865574
1,25216,1695618855.8059866
1,25248,1695618855.8264525
1,25280,1695618855.8459744
1,25312,1695618855.866423
1,25344,1695618855.8888295
1,25376,1695618855.9074008
1,25408,1695618855.9277217
1,25440,1695618855.9462624
1,25472,1695618855.9641044
1,25504,1695618855.9827414
1,25536,1695618856.0049698
1,25568,1695618856.0267386
1,25600,1695618856.048613
1,25632,1695618856.068248
1,25664,1695618856.0866642
1,25696,1695618856.1088035
1,25728,1695618856.128306
1,25760,1695618856.1467814
1,25792,1695618856.1686316
1,25824,1695618856.1907837
1,25856,1695618856.2097108
1,25888,1695618856.2304635
1,25920,1695618856.2503262
1,25952,1695618856.2702894
1,25984,1695618856.290301
1,26016,1695618856.3104305
1,26048,1695618856.3301406
1,26080,1695618856.3501863
1,26112,1695618856.3728535
1,26144,1695618856.392431
1,26176,1695618856.4117665
1,26208,1695618856.430099
1,26240,1695618856.447838
1,26272,1695618856.4668686
1,26304,1695618856.4863503
1,26336,1695618856.5030868
1,26368,1695618856.5198967
1,26400,1695618856.538292
1,26432,1695618856.5600467
1,26464,1695618856.5829072
1,26496,1695618856.601608
1,26528,1695618856.6219795
1,26560,1695618856.6418314
1,26592,1695618856.667386
1,26624,1695618856.6844292
1,26656,1695618856.7020743
1,26688,1695618856.7225416
1,26720,1695618856.7420614
1,26752,1695618856.7624493
1,26784,1695618856.7822297
1,26816,1695618856.8012035
1,26848,1695618856.8208358
1,26880,1695618856.839927
1,26912,1695618856.8607004
1,26944,1695618856.8824537
1,26976,1695618856.902176
1,27008,1695618856.9220273
1,27040,1695618856.9424043
1,27072,1695618856.9621837
1,27104,1695618856.98232
1,27136,1695618857.0020947
1,27168,1695618857.0207224
1,27200,1695618857.039626
1,27232,1695618857.0567095
1,27264,1695618857.0758533
1,27296,1695618857.101302
1,27328,1695618857.118958
1,27360,1695618857.1448658
1,27392,1695618857.162811
1,27424,1695618857.181165
1,27456,1695618857.2023566
1,27488,1695618857.223679
1,27520,1695618857.2446485
1,27552,1695618857.266602
1,27584,1695618857.2815464
1,27616,1695618857.3049378
1,27648,1695618857.3229778
1,27680,1695618857.3430626
1,27712,1695618857.3654444
1,27744,1695618857.386448
1,27776,1695618857.4060595
1,27808,1695618857.4259846
1,27840,1695618857.4497888
1,27872,1695618857.470669
1,27904,1695618857.4901156
1,27936,1695618857.5098305
1,27968,1695618857.533477
1,28000,1695618857.549181
1,28032,1695618857.5640025
1,28064,1695618857.5824206
1,28096,1695618857.6008408
1,28128,1695618857.6210804
1,28160,1695618857.6422803
1,28192,1695618857.6624482
1,28224,1695618857.6874912
1,28256,1695618857.7023482
1,28288,1695618857.7216778
1,28320,1695618857.7423375
1,28352,1695618857.7609394
1,28384,1695618857.7788322
1,28416,1695618857.7972803
1,28448,1695618857.8146338
1,28480,1695618857.8328514
1,28512,1695618857.8506167
1,28544,1695618857.8674345
1,28576,1695618857.883774
1,28608,1695618857.9003038
1,28640,1695618857.918016
1,28672,1695618857.94222
1,28704,1695618857.9607115
1,28736,1695618857.9790823
1,28768,1695618857.9961002
1,28800,1695618858.0126946
1,28832,1695618858.0308063
1,28864,1695618858.0462835
1,28896,1695618858.0682158
1,28928,1695618858.0883281
1,28960,1695618858.1079288
1,28992,1695618858.1309562
1,29024,1695618858.151113
1,29056,1695618858.1739485
1,29088,1695618858.194575
1,29120,1695618858.2135432
1,29152,1695618858.2373917
1,29184,1695618858.2567527
1,29216,1695618858.274491
1,29248,1695618858.2969012
1,29280,1695618858.3183196
1,29312,1695618858.3406413
1,29344,1695618858.3603992
1,29376,1695618858.3788025
1,29408,1695618858.4009502
1,29440,1695618858.4225144
1,29472,1695618858.4420288
1,29504,1695618858.462249
1,29536,1695618858.4854515
1,29568,1695618858.504461
1,29600,1695618858.5223677
1,29632,1695618858.5448587
1,29664,1695618858.5666409
1,29696,1695618858.5855808
1,29728,1695618858.607827
1,29760,1695618858.6292915
1,29792,1695618858.650707
1,29824,1695618858.6713731
1,29856,1695618858.6916296
1,29888,1695618858.7128668
1,29920,1695618858.7348297
1,29952,1695618858.7575948
1,29984,1695618858.7769349
1,30016,1695618858.7956445
1,30048,1695618858.8139753
1,30080,1695618858.8379033
1,30112,1695618858.856923
1,30144,1695618858.8753223
1,30176,1695618858.8944852
1,30208,1695618858.9183586
1,30240,1695618858.938528
1,30272,1695618858.957558
1,30304,1695618858.978501
1,30336,1695618858.9978478
1,30368,1695618859.018433
1,30400,1695618859.0380151
1,30432,1695618859.0580635
1,30464,1695618859.0781105
1,30496,1695618859.0984383
1,30528,1695618859.1183188
1,30560,1695618859.1381671
1,30592,1695618859.1581702
1,30624,1695618859.1784694
1,30656,1695618859.1982148
1,30688,1695618859.218363
1,30720,1695618859.2379532
1,30752,1695618859.2583663
1,30784,1695618859.2784727
1,30816,1695618859.3013787
1,30848,1695618859.3204885
1,30880,1695618859.3382747
1,30912,1695618859.3593297
1,30944,1695618859.3812501
1,30976,1695618859.4001093
1,31008,1695618859.418936
1,31040,1695618859.4415853
1,31072,1695618859.4626474
1,31104,1695618859.4819674
1,31136,1695618859.503765
1,31168,1695618859.5252278
1,31200,1695618859.5462525
1,31232,1695618859.5695255
1,31264,1695618859.5886714
1,31296,1695618859.6067517
1,31328,1695618859.629152
1,31360,1695618859.6487298
1,31392,1695618859.66709
1,31424,1695618859.68865
1,31456,1695618859.710273
1,31488,1695618859.7304006
1,31520,1695618859.7502272
1,31552,1695618859.7704582
1,31584,1695618859.7931175
1,31616,1695618859.8104744
1,31648,1695618859.8294728
1,31680,1695618859.8524709
1,31712,1695618859.8746576
1,31744,1695618859.893793
1,31776,1695618859.9144192
1,31808,1695618859.934194
1,31840,1695618859.9542983
1,31872,1695618859.9741704
1,31904,1695618859.9941924
1,31936,1695618860.0142412
1,31968,1695618860.0345042
1,32000,1695618860.0539842
1,32032,1695618860.07441
1,32064,1695618860.0939798
1,32096,1695618860.1144621
1,32128,1695618860.134075
1,32160,1695618860.1542988
1,32192,1695618860.1740794
1,32224,1695618860.194527
1,32256,1695618860.2137666
1,32288,1695618860.234288
1,32320,1695618860.2541552
1,32352,1695618860.2740703
1,32384,1695618860.2941632
1,32416,1695618860.3144228
1,32448,1695618860.334138
1,32480,1695618860.3543482
1,32512,1695618860.3735976
1,32544,1695618860.3964279
1,32576,1695618860.418078
1,32608,1695618860.4382446
1,32640,1695618860.4580355
1,32672,1695618860.4784544
1,32704,1695618860.4978101
1,32736,1695618860.5183606
1,32768,1695618860.5381248
1,32800,1695618860.5581586
1,32832,1695618860.5816321
1,32864,1695618860.6025643
1,32896,1695618860.6219277
1,32928,1695618860.6423252
1,32960,1695618860.664663
1,32992,1695618860.6864414
1,33024,1695618860.7056708
1,33056,1695618860.7285867
1,33088,1695618860.7479155
1,33120,1695618860.767139
1,33152,1695618860.7896252
1,33184,1695618860.8106668
1,33216,1695618860.8301618
1,33248,1695618860.8446841
1,33280,1695618860.8582828
1,33312,1695618860.872806
1,33344,1695618860.8861673
1,33376,1695618860.9006398
1,33408,1695618860.9140806
1,33440,1695618860.9279943
1,33472,1695618860.9421544
1,33504,1695618860.9561074
1,33536,1695618860.9701676
1,33568,1695618860.9841175
1,33600,1695618860.9982324
1,33632,1695618861.0123763
1,33664,1695618861.0298638
1,33696,1695618861.054281
1,33728,1695618861.0744178
1,33760,1695618861.0942388
1,33792,1695618861.1138961
1,33824,1695618861.1344333
1,33856,1695618861.1540277
1,33888,1695618861.1744661
1,33920,1695618861.1941097
1,33952,1695618861.214546
1,33984,1695618861.2362356
1,34016,1695618861.254108
1,34048,1695618861.27594
1,34080,1695618861.2957027
1,34112,1695618861.316442
1,34144,1695618861.3381448
1,34176,1695618861.3597238
1,34208,1695618861.3804388
1,34240,1695618861.402022
1,34272,1695618861.426197
1,34304,1695618861.4446585
1,34336,1695618861.4626443
1,34368,1695618861.4841232
1,34400,1695618861.5060875
1,34432,1695618861.5281584
1,34464,1695618861.5477126
1,34496,1695618861.5684109
1,34528,1695618861.5908287
1,34560,1695618861.6103766
1,34592,1695618861.6304343
1,34624,1695618861.6510966
1,34656,1695618861.6731918
1,34688,1695618861.6946983
1,34720,1695618861.7140062
1,34752,1695618861.734381
1,34784,1695618861.7541647
1,34816,1695618861.7736182
1,34848,1695618861.794164
1,34880,1695618861.8172717
1,34912,1695618861.838655
1,34944,1695618861.8579514
1,34976,1695618861.878401
1,35008,1695618861.8981712
1,35040,1695618861.9188943
1,35072,1695618861.9378018
1,35104,1695618861.958709
1,35136,1695618861.9812272
1,35168,1695618862.0025814
1,35200,1695618862.021232
1,35232,1695618862.0408437
1,35264,1695618862.062142
1,35296,1695618862.0814373
1,35328,1695618862.1007705
1,35360,1695618862.1225438
1,35392,1695618862.137238
1,35424,1695618862.1609764
1,35456,1695618862.1785173
1,35488,1695618862.1967835
1,35520,1695618862.2176263
1,35552,1695618862.2385328
1,35584,1695618862.258121
1,35616,1695618862.2778916
1,35648,1695618862.2982347
1,35680,1695618862.3186488
1,35712,1695618862.3381672
1,35744,1695618862.3584347
1,35776,1695618862.3781075
1,35808,1695618862.3982646
1,35840,1695618862.4183044
1,35872,1695618862.4380107
1,35904,1695618862.4582598
1,35936,1695618862.478326
1,35968,1695618862.4974809
1,36000,1695618862.5204062
1,36032,1695618862.5415397
1,36064,1695618862.5626519
1,36096,1695618862.581866
1,36128,1695618862.6022706
1,36160,1695618862.6225355
1,36192,1695618862.642145
1,36224,1695618862.6617334
1,36256,1695618862.6823199
1,36288,1695618862.7020586
1,36320,1695618862.7224302
1,36352,1695618862.7456925
1,36384,1695618862.7647119
1,36416,1695618862.782958
1,36448,1695618862.807172
1,36480,1695618862.8254726
1,36512,1695618862.846087
1,36544,1695618862.8656807
1,36576,1695618862.8866193
1,36608,1695618862.9056041
1,36640,1695618862.9258468
1,36672,1695618862.9502978
1,36704,1695618862.9722555
1,36736,1695618862.9944744
1,36768,1695618863.014243
1,36800,1695618863.034326
1,36832,1695618863.054142
1,36864,1695618863.0742123
1,36896,1695618863.094522
1,36928,1695618863.1173835
1,36960,1695618863.1384997
1,36992,1695618863.1580875
1,37024,1695618863.17743
1,37056,1695618863.1970797
1,37088,1695618863.2169914
1,37120,1695618863.2375293
1,37152,1695618863.2572515
1,37184,1695618863.2773864
1,37216,1695618863.2974706
1,37248,1695618863.3176606
1,37280,1695618863.338661
1,37312,1695618863.3578558
1,37344,1695618863.378428
1,37376,1695618863.3981614
1,37408,1695618863.4183311
1,37440,1695618863.4381528
1,37472,1695618863.4586544
1,37504,1695618863.4788728
1,37536,1695618863.5030286
1,37568,1695618863.5236297
1,37600,1695618863.5459118
1,37632,1695618863.568181
1,37664,1695618863.5886972
1,37696,1695618863.6124642
1,37728,1695618863.6324275
1,37760,1695618863.656468
1,37792,1695618863.6785421
1,37824,1695618863.6983948
1,37856,1695618863.718232
1,37888,1695618863.738165
1,37920,1695618863.757984
1,37952,1695618863.7782514
1,37984,1695618863.7984881
1,38016,1695618863.8179958
1,38048,1695618863.8388987
1,38080,1695618863.8588815
1,38112,1695618863.8732297
1,38144,1695618863.897316
1,38176,1695618863.9157538
1,38208,1695618863.9357488
1,38240,1695618863.961145
1,38272,1695618863.980631
1,38304,1695618864.0026782
1,38336,1695618864.022015
1,38368,1695618864.0423775
1,38400,1695618864.062166
1,38432,1695618864.0821416
1,38464,1695618864.1015515
1,38496,1695618864.1213233
1,38528,1695618864.140554
1,38560,1695618864.1646206
1,38592,1695618864.1867678
1,38624,1695618864.2054124
1,38656,1695618864.2254348
1,38688,1695618864.2403152
1,38720,1695618864.2621682
1,38752,1695618864.2826133
1,38784,1695618864.3018222
1,38816,1695618864.3224022
1,38848,1695618864.3418314
1,38880,1695618864.362485
1,38912,1695618864.3820434
1,38944,1695618864.402515
1,38976,1695618864.4221752
1,39008,1695618864.4422143
1,39040,1695618864.4622262
1,39072,1695618864.4820762
1,39104,1695618864.502167
1,39136,1695618864.5224855
1,39168,1695618864.5420291
1,39200,1695618864.5621762
1,39232,1695618864.5855212
1,39264,1695618864.606483
1,39296,1695618864.6258252
1,39328,1695618864.646212
1,39360,1695618864.666125
1,39392,1695618864.686173
1,39424,1695618864.7065692
1,39456,1695618864.7255363
1,39488,1695618864.7451901
1,39520,1695618864.7655408
1,39552,1695618864.7824204
1,39584,1695618864.798823
1,39616,1695618864.8168418
1,39648,1695618864.8347366
1,39680,1695618864.8532648
1,39712,1695618864.870886
1,39744,1695618864.889511
1,39776,1695618864.9069302
1,39808,1695618864.9253826
1,39840,1695618864.9427042
1,39872,1695618864.960859
1,39904,1695618864.9787827
1,39936,1695618864.9973235
1,39968,1695618865.014742
1,40000,1695618865.0330634
1,40032,1695618865.0508971
1,40064,1695618865.069639
1,40096,1695618865.0868235
1,40128,1695618865.1049082
1,40160,1695618865.1226723
1,40192,1695618865.1409721
1,40224,1695618865.1587274
1,40256,1695618865.177552
1,40288,1695618865.1951268
1,40320,1695618865.2116337
1,40352,1695618865.2282162
1,40384,1695618865.244911
1,40416,1695618865.2631626
1,40448,1695618865.2799115
1,40480,1695618865.2966006
1,40512,1695618865.3128865
1,40544,1695618865.3308196
1,40576,1695618865.3475037
1,40608,1695618865.3640206
1,40640,1695618865.3806002
1,40672,1695618865.3979595
1,40704,1695618865.418426
1,40736,1695618865.4361513
1,40768,1695618865.4525146
1,40800,1695618865.4688697
1,40832,1695618865.4872608
1,40864,1695618865.5038643
1,40896,1695618865.520298
1,40928,1695618865.5369997
1,40960,1695618865.5553021
1,40992,1695618865.5717444
1,41024,1695618865.5889926
1,41056,1695618865.6075492
1,41088,1695618865.627297
1,41120,1695618865.6440725
1,41152,1695618865.660084
1,41184,1695618865.6764412
1,41216,1695618865.694391
1,41248,1695618865.713189
1,41280,1695618865.730791
1,41312,1695618865.7479029
1,41344,1695618865.764336
1,41376,1695618865.780623
1,41408,1695618865.7986114
1,41440,1695618865.8172586
1,41472,1695618865.834909
1,41504,1695618865.8532507
1,41536,1695618865.870981
1,41568,1695618865.8875182
1,41600,1695618865.9041057
1,41632,1695618865.9207242
1,41664,1695618865.9379249
1,41696,1695618865.9556453
1,41728,1695618865.9724078
1,41760,1695618865.989836
1,41792,1695618866.006408
1,41824,1695618866.026868
1,41856,1695618866.044338
1,41888,1695618866.0625072
1,41920,1695618866.081748
1,41952,1695618866.1020446
1,41984,1695618866.119043
1,42016,1695618866.136927
1,42048,1695618866.1546504
1,42080,1695618866.173315
1,42112,1695618866.190688
1,42144,1695618866.2090034
1,42176,1695618866.226517
1,42208,1695618866.2448654
1,42240,1695618866.2624936
1,42272,1695618866.2811446
1,42304,1695618866.2987127
1,42336,1695618866.317008
1,42368,1695618866.3350296
1,42400,1695618866.351847
1,42432,1695618866.3683681
1,42464,1695618866.384729
1,42496,1695618866.4012406
1,42528,1695618866.4193504
1,42560,1695618866.4385087
1,42592,1695618866.4580178
1,42624,1695618866.4750526
1,42656,1695618866.4918275
1,42688,1695618866.5082672
1,42720,1695618866.524506
1,42752,1695618866.5430183
1,42784,1695618866.564746
1,42816,1695618866.581706
1,42848,1695618866.5983055
1,42880,1695618866.6169205
1,42912,1695618866.6346102
1,42944,1695618866.651533
1,42976,1695618866.6679378
1,43008,1695618866.684728
1,43040,1695618866.7002645
1,43072,1695618866.7166476
1,43104,1695618866.7333405
1,43136,1695618866.750701
1,43168,1695618866.769087
1,43200,1695618866.7868338
1,43232,1695618866.805564
1,43264,1695618866.8265982
1,43296,1695618866.846244
1,43328,1695618866.8631294
1,43360,1695618866.8821282
1,43392,1695618866.9023006
1,43424,1695618866.9201074
1,43456,1695618866.936494
1,43488,1695618866.952892
1,43520,1695618866.9707658
1,43552,1695618866.9896173
1,43584,1695618867.007091
1,43616,1695618867.0254374
1,43648,1695618867.0428016
1,43680,1695618867.0608606
1,43712,1695618867.0786555
1,43744,1695618867.0969446
1,43776,1695618867.1146698
1,43808,1695618867.1331952
1,43840,1695618867.1508315
1,43872,1695618867.169827
1,43904,1695618867.1871707
1,43936,1695618867.2055063
1,43968,1695618867.222903
1,44000,1695618867.2413538
1,44032,1695618867.2590437
1,44064,1695618867.2772765
1,44096,1695618867.2947788
1,44128,1695618867.3127885
1,44160,1695618867.3304281
1,44192,1695618867.3489888
1,44224,1695618867.3668277
1,44256,1695618867.383625
1,44288,1695618867.400203
1,44320,1695618867.4166174
1,44352,1695618867.4345732
1,44384,1695618867.4529614
1,44416,1695618867.4708319
1,44448,1695618867.489075
1,44480,1695618867.5066292
1,44512,1695618867.5249293
1,44544,1695618867.5429516
1,44576,1695618867.5611322
1,44608,1695618867.579008
1,44640,1695618867.59575
1,44672,1695618867.612175
1,44704,1695618867.6292741
1,44736,1695618867.646177
1,44768,1695618867.6635218
1,44800,1695618867.6801822
1,44832,1695618867.6964054
1,44864,1695618867.714359
1,44896,1695618867.732772
1,44928,1695618867.7506928
1,44960,1695618867.7690585
1,44992,1695618867.7868664
1,45024,1695618867.8053114
1,45056,1695618867.8228953
1,45088,1695618867.8415833
1,45120,1695618867.8592134
1,45152,1695618867.8757303
1,45184,1695618867.8922012
1,45216,1695618867.9083006
1,45248,1695618867.9263282
1,45280,1695618867.9508982
1,45312,1695618867.9719763
1,45344,1695618867.9928622
1,45376,1695618868.0130255
1,45408,1695618868.0368962
1,45440,1695618868.056778
1,45472,1695618868.0772507
1,45504,1695618868.100714
1,45536,1695618868.1223817
1,45568,1695618868.1421344
1,45600,1695618868.1615083
1,45632,1695618868.1811793
1,45664,1695618868.201076
1,45696,1695618868.2203074
1,45728,1695618868.2454607
1,45760,1695618868.2638855
1,45792,1695618868.286641
1,45824,1695618868.3077645
1,45856,1695618868.3286948
1,45888,1695618868.3485363
1,45920,1695618868.365386
1,45952,1695618868.3821754
1,45984,1695618868.3996105
1,46016,1695618868.4161549
1,46048,1695618868.4328232
1,46080,1695618868.4479258
1,46112,1695618868.4640617
1,46144,1695618868.4805787
1,46176,1695618868.4961405
1,46208,1695618868.5125065
1,46240,1695618868.528709
1,46272,1695618868.5466917
1,46304,1695618868.563659
1,46336,1695618868.5802133
1,46368,1695618868.5962834
1,46400,1695618868.6146212
1,46432,1695618868.634159
1,46464,1695618868.651845
1,46496,1695618868.66822
1,46528,1695618868.6835554
1,46560,1695618868.701632
1,46592,1695618868.7204783
1,46624,1695618868.7384574
1,46656,1695618868.7570574
1,46688,1695618868.7745376
1,46720,1695618868.7925694
1,46752,1695618868.8105888
1,46784,1695618868.8290381
1,46816,1695618868.8467777
1,46848,1695618868.8651986
1,46880,1695618868.8826654
1,46912,1695618868.9007473
1,46944,1695618868.9186587
1,46976,1695618868.9373896
1,47008,1695618868.9548352
1,47040,1695618868.9731095
1,47072,1695618868.9908574
1,47104,1695618869.009609
1,47136,1695618869.026787
1,47168,1695618869.0430975
1,47200,1695618869.0598285
1,47232,1695618869.0761704
1,47264,1695618869.0917995
1,47296,1695618869.1082067
1,47328,1695618869.1247823
1,47360,1695618869.1398847
1,47392,1695618869.156006
1,47424,1695618869.1723282
1,47456,1695618869.1904576
1,47488,1695618869.2092824
1,47520,1695618869.226584
1,47552,1695618869.2447374
1,47584,1695618869.2626612
1,47616,1695618869.2795148
1,47648,1695618869.2961345
1,47680,1695618869.3120341
1,47712,1695618869.3300867
1,47744,1695618869.34893
1,47776,1695618869.3666666
1,47808,1695618869.3848305
1,47840,1695618869.4026492
1,47872,1695618869.4210632
1,47904,1695618869.4386547
1,47936,1695618869.4570434
1,47968,1695618869.4745207
1,48000,1695618869.4913573
1,48032,1695618869.5078208
1,48064,1695618869.5244987
1,48096,1695618869.5422082
1,48128,1695618869.5672247
1,48160,1695618869.5865154
1,48192,1695618869.606016
1,48224,1695618869.6263285
1,48256,1695618869.6460822
1,48288,1695618869.6661918
1,48320,1695618869.6865351
1,48352,1695618869.7061782
1,48384,1695618869.726036
1,48416,1695618869.7462063
1,48448,1695618869.7661285
1,48480,1695618869.7860808
1,48512,1695618869.806488
1,48544,1695618869.8259046
1,48576,1695618869.8464167
1,48608,1695618869.866208
1,48640,1695618869.8862748
1,48672,1695618869.9055042
1,48704,1695618869.9284105
1,48736,1695618869.9504185
1,48768,1695618869.9699259
1,48800,1695618869.9901996
1,48832,1695618870.010384
1,48864,1695618870.029967
1,48896,1695618870.050249
1,48928,1695618870.070111
1,48960,1695618870.090535
1,48992,1695618870.1102586
1,49024,1695618870.1302354
1,49056,1695618870.1498263
1,49088,1695618870.1701913
1,49120,1695618870.1903079
1,49152,1695618870.2101965
1,49184,1695618870.2301998
1,49216,1695618870.2503567
1,49248,1695618870.2692773
1,49280,1695618870.2889493
1,49312,1695618870.3085623
1,49344,1695618870.328178
1,49376,1695618870.3529162
1,49408,1695618870.3708277
1,49440,1695618870.3889089
1,49472,1695618870.410862
1,49504,1695618870.4308562
1,49536,1695618870.4519267
1,49568,1695618870.4719164
1,49600,1695618870.490525
1,49632,1695618870.508957
1,49664,1695618870.5315762
1,49696,1695618870.5510402
1,49728,1695618870.570644
1,49760,1695618870.5888488
1,49792,1695618870.608017
1,49824,1695618870.6328368
1,49856,1695618870.6505303
1,49888,1695618870.6690207
1,49920,1695618870.690721
1,49952,1695618870.7100806
1,49984,1695618870.7300575
1,50000,1695618870.7550807
2,32,1695618871.0698667
2,64,1695618871.0902822
2,96,1695618871.1095169
2,128,1695618871.1294715
2,160,1695618871.149337
2,192,1695618871.170944
2,224,1695618871.1871362
2,256,1695618871.2029164
2,288,1695618871.2193124
2,320,1695618871.235715
2,352,1695618871.2523332
2,384,1695618871.2702034
2,416,1695618871.2898183
2,448,1695618871.3071253
2,480,1695618871.3255208
2,512,1695618871.342874
2,544,1695618871.3610773
2,576,1695618871.3788447
2,608,1695618871.3975627
2,640,1695618871.41484
2,672,1695618871.432625
2,704,1695618871.4505322
2,736,1695618871.4685938
2,768,1695618871.4865866
2,800,1695618871.504932
2,832,1695618871.522348
2,864,1695618871.5407038
2,896,1695618871.5568552
2,928,1695618871.5775764
2,960,1695618871.5953798
2,992,1695618871.6117716
2,1024,1695618871.628122
2,1056,1695618871.6441555
2,1088,1695618871.6623049
2,1120,1695618871.6794202
2,1152,1695618871.6958327
2,1184,1695618871.712193
2,1216,1695618871.7298803
2,1248,1695618871.7477953
2,1280,1695618871.7642868
2,1312,1695618871.779974
2,1344,1695618871.798274
2,1376,1695618871.8180943
2,1408,1695618871.8383055
2,1440,1695618871.858226
2,1472,1695618871.8781662
2,1504,1695618871.8980205
2,1536,1695618871.9183784
2,1568,1695618871.936137
2,1600,1695618871.9524033
2,1632,1695618871.9685862
2,1664,1695618871.9863694
2,1696,1695618872.003239
2,1728,1695618872.0201972
2,1760,1695618872.0359104
2,1792,1695618872.054406
2,1824,1695618872.0732405
2,1856,1695618872.090657
2,1888,1695618872.10724
2,1920,1695618872.1241212
2,1952,1695618872.1398191
2,1984,1695618872.1585426
2,2016,1695618872.1762202
2,2048,1695618872.199133
2,2080,1695618872.2134576
2,2112,1695618872.2366683
2,2144,1695618872.2561624
2,2176,1695618872.278807
2,2208,1695618872.3003194
2,2240,1695618872.3226638
2,2272,1695618872.3362732
2,2304,1695618872.3584335
2,2336,1695618872.3807821
2,2368,1695618872.4028053
2,2400,1695618872.423938
2,2432,1695618872.449867
2,2464,1695618872.464345
2,2496,1695618872.4862597
2,2528,1695618872.5085483
2,2560,1695618872.5306504
2,2592,1695618872.5506651
2,2624,1695618872.569951
2,2656,1695618872.5903616
2,2688,1695618872.6140695
2,2720,1695618872.6347392
2,2752,1695618872.6541724
2,2784,1695618872.674126
2,2816,1695618872.6942863
2,2848,1695618872.714166
2,2880,1695618872.7342994
2,2912,1695618872.7546656
2,2944,1695618872.7748058
2,2976,1695618872.7978258
2,3008,1695618872.8187535
2,3040,1695618872.838131
2,3072,1695618872.858396
2,3104,1695618872.8781004
2,3136,1695618872.898192
2,3168,1695618872.9186015
2,3200,1695618872.9374783
2,3232,1695618872.9571464
2,3264,1695618872.981108
2,3296,1695618873.0002713
2,3328,1695618873.0210922
2,3360,1695618873.0410514
2,3392,1695618873.0643106
2,3424,1695618873.0841064
2,3456,1695618873.1040723
2,3488,1695618873.1291623
2,3520,1695618873.1479547
2,3552,1695618873.1690829
2,3584,1695618873.1923888
2,3616,1695618873.2142797
2,3648,1695618873.2342234
2,3680,1695618873.2547574
2,3712,1695618873.2740493
2,3744,1695618873.2944608
2,3776,1695618873.314105
2,3808,1695618873.333986
2,3840,1695618873.3545203
2,3872,1695618873.37399
2,3904,1695618873.3946984
2,3936,1695618873.414458
2,3968,1695618873.4339316
2,4000,1695618873.4542298
2,4032,1695618873.4744637
2,4064,1695618873.4933763
2,4096,1695618873.5131965
2,4128,1695618873.5366845
2,4160,1695618873.5558152
2,4192,1695618873.5754178
2,4224,1695618873.597196
2,4256,1695618873.6188369
2,4288,1695618873.6381927
2,4320,1695618873.6548898
2,4352,1695618873.673105
2,4384,1695618873.6907
2,4416,1695618873.707471
2,4448,1695618873.7238734
2,4480,1695618873.7419105
2,4512,1695618873.7595766
2,4544,1695618873.7761428
2,4576,1695618873.7921844
2,4608,1695618873.8104253
2,4640,1695618873.8302057
2,4672,1695618873.8471906
2,4704,1695618873.8651252
2,4736,1695618873.8829288
2,4768,1695618873.8997302
2,4800,1695618873.9162083
2,4832,1695618873.932218
2,4864,1695618873.9503915
2,4896,1695618873.9687905
2,4928,1695618873.9865224
2,4960,1695618874.004777
2,4992,1695618874.0225227
2,5024,1695618874.0407102
2,5056,1695618874.0585184
2,5088,1695618874.0753846
2,5120,1695618874.091875
2,5152,1695618874.1080177
2,5184,1695618874.1276731
2,5216,1695618874.1462977
2,5248,1695618874.1632407
2,5280,1695618874.180228
2,5312,1695618874.1959229
2,5344,1695618874.2144256
2,5376,1695618874.2318366
2,5408,1695618874.248349
2,5440,1695618874.2643468
2,5472,1695618874.2802765
2,5504,1695618874.2984385
2,5536,1695618874.316969
2,5568,1695618874.334704
2,5600,1695618874.3531907
2,5632,1695618874.370663
2,5664,1695618874.3893275
2,5696,1695618874.406604
2,5728,1695618874.4246087
2,5760,1695618874.4447715
2,5792,1695618874.4626667
2,5824,1695618874.4811296
2,5856,1695618874.4986093
2,5888,1695618874.5171092
2,5920,1695618874.5348256
2,5952,1695618874.5514855
2,5984,1695618874.5679088
2,6016,1695618874.5860112
2,6048,1695618874.6032507
2,6080,1695618874.6215386
2,6112,1695618874.638696
2,6144,1695618874.65673
2,6176,1695618874.6746352
2,6208,1695618874.6929455
2,6240,1695618874.7105503
2,6272,1695618874.7293487
2,6304,1695618874.7454
2,6336,1695618874.7625952
2,6368,1695618874.7792509
2,6400,1695618874.795897
2,6432,1695618874.8118196
2,6464,1695618874.8302462
2,6496,1695618874.848154
2,6528,1695618874.8650978
2,6560,1695618874.8824918
2,6592,1695618874.8988042
2,6624,1695618874.9169536
2,6656,1695618874.9348757
2,6688,1695618874.9516332
2,6720,1695618874.9675705
2,6752,1695618874.983958
2,6784,1695618875.0015678
2,6816,1695618875.0187562
2,6848,1695618875.0367632
2,6880,1695618875.0544746
2,6912,1695618875.0730126
2,6944,1695618875.090479
2,6976,1695618875.1090765
2,7008,1695618875.1266558
2,7040,1695618875.145284
2,7072,1695618875.1626222
2,7104,1695618875.180787
2,7136,1695618875.198502
2,7168,1695618875.215388
2,7200,1695618875.2317762
2,7232,1695618875.2481515
2,7264,1695618875.2638693
2,7296,1695618875.2896278
2,7328,1695618875.3098586
2,7360,1695618875.330414
2,7392,1695618875.3492782
2,7424,1695618875.3686378
2,7456,1695618875.387565
2,7488,1695618875.409469
2,7520,1695618875.4281912
2,7552,1695618875.4463534
2,7584,1695618875.4658275
2,7616,1695618875.4853663
2,7648,1695618875.5068228
2,7680,1695618875.527008
2,7712,1695618875.545496
2,7744,1695618875.5644083
2,7776,1695618875.5874345
2,7808,1695618875.6132636
2,7840,1695618875.6340516
2,7872,1695618875.6615667
2,7904,1695618875.6892812
2,7936,1695618875.704493
2,7968,1695618875.722984
2,8000,1695618875.7423446
2,8032,1695618875.764595
2,8064,1695618875.7838433
2,8096,1695618875.8033242
2,8128,1695618875.8223362
2,8160,1695618875.8422215
2,8192,1695618875.8614972
2,8224,1695618875.8803601
2,8256,1695618875.8994105
2,8288,1695618875.9188228
2,8320,1695618875.937328
2,8352,1695618875.9564538
2,8384,1695618875.9748113
2,8416,1695618875.9963632
2,8448,1695618876.0179029
2,8480,1695618876.0377305
2,8512,1695618876.0594373
2,8544,1695618876.0867865
2,8576,1695618876.1093976
2,8608,1695618876.1344547
2,8640,1695618876.1593819
2,8672,1695618876.1812084
2,8704,1695618876.2010744
2,8736,1695618876.2311437
2,8768,1695618876.2587097
2,8800,1695618876.2748866
2,8832,1695618876.2954223
2,8864,1695618876.3130057
2,8896,1695618876.3320057
2,8928,1695618876.3514512
2,8960,1695618876.3706584
2,8992,1695618876.390587
2,9024,1695618876.4081967
2,9056,1695618876.4270637
2,9088,1695618876.4449544
2,9120,1695618876.4636338
2,9152,1695618876.4833562
2,9184,1695618876.5009224
2,9216,1695618876.5178294
2,9248,1695618876.5349588
2,9280,1695618876.5548542
2,9312,1695618876.5816545
2,9344,1695618876.6021924
2,9376,1695618876.6289122
2,9408,1695618876.6454422
2,9440,1695618876.6625
2,9472,1695618876.681459
2,9504,1695618876.6988716
2,9536,1695618876.7168548
2,9568,1695618876.7343416
2,9600,1695618876.7520218
2,9632,1695618876.769278
2,9664,1695618876.7877562
2,9696,1695618876.8077025
2,9728,1695618876.824277
2,9760,1695618876.8399527
2,9792,1695618876.8581555
2,9824,1695618876.8758173
2,9856,1695618876.892031
2,9888,1695618876.9078784
2,9920,1695618876.9238203
2,9952,1695618876.9422088
2,9984,1695618876.9615867
2,10016,1695618876.9788275
2,10048,1695618876.9968345
2,10080,1695618877.0143454
2,10112,1695618877.032171
2,10144,1695618877.05026
2,10176,1695618877.068773
2,10208,1695618877.0864725
2,10240,1695618877.1046045
2,10272,1695618877.1222825
2,10304,1695618877.1409369
2,10336,1695618877.1587524
2,10368,1695618877.1753955
2,10400,1695618877.1917627
2,10432,1695618877.2080872
2,10464,1695618877.2236655
2,10496,1695618877.2402058
2,10528,1695618877.2565408
2,10560,1695618877.2745485
2,10592,1695618877.2931077
2,10624,1695618877.3105588
2,10656,1695618877.328773
2,10688,1695618877.3466153
2,10720,1695618877.3649027
2,10752,1695618877.3826044
2,10784,1695618877.3995469
2,10816,1695618877.4159625
2,10848,1695618877.4319646
2,10880,1695618877.4502733
2,10912,1695618877.4676273
2,10944,1695618877.4840338
2,10976,1695618877.4998171
2,11008,1695618877.5165586
2,11040,1695618877.5326846
2,11072,1695618877.5489676
2,11104,1695618877.5656931
2,11136,1695618877.5891774
2,11168,1695618877.610586
2,11200,1695618877.629308
2,11232,1695618877.6525111
2,11264,1695618877.674296
2,11296,1695618877.6940525
2,11328,1695618877.7141948
2,11360,1695618877.7341275
2,11392,1695618877.7542431
2,11424,1695618877.774325
2,11456,1695618877.794144
2,11488,1695618877.814312
2,11520,1695618877.83378
2,11552,1695618877.8544703
2,11584,1695618877.8743486
2,11616,1695618877.8942878
2,11648,1695618877.9141207
2,11680,1695618877.9343712
2,11712,1695618877.9541621
2,11744,1695618877.974315
2,11776,1695618877.9943163
2,11808,1695618878.014574
2,11840,1695618878.0340643
2,11872,1695618878.054057
2,11904,1695618878.074482
2,11936,1695618878.0941424
2,11968,1695618878.1134288
2,12000,1695618878.133179
2,12032,1695618878.1565988
2,12064,1695618878.1766915
2,12096,1695618878.1963742
2,12128,1695618878.221264
2,12160,1695618878.2386465
2,12192,1695618878.255306
2,12224,1695618878.271394
2,12256,1695618878.289063
2,12288,1695618878.3066626
2,12320,1695618878.3247066
2,12352,1695618878.342478
2,12384,1695618878.3608294
2,12416,1695618878.3784907
2,12448,1695618878.3970864
2,12480,1695618878.4147077
2,12512,1695618878.4332595
2,12544,1695618878.4506092
2,12576,1695618878.4690115
2,12608,1695618878.486893
2,12640,1695618878.5052698
2,12672,1695618878.5225163
2,12704,1695618878.5405405
2,12736,1695618878.558604
2,12768,1695618878.5772421
2,12800,1695618878.5947957
2,12832,1695618878.6131723
2,12864,1695618878.6310196
2,12896,1695618878.6495254
2,12928,1695618878.6667485
2,12960,1695618878.6845963
2,12992,1695618878.702747
2,13024,1695618878.7196345
2,13056,1695618878.7358487
2,13088,1695618878.7515569
2,13120,1695618878.7675636
2,13152,1695618878.7841728
2,13184,1695618878.8003561
2,13216,1695618878.8162243
2,13248,1695618878.8327098
2,13280,1695618878.8486524
2,13312,1695618878.864689
2,13344,1695618878.8804977
2,13376,1695618878.8988173
2,13408,1695618878.9156895
2,13440,1695618878.9320586
2,13472,1695618878.9478636
2,13504,1695618878.9663339
2,13536,1695618878.9845414
2,13568,1695618879.002099
2,13600,1695618879.021557
2,13632,1695618879.0387712
2,13664,1695618879.05695
2,13696,1695618879.0744967
2,13728,1695618879.0930603
2,13760,1695618879.1106143
2,13792,1695618879.1287742
2,13824,1695618879.1464288
2,13856,1695618879.1722283
2,13888,1695618879.1915534
2,13920,1695618879.2095847
2,13952,1695618879.2286296
2,13984,1695618879.2476301
2,14016,1695618879.2655957
2,14048,1695618879.2847583
2,14080,1695618879.3033483
2,14112,1695618879.3271255
2,14144,1695618879.3469658
2,14176,1695618879.3653123
2,14208,1695618879.38406
2,14240,1695618879.4020498
2,14272,1695618879.4212017
2,14304,1695618879.4414418
2,14336,1695618879.4604714
2,14368,1695618879.4795098
2,14400,1695618879.4974144
2,14432,1695618879.516584
2,14464,1695618879.534811
2,14496,1695618879.5553963
2,14528,1695618879.5773885
2,14560,1695618879.5978749
2,14592,1695618879.6192567
2,14624,1695618879.6385806
2,14656,1695618879.6642754
2,14688,1695618879.6870816
2,14720,1695618879.7130046
2,14752,1695618879.7353437
2,14784,1695618879.7626941
2,14816,1695618879.7847638
2,14848,1695618879.805109
2,14880,1695618879.825866
2,14912,1695618879.8484843
2,14944,1695618879.8702662
2,14976,1695618879.892212
2,15008,1695618879.9111025
2,15040,1695618879.9293354
2,15072,1695618879.9485164
2,15104,1695618879.9673038
2,15136,1695618879.9939835
2,15168,1695618880.0101566
2,15200,1695618880.0302663
2,15232,1695618880.0493908
2,15264,1695618880.0696423
2,15296,1695618880.088199
2,15328,1695618880.1065383
2,15360,1695618880.1266866
2,15392,1695618880.1491003
2,15424,1695618880.1703281
2,15456,1695618880.1903422
2,15488,1695618880.2094884
2,15520,1695618880.2276907
2,15552,1695618880.2460673
2,15584,1695618880.2650604
2,15616,1695618880.2840235
2,15648,1695618880.302943
2,15680,1695618880.322277
2,15712,1695618880.3412697
2,15744,1695618880.361502
2,15776,1695618880.3801882
2,15808,1695618880.4012733
2,15840,1695618880.419367
2,15872,1695618880.4414492
2,15904,1695618880.4638724
2,15936,1695618880.488398
2,15968,1695618880.5111482
2,16000,1695618880.5384438
2,16032,1695618880.559765
2,16064,1695618880.5817873
2,16096,1695618880.603856
2,16128,1695618880.6290898
2,16160,1695618880.6515665
2,16192,1695618880.677304
2,16224,1695618880.6980405
2,16256,1695618880.7247405
2,16288,1695618880.7463362
2,16320,1695618880.7734087
2,16352,1695618880.795557
2,16384,1695618880.8227832
2,16416,1695618880.8447752
2,16448,1695618880.8688333
2,16480,1695618880.890103
2,16512,1695618880.9178479
2,16544,1695618880.933046
2,16576,1695618880.9531503
2,16608,1695618880.9723513
2,16640,1695618880.9912028
2,16672,1695618881.0093591
2,16704,1695618881.0289135
2,16736,1695618881.0479543
2,16768,1695618881.072771
2,16800,1695618881.0916865
2,16832,1695618881.110497
2,16864,1695618881.1294222
2,16896,1695618881.1481533
2,16928,1695618881.1663032
2,16960,1695618881.1857576
2,16992,1695618881.20621
2,17024,1695618881.2289226
2,17056,1695618881.2478244
2,17088,1695618881.2667034
2,17120,1695618881.285498
2,17152,1695618881.3042357
2,17184,1695618881.3249333
2,17216,1695618881.3462505
2,17248,1695618881.365559
2,17280,1695618881.3841774
2,17312,1695618881.403152
2,17344,1695618881.42175
2,17376,1695618881.4409904
2,17408,1695618881.4599419
2,17440,1695618881.4788892
2,17472,1695618881.4970884
2,17504,1695618881.5175683
2,17536,1695618881.5361342
2,17568,1695618881.5552883
2,17600,1695618881.5816135
2,17632,1695618881.6011176
2,17664,1695618881.617655
2,17696,1695618881.6341412
2,17728,1695618881.6533332
2,17760,1695618881.6706583
2,17792,1695618881.6885402
2,17824,1695618881.7062523
2,17856,1695618881.7246747
2,17888,1695618881.7426672
2,17920,1695618881.7608442
2,17952,1695618881.7785842
2,17984,1695618881.796904
2,18016,1695618881.8143487
2,18048,1695618881.8327906
2,18080,1695618881.8504276
2,18112,1695618881.8671384
2,18144,1695618881.883847
2,18176,1695618881.9001276
2,18208,1695618881.9173312
2,18240,1695618881.9346004
2,18272,1695618881.9529386
2,18304,1695618881.9704888
2,18336,1695618881.9890513
2,18368,1695618882.0068
2,18400,1695618882.0251195
2,18432,1695618882.0425978
2,18464,1695618882.0613039
2,18496,1695618882.0786707
2,18528,1695618882.0952585
2,18560,1695618882.1117218
2,18592,1695618882.1280944
2,18624,1695618882.1436548
2,18656,1695618882.1599305
2,18688,1695618882.1755328
2,18720,1695618882.1946545
2,18752,1695618882.2119503
2,18784,1695618882.2282288
2,18816,1695618882.2435575
2,18848,1695618882.261583
2,18880,1695618882.2794688
2,18912,1695618882.2943556
2,18944,1695618882.3130639
2,18976,1695618882.3307683
2,19008,1695618882.3492825
2,19040,1695618882.3666961
2,19072,1695618882.3847985
2,19104,1695618882.4004986
2,19136,1695618882.4205766
2,19168,1695618882.4454467
2,19200,1695618882.464679
2,19232,1695618882.4865937
2,19264,1695618882.5059698
2,19296,1695618882.5264287
2,19328,1695618882.546208
2,19360,1695618882.5664074
2,19392,1695618882.5862956
2,19424,1695618882.606147
2,19456,1695618882.6264372
2,19488,1695618882.6459482
2,19520,1695618882.6661317
2,19552,1695618882.6864223
2,19584,1695618882.7060316
2,19616,1695618882.7265193
2,19648,1695618882.7461731
2,19680,1695618882.7662005
2,19712,1695618882.7862558
2,19744,1695618882.8064034
2,19776,1695618882.8261313
2,19808,1695618882.8464363
2,19840,1695618882.8661394
2,19872,1695618882.8861234
2,19904,1695618882.9061985
2,19936,1695618882.9263504
2,19968,1695618882.946104
2,20000,1695618882.9664648
2,20032,1695618882.9862099
2,20064,1695618883.0064917
2,20096,1695618883.0258367
2,20128,1695618883.0500731
2,20160,1695618883.0706258
2,20192,1695618883.090126
2,20224,1695618883.1102695
2,20256,1695618883.13041
2,20288,1695618883.1500874
2,20320,1695618883.1702633
2,20352,1695618883.190383
2,20384,1695618883.2101252
2,20416,1695618883.2305667
2,20448,1695618883.2501345
2,20480,1695618883.2699118
2,20512,1695618883.2903008
2,20544,1695618883.3099518
2,20576,1695618883.3300586
2,20608,1695618883.3501744
2,20640,1695618883.3703158
2,20672,1695618883.3900807
2,20704,1695618883.4102542
2,20736,1695618883.4303293
2,20768,1695618883.450416
2,20800,1695618883.4702132
2,20832,1695618883.4903703
2,20864,1695618883.5102994
2,20896,1695618883.530182
2,20928,1695618883.5503461
2,20960,1695618883.5701926
2,20992,1695618883.5903726
2,21024,1695618883.6103125
2,21056,1695618883.62988
2,21088,1695618883.6504185
2,21120,1695618883.6701274
2,21152,1695618883.6904092
2,21184,1695618883.7101998
2,21216,1695618883.730383
2,21248,1695618883.7499456
2,21280,1695618883.770389
2,21312,1695618883.7905073
2,21344,1695618883.8129282
2,21376,1695618883.8334181
2,21408,1695618883.8532786
2,21440,1695618883.8732574
2,21472,1695618883.8928277
2,21504,1695618883.9075243
2,21536,1695618883.9268427
2,21568,1695618883.9411745
2,21600,1695618883.9648812
2,21632,1695618883.9823248
2,21664,1695618883.9981713
2,21696,1695618884.0226965
2,21728,1695618884.0440102
2,21760,1695618884.0595925
2,21792,1695618884.0769098
2,21824,1695618884.0947254
2,21856,1695618884.1129267
2,21888,1695618884.13075
2,21920,1695618884.1491637
2,21952,1695618884.1667995
2,21984,1695618884.185334
2,22016,1695618884.2025328
2,22048,1695618884.2210214
2,22080,1695618884.2385697
2,22112,1695618884.2552166
2,22144,1695618884.2717035
2,22176,1695618884.2876196
2,22208,1695618884.3062773
2,22240,1695618884.3237698
2,22272,1695618884.3398778
2,22304,1695618884.3562334
2,22336,1695618884.371813
2,22368,1695618884.3881805
2,22400,1695618884.4038215
2,22432,1695618884.419767
2,22464,1695618884.4379504
2,22496,1695618884.4567318
2,22528,1695618884.4743586
2,22560,1695618884.493081
2,22592,1695618884.5106895
2,22624,1695618884.529188
2,22656,1695618884.5467093
2,22688,1695618884.5643942
2,22720,1695618884.586668
2,22752,1695618884.6064856
2,22784,1695618884.6260493
2,22816,1695618884.646501
2,22848,1695618884.6662233
2,22880,1695618884.6864283
2,22912,1695618884.7062314
2,22944,1695618884.7266078
2,22976,1695618884.7460902
2,23008,1695618884.7661357
2,23040,1695618884.7865264
2,23072,1695618884.8060005
2,23104,1695618884.8263266
2,23136,1695618884.8461125
2,23168,1695618884.8663173
2,23200,1695618884.886077
2,23232,1695618884.9062788
2,23264,1695618884.926112
2,23296,1695618884.946203
2,23328,1695618884.9659808
2,23360,1695618884.9858222
2,23392,1695618885.0114107
2,23424,1695618885.0322406
2,23456,1695618885.0545692
2,23488,1695618885.0741184
2,23520,1695618885.094144
2,23552,1695618885.1145377
2,23584,1695618885.1342273
2,23616,1695618885.1542425
2,23648,1695618885.1746004
2,23680,1695618885.1940713
2,23712,1695618885.2139947
2,23744,1695618885.234229
2,23776,1695618885.2543044
2,23808,1695618885.2740142
2,23840,1695618885.2942908
2,23872,1695618885.3140457
2,23904,1695618885.3340585
2,23936,1695618885.3541014
2,23968,1695618885.3740966
2,24000,1695618885.3943796
2,24032,1695618885.4140866
2,24064,1695618885.4345472
2,24096,1695618885.4541764
2,24128,1695618885.474292
2,24160,1695618885.4941204
2,24192,1695618885.5143907
2,24224,1695618885.533937
2,24256,1695618885.5545318
2,24288,1695618885.5742369
2,24320,1695618885.594015
2,24352,1695618885.614394
2,24384,1695618885.6341524
2,24416,1695618885.6546342
2,24448,1695618885.6740844
2,24480,1695618885.6948314
2,24512,1695618885.713967
2,24544,1695618885.7344213
2,24576,1695618885.7541494
2,24608,1695618885.777693
2,24640,1695618885.7998421
2,24672,1695618885.8210945
2,24704,1695618885.8441322
2,24736,1695618885.8665345
2,24768,1695618885.8861246
2,24800,1695618885.9062598
2,24832,1695618885.926576
2,24864,1695618885.946016
2,24896,1695618885.966138
2,24928,1695618885.9862099
2,24960,1695618886.0061095
2,24992,1695618886.0262132
2,25024,1695618886.0465343
2,25056,1695618886.066129
2,25088,1695618886.0862362
2,25120,1695618886.1062844
2,25152,1695618886.1261792
2,25184,1695618886.146367
2,25216,1695618886.1661878
