epoch,trained_sample,time
1,0,1696064947.315825
1,32,1696064948.519036
1,64,1696064948.552853
1,96,1696064948.5909595
1,128,1696064948.6227677
1,160,1696064948.654484
1,192,1696064948.6848075
1,224,1696064948.7217498
1,256,1696064948.755397
1,288,1696064948.7877245
1,320,1696064948.8186736
1,352,1696064948.86004
1,384,1696064948.891009
1,416,1696064948.9223838
1,448,1696064948.9530275
1,480,1696064948.986694
1,512,1696064949.02104
1,544,1696064949.0527067
1,576,1696064949.0858219
1,608,1696064949.1186924
1,640,1696064949.1505835
1,672,1696064949.188084
1,704,1696064949.2202024
1,736,1696064949.2546175
1,768,1696064949.28772
1,800,1696064949.3189702
1,832,1696064949.3517296
1,864,1696064949.383247
1,896,1696064949.4137733
1,928,1696064949.4473805
1,960,1696064949.4785655
1,992,1696064949.509408
1,1024,1696064949.542794
1,1056,1696064949.5725935
1,1088,1696064949.6068163
1,1120,1696064949.6391563
1,1152,1696064949.6738327
1,1184,1696064949.7067878
1,1216,1696064949.7386317
1,1248,1696064949.7710588
1,1280,1696064949.8023832
1,1312,1696064949.8333273
1,1344,1696064949.864674
1,1376,1696064949.894974
1,1408,1696064949.9266794
1,1440,1696064949.9585335
1,1472,1696064949.9937139
1,1504,1696064950.0256414
1,1536,1696064950.0593104
1,1568,1696064950.0905206
1,1600,1696064950.1240897
1,1632,1696064950.1552253
1,1664,1696064950.1876068
1,1696,1696064950.2189653
1,1728,1696064950.2536795
1,1760,1696064950.2871952
1,1792,1696064950.3177705
1,1824,1696064950.3512375
1,1856,1696064950.3825965
1,1888,1696064950.4152179
1,1920,1696064950.44658
1,1952,1696064950.4818544
1,1984,1696064950.5160007
1,2016,1696064950.5485318
1,2048,1696064950.579755
1,2080,1696064950.6133933
1,2112,1696064950.646285
1,2144,1696064950.6819196
1,2176,1696064950.7131548
1,2208,1696064950.742219
1,2240,1696064950.7759209
1,2272,1696064950.8083875
1,2304,1696064950.8408828
1,2336,1696064950.877866
1,2368,1696064950.907638
1,2400,1696064950.9407651
1,2432,1696064950.9710782
1,2464,1696064951.005872
1,2496,1696064951.0353827
1,2528,1696064951.0670228
1,2560,1696064951.0986996
1,2592,1696064951.1338441
1,2624,1696064951.166504
1,2656,1696064951.1988058
1,2688,1696064951.2335424
1,2720,1696064951.2634237
1,2752,1696064951.294944
1,2784,1696064951.3300657
1,2816,1696064951.3630176
1,2848,1696064951.3946958
1,2880,1696064951.4266152
1,2912,1696064951.4614239
1,2944,1696064951.4947433
1,2976,1696064951.5289996
1,3008,1696064951.5587249
1,3040,1696064951.591822
1,3072,1696064951.6228077
1,3104,1696064951.6548495
1,3136,1696064951.6866148
1,3168,1696064951.7191164
1,3200,1696064951.7554252
1,3232,1696064951.7859845
1,3264,1696064951.8217056
1,3296,1696064951.8539143
1,3328,1696064951.8890898
1,3360,1696064951.920013
1,3392,1696064951.95436
1,3424,1696064951.985025
1,3456,1696064952.014491
1,3488,1696064952.0477557
1,3520,1696064952.0841024
1,3552,1696064952.122331
1,3584,1696064952.1549618
1,3616,1696064952.185339
1,3648,1696064952.2187178
1,3680,1696064952.2529905
1,3712,1696064952.2844605
1,3744,1696064952.3177817
1,3776,1696064952.3488824
1,3808,1696064952.3784316
1,3840,1696064952.4142952
1,3872,1696064952.4466255
1,3904,1696064952.481956
1,3936,1696064952.5156572
1,3968,1696064952.5469139
1,4000,1696064952.5766
1,4032,1696064952.6136413
1,4064,1696064952.6538382
1,4096,1696064952.6926422
1,4128,1696064952.7294295
1,4160,1696064952.7695732
1,4192,1696064952.8090832
1,4224,1696064952.8467357
1,4256,1696064952.8862832
1,4288,1696064952.9162238
1,4320,1696064952.9466672
1,4352,1696064952.9756455
1,4384,1696064953.004628
1,4416,1696064953.045369
1,4448,1696064953.0850842
1,4480,1696064953.116492
1,4512,1696064953.1537237
1,4544,1696064953.1925175
1,4576,1696064953.2294188
1,4608,1696064953.2702875
1,4640,1696064953.3016384
1,4672,1696064953.3375125
1,4704,1696064953.3689127
1,4736,1696064953.3987613
1,4768,1696064953.4390604
1,4800,1696064953.4723697
1,4832,1696064953.5090783
1,4864,1696064953.540069
1,4896,1696064953.5811605
1,4928,1696064953.6139758
1,4960,1696064953.6470804
1,4992,1696064953.6800494
1,5024,1696064953.7187338
1,5056,1696064953.7540452
1,5088,1696064953.785661
1,5120,1696064953.8193583
1,5152,1696064953.8564074
1,5184,1696064953.8867917
1,5216,1696064953.9222682
1,5248,1696064953.9543953
1,5280,1696064953.9921033
1,5312,1696064954.024346
1,5344,1696064954.0585723
1,5376,1696064954.0937803
1,5408,1696064954.133745
1,5440,1696064954.1653225
1,5472,1696064954.1953418
1,5504,1696064954.2336152
1,5536,1696064954.2703154
1,5568,1696064954.303606
1,5600,1696064954.3361197
1,5632,1696064954.3678193
1,5664,1696064954.40643
1,5696,1696064954.4385908
1,5728,1696064954.4738731
1,5760,1696064954.5085924
1,5792,1696064954.5472214
1,5824,1696064954.579554
1,5856,1696064954.6129498
1,5888,1696064954.6451557
1,5920,1696064954.6824553
1,5952,1696064954.7158012
1,5984,1696064954.7467892
1,6016,1696064954.7798188
1,6048,1696064954.818451
1,6080,1696064954.8493896
1,6112,1696064954.8831463
1,6144,1696064954.9149885
1,6176,1696064954.951548
1,6208,1696064954.9827285
1,6240,1696064955.0149283
1,6272,1696064955.0451686
1,6304,1696064955.082801
1,6336,1696064955.1189907
1,6368,1696064955.1507123
1,6400,1696064955.1835072
1,6432,1696064955.2200549
1,6464,1696064955.255501
1,6496,1696064955.2871363
1,6528,1696064955.3221295
1,6560,1696064955.3578866
1,6592,1696064955.3912778
1,6624,1696064955.4239671
1,6656,1696064955.4551425
1,6688,1696064955.491665
1,6720,1696064955.5237112
1,6752,1696064955.5558748
1,6784,1696064955.5877187
1,6816,1696064955.6266205
1,6848,1696064955.6617792
1,6880,1696064955.6927695
1,6912,1696064955.7279541
1,6944,1696064955.7656555
1,6976,1696064955.7970302
1,7008,1696064955.8351183
1,7040,1696064955.8713932
1,7072,1696064955.9030583
1,7104,1696064955.9354448
1,7136,1696064955.976001
1,7168,1696064956.0079186
1,7200,1696064956.0392663
1,7232,1696064956.0751307
1,7264,1696064956.11055
1,7296,1696064956.1436987
1,7328,1696064956.1748447
1,7360,1696064956.2144141
1,7392,1696064956.2502623
1,7424,1696064956.283528
1,7456,1696064956.3149612
1,7488,1696064956.3483124
1,7520,1696064956.385872
1,7552,1696064956.4272406
1,7584,1696064956.4588034
1,7616,1696064956.4937916
1,7648,1696064956.529737
1,7680,1696064956.5734231
1,7712,1696064956.605773
1,7744,1696064956.6377223
1,7776,1696064956.678155
1,7808,1696064956.7098086
1,7840,1696064956.7431536
1,7872,1696064956.777916
1,7904,1696064956.8150806
1,7936,1696064956.8467453
1,7968,1696064956.881654
1,8000,1696064956.9146645
1,8032,1696064956.9509537
1,8064,1696064956.9827843
1,8096,1696064957.017734
1,8128,1696064957.0507507
1,8160,1696064957.0870469
1,8192,1696064957.119744
1,8224,1696064957.1520228
1,8256,1696064957.1839676
1,8288,1696064957.2253482
1,8320,1696064957.2563324
1,8352,1696064957.2888327
1,8384,1696064957.3187392
1,8416,1696064957.3601902
1,8448,1696064957.3946245
1,8480,1696064957.424293
1,8512,1696064957.4596097
1,8544,1696064957.4959958
1,8576,1696064957.5271442
1,8608,1696064957.558703
1,8640,1696064957.5916917
1,8672,1696064957.635743
1,8704,1696064957.6670074
1,8736,1696064957.7022653
1,8768,1696064957.7346857
1,8800,1696064957.7713788
1,8832,1696064957.802697
1,8864,1696064957.8379097
1,8896,1696064957.8734972
1,8928,1696064957.9136295
1,8960,1696064957.947162
1,8992,1696064957.9789634
1,9024,1696064958.014373
1,9056,1696064958.0512152
1,9088,1696064958.08315
1,9120,1696064958.1187596
1,9152,1696064958.150572
1,9184,1696064958.1901977
1,9216,1696064958.2244842
1,9248,1696064958.2557237
1,9280,1696064958.2873905
1,9312,1696064958.3271413
1,9344,1696064958.355031
1,9376,1696064958.3876233
1,9408,1696064958.4291894
1,9440,1696064958.4665782
1,9472,1696064958.5064962
1,9504,1696064958.5377476
1,9536,1696064958.5713382
1,9568,1696064958.6072786
1,9600,1696064958.6419709
1,9632,1696064958.6748843
1,9664,1696064958.7078476
1,9696,1696064958.7459319
1,9728,1696064958.783167
1,9760,1696064958.817814
1,9792,1696064958.8505313
1,9824,1696064958.886243
1,9856,1696064958.9218702
1,9888,1696064958.9547613
1,9920,1696064958.9828212
1,9952,1696064959.0194273
1,9984,1696064959.0501478
1,10016,1696064959.0879948
1,10048,1696064959.1214952
1,10080,1696064959.1574154
1,10112,1696064959.1906106
1,10144,1696064959.2227888
1,10176,1696064959.2559724
1,10208,1696064959.2930503
1,10240,1696064959.324568
1,10272,1696064959.361129
1,10304,1696064959.3931892
1,10336,1696064959.4304414
1,10368,1696064959.4658973
1,10400,1696064959.5013607
1,10432,1696064959.5345588
1,10464,1696064959.570056
1,10496,1696064959.6032808
1,10528,1696064959.6346266
1,10560,1696064959.6701329
1,10592,1696064959.7073467
1,10624,1696064959.7384686
1,10656,1696064959.772208
1,10688,1696064959.8063593
1,10720,1696064959.8443046
1,10752,1696064959.878245
1,10784,1696064959.9093215
1,10816,1696064959.9460065
1,10848,1696064959.9807606
1,10880,1696064960.0150023
1,10912,1696064960.046563
1,10944,1696064960.0818887
1,10976,1696064960.118984
1,11008,1696064960.1517613
1,11040,1696064960.184006
1,11072,1696064960.2149897
1,11104,1696064960.253387
1,11136,1696064960.2902012
1,11168,1696064960.3224852
1,11200,1696064960.359319
1,11232,1696064960.394852
1,11264,1696064960.430149
1,11296,1696064960.4625857
1,11328,1696064960.4933095
1,11360,1696064960.5321057
1,11392,1696064960.5646603
1,11424,1696064960.5954802
1,11456,1696064960.6328564
1,11488,1696064960.6737745
1,11520,1696064960.708752
1,11552,1696064960.745897
1,11584,1696064960.7789245
1,11616,1696064960.8157625
1,11648,1696064960.8493242
1,11680,1696064960.8808796
1,11712,1696064960.9198253
1,11744,1696064960.9603941
1,11776,1696064960.9954998
1,11808,1696064961.0268357
1,11840,1696064961.0619411
1,11872,1696064961.097991
1,11904,1696064961.1331224
1,11936,1696064961.1646106
1,11968,1696064961.1986387
1,12000,1696064961.236004
1,12032,1696064961.2755187
1,12064,1696064961.3070502
1,12096,1696064961.3419428
1,12128,1696064961.379343
1,12160,1696064961.4110327
1,12192,1696064961.4437022
1,12224,1696064961.4764147
1,12256,1696064961.5176299
1,12288,1696064961.549749
1,12320,1696064961.5812943
1,12352,1696064961.6136856
1,12384,1696064961.6516738
1,12416,1696064961.6827881
1,12448,1696064961.7178388
1,12480,1696064961.7505698
1,12512,1696064961.7859886
1,12544,1696064961.827297
1,12576,1696064961.8587668
1,12608,1696064961.89434
1,12640,1696064961.934755
1,12672,1696064961.9665833
1,12704,1696064962.0022364
1,12736,1696064962.034738
1,12768,1696064962.071359
1,12800,1696064962.1028132
1,12832,1696064962.1378899
1,12864,1696064962.1672902
1,12896,1696064962.21021
1,12928,1696064962.2426307
1,12960,1696064962.2776759
1,12992,1696064962.3184235
1,13024,1696064962.3540509
1,13056,1696064962.3873727
1,13088,1696064962.4184592
1,13120,1696064962.4539301
1,13152,1696064962.4911296
1,13184,1696064962.5240176
1,13216,1696064962.5618045
1,13248,1696064962.596522
1,13280,1696064962.6390407
1,13312,1696064962.6745474
1,13344,1696064962.7080574
1,13376,1696064962.739594
1,13408,1696064962.7791138
1,13440,1696064962.8107278
1,13472,1696064962.8462512
1,13504,1696064962.8807318
1,13536,1696064962.9163926
1,13568,1696064962.9585166
1,13600,1696064962.9895725
1,13632,1696064963.0198598
1,13664,1696064963.0660114
1,13696,1696064963.0951111
1,13728,1696064963.135404
1,13760,1696064963.1740909
1,13792,1696064963.2109976
1,13824,1696064963.2419477
1,13856,1696064963.274718
1,13888,1696064963.3077476
1,13920,1696064963.3520832
1,13952,1696064963.3908162
1,13984,1696064963.4227147
1,14016,1696064963.4578447
1,14048,1696064963.4942589
1,14080,1696064963.5271418
1,14112,1696064963.5586102
1,14144,1696064963.5945876
1,14176,1696064963.6309137
1,14208,1696064963.6657968
1,14240,1696064963.7014022
1,14272,1696064963.7346578
1,14304,1696064963.770109
1,14336,1696064963.8122296
1,14368,1696064963.8430579
1,14400,1696064963.8780346
1,14432,1696064963.913484
1,14464,1696064963.9469833
1,14496,1696064963.978823
1,14528,1696064964.0098612
1,14560,1696064964.0509212
1,14592,1696064964.0898955
1,14624,1696064964.1303487
1,14656,1696064964.162704
1,14688,1696064964.1984901
1,14720,1696064964.2315304
1,14752,1696064964.262865
1,14784,1696064964.2991939
1,14816,1696064964.3387294
1,14848,1696064964.3771572
1,14880,1696064964.410599
1,14912,1696064964.4439692
1,14944,1696064964.4839127
1,14976,1696064964.5160763
1,15008,1696064964.5468535
1,15040,1696064964.5888028
1,15072,1696064964.6320958
1,15104,1696064964.6668124
1,15136,1696064964.6998563
1,15168,1696064964.7310448
1,15200,1696064964.7715733
1,15232,1696064964.8029397
1,15264,1696064964.838135
1,15296,1696064964.8733425
1,15328,1696064964.9137323
1,15360,1696064964.9463286
1,15392,1696064964.981822
1,15424,1696064965.0130913
1,15456,1696064965.0512524
1,15488,1696064965.087396
1,15520,1696064965.1221476
1,15552,1696064965.1559567
1,15584,1696064965.197026
1,15616,1696064965.2290244
1,15648,1696064965.265802
1,15680,1696064965.2988687
1,15712,1696064965.3366776
1,15744,1696064965.3740745
1,15776,1696064965.4074056
1,15808,1696064965.4387624
1,15840,1696064965.478831
1,15872,1696064965.5183575
1,15904,1696064965.5533943
1,15936,1696064965.5868177
1,15968,1696064965.625858
1,16000,1696064965.655509
1,16032,1696064965.6913958
1,16064,1696064965.722111
1,16096,1696064965.7616107
1,16128,1696064965.796524
1,16160,1696064965.8304129
1,16192,1696064965.86384
1,16224,1696064965.9010024
1,16256,1696064965.933031
1,16288,1696064965.9672976
1,16320,1696064965.998797
1,16352,1696064966.038472
1,16384,1696064966.0783117
1,16416,1696064966.1138499
1,16448,1696064966.146601
1,16480,1696064966.1817229
1,16512,1696064966.2175736
1,16544,1696064966.2490277
1,16576,1696064966.2829237
1,16608,1696064966.318609
1,16640,1696064966.3573706
1,16672,1696064966.393567
1,16704,1696064966.4245162
1,16736,1696064966.4627147
1,16768,1696064966.4957051
1,16800,1696064966.529991
1,16832,1696064966.5628214
1,16864,1696064966.597692
1,16896,1696064966.6339831
1,16928,1696064966.6666012
1,16960,1696064966.7075918
1,16992,1696064966.753755
1,17024,1696064966.7923737
1,17056,1696064966.8295617
1,17088,1696064966.8665502
1,17120,1696064966.9108224
1,17152,1696064966.9486856
1,17184,1696064966.9858088
1,17216,1696064967.0247598
1,17248,1696064967.069943
1,17280,1696064967.1087015
1,17312,1696064967.145892
1,17344,1696064967.1823933
1,17376,1696064967.2279892
1,17408,1696064967.2649057
1,17440,1696064967.298695
1,17472,1696064967.330597
1,17504,1696064967.37442
1,17536,1696064967.4162416
1,17568,1696064967.4564946
1,17600,1696064967.4970152
1,17632,1696064967.5427103
1,17664,1696064967.584363
1,17696,1696064967.621428
1,17728,1696064967.6680443
1,17760,1696064967.7105606
1,17792,1696064967.7472446
1,17824,1696064967.7849967
1,17856,1696064967.8218575
1,17888,1696064967.8652635
1,17920,1696064967.9042642
1,17952,1696064967.9426086
1,17984,1696064967.9792247
1,18016,1696064968.0216885
1,18048,1696064968.0583653
1,18080,1696064968.0952878
1,18112,1696064968.1378374
1,18144,1696064968.18066
1,18176,1696064968.2157545
1,18208,1696064968.2555013
1,18240,1696064968.2933424
1,18272,1696064968.3352423
1,18304,1696064968.3709419
1,18336,1696064968.4083426
1,18368,1696064968.4452875
1,18400,1696064968.4871254
1,18432,1696064968.5322502
1,18464,1696064968.5719526
1,18496,1696064968.6091962
1,18528,1696064968.6561
1,18560,1696064968.694456
1,18592,1696064968.7299442
1,18624,1696064968.7671187
1,18656,1696064968.8120053
1,18688,1696064968.8494692
1,18720,1696064968.8881924
1,18752,1696064968.9233794
1,18784,1696064968.9612613
1,18816,1696064968.9971993
1,18848,1696064969.036489
1,18880,1696064969.0735693
1,18912,1696064969.1141589
1,18944,1696064969.1509082
1,18976,1696064969.189955
1,19008,1696064969.222843
1,19040,1696064969.2578626
1,19072,1696064969.2911108
1,19104,1696064969.3236845
1,19136,1696064969.3548684
1,19168,1696064969.3944688
1,19200,1696064969.428017
1,19232,1696064969.4587848
1,19264,1696064969.4944632
1,19296,1696064969.5338025
1,19328,1696064969.5668943
1,19360,1696064969.5984688
1,19392,1696064969.6278315
1,19424,1696064969.6697278
1,19456,1696064969.7023396
1,19488,1696064969.7348092
1,19520,1696064969.767982
1,19552,1696064969.8038347
1,19584,1696064969.8345993
1,19616,1696064969.8713117
1,19648,1696064969.9028702
1,19680,1696064969.9422207
1,19712,1696064969.9749386
1,19744,1696064970.009805
1,19776,1696064970.0430892
1,19808,1696064970.081943
1,19840,1696064970.1113894
1,19872,1696064970.1495492
1,19904,1696064970.181105
1,19936,1696064970.2189925
1,19968,1696064970.2507417
1,20000,1696064970.285784
1,20032,1696064970.318793
1,20064,1696064970.3543918
1,20096,1696064970.387542
1,20128,1696064970.4189253
1,20160,1696064970.454099
1,20192,1696064970.489644
1,20224,1696064970.5256753
1,20256,1696064970.5555553
1,20288,1696064970.586707
1,20320,1696064970.6266544
1,20352,1696064970.6668134
1,20384,1696064970.6988804
1,20416,1696064970.7307618
1,20448,1696064970.7703753
1,20480,1696064970.8110008
1,20512,1696064970.842739
1,20544,1696064970.8748717
1,20576,1696064970.9118202
1,20608,1696064970.9495687
1,20640,1696064970.9847543
1,20672,1696064971.0207806
1,20704,1696064971.0642178
1,20736,1696064971.0949564
1,20768,1696064971.1303198
1,20800,1696064971.1628354
1,20832,1696064971.197802
1,20864,1696064971.2368405
1,20896,1696064971.2665958
1,20928,1696064971.3051689
1,20960,1696064971.3458183
1,20992,1696064971.3787158
1,21024,1696064971.4106758
1,21056,1696064971.4424899
1,21088,1696064971.4778125
1,21120,1696064971.5112646
1,21152,1696064971.5437312
1,21184,1696064971.5749083
1,21216,1696064971.6145713
1,21248,1696064971.6467025
1,21280,1696064971.6782851
1,21312,1696064971.7131205
1,21344,1696064971.7509947
1,21376,1696064971.7840812
1,21408,1696064971.8190193
1,21440,1696064971.8515148
1,21472,1696064971.8893006
1,21504,1696064971.9222825
1,21536,1696064971.958526
1,21568,1696064971.9906604
1,21600,1696064972.0271826
1,21632,1696064972.0588815
1,21664,1696064972.0945323
1,21696,1696064972.1298838
1,21728,1696064972.16631
1,21760,1696064972.1976094
1,21792,1696064972.230262
1,21824,1696064972.2685864
1,21856,1696064972.3069813
1,21888,1696064972.336543
1,21920,1696064972.3741636
1,21952,1696064972.4056947
1,21984,1696064972.446046
1,22016,1696064972.4786227
1,22048,1696064972.5109422
1,22080,1696064972.5432372
1,22112,1696064972.5825777
1,22144,1696064972.6146715
1,22176,1696064972.6463099
1,22208,1696064972.6822865
1,22240,1696064972.7180376
1,22272,1696064972.7513084
1,22304,1696064972.7830074
1,22336,1696064972.8174505
1,22368,1696064972.8539536
1,22400,1696064972.889955
1,22432,1696064972.9226975
1,22464,1696064972.9544125
1,22496,1696064972.9863992
1,22528,1696064973.022628
1,22560,1696064973.0543952
1,22592,1696064973.091383
1,22624,1696064973.122979
1,22656,1696064973.1545622
1,22688,1696064973.1905706
1,22720,1696064973.2228446
1,22752,1696064973.2544167
1,22784,1696064973.2901247
1,22816,1696064973.322696
1,22848,1696064973.354562
1,22880,1696064973.3898647
1,22912,1696064973.4226966
1,22944,1696064973.4566324
1,22976,1696064973.4871998
1,23008,1696064973.5227664
1,23040,1696064973.5546033
1,23072,1696064973.5861337
1,23104,1696064973.619166
1,23136,1696064973.6545236
1,23168,1696064973.6894755
1,23200,1696064973.7207108
1,23232,1696064973.755628
1,23264,1696064973.7870266
1,23296,1696064973.8192353
1,23328,1696064973.8546834
1,23360,1696064973.8851712
1,23392,1696064973.9215453
1,23424,1696064973.9527404
1,23456,1696064973.9871528
1,23488,1696064974.0188687
1,23520,1696064974.0508215
1,23552,1696064974.086906
1,23584,1696064974.120152
1,23616,1696064974.1520205
1,23648,1696064974.1836286
1,23680,1696064974.2150834
1,23712,1696064974.2516773
1,23744,1696064974.2826703
1,23776,1696064974.3134718
1,23808,1696064974.3499053
1,23840,1696064974.3824098
1,23872,1696064974.4147978
1,23904,1696064974.4502232
1,23936,1696064974.4866579
1,23968,1696064974.5238013
1,24000,1696064974.5550992
1,24032,1696064974.5952277
1,24064,1696064974.6274443
1,24096,1696064974.662228
1,24128,1696064974.6963584
1,24160,1696064974.742185
1,24192,1696064974.7715425
1,24224,1696064974.813849
1,24256,1696064974.8452501
1,24288,1696064974.8828568
1,24320,1696064974.9144325
1,24352,1696064974.9501848
1,24384,1696064974.9828773
1,24416,1696064975.0219305
1,24448,1696064975.05114
1,24480,1696064975.0868864
1,24512,1696064975.1231275
1,24544,1696064975.1652036
1,24576,1696064975.2023494
1,24608,1696064975.237938
1,24640,1696064975.2772298
1,24672,1696064975.3192344
1,24704,1696064975.354707
1,24736,1696064975.3913705
1,24768,1696064975.4290662
1,24800,1696064975.4706192
1,24832,1696064975.5061893
1,24864,1696064975.5419533
1,24896,1696064975.578943
1,24928,1696064975.62431
1,24960,1696064975.6639686
1,24992,1696064975.7039855
1,25024,1696064975.740947
1,25056,1696064975.7851465
1,25088,1696064975.8220751
1,25120,1696064975.858935
1,25152,1696064975.8969805
1,25184,1696064975.939769
1,25216,1696064975.986638
1,25248,1696064976.0247326
1,25280,1696064976.0615885
1,25312,1696064976.1044908
1,25344,1696064976.148974
1,25376,1696064976.1858644
1,25408,1696064976.2215433
1,25440,1696064976.265884
1,25472,1696064976.3045795
1,25504,1696064976.341838
1,25536,1696064976.3786225
1,25568,1696064976.4230337
1,25600,1696064976.4611194
1,25632,1696064976.4976878
1,25664,1696064976.5346189
1,25696,1696064976.5799181
1,25728,1696064976.6202984
1,25760,1696064976.6600885
1,25792,1696064976.693392
1,25824,1696064976.7331061
1,25856,1696064976.7654521
1,25888,1696064976.8026392
1,25920,1696064976.8385537
1,25952,1696064976.8831794
1,25984,1696064976.9256146
1,26016,1696064976.9648654
1,26048,1696064977.001987
1,26080,1696064977.0456698
1,26112,1696064977.0826101
1,26144,1696064977.118147
1,26176,1696064977.1552615
1,26208,1696064977.200487
1,26240,1696064977.235437
1,26272,1696064977.2732527
1,26304,1696064977.316458
1,26336,1696064977.3586013
1,26368,1696064977.395448
1,26400,1696064977.4322362
1,26432,1696064977.4699543
1,26464,1696064977.5132382
1,26496,1696064977.5523503
1,26528,1696064977.5896494
1,26560,1696064977.6260934
1,26592,1696064977.670152
1,26624,1696064977.7089877
1,26656,1696064977.745923
1,26688,1696064977.7826622
1,26720,1696064977.8275576
1,26752,1696064977.8695047
1,26784,1696064977.9060862
1,26816,1696064977.94293
1,26848,1696064977.9882152
1,26880,1696064978.0285494
1,26912,1696064978.0659099
1,26944,1696064978.1025567
1,26976,1696064978.147137
1,27008,1696064978.184997
1,27040,1696064978.221855
1,27072,1696064978.2584884
1,27104,1696064978.303103
1,27136,1696064978.3393931
1,27168,1696064978.3770163
1,27200,1696064978.414006
1,27232,1696064978.454841
1,27264,1696064978.4918196
1,27296,1696064978.5289683
1,27328,1696064978.5676277
1,27360,1696064978.6097734
1,27392,1696064978.6478002
1,27424,1696064978.6873784
1,27456,1696064978.7248862
1,27488,1696064978.7705367
1,27520,1696064978.8134735
1,27552,1696064978.8504164
1,27584,1696064978.8873348
1,27616,1696064978.9298398
1,27648,1696064978.9674406
1,27680,1696064979.005181
1,27712,1696064979.041955
1,27744,1696064979.0861673
1,27776,1696064979.1246724
1,27808,1696064979.1615837
1,27840,1696064979.2007475
1,27872,1696064979.2459595
1,27904,1696064979.284694
1,27936,1696064979.3217652
1,27968,1696064979.3585567
1,28000,1696064979.4028888
1,28032,1696064979.4409523
1,28064,1696064979.4778695
1,28096,1696064979.5148945
1,28128,1696064979.5542974
1,28160,1696064979.5866098
1,28192,1696064979.6185858
1,28224,1696064979.6506836
1,28256,1696064979.6878116
1,28288,1696064979.7187047
1,28320,1696064979.7579412
1,28352,1696064979.790713
1,28384,1696064979.825954
1,28416,1696064979.8614397
1,28448,1696064979.8949683
1,28480,1696064979.9266338
1,28512,1696064979.9669077
1,28544,1696064980.0072026
1,28576,1696064980.0387094
1,28608,1696064980.073803
1,28640,1696064980.1088057
1,28672,1696064980.1424868
1,28704,1696064980.1754835
1,28736,1696064980.2067604
1,28768,1696064980.2467964
1,28800,1696064980.278826
1,28832,1696064980.312276
1,28864,1696064980.3430202
1,28896,1696064980.3834589
1,28928,1696064980.414735
1,28960,1696064980.4496748
1,28992,1696064980.480963
1,29024,1696064980.5181975
1,29056,1696064980.554267
1,29088,1696064980.5867245
1,29120,1696064980.6186829
1,29152,1696064980.6576924
1,29184,1696064980.6853712
1,29216,1696064980.717767
1,29248,1696064980.7565868
1,29280,1696064980.7925117
1,29312,1696064980.8204086
1,29344,1696064980.8523653
1,29376,1696064980.8957033
1,29408,1696064980.9384177
1,29440,1696064980.9740398
1,29472,1696064981.009865
1,29504,1696064981.0488946
1,29536,1696064981.0906417
1,29568,1696064981.1262226
1,29600,1696064981.1619918
1,29632,1696064981.1990175
1,29664,1696064981.2439241
1,29696,1696064981.2786694
1,29728,1696064981.3163836
1,29760,1696064981.354355
1,29792,1696064981.3887053
1,29824,1696064981.418125
1,29856,1696064981.4500415
1,29888,1696064981.4825752
1,29920,1696064981.5196867
1,29952,1696064981.5544827
1,29984,1696064981.5839424
1,30016,1696064981.6160402
1,30048,1696064981.6549702
1,30080,1696064981.6847062
1,30112,1696064981.7172499
1,30144,1696064981.7487962
1,30176,1696064981.7888145
1,30208,1696064981.81914
1,30240,1696064981.8633878
1,30272,1696064981.8988824
1,30304,1696064981.942065
1,30336,1696064981.979282
1,30368,1696064982.0192194
1,30400,1696064982.0568285
1,30432,1696064982.1018689
1,30464,1696064982.1446497
1,30496,1696064982.1839168
1,30528,1696064982.2196016
1,30560,1696064982.264726
1,30592,1696064982.3018835
1,30624,1696064982.3386793
1,30656,1696064982.3755565
1,30688,1696064982.41854
1,30720,1696064982.4541407
1,30752,1696064982.4898593
1,30784,1696064982.5259137
1,30816,1696064982.5701256
1,30848,1696064982.6086547
1,30880,1696064982.645838
1,30912,1696064982.6825845
1,30944,1696064982.727364
1,30976,1696064982.76488
1,31008,1696064982.801692
1,31040,1696064982.838326
1,31072,1696064982.8821392
1,31104,1696064982.9205003
1,31136,1696064982.9556868
1,31168,1696064982.9932234
1,31200,1696064983.0336268
1,31232,1696064983.0724645
1,31264,1696064983.1123931
1,31296,1696064983.1495686
1,31328,1696064983.1918287
1,31360,1696064983.2328029
1,31392,1696064983.2722268
1,31424,1696064983.309223
1,31456,1696064983.3510756
1,31488,1696064983.3873024
1,31520,1696064983.4251122
1,31552,1696064983.4619539
1,31584,1696064983.505018
1,31616,1696064983.540773
1,31648,1696064983.5873759
1,31680,1696064983.62652
1,31712,1696064983.6691804
1,31744,1696064983.7059774
1,31776,1696064983.7425194
1,31808,1696064983.779345
1,31840,1696064983.8238983
1,31872,1696064983.8619435
1,31904,1696064983.8986082
1,31936,1696064983.9352877
1,31968,1696064983.9802403
1,32000,1696064984.0197947
1,32032,1696064984.057088
1,32064,1696064984.0938046
1,32096,1696064984.1372933
1,32128,1696064984.1765063
1,32160,1696064984.2137427
1,32192,1696064984.2505605
1,32224,1696064984.296123
1,32256,1696064984.3360562
1,32288,1696064984.3706074
1,32320,1696064984.4069574
1,32352,1696064984.4497454
1,32384,1696064984.4862146
1,32416,1696064984.5250223
1,32448,1696064984.562086
1,32480,1696064984.6051276
1,32512,1696064984.6412246
1,32544,1696064984.6772962
1,32576,1696064984.7141032
1,32608,1696064984.758314
1,32640,1696064984.7967262
1,32672,1696064984.836393
1,32704,1696064984.8712997
1,32736,1696064984.9144757
1,32768,1696064984.9511805
1,32800,1696064984.989143
1,32832,1696064985.0268304
1,32864,1696064985.0713446
1,32896,1696064985.108996
1,32928,1696064985.1456752
1,32960,1696064985.1824439
1,32992,1696064985.2280188
1,33024,1696064985.267504
1,33056,1696064985.3048537
1,33088,1696064985.3444777
1,33120,1696064985.3877914
1,33152,1696064985.423056
1,33184,1696064985.4601529
1,33216,1696064985.497903
1,33248,1696064985.5410576
1,33280,1696064985.577104
1,33312,1696064985.6153288
1,33344,1696064985.6529067
1,33376,1696064985.6977363
1,33408,1696064985.7364843
1,33440,1696064985.773122
1,33472,1696064985.809821
1,33504,1696064985.8518147
1,33536,1696064985.88709
1,33568,1696064985.9241254
1,33600,1696064985.961073
1,33632,1696064986.002162
1,33664,1696064986.039343
1,33696,1696064986.0792444
1,33728,1696064986.117205
1,33760,1696064986.1625776
1,33792,1696064986.2009034
1,33824,1696064986.2378826
1,33856,1696064986.2744622
1,33888,1696064986.3185399
1,33920,1696064986.3576536
1,33952,1696064986.3942137
1,33984,1696064986.4296095
1,34016,1696064986.4726083
1,34048,1696064986.508314
1,34080,1696064986.5448973
1,34112,1696064986.5818343
1,34144,1696064986.6251426
1,34176,1696064986.6613393
1,34208,1696064986.6974432
1,34240,1696064986.7343066
1,34272,1696064986.7782848
1,34304,1696064986.8208468
1,34336,1696064986.8587184
1,34368,1696064986.8917396
1,34400,1696064986.9306262
1,34432,1696064986.9627573
1,34464,1696064986.9977682
1,34496,1696064987.028273
1,34528,1696064987.0656686
1,34560,1696064987.095044
1,34592,1696064987.1301758
1,34624,1696064987.1625235
1,34656,1696064987.1978977
1,34688,1696064987.2336736
1,34720,1696064987.2677162
1,34752,1696064987.2988582
1,34784,1696064987.3352885
1,34816,1696064987.3657217
1,34848,1696064987.4012463
1,34880,1696064987.431523
1,34912,1696064987.4727278
1,34944,1696064987.5033112
1,34976,1696064987.5365274
1,35008,1696064987.570857
1,35040,1696064987.6098726
1,35072,1696064987.6426814
1,35104,1696064987.6776078
1,35136,1696064987.7076206
1,35168,1696064987.741791
1,35200,1696064987.7809436
1,35232,1696064987.8153138
1,35264,1696064987.8466613
1,35296,1696064987.8855913
1,35328,1696064987.9184675
1,35360,1696064987.9507542
1,35392,1696064987.9785383
1,35424,1696064988.013643
1,35456,1696064988.0419037
1,35488,1696064988.0777347
1,35520,1696064988.1104238
1,35552,1696064988.1495936
1,35584,1696064988.1815882
1,35616,1696064988.2149568
1,35648,1696064988.246684
1,35680,1696064988.2831924
1,35712,1696064988.319779
1,35744,1696064988.3506138
1,35776,1696064988.379655
1,35808,1696064988.409093
1,35840,1696064988.4390044
1,35872,1696064988.4741957
1,35904,1696064988.5030534
1,35936,1696064988.538097
1,35968,1696064988.5672631
1,36000,1696064988.5988703
1,36032,1696064988.6341488
1,36064,1696064988.6712253
1,36096,1696064988.703791
1,36128,1696064988.7381048
1,36160,1696064988.7731745
1,36192,1696064988.8137212
1,36224,1696064988.8467426
1,36256,1696064988.8822606
1,36288,1696064988.9152918
1,36320,1696064988.9515646
1,36352,1696064988.9810486
1,36384,1696064989.0150428
1,36416,1696064989.049945
1,36448,1696064989.0895035
1,36480,1696064989.119555
1,36512,1696064989.1546435
1,36544,1696064989.1864195
1,36576,1696064989.2218618
1,36608,1696064989.2554228
1,36640,1696064989.286859
1,36672,1696064989.321893
1,36704,1696064989.3591158
1,36736,1696064989.3906147
1,36768,1696064989.4258132
1,36800,1696064989.455555
1,36832,1696064989.4947815
1,36864,1696064989.5257838
1,36896,1696064989.5593705
1,36928,1696064989.5940177
1,36960,1696064989.6297178
1,36992,1696064989.6636236
1,37024,1696064989.6947958
1,37056,1696064989.7269254
1,37088,1696064989.7645323
1,37120,1696064989.7984383
1,37152,1696064989.829927
1,37184,1696064989.862903
1,37216,1696064989.8978462
1,37248,1696064989.931237
1,37280,1696064989.962187
1,37312,1696064989.995404
1,37344,1696064990.034056
1,37376,1696064990.0670328
1,37408,1696064990.0985672
1,37440,1696064990.1306934
1,37472,1696064990.1659899
1,37504,1696064990.2018857
1,37536,1696064990.231266
1,37568,1696064990.2649136
1,37600,1696064990.302164
1,37632,1696064990.3353577
1,37664,1696064990.367965
1,37696,1696064990.398876
1,37728,1696064990.4367557
1,37760,1696064990.4712753
1,37792,1696064990.502711
1,37824,1696064990.5334494
1,37856,1696064990.5738068
1,37888,1696064990.6096942
1,37920,1696064990.6395576
1,37952,1696064990.6716697
1,37984,1696064990.7137513
1,38016,1696064990.7465756
1,38048,1696064990.7786505
1,38080,1696064990.8104107
1,38112,1696064990.8499966
1,38144,1696064990.8848634
1,38176,1696064990.9168763
1,38208,1696064990.9501927
1,38240,1696064990.9859006
1,38272,1696064991.019349
1,38304,1696064991.0494769
1,38336,1696064991.0828857
1,38368,1696064991.1219735
1,38400,1696064991.1518407
1,38432,1696064991.1831641
1,38464,1696064991.2217224
1,38496,1696064991.2620237
1,38528,1696064991.2948725
1,38560,1696064991.3295577
1,38592,1696064991.3611221
1,38624,1696064991.3907394
1,38656,1696064991.4251785
1,38688,1696064991.4566004
1,38720,1696064991.490756
1,38752,1696064991.5228467
1,38784,1696064991.5528374
1,38816,1696064991.5870852
1,38848,1696064991.6189296
1,38880,1696064991.655589
1,38912,1696064991.6868665
1,38944,1696064991.7187407
1,38976,1696064991.7539127
1,39008,1696064991.7896812
1,39040,1696064991.823026
1,39072,1696064991.8548582
1,39104,1696064991.8879519
1,39136,1696064991.9243045
1,39168,1696064991.961206
1,39200,1696064991.991441
1,39232,1696064992.0253186
1,39264,1696064992.0632436
1,39296,1696064992.0953283
1,39328,1696064992.130234
1,39360,1696064992.1627731
1,39392,1696064992.2015817
1,39424,1696064992.234347
1,39456,1696064992.2668414
1,39488,1696064992.2968438
1,39520,1696064992.3351085
1,39552,1696064992.366875
1,39584,1696064992.3986127
1,39616,1696064992.4312043
1,39648,1696064992.466998
1,39680,1696064992.5095654
1,39712,1696064992.541484
1,39744,1696064992.5775797
1,39776,1696064992.617661
1,39808,1696064992.650724
1,39840,1696064992.6862571
1,39872,1696064992.7193682
1,39904,1696064992.7556548
1,39936,1696064992.786815
1,39968,1696064992.817696
1,40000,1696064992.8513217
1,40032,1696064992.886882
1,40064,1696064992.9196389
1,40096,1696064992.951086
1,40128,1696064992.9825037
1,40160,1696064993.019927
1,40192,1696064993.0508566
1,40224,1696064993.0860653
1,40256,1696064993.1185825
1,40288,1696064993.1554322
1,40320,1696064993.1970422
1,40352,1696064993.2288854
1,40384,1696064993.2627826
1,40416,1696064993.2981744
1,40448,1696064993.340352
1,40480,1696064993.372208
1,40512,1696064993.406726
