epoch,trained_sample,time
1,0,1696067900.2820618
1,128,1696067901.5401978
1,256,1696067901.6132379
1,384,1696067901.701875
1,512,1696067901.7905188
1,640,1696067901.8792856
1,768,1696067901.9680393
1,896,1696067902.0568457
1,1024,1696067902.1457179
1,1152,1696067902.2345877
1,1280,1696067902.3234775
1,1408,1696067902.412083
1,1536,1696067902.5009136
1,1664,1696067902.5897355
1,1792,1696067902.6786432
1,1920,1696067902.767782
1,2048,1696067902.8565838
1,2176,1696067902.9454753
1,2304,1696067903.034386
1,2432,1696067903.1232724
1,2560,1696067903.2119427
1,2688,1696067903.3008292
1,2816,1696067903.3897228
1,2944,1696067903.4787247
1,3072,1696067903.5675325
1,3200,1696067903.6563432
1,3328,1696067903.745229
1,3456,1696067903.834156
1,3584,1696067903.9230444
1,3712,1696067904.011702
1,3840,1696067904.100498
1,3968,1696067904.189393
1,4096,1696067904.2783213
1,4224,1696067904.3671858
1,4352,1696067904.4560056
1,4480,1696067904.5448933
1,4608,1696067904.633818
1,4736,1696067904.7227812
1,4864,1696067904.8115485
1,4992,1696067904.9004312
1,5120,1696067904.9893007
1,5248,1696067905.0782502
1,5376,1696067905.1670055
1,5504,1696067905.2558422
1,5632,1696067905.344816
1,5760,1696067905.4337115
1,5888,1696067905.5226655
1,6016,1696067905.6113808
1,6144,1696067905.7001696
1,6272,1696067905.7890387
1,6400,1696067905.8779821
1,6528,1696067905.966755
1,6656,1696067906.0557926
1,6784,1696067906.1446695
1,6912,1696067906.2335355
1,7040,1696067906.3225443
1,7168,1696067906.4195328
1,7296,1696067906.5196888
1,7424,1696067906.617698
1,7552,1696067906.7165937
1,7680,1696067906.813564
1,7808,1696067906.91259
1,7936,1696067907.0116305
1,8064,1696067907.1084945
1,8192,1696067907.2050111
1,8320,1696067907.303
1,8448,1696067907.3984845
1,8576,1696067907.4972372
1,8704,1696067907.593156
1,8832,1696067907.6901746
1,8960,1696067907.7893245
1,9088,1696067907.8838828
1,9216,1696067907.9811945
1,9344,1696067908.0791686
1,9472,1696067908.1768427
1,9600,1696067908.2738266
1,9728,1696067908.370671
1,9856,1696067908.4741533
1,9984,1696067908.5780027
1,10112,1696067908.6813936
1,10240,1696067908.7841527
1,10368,1696067908.8875241
1,10496,1696067908.991288
1,10624,1696067909.0950005
1,10752,1696067909.1985002
1,10880,1696067909.3014731
1,11008,1696067909.4040532
1,11136,1696067909.5070796
1,11264,1696067909.6106417
1,11392,1696067909.714488
1,11520,1696067909.8179836
1,11648,1696067909.921131
1,11776,1696067910.0241907
1,11904,1696067910.1276674
1,12032,1696067910.2308044
1,12160,1696067910.3345525
1,12288,1696067910.4378
1,12416,1696067910.5401452
1,12544,1696067910.6422324
1,12672,1696067910.7455027
1,12800,1696067910.8486004
1,12928,1696067910.951473
1,13056,1696067911.0552382
1,13184,1696067911.158976
1,13312,1696067911.2618003
1,13440,1696067911.364642
1,13568,1696067911.4679809
1,13696,1696067911.5716212
1,13824,1696067911.6747396
1,13952,1696067911.7777662
1,14080,1696067911.881233
1,14208,1696067911.9850557
1,14336,1696067912.0888226
1,14464,1696067912.192096
1,14592,1696067912.2960105
1,14720,1696067912.399089
1,14848,1696067912.5026114
1,14976,1696067912.606413
1,15104,1696067912.709698
1,15232,1696067912.813404
1,15360,1696067912.9168181
1,15488,1696067913.0201397
1,15616,1696067913.1227696
1,15744,1696067913.226291
1,15872,1696067913.3296964
1,16000,1696067913.4337423
1,16128,1696067913.5374327
1,16256,1696067913.641085
1,16384,1696067913.7439964
1,16512,1696067913.8472557
1,16640,1696067913.9492218
1,16768,1696067914.0530741
1,16896,1696067914.1564217
1,17024,1696067914.2599328
1,17152,1696067914.3634977
1,17280,1696067914.4668975
1,17408,1696067914.570385
1,17536,1696067914.6738122
1,17664,1696067914.777234
1,17792,1696067914.8801117
1,17920,1696067914.9835
1,18048,1696067915.086775
1,18176,1696067915.1905224
1,18304,1696067915.293483
1,18432,1696067915.397305
1,18560,1696067915.501033
1,18688,1696067915.604671
1,18816,1696067915.7078512
1,18944,1696067915.8111928
1,19072,1696067915.915347
1,19200,1696067916.0183263
1,19328,1696067916.1219084
1,19456,1696067916.2249756
1,19584,1696067916.327828
1,19712,1696067916.4311192
1,19840,1696067916.5357037
1,19968,1696067916.640064
1,20096,1696067916.7435277
1,20224,1696067916.8470213
1,20352,1696067916.9509223
1,20480,1696067917.0551178
1,20608,1696067917.1591542
1,20736,1696067917.262977
1,20864,1696067917.3668826
1,20992,1696067917.4712558
1,21120,1696067917.5742464
1,21248,1696067917.6775382
1,21376,1696067917.7812345
1,21504,1696067917.8848386
1,21632,1696067917.9887266
1,21760,1696067918.0928779
1,21888,1696067918.1970615
1,22016,1696067918.301429
1,22144,1696067918.405117
1,22272,1696067918.5088084
1,22400,1696067918.6135304
1,22528,1696067918.7182474
1,22656,1696067918.82128
1,22784,1696067918.9249952
1,22912,1696067919.0286462
1,23040,1696067919.1327288
1,23168,1696067919.2370882
1,23296,1696067919.3415916
1,23424,1696067919.4456165
1,23552,1696067919.5498047
1,23680,1696067919.653524
1,23808,1696067919.7573068
1,23936,1696067919.860525
1,24064,1696067919.9642508
1,24192,1696067920.067921
1,24320,1696067920.1713889
1,24448,1696067920.2751396
1,24576,1696067920.379716
1,24704,1696067920.4831948
1,24832,1696067920.5870569
1,24960,1696067920.6913707
1,25088,1696067920.7960165
1,25216,1696067920.8995266
1,25344,1696067921.0029442
1,25472,1696067921.1065028
1,25600,1696067921.2098315
1,25728,1696067921.3132586
1,25856,1696067921.4164839
1,25984,1696067921.5205104
1,26112,1696067921.6247094
1,26240,1696067921.7285333
1,26368,1696067921.8311276
1,26496,1696067921.9351573
1,26624,1696067922.0397956
1,26752,1696067922.1446233
1,26880,1696067922.24881
1,27008,1696067922.3526387
1,27136,1696067922.4562402
1,27264,1696067922.5597172
1,27392,1696067922.6630287
1,27520,1696067922.7658143
1,27648,1696067922.8698258
1,27776,1696067922.973073
1,27904,1696067923.076924
1,28032,1696067923.1804047
1,28160,1696067923.2839592
1,28288,1696067923.3868384
1,28416,1696067923.4908495
1,28544,1696067923.5943468
1,28672,1696067923.698304
1,28800,1696067923.8052306
1,28928,1696067923.9125016
1,29056,1696067924.0192392
1,29184,1696067924.1245594
1,29312,1696067924.228103
1,29440,1696067924.330887
1,29568,1696067924.4343631
1,29696,1696067924.5375018
1,29824,1696067924.6411483
1,29952,1696067924.7445
1,30080,1696067924.8483872
1,30208,1696067924.951925
1,30336,1696067925.0553598
1,30464,1696067925.159273
1,30592,1696067925.2632117
1,30720,1696067925.3669982
1,30848,1696067925.4711435
1,30976,1696067925.57475
1,31104,1696067925.6784308
1,31232,1696067925.7822702
1,31360,1696067925.887538
1,31488,1696067925.9919367
1,31616,1696067926.0950284
1,31744,1696067926.1987104
1,31872,1696067926.3027327
1,32000,1696067926.408698
1,32128,1696067926.5152721
1,32256,1696067926.6219358
1,32384,1696067926.7274444
1,32512,1696067926.833906
1,32640,1696067926.9407825
1,32768,1696067927.0463302
1,32896,1696067927.1525128
1,33024,1696067927.2586787
1,33152,1696067927.365225
1,33280,1696067927.4694884
1,33408,1696067927.5746417
1,33536,1696067927.67964
1,33664,1696067927.7841697
1,33792,1696067927.8898506
1,33920,1696067927.995731
1,34048,1696067928.1007593
1,34176,1696067928.2066495
1,34304,1696067928.3111835
1,34432,1696067928.4169996
1,34560,1696067928.522597
1,34688,1696067928.628657
1,34816,1696067928.7345383
1,34944,1696067928.8401873
1,35072,1696067928.9456906
1,35200,1696067929.0513008
1,35328,1696067929.1573253
1,35456,1696067929.2628574
1,35584,1696067929.3684168
1,35712,1696067929.4744668
1,35840,1696067929.580412
1,35968,1696067929.6865304
1,36096,1696067929.79203
1,36224,1696067929.89757
1,36352,1696067930.00146
1,36480,1696067930.1048923
1,36608,1696067930.2081506
1,36736,1696067930.3103836
1,36864,1696067930.4126184
1,36992,1696067930.5144582
1,37120,1696067930.617516
1,37248,1696067930.720495
1,37376,1696067930.822721
1,37504,1696067930.9246383
1,37632,1696067931.0272827
1,37760,1696067931.1280112
1,37888,1696067931.2305787
1,38016,1696067931.3330426
1,38144,1696067931.4356785
1,38272,1696067931.5399127
1,38400,1696067931.6432424
1,38528,1696067931.7460392
1,38656,1696067931.8482404
1,38784,1696067931.9501798
1,38912,1696067932.0532503
1,39040,1696067932.155754
1,39168,1696067932.258316
1,39296,1696067932.3604891
1,39424,1696067932.4620354
1,39552,1696067932.5648186
1,39680,1696067932.6667228
1,39808,1696067932.768708
1,39936,1696067932.8706949
1,40064,1696067932.9733121
1,40192,1696067933.0757813
1,40320,1696067933.1795576
1,40448,1696067933.282649
1,40576,1696067933.3848286
1,40704,1696067933.4869988
1,40832,1696067933.5898116
1,40960,1696067933.6907406
1,41088,1696067933.7928598
1,41216,1696067933.894878
1,41344,1696067933.998218
1,41472,1696067934.1013198
1,41600,1696067934.20301
1,41728,1696067934.3053432
1,41856,1696067934.407419
1,41984,1696067934.5102413
1,42112,1696067934.6118839
1,42240,1696067934.7156284
1,42368,1696067934.8186488
1,42496,1696067934.9219072
1,42624,1696067935.024236
1,42752,1696067935.1263125
1,42880,1696067935.2291389
1,43008,1696067935.3319511
1,43136,1696067935.433738
1,43264,1696067935.5371447
1,43392,1696067935.6388383
1,43520,1696067935.7413232
1,43648,1696067935.8443713
1,43776,1696067935.9464328
1,43904,1696067936.0493734
1,44032,1696067936.1519413
1,44160,1696067936.2542624
1,44288,1696067936.35094
1,44416,1696067936.4402084
1,44544,1696067936.5295727
1,44672,1696067936.6190147
1,44800,1696067936.7083538
1,44928,1696067936.797732
1,45056,1696067936.887026
1,45184,1696067936.9764059
1,45312,1696067937.065748
1,45440,1696067937.155084
1,45568,1696067937.2443695
1,45696,1696067937.3337317
1,45824,1696067937.4229841
1,45952,1696067937.5122976
1,46080,1696067937.601531
1,46208,1696067937.6909432
1,46336,1696067937.7802362
1,46464,1696067937.8695745
1,46592,1696067937.959056
1,46720,1696067938.0483582
1,46848,1696067938.1377163
1,46976,1696067938.226974
1,47104,1696067938.3163543
1,47232,1696067938.40567
1,47360,1696067938.4950538
1,47488,1696067938.584403
1,47616,1696067938.673779
1,47744,1696067938.7629585
1,47872,1696067938.8523164
1,48000,1696067938.9419956
1,48128,1696067939.0318205
1,48256,1696067939.1215239
1,48384,1696067939.2114458
1,48512,1696067939.3011556
1,48640,1696067939.3910263
1,48768,1696067939.4806623
1,48896,1696067939.5705562
1,49024,1696067939.6604688
1,49152,1696067939.7503407
1,49280,1696067939.8399982
1,49408,1696067939.9296994
1,49536,1696067940.019589
1,49664,1696067940.1094542
1,49792,1696067940.1992857
1,49920,1696067940.289154
1,50000,1696067940.3964484
2,128,1696067940.7024696
2,256,1696067940.7912333
2,384,1696067940.880404
2,512,1696067940.9697902
2,640,1696067941.0591176
2,768,1696067941.1484787
2,896,1696067941.2379296
2,1024,1696067941.3272538
2,1152,1696067941.4167008
2,1280,1696067941.5060015
2,1408,1696067941.5953372
2,1536,1696067941.6846414
2,1664,1696067941.7739823
2,1792,1696067941.8633428
2,1920,1696067941.952934
2,2048,1696067942.0422127
2,2176,1696067942.131611
2,2304,1696067942.2209406
2,2432,1696067942.310334
2,2560,1696067942.3995774
2,2688,1696067942.488907
2,2816,1696067942.578163
2,2944,1696067942.667542
2,3072,1696067942.7569923
2,3200,1696067942.8463426
2,3328,1696067942.9357224
2,3456,1696067943.0250094
2,3584,1696067943.1143594
2,3712,1696067943.2036932
2,3840,1696067943.2930546
2,3968,1696067943.3823202
2,4096,1696067943.4716523
2,4224,1696067943.5609767
2,4352,1696067943.6503258
2,4480,1696067943.7395284
2,4608,1696067943.8289304
2,4736,1696067943.9182553
2,4864,1696067944.0076168
2,4992,1696067944.097013
2,5120,1696067944.186413
2,5248,1696067944.2758763
2,5376,1696067944.365345
2,5504,1696067944.4548426
2,5632,1696067944.5441759
2,5760,1696067944.633533
2,5888,1696067944.7228281
2,6016,1696067944.8121924
2,6144,1696067944.901477
2,6272,1696067944.990822
2,6400,1696067945.0801733
2,6528,1696067945.1695127
2,6656,1696067945.258829
2,6784,1696067945.3481905
2,6912,1696067945.4375346
2,7040,1696067945.5268874
2,7168,1696067945.6163456
2,7296,1696067945.7057724
2,7424,1696067945.7952225
2,7552,1696067945.8845713
2,7680,1696067945.9739792
2,7808,1696067946.063327
2,7936,1696067946.1526966
2,8064,1696067946.2420974
2,8192,1696067946.3316255
