epoch,trained_sample,time
1,0,1695619261.6373246
1,32,1695619262.952835
1,64,1695619262.9763317
1,96,1695619262.9970963
1,128,1695619263.0168333
1,160,1695619263.0372007
1,192,1695619263.0585737
1,224,1695619263.079733
1,256,1695619263.0976005
1,288,1695619263.1160994
1,320,1695619263.1346235
1,352,1695619263.1556776
1,384,1695619263.177696
1,416,1695619263.1978824
1,448,1695619263.2170177
1,480,1695619263.236253
1,512,1695619263.2554336
1,544,1695619263.2753189
1,576,1695619263.292643
1,608,1695619263.311471
1,640,1695619263.335096
1,672,1695619263.3543236
1,704,1695619263.3743203
1,736,1695619263.3944561
1,768,1695619263.414283
1,800,1695619263.4341905
1,832,1695619263.4543345
1,864,1695619263.474366
1,896,1695619263.494244
1,928,1695619263.5141788
1,960,1695619263.5344791
1,992,1695619263.5544307
1,1024,1695619263.57419
1,1056,1695619263.5936053
1,1088,1695619263.6174202
1,1120,1695619263.6370466
1,1152,1695619263.6587138
1,1184,1695619263.6784542
1,1216,1695619263.6980608
1,1248,1695619263.7179441
1,1280,1695619263.7411585
1,1312,1695619263.760614
1,1344,1695619263.7789361
1,1376,1695619263.8000765
1,1408,1695619263.8214931
1,1440,1695619263.8423064
1,1472,1695619263.8621886
1,1504,1695619263.8830588
1,1536,1695619263.902212
1,1568,1695619263.9217741
1,1600,1695619263.9420178
1,1632,1695619263.9626334
1,1664,1695619263.9828477
1,1696,1695619263.9976096
1,1728,1695619264.0210574
1,1760,1695619264.0434105
1,1792,1695619264.066802
1,1824,1695619264.0864608
1,1856,1695619264.1066391
1,1888,1695619264.1259708
1,1920,1695619264.1464741
1,1952,1695619264.166072
1,1984,1695619264.1866534
1,2016,1695619264.206836
1,2048,1695619264.2231183
1,2080,1695619264.241366
1,2112,1695619264.2590177
1,2144,1695619264.2805715
1,2176,1695619264.3029125
1,2208,1695619264.3222492
1,2240,1695619264.34237
1,2272,1695619264.3622682
1,2304,1695619264.3824582
1,2336,1695619264.4020045
1,2368,1695619264.4226983
1,2400,1695619264.4422953
1,2432,1695619264.462383
1,2464,1695619264.4823377
1,2496,1695619264.502402
1,2528,1695619264.5221446
1,2560,1695619264.542346
1,2592,1695619264.562447
1,2624,1695619264.5823889
1,2656,1695619264.6024003
1,2688,1695619264.6221614
1,2720,1695619264.642299
1,2752,1695619264.6625748
1,2784,1695619264.682058
1,2816,1695619264.7025523
1,2848,1695619264.7220476
1,2880,1695619264.7427726
1,2912,1695619264.7644265
1,2944,1695619264.7867734
1,2976,1695619264.8106
1,3008,1695619264.82732
1,3040,1695619264.8504157
1,3072,1695619264.8741167
1,3104,1695619264.9000373
1,3136,1695619264.9223957
1,3168,1695619264.9470696
1,3200,1695619264.9700541
1,3232,1695619264.9930923
1,3264,1695619265.0146956
1,3296,1695619265.0342422
1,3328,1695619265.0508146
1,3360,1695619265.0674043
1,3392,1695619265.0843658
1,3424,1695619265.1001425
1,3456,1695619265.1204932
1,3488,1695619265.1427462
1,3520,1695619265.163045
1,3552,1695619265.1848023
1,3584,1695619265.207066
1,3616,1695619265.221721
1,3648,1695619265.2450786
1,3680,1695619265.2666578
1,3712,1695619265.2878137
1,3744,1695619265.3093004
1,3776,1695619265.3331974
1,3808,1695619265.3544707
1,3840,1695619265.3743143
1,3872,1695619265.3938673
1,3904,1695619265.414554
1,3936,1695619265.4409301
1,3968,1695619265.4607906
1,4000,1695619265.4813237
1,4032,1695619265.50514
1,4064,1695619265.5218213
1,4096,1695619265.5444248
1,4128,1695619265.5666833
1,4160,1695619265.587239
1,4192,1695619265.6033618
1,4224,1695619265.6203237
1,4256,1695619265.6384368
1,4288,1695619265.6561737
1,4320,1695619265.6727893
1,4352,1695619265.6897495
1,4384,1695619265.7064471
1,4416,1695619265.7240002
1,4448,1695619265.740921
1,4480,1695619265.7579892
1,4512,1695619265.7747476
1,4544,1695619265.799658
1,4576,1695619265.8204918
1,4608,1695619265.8415577
1,4640,1695619265.8652039
1,4672,1695619265.8832364
1,4704,1695619265.9019501
1,4736,1695619265.9194424
1,4768,1695619265.9361243
1,4800,1695619265.9528291
1,4832,1695619265.969976
1,4864,1695619265.986413
1,4896,1695619266.0059168
1,4928,1695619266.0234191
1,4960,1695619266.0401897
1,4992,1695619266.0564516
1,5024,1695619266.0736327
1,5056,1695619266.0912755
1,5088,1695619266.1100028
1,5120,1695619266.128155
1,5152,1695619266.1448147
1,5184,1695619266.161372
1,5216,1695619266.1794176
1,5248,1695619266.2088473
1,5280,1695619266.22861
1,5312,1695619266.2463439
1,5344,1695619266.2632189
1,5376,1695619266.2860157
1,5408,1695619266.3066614
1,5440,1695619266.3288293
1,5472,1695619266.350701
1,5504,1695619266.3700554
1,5536,1695619266.3907304
1,5568,1695619266.4098642
1,5600,1695619266.430445
1,5632,1695619266.4504611
1,5664,1695619266.4703434
1,5696,1695619266.4902477
1,5728,1695619266.510685
1,5760,1695619266.529781
1,5792,1695619266.5524983
1,5824,1695619266.5758379
1,5856,1695619266.595055
1,5888,1695619266.6113393
1,5920,1695619266.6292856
1,5952,1695619266.648518
1,5984,1695619266.6662536
1,6016,1695619266.685156
1,6048,1695619266.7030613
1,6080,1695619266.7247286
1,6112,1695619266.745046
1,6144,1695619266.7665439
1,6176,1695619266.7866364
1,6208,1695619266.8061957
1,6240,1695619266.8261433
1,6272,1695619266.8466752
1,6304,1695619266.8613584
1,6336,1695619266.883154
1,6368,1695619266.9035435
1,6400,1695619266.9182758
1,6432,1695619266.9374
1,6464,1695619266.9589002
1,6496,1695619266.9785318
1,6528,1695619267.003034
1,6560,1695619267.0236423
1,6592,1695619267.044644
1,6624,1695619267.0652943
1,6656,1695619267.0811183
1,6688,1695619267.0998628
1,6720,1695619267.1237304
1,6752,1695619267.1487405
1,6784,1695619267.1712909
1,6816,1695619267.1919065
1,6848,1695619267.2121089
1,6880,1695619267.235681
1,6912,1695619267.254982
1,6944,1695619267.276117
1,6976,1695619267.2971914
1,7008,1695619267.318889
1,7040,1695619267.3428516
1,7072,1695619267.363377
1,7104,1695619267.3843343
1,7136,1695619267.4055634
1,7168,1695619267.4271111
1,7200,1695619267.4495728
1,7232,1695619267.470685
1,7264,1695619267.4940093
1,7296,1695619267.5130036
1,7328,1695619267.53112
1,7360,1695619267.5478823
1,7392,1695619267.564453
1,7424,1695619267.5815318
1,7456,1695619267.5992126
1,7488,1695619267.6188083
1,7520,1695619267.638342
1,7552,1695619267.6584952
1,7584,1695619267.6785944
1,7616,1695619267.6961482
1,7648,1695619267.7126997
1,7680,1695619267.7297702
1,7712,1695619267.7467306
1,7744,1695619267.7656233
1,7776,1695619267.783122
1,7808,1695619267.801759
1,7840,1695619267.8193119
1,7872,1695619267.835947
1,7904,1695619267.8527992
1,7936,1695619267.869815
1,7968,1695619267.8866458
1,8000,1695619267.9040642
1,8032,1695619267.9205525
1,8064,1695619267.9432824
1,8096,1695619267.9645176
1,8128,1695619267.9867208
1,8160,1695619268.0060685
1,8192,1695619268.0261679
1,8224,1695619268.0464222
1,8256,1695619268.0663583
1,8288,1695619268.0863822
1,8320,1695619268.106287
1,8352,1695619268.126465
1,8384,1695619268.1461527
1,8416,1695619268.1664402
1,8448,1695619268.1861715
1,8480,1695619268.2060692
1,8512,1695619268.2258947
1,8544,1695619268.2461827
1,8576,1695619268.2634676
1,8608,1695619268.280937
1,8640,1695619268.2980344
1,8672,1695619268.3137653
1,8704,1695619268.338848
1,8736,1695619268.3575962
1,8768,1695619268.3758366
1,8800,1695619268.3943667
1,8832,1695619268.4117913
1,8864,1695619268.4284992
1,8896,1695619268.4456336
1,8928,1695619268.4625537
1,8960,1695619268.4800308
1,8992,1695619268.4966304
1,9024,1695619268.5136368
1,9056,1695619268.5305402
1,9088,1695619268.5479224
1,9120,1695619268.5708017
1,9152,1695619268.590461
1,9184,1695619268.6104133
1,9216,1695619268.6300175
1,9248,1695619268.6507502
1,9280,1695619268.6708896
1,9312,1695619268.6881754
1,9344,1695619268.7044246
1,9376,1695619268.7276995
1,9408,1695619268.7491436
1,9440,1695619268.7736015
1,9472,1695619268.7938027
1,9504,1695619268.815107
1,9536,1695619268.8384085
1,9568,1695619268.8631876
1,9600,1695619268.8847625
1,9632,1695619268.9092178
1,9664,1695619268.9297104
1,9696,1695619268.9509559
1,9728,1695619268.9715168
1,9760,1695619268.9887547
1,9792,1695619269.0061421
1,9824,1695619269.025631
1,9856,1695619269.0519168
1,9888,1695619269.0796492
1,9920,1695619269.1002634
1,9952,1695619269.1202855
1,9984,1695619269.1404197
1,10016,1695619269.1600502
1,10048,1695619269.176249
1,10080,1695619269.1944463
1,10112,1695619269.2192752
1,10144,1695619269.2402987
1,10176,1695619269.2628598
1,10208,1695619269.2779257
1,10240,1695619269.301263
1,10272,1695619269.3201783
1,10304,1695619269.345548
1,10336,1695619269.3629742
1,10368,1695619269.3907278
1,10400,1695619269.4130156
1,10432,1695619269.4315953
1,10464,1695619269.4527059
1,10496,1695619269.4738095
1,10528,1695619269.5009854
1,10560,1695619269.521462
1,10592,1695619269.5459602
1,10624,1695619269.565499
1,10656,1695619269.5901058
1,10688,1695619269.6078672
1,10720,1695619269.6271217
1,10752,1695619269.6461515
1,10784,1695619269.6711464
1,10816,1695619269.6928916
1,10848,1695619269.7187848
1,10880,1695619269.7344754
1,10912,1695619269.7535262
1,10944,1695619269.7764485
1,10976,1695619269.8030221
1,11008,1695619269.8236606
1,11040,1695619269.845934
1,11072,1695619269.8674135
1,11104,1695619269.8889697
1,11136,1695619269.9133868
1,11168,1695619269.9354172
1,11200,1695619269.961551
1,11232,1695619269.9828517
1,11264,1695619270.008446
1,11296,1695619270.0303078
1,11328,1695619270.0550323
1,11360,1695619270.0757203
1,11392,1695619270.0975022
1,11424,1695619270.120857
1,11456,1695619270.1427882
1,11488,1695619270.1631474
1,11520,1695619270.185023
1,11552,1695619270.2091687
1,11584,1695619270.2304816
1,11616,1695619270.2506425
1,11648,1695619270.2713869
1,11680,1695619270.2888734
1,11712,1695619270.3079102
1,11744,1695619270.3271086
1,11776,1695619270.344463
1,11808,1695619270.3702195
1,11840,1695619270.3926697
1,11872,1695619270.4146981
1,11904,1695619270.4386013
1,11936,1695619270.462281
1,11968,1695619270.4881492
1,12000,1695619270.5116894
1,12032,1695619270.5325916
1,12064,1695619270.5548818
1,12096,1695619270.5785406
1,12128,1695619270.6023724
1,12160,1695619270.6289341
1,12192,1695619270.6496737
1,12224,1695619270.6730058
1,12256,1695619270.6950743
1,12288,1695619270.713793
1,12320,1695619270.7310731
1,12352,1695619270.7475219
1,12384,1695619270.7678823
1,12416,1695619270.7903469
1,12448,1695619270.8145807
1,12480,1695619270.8360472
1,12512,1695619270.860237
1,12544,1695619270.8811252
1,12576,1695619270.90181
1,12608,1695619270.917333
1,12640,1695619270.944067
1,12672,1695619270.9652867
1,12704,1695619270.9862998
1,12736,1695619271.0054126
1,12768,1695619271.0360413
1,12800,1695619271.0651612
1,12832,1695619271.0834324
1,12864,1695619271.1009703
1,12896,1695619271.1295977
1,12928,1695619271.1528394
1,12960,1695619271.1748922
1,12992,1695619271.2048364
1,13024,1695619271.2227046
1,13056,1695619271.2463462
1,13088,1695619271.2658994
1,13120,1695619271.2858076
1,13152,1695619271.3057468
1,13184,1695619271.3256502
1,13216,1695619271.3454566
1,13248,1695619271.366759
1,13280,1695619271.387945
1,13312,1695619271.4093595
1,13344,1695619271.4308884
1,13376,1695619271.459122
1,13408,1695619271.4831245
1,13440,1695619271.5022533
1,13472,1695619271.5235095
1,13504,1695619271.5469103
1,13536,1695619271.5669932
1,13568,1695619271.5897844
1,13600,1695619271.6116433
1,13632,1695619271.6318917
1,13664,1695619271.6518023
1,13696,1695619271.671901
1,13728,1695619271.6943817
1,13760,1695619271.7204816
1,13792,1695619271.7439969
1,13824,1695619271.7738373
1,13856,1695619271.7900963
1,13888,1695619271.8120992
1,13920,1695619271.8346605
1,13952,1695619271.855718
1,13984,1695619271.8775475
1,14016,1695619271.9017189
1,14048,1695619271.928605
1,14080,1695619271.9528797
1,14112,1695619271.9758096
1,14144,1695619272.0004358
1,14176,1695619272.024506
1,14208,1695619272.0479162
1,14240,1695619272.0724294
1,14272,1695619272.0959241
1,14304,1695619272.1259382
1,14336,1695619272.1425624
1,14368,1695619272.1672063
1,14400,1695619272.1885042
1,14432,1695619272.213954
1,14464,1695619272.2359533
1,14496,1695619272.2594283
1,14528,1695619272.2893848
1,14560,1695619272.3060768
1,14592,1695619272.3287547
1,14624,1695619272.3499956
1,14656,1695619272.3697917
1,14688,1695619272.3895712
1,14720,1695619272.408749
1,14752,1695619272.430996
1,14784,1695619272.4591458
1,14816,1695619272.4774177
1,14848,1695619272.5015876
1,14880,1695619272.52256
1,14912,1695619272.5429435
1,14944,1695619272.5646703
1,14976,1695619272.5878968
1,15008,1695619272.6092803
1,15040,1695619272.6318505
1,15072,1695619272.6529365
1,15104,1695619272.6757822
1,15136,1695619272.6959455
1,15168,1695619272.722013
1,15200,1695619272.7450213
1,15232,1695619272.7663736
1,15264,1695619272.7869675
1,15296,1695619272.811624
1,15328,1695619272.8343961
1,15360,1695619272.8553927
1,15392,1695619272.876756
1,15424,1695619272.8999417
1,15456,1695619272.922612
1,15488,1695619272.943582
1,15520,1695619272.9627585
1,15552,1695619272.9869573
1,15584,1695619273.0118818
1,15616,1695619273.0337195
1,15648,1695619273.0555112
1,15680,1695619273.0773556
1,15712,1695619273.0998917
1,15744,1695619273.1210382
1,15776,1695619273.143878
1,15808,1695619273.1628315
1,15840,1695619273.1874607
1,15872,1695619273.2101946
1,15904,1695619273.2314498
1,15936,1695619273.2540007
1,15968,1695619273.2750027
1,16000,1695619273.2963028
1,16032,1695619273.3198743
1,16064,1695619273.3409853
1,16096,1695619273.3637223
1,16128,1695619273.3844845
1,16160,1695619273.406507
1,16192,1695619273.4335365
1,16224,1695619273.4570673
1,16256,1695619273.4785275
1,16288,1695619273.499006
1,16320,1695619273.5156922
1,16352,1695619273.5384765
1,16384,1695619273.567396
1,16416,1695619273.587478
1,16448,1695619273.6140416
1,16480,1695619273.6325111
1,16512,1695619273.6579413
1,16544,1695619273.6783447
1,16576,1695619273.6989775
1,16608,1695619273.720794
1,16640,1695619273.7437847
1,16672,1695619273.7646232
1,16704,1695619273.788305
1,16736,1695619273.8095593
1,16768,1695619273.8316581
1,16800,1695619273.8525794
1,16832,1695619273.874677
1,16864,1695619273.8992937
1,16896,1695619273.921883
1,16928,1695619273.9400856
1,16960,1695619273.962371
1,16992,1695619273.9833739
1,17024,1695619274.0042934
1,17056,1695619274.0264175
1,17088,1695619274.0537949
1,17120,1695619274.0768993
1,17152,1695619274.0983987
1,17184,1695619274.1232152
1,17216,1695619274.1456661
1,17248,1695619274.168761
1,17280,1695619274.1962328
1,17312,1695619274.2173884
1,17344,1695619274.2351635
1,17376,1695619274.2549922
1,17408,1695619274.2793016
1,17440,1695619274.2999766
1,17472,1695619274.3215716
1,17504,1695619274.3466587
1,17536,1695619274.3697
1,17568,1695619274.3900619
1,17600,1695619274.407477
1,17632,1695619274.4294848
1,17664,1695619274.449856
1,17696,1695619274.4662147
1,17728,1695619274.4870303
1,17760,1695619274.5109937
1,17792,1695619274.5318832
1,17824,1695619274.553248
1,17856,1695619274.5779862
1,17888,1695619274.6013157
1,17920,1695619274.6257164
1,17952,1695619274.6457624
1,17984,1695619274.6706462
1,18016,1695619274.6905346
1,18048,1695619274.7128644
1,18080,1695619274.7436986
1,18112,1695619274.7624323
1,18144,1695619274.7798846
1,18176,1695619274.7991624
1,18208,1695619274.8170002
1,18240,1695619274.8373797
1,18272,1695619274.8586593
1,18304,1695619274.8856018
1,18336,1695619274.9045584
1,18368,1695619274.9235067
1,18400,1695619274.9457173
1,18432,1695619274.9722273
1,18464,1695619274.9941843
1,18496,1695619275.0176506
1,18528,1695619275.0372334
1,18560,1695619275.0549664
1,18592,1695619275.0770867
1,18624,1695619275.108752
1,18656,1695619275.128527
1,18688,1695619275.1547086
1,18720,1695619275.1727524
1,18752,1695619275.1967466
1,18784,1695619275.216999
1,18816,1695619275.241721
1,18848,1695619275.2686422
1,18880,1695619275.2975523
1,18912,1695619275.3187296
1,18944,1695619275.3459408
1,18976,1695619275.3708134
1,19008,1695619275.3893015
1,19040,1695619275.412747
1,19072,1695619275.4347348
1,19104,1695619275.4508398
1,19136,1695619275.473157
1,19168,1695619275.495321
1,19200,1695619275.5146475
1,19232,1695619275.5414736
1,19264,1695619275.5604975
1,19296,1695619275.577459
1,19328,1695619275.6024163
1,19360,1695619275.6208625
1,19392,1695619275.6397495
1,19424,1695619275.659265
1,19456,1695619275.6831255
1,19488,1695619275.703884
1,19520,1695619275.7275825
1,19552,1695619275.7482698
1,19584,1695619275.7699184
1,19616,1695619275.79326
1,19648,1695619275.8135579
1,19680,1695619275.831074
1,19712,1695619275.8537664
1,19744,1695619275.8749266
1,19776,1695619275.895463
1,19808,1695619275.923495
1,19840,1695619275.9460442
1,19872,1695619275.9670515
1,19904,1695619275.9875517
1,19936,1695619276.0164442
1,19968,1695619276.0381515
1,20000,1695619276.0585527
1,20032,1695619276.0795693
1,20064,1695619276.1028697
1,20096,1695619276.1268084
1,20128,1695619276.1489677
1,20160,1695619276.1711426
1,20192,1695619276.191587
1,20224,1695619276.2152574
1,20256,1695619276.2369
1,20288,1695619276.259304
1,20320,1695619276.2825966
1,20352,1695619276.3041975
1,20384,1695619276.327077
1,20416,1695619276.348314
1,20448,1695619276.3715036
1,20480,1695619276.394479
1,20512,1695619276.4189851
1,20544,1695619276.4422097
1,20576,1695619276.4629602
1,20608,1695619276.4824228
1,20640,1695619276.5013392
1,20672,1695619276.5199578
1,20704,1695619276.5377975
1,20736,1695619276.567572
1,20768,1695619276.5884895
1,20800,1695619276.6096401
1,20832,1695619276.6311278
1,20864,1695619276.6517735
1,20896,1695619276.6753597
1,20928,1695619276.6965075
1,20960,1695619276.7193735
1,20992,1695619276.739861
1,21024,1695619276.7633796
1,21056,1695619276.784231
1,21088,1695619276.806223
1,21120,1695619276.822745
1,21152,1695619276.844797
1,21184,1695619276.8635056
1,21216,1695619276.8825107
1,21248,1695619276.9070694
1,21280,1695619276.9289365
1,21312,1695619276.9512646
1,21344,1695619276.9678402
1,21376,1695619276.9880185
1,21408,1695619277.0112822
1,21440,1695619277.0317311
1,21472,1695619277.0556247
1,21504,1695619277.0715547
1,21536,1695619277.0899947
1,21568,1695619277.1103027
1,21600,1695619277.128534
1,21632,1695619277.1500797
1,21664,1695619277.1732864
1,21696,1695619277.1948688
1,21728,1695619277.2105365
1,21760,1695619277.2283032
1,21792,1695619277.2472107
1,21824,1695619277.2701569
1,21856,1695619277.2924976
1,21888,1695619277.3176394
1,21920,1695619277.3352408
1,21952,1695619277.361152
1,21984,1695619277.3857143
1,22016,1695619277.4069624
1,22048,1695619277.4265158
1,22080,1695619277.4540071
1,22112,1695619277.4767828
1,22144,1695619277.5029197
1,22176,1695619277.5218682
1,22208,1695619277.5539665
1,22240,1695619277.5723324
1,22272,1695619277.593688
1,22304,1695619277.6212635
1,22336,1695619277.6438382
1,22368,1695619277.666357
1,22400,1695619277.694717
1,22432,1695619277.714068
1,22464,1695619277.728696
1,22496,1695619277.7530832
1,22528,1695619277.7767723
1,22560,1695619277.8051887
1,22592,1695619277.8317819
1,22624,1695619277.8532052
1,22656,1695619277.8777013
1,22688,1695619277.8962877
1,22720,1695619277.9162645
1,22752,1695619277.939199
1,22784,1695619277.9551766
1,22816,1695619277.9769542
1,22848,1695619277.999369
1,22880,1695619278.019456
1,22912,1695619278.045868
1,22944,1695619278.0638676
1,22976,1695619278.0887127
1,23008,1695619278.1112957
1,23040,1695619278.1314292
1,23072,1695619278.155606
1,23104,1695619278.1768377
1,23136,1695619278.1994164
1,23168,1695619278.2196763
1,23200,1695619278.2435606
1,23232,1695619278.2596083
1,23264,1695619278.2801495
1,23296,1695619278.302197
1,23328,1695619278.3226795
1,23360,1695619278.343513
1,23392,1695619278.3655171
1,23424,1695619278.3861916
1,23456,1695619278.406527
1,23488,1695619278.4275115
1,23520,1695619278.4565086
1,23552,1695619278.4780486
1,23584,1695619278.498787
1,23616,1695619278.5199172
1,23648,1695619278.5433156
1,23680,1695619278.5637102
1,23712,1695619278.587256
1,23744,1695619278.611085
1,23776,1695619278.6301346
1,23808,1695619278.6477478
1,23840,1695619278.668812
1,23872,1695619278.691213
1,23904,1695619278.7072842
1,23936,1695619278.7289708
1,23968,1695619278.7491858
1,24000,1695619278.7674031
1,24032,1695619278.7895849
1,24064,1695619278.8110583
1,24096,1695619278.830895
1,24128,1695619278.8574002
1,24160,1695619278.8757222
1,24192,1695619278.8965552
1,24224,1695619278.9191258
1,24256,1695619278.9422412
1,24288,1695619278.9633126
1,24320,1695619278.9831328
1,24352,1695619279.0081692
1,24384,1695619279.0282552
1,24416,1695619279.05135
1,24448,1695619279.0720663
1,24480,1695619279.0951364
1,24512,1695619279.110982
1,24544,1695619279.1305184
1,24576,1695619279.1533308
1,24608,1695619279.1751761
1,24640,1695619279.1954765
1,24672,1695619279.2195802
1,24704,1695619279.2412512
1,24736,1695619279.2632709
1,24768,1695619279.2835886
1,24800,1695619279.3073306
1,24832,1695619279.3311048
1,24864,1695619279.3520496
1,24896,1695619279.3753743
1,24928,1695619279.3965077
1,24960,1695619279.4208853
1,24992,1695619279.441453
1,25024,1695619279.4607012
1,25056,1695619279.4793963
1,25088,1695619279.4991086
1,25120,1695619279.5196285
1,25152,1695619279.5400422
1,25184,1695619279.5596604
1,25216,1695619279.5788987
1,25248,1695619279.598967
1,25280,1695619279.619663
1,25312,1695619279.6394126
1,25344,1695619279.6588943
1,25376,1695619279.679303
1,25408,1695619279.6997678
1,25440,1695619279.7191634
1,25472,1695619279.736788
1,25504,1695619279.7548318
1,25536,1695619279.775231
1,25568,1695619279.7952442
1,25600,1695619279.8127759
1,25632,1695619279.8299186
1,25664,1695619279.8551805
1,25696,1695619279.8774807
1,25728,1695619279.8983383
1,25760,1695619279.9213614
1,25792,1695619279.943536
1,25824,1695619279.9650643
1,25856,1695619279.9860709
1,25888,1695619280.0065813
1,25920,1695619280.026317
1,25952,1695619280.0466537
1,25984,1695619280.0673141
1,26016,1695619280.0908847
1,26048,1695619280.1131823
1,26080,1695619280.13568
1,26112,1695619280.1561685
1,26144,1695619280.1765945
1,26176,1695619280.1975372
1,26208,1695619280.2192998
1,26240,1695619280.2386982
1,26272,1695619280.2653058
1,26304,1695619280.2860537
1,26336,1695619280.3074982
1,26368,1695619280.327755
1,26400,1695619280.3502614
1,26432,1695619280.371062
1,26464,1695619280.38693
1,26496,1695619280.4090445
1,26528,1695619280.431023
1,26560,1695619280.4509017
1,26592,1695619280.4690793
1,26624,1695619280.4927034
1,26656,1695619280.5152824
1,26688,1695619280.5351126
1,26720,1695619280.5594604
1,26752,1695619280.581398
1,26784,1695619280.6030438
1,26816,1695619280.6224992
1,26848,1695619280.649454
1,26880,1695619280.6678388
1,26912,1695619280.6888723
1,26944,1695619280.7118375
1,26976,1695619280.7324593
1,27008,1695619280.7551417
1,27040,1695619280.774089
1,27072,1695619280.795845
1,27104,1695619280.8240876
1,27136,1695619280.845698
1,27168,1695619280.8672075
1,27200,1695619280.8872285
1,27232,1695619280.9135385
1,27264,1695619280.9317827
1,27296,1695619280.950707
1,27328,1695619280.9756954
1,27360,1695619280.9971185
1,27392,1695619281.0153077
1,27424,1695619281.0318418
1,27456,1695619281.0523212
1,27488,1695619281.0752254
1,27520,1695619281.0953503
1,27552,1695619281.1194797
1,27584,1695619281.1414082
1,27616,1695619281.1645246
1,27648,1695619281.1864696
1,27680,1695619281.205639
1,27712,1695619281.2245069
1,27744,1695619281.241895
1,27776,1695619281.2658417
1,27808,1695619281.2893038
1,27840,1695619281.310078
1,27872,1695619281.3305035
1,27904,1695619281.3515193
1,27936,1695619281.3758574
1,27968,1695619281.3993495
1,28000,1695619281.4196901
1,28032,1695619281.4416687
1,28064,1695619281.4642751
1,28096,1695619281.48744
1,28128,1695619281.5076604
1,28160,1695619281.5295153
1,28192,1695619281.552318
1,28224,1695619281.575201
1,28256,1695619281.595521
1,28288,1695619281.618132
1,28320,1695619281.6422663
1,28352,1695619281.6651952
1,28384,1695619281.6886523
1,28416,1695619281.708916
1,28448,1695619281.727156
1,28480,1695619281.749665
1,28512,1695619281.7711143
1,28544,1695619281.7915823
1,28576,1695619281.8188734
1,28608,1695619281.83609
1,28640,1695619281.8566353
1,28672,1695619281.8791988
1,28704,1695619281.899077
1,28736,1695619281.915558
1,28768,1695619281.932694
1,28800,1695619281.9513762
1,28832,1695619281.9715173
1,28864,1695619281.991871
1,28896,1695619282.0111554
1,28928,1695619282.0307846
1,28960,1695619282.0514662
1,28992,1695619282.0718324
1,29024,1695619282.0914488
1,29056,1695619282.1111722
1,29088,1695619282.1317291
1,29120,1695619282.1517792
1,29152,1695619282.171294
1,29184,1695619282.195242
1,29216,1695619282.216107
1,29248,1695619282.2368429
1,29280,1695619282.2622647
1,29312,1695619282.2785017
1,29344,1695619282.3008475
1,29376,1695619282.3234444
1,29408,1695619282.3428855
1,29440,1695619282.3653283
1,29472,1695619282.3885405
1,29504,1695619282.41054
1,29536,1695619282.426863
1,29568,1695619282.4492955
1,29600,1695619282.4711673
1,29632,1695619282.4876387
1,29664,1695619282.5089223
1,29696,1695619282.5313783
1,29728,1695619282.551619
1,29760,1695619282.5734105
1,29792,1695619282.59651
1,29824,1695619282.6188457
1,29856,1695619282.6345453
1,29888,1695619282.6574974
1,29920,1695619282.6793735
1,29952,1695619282.6990054
1,29984,1695619282.7214422
1,30016,1695619282.745075
1,30048,1695619282.764929
1,30080,1695619282.7850735
1,30112,1695619282.8070114
1,30144,1695619282.8257756
1,30176,1695619282.8490977
1,30208,1695619282.8711839
1,30240,1695619282.8908427
1,30272,1695619282.9134204
1,30304,1695619282.9373891
1,30336,1695619282.9573748
1,30368,1695619282.9749968
1,30400,1695619282.9975936
1,30432,1695619283.0195408
1,30464,1695619283.0389466
1,30496,1695619283.0547733
1,30528,1695619283.074162
1,30560,1695619283.0908878
1,30592,1695619283.1135075
1,30624,1695619283.1351843
1,30656,1695619283.1548083
1,30688,1695619283.181063
1,30720,1695619283.206174
1,30752,1695619283.2266614
1,30784,1695619283.2425787
1,30816,1695619283.2653656
1,30848,1695619283.2871532
1,30880,1695619283.306626
1,30912,1695619283.325827
1,30944,1695619283.344206
1,30976,1695619283.3631647
1,31008,1695619283.383809
1,31040,1695619283.4039638
1,31072,1695619283.4235058
1,31104,1695619283.443199
1,31136,1695619283.4637005
1,31168,1695619283.4872568
1,31200,1695619283.5108452
1,31232,1695619283.5323544
1,31264,1695619283.553386
1,31296,1695619283.5706365
1,31328,1695619283.593712
1,31360,1695619283.6140552
1,31392,1695619283.6390247
1,31424,1695619283.6621234
1,31456,1695619283.685714
1,31488,1695619283.7070878
1,31520,1695619283.7267506
1,31552,1695619283.7534773
1,31584,1695619283.7769077
1,31616,1695619283.7982254
1,31648,1695619283.8186436
1,31680,1695619283.838766
1,31712,1695619283.8623486
1,31744,1695619283.878952
1,31776,1695619283.9008346
1,31808,1695619283.9234052
1,31840,1695619283.9431398
1,31872,1695619283.9700043
1,31904,1695619283.9880106
1,31936,1695619284.007862
1,31968,1695619284.0275362
1,32000,1695619284.047178
1,32032,1695619284.0678728
1,32064,1695619284.0911815
1,32096,1695619284.107476
1,32128,1695619284.1285717
1,32160,1695619284.151097
1,32192,1695619284.1723847
1,32224,1695619284.1950777
1,32256,1695619284.215256
1,32288,1695619284.2394607
1,32320,1695619284.2591536
1,32352,1695619284.2809916
1,32384,1695619284.3034086
1,32416,1695619284.3224423
1,32448,1695619284.3493814
1,32480,1695619284.3677807
1,32512,1695619284.3895938
1,32544,1695619284.411221
1,32576,1695619284.4318767
1,32608,1695619284.4552104
1,32640,1695619284.4757614
1,32672,1695619284.4992392
1,32704,1695619284.5201113
1,32736,1695619284.5433438
1,32768,1695619284.5637622
1,32800,1695619284.5873766
1,32832,1695619284.6066248
1,32864,1695619284.6272364
1,32896,1695619284.6438892
1,32928,1695619284.664435
1,32960,1695619284.6871002
1,32992,1695619284.707031
1,33024,1695619284.7337987
1,33056,1695619284.751877
1,33088,1695619284.7717469
1,33120,1695619284.7943366
1,33152,1695619284.8193166
1,33184,1695619284.8381913
1,33216,1695619284.8552644
1,33248,1695619284.8769772
1,33280,1695619284.8990269
1,33312,1695619284.9190884
1,33344,1695619284.9407117
1,33376,1695619284.9578664
1,33408,1695619284.9787772
1,33440,1695619285.005541
1,33472,1695619285.0231483
1,33504,1695619285.0422409
1,33536,1695619285.0629768
1,33568,1695619285.0830884
1,33600,1695619285.0994534
1,33632,1695619285.120882
1,33664,1695619285.1424377
1,33696,1695619285.161514
1,33728,1695619285.183171
1,33760,1695619285.2114158
1,33792,1695619285.2326677
1,33824,1695619285.259325
1,33856,1695619285.2806246
1,33888,1695619285.307917
1,33920,1695619285.3296964
1,33952,1695619285.3502324
1,33984,1695619285.3733814
1,34016,1695619285.3949754
1,34048,1695619285.4177666
1,34080,1695619285.439043
1,34112,1695619285.458922
1,34144,1695619285.4855647
1,34176,1695619285.503995
1,34208,1695619285.5237863
1,34240,1695619285.5437686
1,34272,1695619285.5657077
1,34304,1695619285.586621
1,34336,1695619285.6094038
1,34368,1695619285.6313758
1,34400,1695619285.6511219
1,34432,1695619285.6727781
1,34464,1695619285.6901515
1,34496,1695619285.7151484
1,34528,1695619285.7366848
1,34560,1695619285.7542753
1,34592,1695619285.778636
1,34624,1695619285.803153
1,34656,1695619285.8255377
1,34688,1695619285.849637
1,34720,1695619285.8678083
1,34752,1695619285.88656
1,34784,1695619285.907567
1,34816,1695619285.926156
1,34848,1695619285.946321
1,34880,1695619285.9667816
1,34912,1695619285.9871497
1,34944,1695619286.0036292
1,34976,1695619286.0241337
1,35008,1695619286.047412
1,35040,1695619286.0662887
1,35072,1695619286.0913358
1,35104,1695619286.109555
1,35136,1695619286.137062
1,35168,1695619286.155561
1,35200,1695619286.1738048
1,35232,1695619286.2001562
1,35264,1695619286.2219138
1,35296,1695619286.2461438
1,35328,1695619286.2631629
1,35360,1695619286.2846928
1,35392,1695619286.307191
1,35424,1695619286.3237972
1,35456,1695619286.3434706
1,35488,1695619286.367278
1,35520,1695619286.3877451
1,35552,1695619286.4098377
1,35584,1695619286.431415
1,35616,1695619286.4574845
1,35648,1695619286.4754522
1,35680,1695619286.4947033
1,35712,1695619286.517184
1,35744,1695619286.5408635
1,35776,1695619286.5627666
1,35808,1695619286.5786703
1,35840,1695619286.600776
1,35872,1695619286.6233385
1,35904,1695619286.6433065
1,35936,1695619286.6654587
1,35968,1695619286.6895614
1,36000,1695619286.707551
1,36032,1695619286.7264817
1,36064,1695619286.7428632
1,36096,1695619286.765338
1,36128,1695619286.7872677
1,36160,1695619286.807096
1,36192,1695619286.823474
1,36224,1695619286.8446
1,36256,1695619286.8672135
1,36288,1695619286.883328
1,36320,1695619286.9045873
1,36352,1695619286.9273186
1,36384,1695619286.9463031
1,36416,1695619286.9687479
1,36448,1695619286.986213
1,36480,1695619287.0108805
1,36512,1695619287.0291548
1,36544,1695619287.0480838
1,36576,1695619287.0668771
1,36608,1695619287.087676
1,36640,1695619287.110741
1,36672,1695619287.126945
1,36704,1695619287.1493762
1,36736,1695619287.1712062
1,36768,1695619287.1901007
1,36800,1695619287.2080035
1,36832,1695619287.2270901
1,36864,1695619287.2476528
1,36896,1695619287.2679386
1,36928,1695619287.2878706
1,36960,1695619287.3073962
1,36992,1695619287.3271968
1,37024,1695619287.34809
1,37056,1695619287.3677683
1,37088,1695619287.3874385
1,37120,1695619287.407407
1,37152,1695619287.427958
1,37184,1695619287.4477065
1,37216,1695619287.4671698
1,37248,1695619287.4878163
1,37280,1695619287.5086784
1,37312,1695619287.527879
1,37344,1695619287.5471687
1,37376,1695619287.5662346
1,37408,1695619287.5832865
1,37440,1695619287.602651
1,37472,1695619287.6227198
1,37504,1695619287.6433456
1,37536,1695619287.6639993
1,37568,1695619287.6851542
1,37600,1695619287.705091
1,37632,1695619287.7275405
1,37664,1695619287.750303
1,37696,1695619287.7734175
1,37728,1695619287.7949667
1,37760,1695619287.8104553
1,37792,1695619287.8303049
1,37824,1695619287.855411
1,37856,1695619287.8770292
1,37888,1695619287.8985128
1,37920,1695619287.918559
1,37952,1695619287.938785
1,37984,1695619287.959219
1,38016,1695619287.9817061
1,38048,1695619288.003029
1,38080,1695619288.0239189
1,38112,1695619288.0516536
1,38144,1695619288.07443
1,38176,1695619288.0956557
1,38208,1695619288.1195843
1,38240,1695619288.140597
1,38272,1695619288.1634715
1,38304,1695619288.1826265
1,38336,1695619288.2056258
1,38368,1695619288.2291632
1,38400,1695619288.251373
1,38432,1695619288.2676444
1,38464,1695619288.2890484
1,38496,1695619288.3110242
1,38528,1695619288.3267996
1,38560,1695619288.3463645
1,38592,1695619288.3666213
1,38624,1695619288.3876197
1,38656,1695619288.409329
1,38688,1695619288.426664
1,38720,1695619288.4501355
1,38752,1695619288.4730527
1,38784,1695619288.495471
1,38816,1695619288.515496
1,38848,1695619288.534429
1,38880,1695619288.5596879
1,38912,1695619288.5754066
1,38944,1695619288.594475
1,38976,1695619288.6144233
1,39008,1695619288.6352308
1,39040,1695619288.6552534
1,39072,1695619288.6756442
1,39104,1695619288.696168
1,39136,1695619288.7195616
1,39168,1695619288.7399373
1,39200,1695619288.7632704
1,39232,1695619288.7842033
1,39264,1695619288.8071427
1,39296,1695619288.8276377
1,39328,1695619288.85592
1,39360,1695619288.8766923
1,39392,1695619288.9029062
1,39424,1695619288.9260342
1,39456,1695619288.9470065
1,39488,1695619288.9632397
1,39520,1695619288.9846447
1,39552,1695619289.007279
1,39584,1695619289.0276093
1,39616,1695619289.054884
1,39648,1695619289.0778801
1,39680,1695619289.0991726
1,39712,1695619289.1217875
1,39744,1695619289.1432126
1,39776,1695619289.1660423
1,39808,1695619289.1866887
1,39840,1695619289.2073114
1,39872,1695619289.2315547
1,39904,1695619289.2478297
1,39936,1695619289.2678983
1,39968,1695619289.2912073
1,40000,1695619289.3120575
1,40032,1695619289.3340242
1,40064,1695619289.3549657
1,40096,1695619289.3709576
1,40128,1695619289.392929
1,40160,1695619289.414943
1,40192,1695619289.4347556
1,40224,1695619289.4595432
1,40256,1695619289.4801157
1,40288,1695619289.5031812
1,40320,1695619289.529279
1,40352,1695619289.549596
1,40384,1695619289.5713797
1,40416,1695619289.5915618
1,40448,1695619289.6112702
1,40480,1695619289.6310856
1,40512,1695619289.651163
1,40544,1695619289.6711524
1,40576,1695619289.691151
1,40608,1695619289.7107964
1,40640,1695619289.7307808
1,40672,1695619289.7508225
1,40704,1695619289.7711828
1,40736,1695619289.791238
1,40768,1695619289.8152573
1,40800,1695619289.8349319
1,40832,1695619289.8539107
1,40864,1695619289.8751805
1,40896,1695619289.9015017
1,40928,1695619289.920589
1,40960,1695619289.9470448
1,40992,1695619289.9709702
1,41024,1695619289.993794
1,41056,1695619290.01481
1,41088,1695619290.0344298
1,41120,1695619290.0613136
1,41152,1695619290.0852344
1,41184,1695619290.1061828
1,41216,1695619290.1258936
1,41248,1695619290.1465106
1,41280,1695619290.167986
1,41312,1695619290.190587
1,41344,1695619290.2127926
1,41376,1695619290.2352948
1,41408,1695619290.2555125
1,41440,1695619290.2786427
1,41472,1695619290.3012607
1,41504,1695619290.3230715
1,41536,1695619290.346156
1,41568,1695619290.3668802
1,41600,1695619290.386747
1,41632,1695619290.4054408
1,41664,1695619290.4264398
1,41696,1695619290.444566
1,41728,1695619290.4631472
1,41760,1695619290.4831252
1,41792,1695619290.5031204
1,41824,1695619290.523106
1,41856,1695619290.542985
1,41888,1695619290.563001
1,41920,1695619290.5872982
1,41952,1695619290.6033683
1,41984,1695619290.6244419
1,42016,1695619290.6472025
1,42048,1695619290.663356
1,42080,1695619290.6849494
1,42112,1695619290.7069862
1,42144,1695619290.7270167
1,42176,1695619290.7537117
1,42208,1695619290.776132
1,42240,1695619290.7991502
1,42272,1695619290.8184752
1,42304,1695619290.8406236
1,42336,1695619290.862141
1,42368,1695619290.882994
1,42400,1695619290.9056156
1,42432,1695619290.9246125
1,42464,1695619290.9452605
1,42496,1695619290.9672103
1,42528,1695619290.987109
1,42560,1695619291.0137777
1,42592,1695619291.0362496
1,42624,1695619291.0582068
1,42656,1695619291.078877
1,42688,1695619291.0953436
1,42720,1695619291.116339
1,42752,1695619291.1354163
1,42784,1695619291.1549277
1,42816,1695619291.1752322
1,42848,1695619291.194873
1,42880,1695619291.2174907
1,42912,1695619291.2362297
1,42944,1695619291.2549412
1,42976,1695619291.2752492
1,43008,1695619291.295088
1,43040,1695619291.3151333
1,43072,1695619291.3354783
1,43104,1695619291.3551164
1,43136,1695619291.374846
1,43168,1695619291.3949795
1,43200,1695619291.4150867
1,43232,1695619291.4352818
1,43264,1695619291.4552479
1,43296,1695619291.4749062
1,43328,1695619291.494965
1,43360,1695619291.5151641
1,43392,1695619291.535412
1,43424,1695619291.5539002
1,43456,1695619291.569729
1,43488,1695619291.595761
1,43520,1695619291.6142704
1,43552,1695619291.6344063
1,43584,1695619291.6544614
1,43616,1695619291.6760223
1,43648,1695619291.698827
1,43680,1695619291.717001
1,43712,1695619291.734591
1,43744,1695619291.754904
1,43776,1695619291.7746973
1,43808,1695619291.7964468
1,43840,1695619291.8131523
1,43872,1695619291.832641
1,43904,1695619291.851492
1,43936,1695619291.8732939
1,43968,1695619291.8952959
1,44000,1695619291.9153242
1,44032,1695619291.9393015
1,44064,1695619291.960676
1,44096,1695619291.983348
1,44128,1695619292.004181
1,44160,1695619292.0272071
1,44192,1695619292.0475106
1,44224,1695619292.0712242
1,44256,1695619292.0907633
1,44288,1695619292.1131005
1,44320,1695619292.1351085
1,44352,1695619292.1551368
1,44384,1695619292.1794624
1,44416,1695619292.2007744
1,44448,1695619292.223059
1,44480,1695619292.2436512
1,44512,1695619292.2669394
1,44544,1695619292.2908323
1,44576,1695619292.3126276
1,44608,1695619292.3376431
1,44640,1695619292.351173
1,44672,1695619292.3662755
1,44704,1695619292.3817122
1,44736,1695619292.3975277
1,44768,1695619292.4144063
1,44800,1695619292.4340463
1,44832,1695619292.4491203
1,44864,1695619292.4640033
1,44896,1695619292.4790936
1,44928,1695619292.4943454
1,44960,1695619292.5089922
1,44992,1695619292.524062
1,45024,1695619292.5428648
1,45056,1695619292.5608363
1,45088,1695619292.5783992
1,45120,1695619292.5942364
1,45152,1695619292.609702
1,45184,1695619292.6392858
1,45216,1695619292.6631134
1,45248,1695619292.6853285
1,45280,1695619292.7050872
1,45312,1695619292.7330837
1,45344,1695619292.7506201
1,45376,1695619292.7688525
1,45408,1695619292.7877455
1,45440,1695619292.8093314
1,45472,1695619292.8317025
1,45504,1695619292.8545032
1,45536,1695619292.874804
1,45568,1695619292.896693
1,45600,1695619292.9142487
1,45632,1695619292.9336956
1,45664,1695619292.9535725
1,45696,1695619292.9736154
1,45728,1695619292.9927728
1,45760,1695619293.0144756
1,45792,1695619293.0420372
1,45824,1695619293.0695884
1,45856,1695619293.0857987
1,45888,1695619293.1088097
1,45920,1695619293.132557
1,45952,1695619293.1561017
1,45984,1695619293.1764183
1,46016,1695619293.1972582
1,46048,1695619293.2194207
1,46080,1695619293.2431421
1,46112,1695619293.2626858
1,46144,1695619293.2834527
1,46176,1695619293.300465
1,46208,1695619293.3190355
1,46240,1695619293.3373346
1,46272,1695619293.3658006
1,46304,1695619293.3859382
1,46336,1695619293.4063623
1,46368,1695619293.4259813
1,46400,1695619293.4417317
1,46432,1695619293.4642055
1,46464,1695619293.484432
1,46496,1695619293.5038178
1,46528,1695619293.5245225
1,46560,1695619293.5458198
1,46592,1695619293.562646
1,46624,1695619293.5818899
1,46656,1695619293.599566
1,46688,1695619293.6197295
1,46720,1695619293.6418245
1,46752,1695619293.6611025
1,46784,1695619293.6788554
1,46816,1695619293.701267
1,46848,1695619293.72103
1,46880,1695619293.7385693
1,46912,1695619293.7600002
1,46944,1695619293.7804072
1,46976,1695619293.7995772
1,47008,1695619293.823951
1,47040,1695619293.8440397
1,47072,1695619293.86734
1,47104,1695619293.8883562
1,47136,1695619293.9113529
1,47168,1695619293.932103
1,47200,1695619293.955453
1,47232,1695619293.975741
1,47264,1695619293.999215
1,47296,1695619294.020272
1,47328,1695619294.0433226
1,47360,1695619294.0640414
1,47392,1695619294.087403
1,47424,1695619294.107793
1,47456,1695619294.131352
1,47488,1695619294.1521657
1,47520,1695619294.1748505
1,47552,1695619294.19573
1,47584,1695619294.2229245
1,47616,1695619294.2448945
1,47648,1695619294.2670364
1,47680,1695619294.2824645
1,47712,1695619294.3020344
1,47744,1695619294.3229165
1,47776,1695619294.3420866
1,47808,1695619294.3588173
1,47840,1695619294.3786523
1,47872,1695619294.402776
1,47904,1695619294.4222302
1,47936,1695619294.44073
1,47968,1695619294.4598334
1,48000,1695619294.4792747
1,48032,1695619294.4985337
1,48064,1695619294.5190713
1,48096,1695619294.5386906
1,48128,1695619294.5622635
1,48160,1695619294.5812445
1,48192,1695619294.5991926
1,48224,1695619294.6176543
1,48256,1695619294.6387265
1,48288,1695619294.6543386
1,48320,1695619294.6772754
1,48352,1695619294.6953223
1,48384,1695619294.7166145
1,48416,1695619294.739441
1,48448,1695619294.7619143
1,48480,1695619294.7905664
1,48512,1695619294.815619
1,48544,1695619294.8410292
1,48576,1695619294.862078
1,48608,1695619294.8828478
1,48640,1695619294.9032607
1,48672,1695619294.9296656
1,48704,1695619294.9478633
1,48736,1695619294.9738936
1,48768,1695619294.9921176
1,48800,1695619295.01773
1,48832,1695619295.0387576
1,48864,1695619295.0623457
1,48896,1695619295.081803
1,48928,1695619295.1019459
1,48960,1695619295.1219015
1,48992,1695619295.1418269
1,49024,1695619295.1618476
1,49056,1695619295.1797879
1,49088,1695619295.1961389
1,49120,1695619295.217412
1,49152,1695619295.2391508
1,49184,1695619295.2548711
1,49216,1695619295.2745078
1,49248,1695619295.2949247
1,49280,1695619295.3122144
1,49312,1695619295.3393815
1,49344,1695619295.3595867
1,49376,1695619295.3824966
1,49408,1695619295.4082386
1,49440,1695619295.429895
1,49472,1695619295.4508746
1,49504,1695619295.466363
1,49536,1695619295.4863281
1,49568,1695619295.5066123
1,49600,1695619295.5266168
1,49632,1695619295.5463722
1,49664,1695619295.5666125
1,49696,1695619295.5876372
1,49728,1695619295.6111543
1,49760,1695619295.6341395
1,49792,1695619295.6522832
1,49824,1695619295.6772456
1,49856,1695619295.6975436
1,49888,1695619295.7206986
1,49920,1695619295.7428396
1,49952,1695619295.7622254
1,49984,1695619295.779712
1,50000,1695619295.8074017
2,32,1695619296.178913
2,64,1695619296.1956515
2,96,1695619296.2147603
2,128,1695619296.236832
2,160,1695619296.2589872
2,192,1695619296.2767715
2,224,1695619296.2948606
2,256,1695619296.312809
2,288,1695619296.3295345
2,320,1695619296.3474314
2,352,1695619296.364584
2,384,1695619296.381318
2,416,1695619296.3995264
2,448,1695619296.416807
2,480,1695619296.4348485
2,512,1695619296.4524755
2,544,1695619296.4696198
2,576,1695619296.4880579
2,608,1695619296.5114498
2,640,1695619296.531824
2,672,1695619296.5534458
2,704,1695619296.577041
2,736,1695619296.5990605
2,768,1695619296.6208453
2,800,1695619296.6467905
2,832,1695619296.6688132
2,864,1695619296.6911442
2,896,1695619296.7066946
2,928,1695619296.7287571
2,960,1695619296.7498457
2,992,1695619296.7679641
2,1024,1695619296.7868361
2,1056,1695619296.8051343
2,1088,1695619296.8198323
2,1120,1695619296.841163
2,1152,1695619296.8654666
2,1184,1695619296.8889363
2,1216,1695619296.909824
2,1248,1695619296.9264798
2,1280,1695619296.949077
2,1312,1695619296.9708781
2,1344,1695619296.985836
2,1376,1695619297.0065382
2,1408,1695619297.029862
2,1440,1695619297.0456774
2,1472,1695619297.064196
2,1504,1695619297.082216
2,1536,1695619297.0995288
2,1568,1695619297.1157317
2,1600,1695619297.1317828
2,1632,1695619297.1461387
2,1664,1695619297.1623666
2,1696,1695619297.179723
2,1728,1695619297.1993563
2,1760,1695619297.2186558
2,1792,1695619297.2391844
2,1824,1695619297.2585382
2,1856,1695619297.2835164
2,1888,1695619297.3044827
2,1920,1695619297.325586
2,1952,1695619297.3486886
2,1984,1695619297.3711333
2,2016,1695619297.3915727
2,2048,1695619297.4107358
2,2080,1695619297.4309525
2,2112,1695619297.453034
2,2144,1695619297.4749115
2,2176,1695619297.4954565
2,2208,1695619297.5166872
2,2240,1695619297.5410914
2,2272,1695619297.5621831
2,2304,1695619297.5827856
2,2336,1695619297.6030178
2,2368,1695619297.620407
2,2400,1695619297.6441314
2,2432,1695619297.6634026
2,2464,1695619297.6832476
2,2496,1695619297.7032337
2,2528,1695619297.722822
2,2560,1695619297.744954
2,2592,1695619297.7655482
2,2624,1695619297.786893
2,2656,1695619297.807095
2,2688,1695619297.8335786
2,2720,1695619297.8521798
2,2752,1695619297.8779166
2,2784,1695619297.896345
2,2816,1695619297.9217932
2,2848,1695619297.9401667
2,2880,1695619297.961078
2,2912,1695619297.983577
2,2944,1695619298.0098224
2,2976,1695619298.0310848
2,3008,1695619298.0531254
2,3040,1695619298.0762086
2,3072,1695619298.101461
2,3104,1695619298.1219678
2,3136,1695619298.1429543
2,3168,1695619298.1632218
2,3200,1695619298.1860182
2,3232,1695619298.2088573
2,3264,1695619298.2295098
2,3296,1695619298.2546585
2,3328,1695619298.2734916
2,3360,1695619298.296753
2,3392,1695619298.3184023
2,3424,1695619298.338703
2,3456,1695619298.3587558
2,3488,1695619298.3787408
2,3520,1695619298.398992
2,3552,1695619298.4192042
2,3584,1695619298.434234
2,3616,1695619298.4542572
2,3648,1695619298.4750764
2,3680,1695619298.4945397
2,3712,1695619298.5119298
2,3744,1695619298.528859
2,3776,1695619298.5464387
2,3808,1695619298.5639324
2,3840,1695619298.5830112
2,3872,1695619298.6032543
2,3904,1695619298.6272254
2,3936,1695619298.652061
2,3968,1695619298.6720986
2,4000,1695619298.690978
2,4032,1695619298.7127435
2,4064,1695619298.7352433
2,4096,1695619298.7555695
2,4128,1695619298.7755961
2,4160,1695619298.79478
2,4192,1695619298.8158357
2,4224,1695619298.838537
2,4256,1695619298.8596258
2,4288,1695619298.8786066
2,4320,1695619298.8996327
2,4352,1695619298.922373
2,4384,1695619298.94344
2,4416,1695619298.9678018
2,4448,1695619298.9881015
2,4480,1695619299.0083158
2,4512,1695619299.027702
2,4544,1695619299.0498202
2,4576,1695619299.0739188
2,4608,1695619299.09351
2,4640,1695619299.1171124
2,4672,1695619299.1459281
2,4704,1695619299.1619966
2,4736,1695619299.183726
2,4768,1695619299.2069778
2,4800,1695619299.2277014
2,4832,1695619299.2476413
2,4864,1695619299.2678454
2,4896,1695619299.28781
2,4928,1695619299.30703
2,4960,1695619299.330178
2,4992,1695619299.351523
2,5024,1695619299.3712387
2,5056,1695619299.3940964
2,5088,1695619299.4148855
2,5120,1695619299.4378183
2,5152,1695619299.4601498
2,5184,1695619299.4859984
2,5216,1695619299.5074315
2,5248,1695619299.5337114
2,5280,1695619299.5618386
2,5312,1695619299.5789855
2,5344,1695619299.6051788
2,5376,1695619299.6249971
2,5408,1695619299.6449416
2,5440,1695619299.6647854
2,5472,1695619299.6850674
2,5504,1695619299.7037828
2,5536,1695619299.7275145
2,5568,1695619299.7481968
2,5600,1695619299.768203
2,5632,1695619299.7880938
2,5664,1695619299.8077428
2,5696,1695619299.829036
2,5728,1695619299.8537436
2,5760,1695619299.873319
2,5792,1695619299.8932774
2,5824,1695619299.9165885
2,5856,1695619299.9365625
2,5888,1695619299.9566567
2,5920,1695619299.9792287
2,5952,1695619299.9986727
2,5984,1695619300.0198593
2,6016,1695619300.042851
2,6048,1695619300.0620296
2,6080,1695619300.0819151
2,6112,1695619300.105886
2,6144,1695619300.1254413
2,6176,1695619300.1493025
2,6208,1695619300.1691895
2,6240,1695619300.188639
2,6272,1695619300.2140899
2,6304,1695619300.2336304
2,6336,1695619300.2535264
2,6368,1695619300.2734373
2,6400,1695619300.2934039
2,6432,1695619300.3130426
2,6464,1695619300.3347955
2,6496,1695619300.361924
2,6528,1695619300.382858
2,6560,1695619300.4101396
2,6592,1695619300.4268699
2,6624,1695619300.4515917
2,6656,1695619300.4718661
2,6688,1695619300.4920928
2,6720,1695619300.516126
2,6752,1695619300.5417457
2,6784,1695619300.564099
2,6816,1695619300.589403
2,6848,1695619300.612028
2,6880,1695619300.6377811
2,6912,1695619300.65973
2,6944,1695619300.6857738
2,6976,1695619300.7077696
2,7008,1695619300.7332711
2,7040,1695619300.756338
2,7072,1695619300.7812645
2,7104,1695619300.8095117
2,7136,1695619300.8265488
2,7168,1695619300.8464108
2,7200,1695619300.8662186
2,7232,1695619300.8859563
2,7264,1695619300.9100032
2,7296,1695619300.9295857
2,7328,1695619300.9494586
2,7360,1695619300.9692752
2,7392,1695619300.9891815
2,7424,1695619301.0090835
2,7456,1695619301.0290883
2,7488,1695619301.0487974
2,7520,1695619301.0686235
2,7552,1695619301.0885105
2,7584,1695619301.108342
2,7616,1695619301.1282425
2,7648,1695619301.1480827
2,7680,1695619301.1714995
2,7712,1695619301.194945
2,7744,1695619301.2161744
2,7776,1695619301.236037
2,7808,1695619301.255077
2,7840,1695619301.2759697
2,7872,1695619301.2988114
2,7904,1695619301.3192034
2,7936,1695619301.3428097
2,7968,1695619301.363784
2,8000,1695619301.383771
2,8032,1695619301.4037364
2,8064,1695619301.4231014
2,8096,1695619301.4467313
2,8128,1695619301.4677517
2,8160,1695619301.4867878
2,8192,1695619301.5068088
2,8224,1695619301.5305924
2,8256,1695619301.5613763
2,8288,1695619301.5785882
2,8320,1695619301.599467
2,8352,1695619301.6197932
2,8384,1695619301.639097
2,8416,1695619301.6634517
2,8448,1695619301.6837633
2,8480,1695619301.7097166
2,8512,1695619301.7295122
2,8544,1695619301.7496166
2,8576,1695619301.769782
2,8608,1695619301.7897673
2,8640,1695619301.809607
2,8672,1695619301.8294983
2,8704,1695619301.8493395
2,8736,1695619301.868992
2,8768,1695619301.8906443
2,8800,1695619301.9188414
2,8832,1695619301.9362516
2,8864,1695619301.9586248
2,8896,1695619301.9778492
2,8928,1695619301.997565
2,8960,1695619302.018744
2,8992,1695619302.0390277
2,9024,1695619302.0622108
2,9056,1695619302.0825188
2,9088,1695619302.1031454
2,9120,1695619302.1264277
2,9152,1695619302.145925
2,9184,1695619302.1670692
2,9216,1695619302.1924706
2,9248,1695619302.2126203
2,9280,1695619302.23262
2,9312,1695619302.2513669
2,9344,1695619302.2733223
2,9376,1695619302.2952187
2,9408,1695619302.3146706
2,9440,1695619302.3363924
2,9472,1695619302.3587637
2,9504,1695619302.3784952
2,9536,1695619302.3985658
2,9568,1695619302.4221425
2,9600,1695619302.4417653
2,9632,1695619302.461674
2,9664,1695619302.4813585
2,9696,1695619302.501296
2,9728,1695619302.521123
2,9760,1695619302.540922
2,9792,1695619302.5607884
2,9824,1695619302.5807822
2,9856,1695619302.6006508
2,9888,1695619302.622494
2,9920,1695619302.6433218
2,9952,1695619302.6636117
2,9984,1695619302.6836638
2,10016,1695619302.703709
2,10048,1695619302.7237597
2,10080,1695619302.7461658
2,10112,1695619302.7630937
2,10144,1695619302.7831786
2,10176,1695619302.8005693
2,10208,1695619302.8189518
2,10240,1695619302.836511
2,10272,1695619302.8541691
2,10304,1695619302.8721066
2,10336,1695619302.8897061
2,10368,1695619302.9072347
2,10400,1695619302.9253073
2,10432,1695619302.9455247
2,10464,1695619302.9669273
2,10496,1695619302.9907122
2,10528,1695619303.0060992
2,10560,1695619303.0232868
2,10592,1695619303.0415199
2,10624,1695619303.0597854
2,10656,1695619303.0775435
2,10688,1695619303.095587
2,10720,1695619303.1214871
2,10752,1695619303.1459477
2,10784,1695619303.1657112
2,10816,1695619303.1856313
2,10848,1695619303.2056673
2,10880,1695619303.225548
2,10912,1695619303.2455966
2,10944,1695619303.2649276
2,10976,1695619303.2917783
2,11008,1695619303.308709
2,11040,1695619303.3293595
2,11072,1695619303.3500705
2,11104,1695619303.3781512
2,11136,1695619303.394708
2,11168,1695619303.4257076
2,11200,1695619303.4427075
2,11232,1695619303.4620373
2,11264,1695619303.4896364
2,11296,1695619303.5068836
2,11328,1695619303.526743
2,11360,1695619303.547529
2,11392,1695619303.579388
2,11424,1695619303.5964425
2,11456,1695619303.6187
2,11488,1695619303.6382296
2,11520,1695619303.657785
2,11552,1695619303.682131
2,11584,1695619303.6997254
2,11616,1695619303.7241828
2,11648,1695619303.742935
2,11680,1695619303.7635725
2,11712,1695619303.7858987
2,11744,1695619303.8100939
2,11776,1695619303.835594
2,11808,1695619303.8632836
2,11840,1695619303.8900216
2,11872,1695619303.9062676
2,11904,1695619303.9238327
2,11936,1695619303.942586
2,11968,1695619303.959653
2,12000,1695619303.9903753
2,12032,1695619304.0114255
2,12064,1695619304.0343451
2,12096,1695619304.0541015
2,12128,1695619304.0829263
2,12160,1695619304.0994704
2,12192,1695619304.121737
2,12224,1695619304.14986
2,12256,1695619304.1672802
2,12288,1695619304.1886468
2,12320,1695619304.2116003
2,12352,1695619304.236158
2,12384,1695619304.2658908
2,12416,1695619304.2821858
2,12448,1695619304.305295
2,12480,1695619304.3269587
2,12512,1695619304.346677
2,12544,1695619304.367207
2,12576,1695619304.390745
2,12608,1695619304.4111395
2,12640,1695619304.4349961
2,12672,1695619304.461586
2,12704,1695619304.4902842
2,12736,1695619304.5054448
2,12768,1695619304.521185
2,12800,1695619304.5395317
2,12832,1695619304.5571325
2,12864,1695619304.5783553
2,12896,1695619304.5962777
2,12928,1695619304.616513
2,12960,1695619304.63955
2,12992,1695619304.6555018
2,13024,1695619304.6767159
2,13056,1695619304.699113
2,13088,1695619304.7193751
2,13120,1695619304.744949
2,13152,1695619304.7654426
2,13184,1695619304.786973
2,13216,1695619304.812149
2,13248,1695619304.836603
2,13280,1695619304.8585122
2,13312,1695619304.878549
2,13344,1695619304.9040902
2,13376,1695619304.923577
2,13408,1695619304.9491634
2,13440,1695619304.970436
2,13472,1695619304.9907255
2,13504,1695619305.019934
2,13536,1695619305.043533
2,13568,1695619305.0671442
2,13600,1695619305.086335
2,13632,1695619305.1074784
2,13664,1695619305.1288357
2,13696,1695619305.1534576
2,13728,1695619305.175954
2,13760,1695619305.205963
2,13792,1695619305.222823
2,13824,1695619305.2435472
2,13856,1695619305.2629797
2,13888,1695619305.2857895
2,13920,1695619305.3076777
2,13952,1695619305.327778
2,13984,1695619305.3477411
2,14016,1695619305.366688
2,14048,1695619305.387102
2,14080,1695619305.4099681
2,14112,1695619305.431249
2,14144,1695619305.451442
2,14176,1695619305.471367
2,14208,1695619305.490669
2,14240,1695619305.5108342
2,14272,1695619305.537477
2,14304,1695619305.557912
2,14336,1695619305.577451
2,14368,1695619305.6055405
2,14400,1695619305.628242
2,14432,1695619305.6504292
2,14464,1695619305.6698387
2,14496,1695619305.6973665
2,14528,1695619305.7198067
2,14560,1695619305.737292
2,14592,1695619305.7590146
2,14624,1695619305.7763429
2,14656,1695619305.7952778
2,14688,1695619305.817736
2,14720,1695619305.8388464
2,14752,1695619305.8621037
2,14784,1695619305.8850265
2,14816,1695619305.9096167
2,14848,1695619305.9278483
2,14880,1695619305.945634
2,14912,1695619305.9669585
2,14944,1695619305.9875417
2,14976,1695619306.0091758
2,15008,1695619306.0331185
2,15040,1695619306.0533714
2,15072,1695619306.0775094
2,15104,1695619306.0955408
2,15136,1695619306.1142619
2,15168,1695619306.1315787
2,15200,1695619306.1556733
2,15232,1695619306.1760907
2,15264,1695619306.1969018
2,15296,1695619306.222984
2,15328,1695619306.24835
2,15360,1695619306.2682974
2,15392,1695619306.2864282
2,15424,1695619306.3051531
2,15456,1695619306.3247101
2,15488,1695619306.343613
2,15520,1695619306.3651059
2,15552,1695619306.3857646
2,15584,1695619306.4106216
2,15616,1695619306.4301102
2,15648,1695619306.4484222
2,15680,1695619306.4668071
2,15712,1695619306.4878328
2,15744,1695619306.5082715
2,15776,1695619306.5275953
2,15808,1695619306.5469642
2,15840,1695619306.5640566
2,15872,1695619306.5846403
2,15904,1695619306.6039848
2,15936,1695619306.6254387
2,15968,1695619306.64697
2,16000,1695619306.6671274
2,16032,1695619306.684112
2,16064,1695619306.7036576
2,16096,1695619306.7224658
2,16128,1695619306.7422454
2,16160,1695619306.7669034
2,16192,1695619306.791509
2,16224,1695619306.815112
2,16256,1695619306.8332684
2,16288,1695619306.8514726
2,16320,1695619306.8697467
2,16352,1695619306.8956
2,16384,1695619306.9161403
2,16416,1695619306.9331794
2,16448,1695619306.9524894
2,16480,1695619306.9821541
2,16512,1695619307.0057719
2,16544,1695619307.0262284
2,16576,1695619307.0442467
2,16608,1695619307.0669434
2,16640,1695619307.086669
2,16672,1695619307.1095114
2,16704,1695619307.1308126
2,16736,1695619307.1515737
2,16768,1695619307.1709118
2,16800,1695619307.1947567
2,16832,1695619307.2150497
2,16864,1695619307.239473
2,16896,1695619307.2604713
2,16928,1695619307.2873387
2,16960,1695619307.3163736
2,16992,1695619307.3388596
2,17024,1695619307.358087
2,17056,1695619307.3777683
2,17088,1695619307.4017885
2,17120,1695619307.425302
2,17152,1695619307.4494944
2,17184,1695619307.4730678
2,17216,1695619307.4951456
2,17248,1695619307.5211427
2,17280,1695619307.5421324
2,17312,1695619307.562721
2,17344,1695619307.5824175
2,17376,1695619307.5992389
2,17408,1695619307.6159284
2,17440,1695619307.632308
2,17472,1695619307.649585
2,17504,1695619307.6666834
2,17536,1695619307.6856449
2,17568,1695619307.7071369
2,17600,1695619307.7273254
2,17632,1695619307.7444575
2,17664,1695619307.7629917
2,17696,1695619307.7833273
2,17728,1695619307.8029687
2,17760,1695619307.8240237
2,17792,1695619307.852044
2,17824,1695619307.8759875
2,17856,1695619307.8957872
