epoch,trained_sample,time
1,0,1696072298.50973
1,128,1696072299.8737466
1,256,1696072299.902092
1,384,1696072299.9300652
1,512,1696072299.9510696
1,640,1696072299.9772077
1,768,1696072299.9988532
1,896,1696072300.021711
1,1024,1696072300.049275
1,1152,1696072300.0667522
1,1280,1696072300.0872192
1,1408,1696072300.1136062
1,1536,1696072300.139839
1,1664,1696072300.1694725
1,1792,1696072300.1938634
1,1920,1696072300.213568
1,2048,1696072300.2377796
1,2176,1696072300.2614706
1,2304,1696072300.2841854
1,2432,1696072300.3082511
1,2560,1696072300.3274357
1,2688,1696072300.3464568
1,2816,1696072300.3690977
1,2944,1696072300.389652
1,3072,1696072300.4084532
1,3200,1696072300.430336
1,3328,1696072300.4479687
1,3456,1696072300.4686384
1,3584,1696072300.4910333
1,3712,1696072300.5112813
1,3840,1696072300.5277717
1,3968,1696072300.546644
1,4096,1696072300.5635042
1,4224,1696072300.5816276
1,4352,1696072300.597953
1,4480,1696072300.6219995
1,4608,1696072300.6450374
1,4736,1696072300.6698594
1,4864,1696072300.6877174
1,4992,1696072300.7060041
1,5120,1696072300.7330492
1,5248,1696072300.754891
1,5376,1696072300.7795932
1,5504,1696072300.8024108
1,5632,1696072300.8247643
1,5760,1696072300.84374
1,5888,1696072300.860759
1,6016,1696072300.8780284
1,6144,1696072300.8933768
1,6272,1696072300.9077294
1,6400,1696072300.9230742
1,6528,1696072300.9384387
1,6656,1696072300.9534914
1,6784,1696072300.9696074
1,6912,1696072300.9846838
1,7040,1696072300.9994228
1,7168,1696072301.0148485
1,7296,1696072301.0298338
1,7424,1696072301.0458891
1,7552,1696072301.0612502
1,7680,1696072301.077027
1,7808,1696072301.0931418
1,7936,1696072301.1096258
1,8064,1696072301.1237888
1,8192,1696072301.1388075
1,8320,1696072301.154349
1,8448,1696072301.1695213
1,8576,1696072301.1855056
1,8704,1696072301.2017803
1,8832,1696072301.216216
1,8960,1696072301.2312253
1,9088,1696072301.2465906
1,9216,1696072301.2616937
1,9344,1696072301.2777045
1,9472,1696072301.2937589
1,9600,1696072301.3080177
1,9728,1696072301.3229067
1,9856,1696072301.338197
1,9984,1696072301.3538816
1,10112,1696072301.369809
1,10240,1696072301.385168
1,10368,1696072301.4030092
1,10496,1696072301.4202614
1,10624,1696072301.4376771
1,10752,1696072301.452598
1,10880,1696072301.4676042
1,11008,1696072301.483537
1,11136,1696072301.5006313
1,11264,1696072301.5196724
1,11392,1696072301.539984
1,11520,1696072301.5587697
1,11648,1696072301.5790954
1,11776,1696072301.5990508
1,11904,1696072301.6178143
1,12032,1696072301.639364
1,12160,1696072301.658146
1,12288,1696072301.6791916
1,12416,1696072301.700468
1,12544,1696072301.7265868
1,12672,1696072301.747725
1,12800,1696072301.7672162
1,12928,1696072301.7867835
1,13056,1696072301.8068495
1,13184,1696072301.8266695
1,13312,1696072301.8466682
1,13440,1696072301.8669841
1,13568,1696072301.8871229
1,13696,1696072301.9070604
1,13824,1696072301.9266999
1,13952,1696072301.9468324
1,14080,1696072301.9646332
1,14208,1696072301.9828184
1,14336,1696072302.0026658
1,14464,1696072302.0208704
1,14592,1696072302.0400245
1,14720,1696072302.0641334
1,14848,1696072302.082375
1,14976,1696072302.102718
1,15104,1696072302.1277328
1,15232,1696072302.1490812
1,15360,1696072302.1726024
1,15488,1696072302.2000325
1,15616,1696072302.2224984
1,15744,1696072302.246825
1,15872,1696072302.2663558
1,16000,1696072302.288301
1,16128,1696072302.307564
1,16256,1696072302.3331761
1,16384,1696072302.3549683
1,16512,1696072302.3794816
1,16640,1696072302.4027436
1,16768,1696072302.422597
1,16896,1696072302.4500222
1,17024,1696072302.4706266
1,17152,1696072302.4939895
1,17280,1696072302.515706
1,17408,1696072302.53812
1,17536,1696072302.556914
1,17664,1696072302.5759523
1,17792,1696072302.5990913
1,17920,1696072302.6223817
1,18048,1696072302.6456466
1,18176,1696072302.6678824
1,18304,1696072302.6954522
1,18432,1696072302.7178159
1,18560,1696072302.739176
1,18688,1696072302.7613463
1,18816,1696072302.7829218
1,18944,1696072302.8036575
1,19072,1696072302.8283906
1,19200,1696072302.8484888
1,19328,1696072302.8669171
1,19456,1696072302.8868585
1,19584,1696072302.904661
1,19712,1696072302.9238484
1,19840,1696072302.9450002
1,19968,1696072302.9629662
1,20096,1696072302.9838688
1,20224,1696072303.0076826
1,20352,1696072303.0288205
1,20480,1696072303.056828
1,20608,1696072303.0758038
1,20736,1696072303.0965118
1,20864,1696072303.1166646
1,20992,1696072303.1366138
1,21120,1696072303.1564336
1,21248,1696072303.1767154
1,21376,1696072303.1965497
1,21504,1696072303.221328
1,21632,1696072303.2402792
1,21760,1696072303.25705
1,21888,1696072303.2759461
1,22016,1696072303.2925813
1,22144,1696072303.3111613
1,22272,1696072303.3314314
1,22400,1696072303.3509815
1,22528,1696072303.3709702
1,22656,1696072303.3915083
1,22784,1696072303.410821
1,22912,1696072303.4309657
1,23040,1696072303.4509
1,23168,1696072303.4707985
1,23296,1696072303.4906561
1,23424,1696072303.5088003
1,23552,1696072303.5283687
1,23680,1696072303.5474412
1,23808,1696072303.5669842
1,23936,1696072303.5872931
1,24064,1696072303.6082995
1,24192,1696072303.6277401
1,24320,1696072303.6470308
1,24448,1696072303.6668105
1,24576,1696072303.6866996
1,24704,1696072303.7066236
1,24832,1696072303.7270823
1,24960,1696072303.7470725
1,25088,1696072303.7667685
1,25216,1696072303.7866683
1,25344,1696072303.807703
1,25472,1696072303.8275816
1,25600,1696072303.8451812
1,25728,1696072303.8633714
1,25856,1696072303.882749
1,25984,1696072303.9026875
1,26112,1696072303.922867
1,26240,1696072303.9432504
1,26368,1696072303.9628
1,26496,1696072303.9827478
1,26624,1696072304.0027807
1,26752,1696072304.023185
1,26880,1696072304.0434303
1,27008,1696072304.063076
1,27136,1696072304.0829146
1,27264,1696072304.1026938
1,27392,1696072304.1226451
1,27520,1696072304.1426122
1,27648,1696072304.1626868
1,27776,1696072304.1827376
1,27904,1696072304.202808
1,28032,1696072304.222876
1,28160,1696072304.243302
1,28288,1696072304.2612743
1,28416,1696072304.280269
1,28544,1696072304.2986915
1,28672,1696072304.3187625
1,28800,1696072304.3388944
1,28928,1696072304.3577318
1,29056,1696072304.3825936
1,29184,1696072304.405192
1,29312,1696072304.428162
1,29440,1696072304.446162
1,29568,1696072304.4718451
1,29696,1696072304.4968781
1,29824,1696072304.5172985
1,29952,1696072304.5338838
1,30080,1696072304.55879
1,30208,1696072304.580371
1,30336,1696072304.60801
1,30464,1696072304.630088
1,30592,1696072304.651059
1,30720,1696072304.6720068
1,30848,1696072304.6914456
1,30976,1696072304.708153
1,31104,1696072304.7372327
1,31232,1696072304.7653906
1,31360,1696072304.7819262
1,31488,1696072304.8055987
1,31616,1696072304.8265476
1,31744,1696072304.849124
1,31872,1696072304.8713374
1,32000,1696072304.892012
1,32128,1696072304.9145772
1,32256,1696072304.9352443
1,32384,1696072304.961974
1,32512,1696072304.9816842
1,32640,1696072305.0029337
1,32768,1696072305.026207
1,32896,1696072305.0468314
1,33024,1696072305.0684392
1,33152,1696072305.0955296
1,33280,1696072305.116669
1,33408,1696072305.1402383
1,33536,1696072305.162661
1,33664,1696072305.18582
1,33792,1696072305.206103
1,33920,1696072305.2285218
1,34048,1696072305.250563
1,34176,1696072305.2739375
1,34304,1696072305.2959082
1,34432,1696072305.3183799
1,34560,1696072305.3400211
1,34688,1696072305.3622181
1,34816,1696072305.3830638
1,34944,1696072305.4092057
1,35072,1696072305.4293618
1,35200,1696072305.4495666
1,35328,1696072305.4709299
1,35456,1696072305.4941542
1,35584,1696072305.5147269
1,35712,1696072305.5388043
1,35840,1696072305.5593474
1,35968,1696072305.5810924
1,36096,1696072305.6062253
1,36224,1696072305.6257634
1,36352,1696072305.653604
1,36480,1696072305.6705744
1,36608,1696072305.6944265
1,36736,1696072305.713894
1,36864,1696072305.7340019
1,36992,1696072305.75795
1,37120,1696072305.7787678
1,37248,1696072305.802625
1,37376,1696072305.8238497
1,37504,1696072305.846481
1,37632,1696072305.8676052
1,37760,1696072305.8876975
1,37888,1696072305.9076757
1,38016,1696072305.928025
1,38144,1696072305.9502883
1,38272,1696072305.9707
1,38400,1696072305.9953847
1,38528,1696072306.0162084
1,38656,1696072306.0401049
1,38784,1696072306.0635228
1,38912,1696072306.0880508
1,39040,1696072306.1131098
1,39168,1696072306.1352742
1,39296,1696072306.1555128
1,39424,1696072306.1858828
1,39552,1696072306.2024474
1,39680,1696072306.2293403
1,39808,1696072306.2536607
1,39936,1696072306.2735832
1,40064,1696072306.301193
1,40192,1696072306.3189995
1,40320,1696072306.3426182
1,40448,1696072306.3732922
1,40576,1696072306.3904293
1,40704,1696072306.4160948
1,40832,1696072306.440958
1,40960,1696072306.4597337
1,41088,1696072306.479632
1,41216,1696072306.4967265
1,41344,1696072306.515621
1,41472,1696072306.5350678
1,41600,1696072306.5550554
1,41728,1696072306.574679
1,41856,1696072306.5927155
1,41984,1696072306.6122925
1,42112,1696072306.6327353
1,42240,1696072306.6543355
1,42368,1696072306.679856
1,42496,1696072306.701572
1,42624,1696072306.7237885
1,42752,1696072306.7411208
1,42880,1696072306.7694883
1,43008,1696072306.7896972
1,43136,1696072306.8106687
1,43264,1696072306.8266778
1,43392,1696072306.848849
1,43520,1696072306.8711464
1,43648,1696072306.8912423
1,43776,1696072306.9137597
1,43904,1696072306.9346673
1,44032,1696072306.955291
1,44160,1696072306.9786754
1,44288,1696072307.0007842
1,44416,1696072307.0230606
1,44544,1696072307.043769
1,44672,1696072307.0669491
1,44800,1696072307.0887923
1,44928,1696072307.112987
1,45056,1696072307.1348314
1,45184,1696072307.1555488
1,45312,1696072307.1784222
1,45440,1696072307.2027786
1,45568,1696072307.2248244
1,45696,1696072307.2471952
1,45824,1696072307.2681315
1,45952,1696072307.2910259
1,46080,1696072307.311362
1,46208,1696072307.3393269
1,46336,1696072307.3620462
1,46464,1696072307.3836093
1,46592,1696072307.4073057
1,46720,1696072307.4277246
1,46848,1696072307.451189
1,46976,1696072307.4721167
1,47104,1696072307.4950933
1,47232,1696072307.516012
1,47360,1696072307.5391512
1,47488,1696072307.560547
1,47616,1696072307.582845
1,47744,1696072307.6026442
1,47872,1696072307.622532
1,48000,1696072307.6429608
1,48128,1696072307.662713
1,48256,1696072307.6831088
1,48384,1696072307.7031376
1,48512,1696072307.722857
1,48640,1696072307.7426655
1,48768,1696072307.7629204
1,48896,1696072307.7834406
1,49024,1696072307.8034747
1,49152,1696072307.824019
1,49280,1696072307.842387
1,49408,1696072307.8623042
1,49536,1696072307.8832242
1,49664,1696072307.9029856
1,49792,1696072307.9229019
1,49920,1696072307.94268
1,50000,1696072307.9668179
2,128,1696072308.3355408
2,256,1696072308.3598595
2,384,1696072308.383047
2,512,1696072308.4030135
2,640,1696072308.4306056
2,768,1696072308.4531302
2,896,1696072308.4751365
2,1024,1696072308.4947772
2,1152,1696072308.5215414
2,1280,1696072308.541385
2,1408,1696072308.5625553
2,1536,1696072308.5858104
2,1664,1696072308.611094
2,1792,1696072308.6338627
2,1920,1696072308.6564953
2,2048,1696072308.679067
2,2176,1696072308.6997612
2,2304,1696072308.7231207
2,2432,1696072308.744622
2,2560,1696072308.767058
2,2688,1696072308.7876856
2,2816,1696072308.8100567
2,2944,1696072308.831738
2,3072,1696072308.8551266
2,3200,1696072308.8754554
2,3328,1696072308.8983219
2,3456,1696072308.9236746
2,3584,1696072308.9461696
2,3712,1696072308.9673269
2,3840,1696072308.995146
2,3968,1696072309.0179236
2,4096,1696072309.0386662
2,4224,1696072309.059641
2,4352,1696072309.0830865
2,4480,1696072309.104592
2,4608,1696072309.1271853
2,4736,1696072309.1476867
2,4864,1696072309.1708465
2,4992,1696072309.1918385
2,5120,1696072309.2150514
2,5248,1696072309.2361774
2,5376,1696072309.259013
2,5504,1696072309.279538
2,5632,1696072309.3031235
2,5760,1696072309.3237991
2,5888,1696072309.3461127
2,6016,1696072309.3675025
2,6144,1696072309.3957496
2,6272,1696072309.417695
2,6400,1696072309.4387248
2,6528,1696072309.4593143
2,6656,1696072309.4874325
2,6784,1696072309.5095303
2,6912,1696072309.5306778
2,7040,1696072309.5540946
2,7168,1696072309.5771961
2,7296,1696072309.598728
2,7424,1696072309.619152
2,7552,1696072309.6429157
2,7680,1696072309.6664839
2,7808,1696072309.6902237
2,7936,1696072309.7137344
2,8064,1696072309.7391381
2,8192,1696072309.76189
2,8320,1696072309.7843034
2,8448,1696072309.8060493
2,8576,1696072309.8262951
2,8704,1696072309.8534691
2,8832,1696072309.876142
2,8960,1696072309.9000978
2,9088,1696072309.9230838
2,9216,1696072309.9432912
2,9344,1696072309.9668362
2,9472,1696072309.9881804
2,9600,1696072310.006934
2,9728,1696072310.0267959
2,9856,1696072310.047175
2,9984,1696072310.067033
2,10112,1696072310.0869026
2,10240,1696072310.1070132
2,10368,1696072310.1266718
2,10496,1696072310.1468506
2,10624,1696072310.1665697
2,10752,1696072310.186608
2,10880,1696072310.2068582
2,11008,1696072310.227089
2,11136,1696072310.2474408
2,11264,1696072310.266869
2,11392,1696072310.2866395
2,11520,1696072310.307078
2,11648,1696072310.3268545
2,11776,1696072310.3466039
2,11904,1696072310.36692
2,12032,1696072310.3870683
2,12160,1696072310.4067109
2,12288,1696072310.4264724
2,12416,1696072310.4467163
2,12544,1696072310.467302
2,12672,1696072310.4871204
2,12800,1696072310.5079722
2,12928,1696072310.5274315
2,13056,1696072310.5470593
2,13184,1696072310.5665665
2,13312,1696072310.591251
2,13440,1696072310.6122475
2,13568,1696072310.6350465
2,13696,1696072310.6561923
2,13824,1696072310.6787827
2,13952,1696072310.6995046
2,14080,1696072310.727438
2,14208,1696072310.752197
2,14336,1696072310.773767
2,14464,1696072310.7958105
2,14592,1696072310.8190987
2,14720,1696072310.8403213
2,14848,1696072310.8656898
2,14976,1696072310.889271
2,15104,1696072310.9103336
2,15232,1696072310.934682
2,15360,1696072310.9568677
2,15488,1696072310.9820747
2,15616,1696072311.0054355
2,15744,1696072311.0269086
2,15872,1696072311.0471084
2,16000,1696072311.075299
2,16128,1696072311.0978637
2,16256,1696072311.1204143
2,16384,1696072311.1430507
2,16512,1696072311.1634686
2,16640,1696072311.186897
2,16768,1696072311.209735
2,16896,1696072311.2313836
2,17024,1696072311.2528617
2,17152,1696072311.2737262
2,17280,1696072311.2943463
2,17408,1696072311.3168895
2,17536,1696072311.337964
2,17664,1696072311.357617
2,17792,1696072311.3822045
2,17920,1696072311.402696
2,18048,1696072311.425018
2,18176,1696072311.446094
2,18304,1696072311.4633172
2,18432,1696072311.48209
2,18560,1696072311.501826
2,18688,1696072311.5203333
2,18816,1696072311.5389192
2,18944,1696072311.558887
2,19072,1696072311.5788012
2,19200,1696072311.5987394
2,19328,1696072311.61874
2,19456,1696072311.6390975
2,19584,1696072311.6587331
2,19712,1696072311.678711
2,19840,1696072311.6993308
2,19968,1696072311.718856
2,20096,1696072311.7390857
2,20224,1696072311.7588677
2,20352,1696072311.7785847
2,20480,1696072311.7987332
2,20608,1696072311.8188207
2,20736,1696072311.8390365
2,20864,1696072311.8589098
2,20992,1696072311.8787763
2,21120,1696072311.89895
2,21248,1696072311.9192712
2,21376,1696072311.9390526
2,21504,1696072311.9588437
2,21632,1696072311.978723
2,21760,1696072311.9989717
2,21888,1696072312.0190175
2,22016,1696072312.0387933
2,22144,1696072312.056927
2,22272,1696072312.0752149
2,22400,1696072312.0949337
2,22528,1696072312.1147776
2,22656,1696072312.1347232
2,22784,1696072312.1554852
2,22912,1696072312.173627
2,23040,1696072312.1944702
2,23168,1696072312.215064
2,23296,1696072312.2350373
2,23424,1696072312.2548304
2,23552,1696072312.2747495
2,23680,1696072312.2945223
2,23808,1696072312.3152943
2,23936,1696072312.3351643
2,24064,1696072312.3570256
2,24192,1696072312.377913
2,24320,1696072312.3978004
2,24448,1696072312.4159765
2,24576,1696072312.4369843
2,24704,1696072312.4558997
2,24832,1696072312.4750223
2,24960,1696072312.4949012
2,25088,1696072312.5150192
2,25216,1696072312.534546
2,25344,1696072312.5547986
2,25472,1696072312.574845
2,25600,1696072312.5946553
2,25728,1696072312.6145303
2,25856,1696072312.6348002
2,25984,1696072312.6548083
2,26112,1696072312.674772
2,26240,1696072312.6948066
2,26368,1696072312.714929
2,26496,1696072312.7347467
2,26624,1696072312.7547746
2,26752,1696072312.774937
2,26880,1696072312.7950664
2,27008,1696072312.8153212
2,27136,1696072312.8352187
2,27264,1696072312.8546581
2,27392,1696072312.875043
2,27520,1696072312.8948963
2,27648,1696072312.9146543
2,27776,1696072312.9345875
2,27904,1696072312.9553235
2,28032,1696072312.974977
2,28160,1696072312.994818
2,28288,1696072313.0146148
2,28416,1696072313.034592
2,28544,1696072313.0548496
2,28672,1696072313.0753343
2,28800,1696072313.0950406
2,28928,1696072313.1149046
2,29056,1696072313.1346886
2,29184,1696072313.1548514
2,29312,1696072313.1750643
2,29440,1696072313.1951308
2,29568,1696072313.2148786
2,29696,1696072313.234785
2,29824,1696072313.2549117
2,29952,1696072313.275475
2,30080,1696072313.2949746
2,30208,1696072313.3147511
2,30336,1696072313.3344607
2,30464,1696072313.3545127
2,30592,1696072313.3748696
2,30720,1696072313.3947582
2,30848,1696072313.4150367
2,30976,1696072313.434641
2,31104,1696072313.4549332
2,31232,1696072313.4751294
2,31360,1696072313.4949346
2,31488,1696072313.515159
2,31616,1696072313.534974
2,31744,1696072313.5545113
2,31872,1696072313.5745256
2,32000,1696072313.5945997
2,32128,1696072313.6144571
2,32256,1696072313.6351702
2,32384,1696072313.6548226
2,32512,1696072313.6746428
2,32640,1696072313.6945581
2,32768,1696072313.7148206
2,32896,1696072313.7345614
2,33024,1696072313.754729
2,33152,1696072313.7750187
2,33280,1696072313.7950616
2,33408,1696072313.8150036
2,33536,1696072313.8347945
2,33664,1696072313.8547413
2,33792,1696072313.8750048
2,33920,1696072313.8947783
2,34048,1696072313.9147997
2,34176,1696072313.935329
2,34304,1696072313.9549913
2,34432,1696072313.9745865
2,34560,1696072313.9951003
2,34688,1696072314.0148838
2,34816,1696072314.0348582
2,34944,1696072314.054789
2,35072,1696072314.0748641
2,35200,1696072314.0954149
2,35328,1696072314.1152012
2,35456,1696072314.1345549
2,35584,1696072314.1545503
2,35712,1696072314.174852
2,35840,1696072314.1947737
2,35968,1696072314.2147717
2,36096,1696072314.2364616
2,36224,1696072314.2562883
2,36352,1696072314.27537
2,36480,1696072314.294592
2,36608,1696072314.3149297
2,36736,1696072314.3350837
2,36864,1696072314.355072
2,36992,1696072314.3745527
2,37120,1696072314.3948538
2,37248,1696072314.415126
2,37376,1696072314.4349623
2,37504,1696072314.4550116
2,37632,1696072314.475223
2,37760,1696072314.4948525
2,37888,1696072314.514623
2,38016,1696072314.5346346
2,38144,1696072314.5555542
2,38272,1696072314.575181
2,38400,1696072314.594974
2,38528,1696072314.6146593
2,38656,1696072314.6351767
2,38784,1696072314.6549747
2,38912,1696072314.6748953
2,39040,1696072314.6947663
2,39168,1696072314.7151713
2,39296,1696072314.7349
2,39424,1696072314.754594
2,39552,1696072314.7746544
2,39680,1696072314.7945945
2,39808,1696072314.8145275
2,39936,1696072314.8353074
2,40064,1696072314.855039
2,40192,1696072314.8748982
2,40320,1696072314.8947608
2,40448,1696072314.9149644
2,40576,1696072314.93564
2,40704,1696072314.9588368
2,40832,1696072314.9790268
2,40960,1696072315.0068624
2,41088,1696072315.030799
2,41216,1696072315.0513804
2,41344,1696072315.0750742
2,41472,1696072315.0972457
2,41600,1696072315.1211069
2,41728,1696072315.1429942
2,41856,1696072315.159352
2,41984,1696072315.1812677
2,42112,1696072315.2029443
2,42240,1696072315.2238395
2,42368,1696072315.2513201
2,42496,1696072315.2720675
2,42624,1696072315.2990944
2,42752,1696072315.3218024
2,42880,1696072315.3437102
2,43008,1696072315.367022
2,43136,1696072315.387548
2,43264,1696072315.4155385
2,43392,1696072315.43799
2,43520,1696072315.459238
2,43648,1696072315.4869087
2,43776,1696072315.5098727
2,43904,1696072315.5319946
2,44032,1696072315.5539606
2,44160,1696072315.5743842
2,44288,1696072315.598042
2,44416,1696072315.6211557
2,44544,1696072315.6431136
2,44672,1696072315.663501
2,44800,1696072315.6856394
2,44928,1696072315.706518
2,45056,1696072315.7277544
2,45184,1696072315.755658
2,45312,1696072315.77785
2,45440,1696072315.8006828
2,45568,1696072315.8228202
2,45696,1696072315.8432398
2,45824,1696072315.8710554
2,45952,1696072315.8967278
2,46080,1696072315.9204254
2,46208,1696072315.9428966
2,46336,1696072315.9642062
2,46464,1696072315.9868026
2,46592,1696072316.010447
2,46720,1696072316.032883
2,46848,1696072316.0550802
2,46976,1696072316.0758545
2,47104,1696072316.0990345
2,47232,1696072316.1201038
2,47360,1696072316.1429572
2,47488,1696072316.1638768
2,47616,1696072316.1872818
2,47744,1696072316.2075512
2,47872,1696072316.2314198
2,48000,1696072316.2537599
2,48128,1696072316.2779813
2,48256,1696072316.3012347
2,48384,1696072316.322825
2,48512,1696072316.3430808
2,48640,1696072316.3721666
2,48768,1696072316.3938386
2,48896,1696072316.4148207
2,49024,1696072316.4366708
2,49152,1696072316.4569461
2,49280,1696072316.4788535
2,49408,1696072316.4992938
2,49536,1696072316.5163732
2,49664,1696072316.535063
2,49792,1696072316.5544653
2,49920,1696072316.574458
2,50000,1696072316.5946405
3,128,1696072316.9977357
3,256,1696072317.0173125
3,384,1696072317.0387094
3,512,1696072317.0538754
3,640,1696072317.0778797
3,768,1696072317.099829
3,896,1696072317.1237347
3,1024,1696072317.1453028
3,1152,1696072317.170531
3,1280,1696072317.1943197
3,1408,1696072317.2158892
3,1536,1696072317.2383611
3,1664,1696072317.2588665
3,1792,1696072317.280532
3,1920,1696072317.306219
3,2048,1696072317.325711
3,2176,1696072317.3465586
3,2304,1696072317.369983
3,2432,1696072317.3906443
3,2560,1696072317.4139702
3,2688,1696072317.435477
3,2816,1696072317.4559247
3,2944,1696072317.4780936
3,3072,1696072317.4993966
3,3200,1696072317.5196278
3,3328,1696072317.5399992
3,3456,1696072317.562268
3,3584,1696072317.582803
3,3712,1696072317.606734
3,3840,1696072317.627935
3,3968,1696072317.6504502
3,4096,1696072317.6716201
3,4224,1696072317.6937845
3,4352,1696072317.7140524
3,4480,1696072317.7336342
3,4608,1696072317.759756
3,4736,1696072317.7819362
3,4864,1696072317.8069775
3,4992,1696072317.8305016
3,5120,1696072317.8548687
3,5248,1696072317.8782773
3,5376,1696072317.9012551
3,5504,1696072317.9258468
3,5632,1696072317.9523528
3,5760,1696072317.974645
3,5888,1696072317.9961927
3,6016,1696072318.0196729
3,6144,1696072318.0414329
3,6272,1696072318.0587714
3,6400,1696072318.082611
3,6528,1696072318.1063817
3,6656,1696072318.131196
3,6784,1696072318.1546757
3,6912,1696072318.1770916
3,7040,1696072318.2022398
3,7168,1696072318.2253048
3,7296,1696072318.249657
3,7424,1696072318.2764206
3,7552,1696072318.2981899
3,7680,1696072318.3226962
3,7808,1696072318.3464034
3,7936,1696072318.3685606
3,8064,1696072318.39559
3,8192,1696072318.417362
3,8320,1696072318.439122
3,8448,1696072318.4592633
3,8576,1696072318.4838767
3,8704,1696072318.5017297
3,8832,1696072318.5289836
3,8960,1696072318.5533109
3,9088,1696072318.5747674
3,9216,1696072318.6008615
3,9344,1696072318.6246018
3,9472,1696072318.646675
3,9600,1696072318.673353
3,9728,1696072318.6954603
3,9856,1696072318.717814
3,9984,1696072318.736239
3,10112,1696072318.7548482
3,10240,1696072318.7773707
3,10368,1696072318.7976942
3,10496,1696072318.817239
3,10624,1696072318.8458502
3,10752,1696072318.8705697
3,10880,1696072318.8882532
3,11008,1696072318.9094799
3,11136,1696072318.9339035
3,11264,1696072318.9569807
3,11392,1696072318.979137
3,11520,1696072318.9998739
3,11648,1696072319.023316
3,11776,1696072319.0438309
3,11904,1696072319.0671484
3,12032,1696072319.0884488
3,12160,1696072319.1087499
3,12288,1696072319.128542
3,12416,1696072319.1507368
3,12544,1696072319.1726
3,12672,1696072319.1945736
3,12800,1696072319.2139332
3,12928,1696072319.2388175
3,13056,1696072319.261937
3,13184,1696072319.2825944
3,13312,1696072319.3017771
3,13440,1696072319.3272789
3,13568,1696072319.350232
3,13696,1696072319.3760087
3,13824,1696072319.3998263
3,13952,1696072319.4214785
3,14080,1696072319.4511344
3,14208,1696072319.4740508
3,14336,1696072319.49449
3,14464,1696072319.517142
3,14592,1696072319.5390928
3,14720,1696072319.5614915
3,14848,1696072319.5816274
3,14976,1696072319.6004272
3,15104,1696072319.6190596
3,15232,1696072319.642873
3,15360,1696072319.66238
3,15488,1696072319.6850095
3,15616,1696072319.7073457
3,15744,1696072319.7291055
3,15872,1696072319.7525723
3,16000,1696072319.771262
3,16128,1696072319.7954273
3,16256,1696072319.8146873
3,16384,1696072319.83594
3,16512,1696072319.8581443
3,16640,1696072319.8806098
3,16768,1696072319.9029121
3,16896,1696072319.9219034
3,17024,1696072319.9476733
3,17152,1696072319.9728703
3,17280,1696072320.0035648
3,17408,1696072320.0255523
3,17536,1696072320.046818
3,17664,1696072320.0672905
3,17792,1696072320.0909655
3,17920,1696072320.1106718
3,18048,1696072320.1297772
3,18176,1696072320.153801
3,18304,1696072320.1791983
3,18432,1696072320.1991134
3,18560,1696072320.2210631
3,18688,1696072320.2427933
3,18816,1696072320.262828
3,18944,1696072320.2870736
3,19072,1696072320.3101397
3,19200,1696072320.3357704
3,19328,1696072320.3575382
3,19456,1696072320.3793182
3,19584,1696072320.3994923
3,19712,1696072320.4231665
3,19840,1696072320.4443
3,19968,1696072320.467173
3,20096,1696072320.4881015
3,20224,1696072320.5094013
3,20352,1696072320.5319843
3,20480,1696072320.5550208
3,20608,1696072320.575238
3,20736,1696072320.5980186
3,20864,1696072320.6190357
3,20992,1696072320.6455538
3,21120,1696072320.6686058
3,21248,1696072320.6857905
3,21376,1696072320.7076066
3,21504,1696072320.726991
3,21632,1696072320.746443
3,21760,1696072320.7650282
3,21888,1696072320.784578
3,22016,1696072320.8077648
3,22144,1696072320.8271594
3,22272,1696072320.847863
3,22400,1696072320.8669035
3,22528,1696072320.8867843
3,22656,1696072320.9108324
3,22784,1696072320.9322062
3,22912,1696072320.9548721
3,23040,1696072320.9762068
3,23168,1696072320.999071
3,23296,1696072321.019349
3,23424,1696072321.039695
3,23552,1696072321.0588367
3,23680,1696072321.0788796
3,23808,1696072321.098915
3,23936,1696072321.1193488
3,24064,1696072321.1388347
3,24192,1696072321.1586082
3,24320,1696072321.1792364
3,24448,1696072321.2001154
3,24576,1696072321.2200358
3,24704,1696072321.2389514
3,24832,1696072321.2585475
3,24960,1696072321.2790236
3,25088,1696072321.298664
3,25216,1696072321.3193736
3,25344,1696072321.3390992
3,25472,1696072321.3587954
3,25600,1696072321.37882
3,25728,1696072321.4002125
3,25856,1696072321.4232228
3,25984,1696072321.4440043
3,26112,1696072321.4670846
3,26240,1696072321.4880736
3,26368,1696072321.5109105
3,26496,1696072321.5319736
3,26624,1696072321.555328
3,26752,1696072321.5755024
3,26880,1696072321.5979757
3,27008,1696072321.620377
3,27136,1696072321.6432679
3,27264,1696072321.6635597
3,27392,1696072321.6858408
3,27520,1696072321.7080767
3,27648,1696072321.7309215
3,27776,1696072321.7511137
3,27904,1696072321.76799
3,28032,1696072321.7870998
3,28160,1696072321.8066127
3,28288,1696072321.826684
3,28416,1696072321.8472028
3,28544,1696072321.866891
3,28672,1696072321.886628
3,28800,1696072321.9066284
3,28928,1696072321.927149
3,29056,1696072321.9478154
3,29184,1696072321.9672184
3,29312,1696072321.9868128
3,29440,1696072322.0070643
3,29568,1696072322.0270424
3,29696,1696072322.046661
3,29824,1696072322.067463
3,29952,1696072322.0871606
3,30080,1696072322.106637
3,30208,1696072322.1272674
3,30336,1696072322.1470718
3,30464,1696072322.1665738
3,30592,1696072322.1863265
3,30720,1696072322.2068343
3,30848,1696072322.2267625
3,30976,1696072322.2473161
3,31104,1696072322.267284
3,31232,1696072322.286714
3,31360,1696072322.30688
3,31488,1696072322.3273263
3,31616,1696072322.346971
3,31744,1696072322.3665993
3,31872,1696072322.38662
3,32000,1696072322.407212
3,32128,1696072322.4269414
3,32256,1696072322.446683
3,32384,1696072322.4672363
3,32512,1696072322.4871612
3,32640,1696072322.5065794
3,32768,1696072322.5268893
3,32896,1696072322.5470872
3,33024,1696072322.5671713
3,33152,1696072322.586551
3,33280,1696072322.606477
3,33408,1696072322.626887
3,33536,1696072322.647121
3,33664,1696072322.6686647
3,33792,1696072322.6865869
3,33920,1696072322.7050583
3,34048,1696072322.7241142
3,34176,1696072322.7454844
3,34304,1696072322.7665424
3,34432,1696072322.782348
3,34560,1696072322.8062582
3,34688,1696072322.8221104
3,34816,1696072322.8458676
3,34944,1696072322.8716488
3,35072,1696072322.8940604
3,35200,1696072322.9147806
3,35328,1696072322.9408786
3,35456,1696072322.961382
3,35584,1696072322.9827943
3,35712,1696072323.0030684
3,35840,1696072323.0273829
3,35968,1696072323.0478806
3,36096,1696072323.0695307
3,36224,1696072323.0920584
3,36352,1696072323.1150768
3,36480,1696072323.1358762
3,36608,1696072323.1632533
3,36736,1696072323.1860938
3,36864,1696072323.201944
3,36992,1696072323.2259474
3,37120,1696072323.2490768
3,37248,1696072323.2708728
3,37376,1696072323.290728
3,37504,1696072323.3174548
3,37632,1696072323.3378823
3,37760,1696072323.3590934
3,37888,1696072323.3855824
3,38016,1696072323.405309
3,38144,1696072323.426632
3,38272,1696072323.4477363
3,38400,1696072323.470826
3,38528,1696072323.4948206
3,38656,1696072323.515622
3,38784,1696072323.5390615
3,38912,1696072323.560234
3,39040,1696072323.5830717
3,39168,1696072323.6032333
3,39296,1696072323.6269379
3,39424,1696072323.6483884
3,39552,1696072323.6710644
3,39680,1696072323.6914432
3,39808,1696072323.7151961
3,39936,1696072323.7359943
3,40064,1696072323.7592924
3,40192,1696072323.7808444
3,40320,1696072323.8029966
3,40448,1696072323.8263876
3,40576,1696072323.8422453
3,40704,1696072323.8655453
3,40832,1696072323.889406
3,40960,1696072323.9108844
3,41088,1696072323.9311106
3,41216,1696072323.9503136
3,41344,1696072323.9769912
3,41472,1696072323.9977658
3,41600,1696072324.018521
3,41728,1696072324.0396051
3,41856,1696072324.0594807
3,41984,1696072324.0849278
3,42112,1696072324.1070473
3,42240,1696072324.1292489
3,42368,1696072324.1510327
3,42496,1696072324.1713943
3,42624,1696072324.1945436
3,42752,1696072324.2179744
3,42880,1696072324.24149
3,43008,1696072324.2627976
3,43136,1696072324.2831228
3,43264,1696072324.3108299
3,43392,1696072324.3338773
3,43520,1696072324.3561368
3,43648,1696072324.3790865
3,43776,1696072324.3993988
3,43904,1696072324.423222
3,44032,1696072324.444382
3,44160,1696072324.4660342
3,44288,1696072324.4888628
3,44416,1696072324.5109494
3,44544,1696072324.5313942
3,44672,1696072324.5553908
3,44800,1696072324.5759957
3,44928,1696072324.5992694
3,45056,1696072324.620308
3,45184,1696072324.642837
3,45312,1696072324.6639714
3,45440,1696072324.687206
3,45568,1696072324.7074485
3,45696,1696072324.731284
3,45824,1696072324.752006
3,45952,1696072324.775028
3,46080,1696072324.7952201
3,46208,1696072324.8188694
3,46336,1696072324.8428102
3,46464,1696072324.8665648
3,46592,1696072324.8884037
3,46720,1696072324.9111075
3,46848,1696072324.9317522
3,46976,1696072324.9591658
3,47104,1696072324.9856765
3,47232,1696072325.0059407
3,47360,1696072325.0264573
3,47488,1696072325.0476868
3,47616,1696072325.0689569
3,47744,1696072325.087638
3,47872,1696072325.106825
3,48000,1696072325.1271381
3,48128,1696072325.1467364
3,48256,1696072325.1667278
3,48384,1696072325.1865678
3,48512,1696072325.2071092
3,48640,1696072325.226663
3,48768,1696072325.246947
3,48896,1696072325.2666082
3,49024,1696072325.2896361
3,49152,1696072325.316686
3,49280,1696072325.3340435
3,49408,1696072325.3585808
3,49536,1696072325.3740883
3,49664,1696072325.398355
3,49792,1696072325.414031
3,49920,1696072325.4385471
3,50000,1696072325.4605658
4,128,1696072325.8881981
4,256,1696072325.9125984
4,384,1696072325.9349732
4,512,1696072325.9550722
4,640,1696072325.9791684
4,768,1696072325.9994793
4,896,1696072326.0274324
4,1024,1696072326.0497377
4,1152,1696072326.066111
4,1280,1696072326.0896623
4,1408,1696072326.106665
4,1536,1696072326.1302574
4,1664,1696072326.1520317
4,1792,1696072326.1769161
4,1920,1696072326.200043
4,2048,1696072326.2223163
4,2176,1696072326.241291
4,2304,1696072326.2584224
4,2432,1696072326.279333
4,2560,1696072326.2974775
4,2688,1696072326.3164043
4,2816,1696072326.3352015
4,2944,1696072326.3529046
4,3072,1696072326.371076
4,3200,1696072326.3892562
4,3328,1696072326.4079418
4,3456,1696072326.4257307
4,3584,1696072326.4447043
4,3712,1696072326.4630218
4,3840,1696072326.4810174
4,3968,1696072326.4997616
4,4096,1696072326.5176544
4,4224,1696072326.5366106
4,4352,1696072326.5623143
4,4480,1696072326.5822663
4,4608,1696072326.6066964
4,4736,1696072326.6268656
4,4864,1696072326.6476738
4,4992,1696072326.6674755
4,5120,1696072326.6870816
4,5248,1696072326.706754
4,5376,1696072326.7272348
4,5504,1696072326.7485168
4,5632,1696072326.767301
4,5760,1696072326.7866027
4,5888,1696072326.8065238
4,6016,1696072326.8268282
4,6144,1696072326.8471189
4,6272,1696072326.8675244
4,6400,1696072326.887159
4,6528,1696072326.9069355
4,6656,1696072326.927176
4,6784,1696072326.9477406
4,6912,1696072326.9675512
4,7040,1696072326.9870589
4,7168,1696072327.0066972
4,7296,1696072327.0270905
4,7424,1696072327.048275
4,7552,1696072327.067821
4,7680,1696072327.0870135
4,7808,1696072327.1070013
4,7936,1696072327.127013
4,8064,1696072327.1455219
4,8192,1696072327.1713035
4,8320,1696072327.1923816
4,8448,1696072327.210337
4,8576,1696072327.231696
4,8704,1696072327.2556386
4,8832,1696072327.2758133
4,8960,1696072327.2951384
4,9088,1696072327.3148692
4,9216,1696072327.334883
4,9344,1696072327.3549314
4,9472,1696072327.375019
4,9600,1696072327.3949645
4,9728,1696072327.4150677
4,9856,1696072327.4349048
4,9984,1696072327.4549117
4,10112,1696072327.475272
4,10240,1696072327.4947758
4,10368,1696072327.5149963
4,10496,1696072327.5352495
4,10624,1696072327.5550892
4,10752,1696072327.5747159
4,10880,1696072327.594723
4,11008,1696072327.6146367
4,11136,1696072327.635172
4,11264,1696072327.654728
4,11392,1696072327.6750948
4,11520,1696072327.6948035
4,11648,1696072327.7126834
4,11776,1696072327.7312057
4,11904,1696072327.7550561
4,12032,1696072327.7759404
4,12160,1696072327.799062
4,12288,1696072327.822792
4,12416,1696072327.8456788
4,12544,1696072327.8699055
4,12672,1696072327.88606
4,12800,1696072327.908051
4,12928,1696072327.9302268
4,13056,1696072327.95046
4,13184,1696072327.9775827
4,13312,1696072327.9974806
4,13440,1696072328.0185897
4,13568,1696072328.0388029
4,13696,1696072328.065534
4,13824,1696072328.0841923
4,13952,1696072328.1107745
4,14080,1696072328.1327014
4,14208,1696072328.1578288
4,14336,1696072328.1812854
4,14464,1696072328.2029629
4,14592,1696072328.2239623
4,14720,1696072328.247047
4,14848,1696072328.269482
4,14976,1696072328.2862587
4,15104,1696072328.3102927
4,15232,1696072328.3329318
4,15360,1696072328.3538265
4,15488,1696072328.3789997
4,15616,1696072328.4019756
4,15744,1696072328.4178789
4,15872,1696072328.4398932
4,16000,1696072328.4655595
4,16128,1696072328.4882588
4,16256,1696072328.5098338
4,16384,1696072328.5305972
4,16512,1696072328.5505917
4,16640,1696072328.577412
4,16768,1696072328.5980673
4,16896,1696072328.618403
4,17024,1696072328.6349623
4,17152,1696072328.6573534
4,17280,1696072328.6739466
4,17408,1696072328.6956258
4,17536,1696072328.719071
4,17664,1696072328.7396348
4,17792,1696072328.7654083
4,17920,1696072328.788325
4,18048,1696072328.8097844
4,18176,1696072328.8324301
4,18304,1696072328.8549645
4,18432,1696072328.8753524
4,18560,1696072328.8990836
4,18688,1696072328.9211164
4,18816,1696072328.9429128
4,18944,1696072328.9632945
4,19072,1696072328.9849503
4,19200,1696072329.0037978
4,19328,1696072329.0228403
4,19456,1696072329.040646
4,19584,1696072329.0596373
4,19712,1696072329.0785975
4,19840,1696072329.098576
4,19968,1696072329.1187387
4,20096,1696072329.1390862
4,20224,1696072329.1589308
4,20352,1696072329.1786115
4,20480,1696072329.1986198
4,20608,1696072329.2190628
4,20736,1696072329.238683
4,20864,1696072329.2585247
4,20992,1696072329.278482
4,21120,1696072329.300269
4,21248,1696072329.3197117
4,21376,1696072329.3387024
4,21504,1696072329.3587258
4,21632,1696072329.379176
4,21760,1696072329.398997
4,21888,1696072329.4189863
4,22016,1696072329.438855
4,22144,1696072329.458588
4,22272,1696072329.4787846
4,22400,1696072329.4992604
4,22528,1696072329.5188968
4,22656,1696072329.5389326
4,22784,1696072329.5592618
4,22912,1696072329.5791054
4,23040,1696072329.598672
4,23168,1696072329.6186433
4,23296,1696072329.6389496
4,23424,1696072329.658804
4,23552,1696072329.6787326
4,23680,1696072329.699223
4,23808,1696072329.719216
4,23936,1696072329.7389503
4,24064,1696072329.758779
4,24192,1696072329.779178
4,24320,1696072329.798914
4,24448,1696072329.8187997
4,24576,1696072329.8430943
4,24704,1696072329.8642128
4,24832,1696072329.8822203
4,24960,1696072329.909431
4,25088,1696072329.932978
4,25216,1696072329.9551535
4,25344,1696072329.975299
4,25472,1696072330.000356
4,25600,1696072330.0238807
4,25728,1696072330.0469835
4,25856,1696072330.067967
4,25984,1696072330.0912373
4,26112,1696072330.1115327
4,26240,1696072330.1350782
4,26368,1696072330.1559114
4,26496,1696072330.179123
4,26624,1696072330.199949
4,26752,1696072330.2230654
4,26880,1696072330.2431328
4,27008,1696072330.2660065
4,27136,1696072330.288312
4,27264,1696072330.3109758
4,27392,1696072330.3312864
4,27520,1696072330.3577876
4,27648,1696072330.3802576
4,27776,1696072330.4017808
4,27904,1696072330.417695
4,28032,1696072330.4419503
4,28160,1696072330.4672039
4,28288,1696072330.4897969
4,28416,1696072330.5124042
4,28544,1696072330.5347476
4,28672,1696072330.555219
4,28800,1696072330.5717611
4,28928,1696072330.5912826
4,29056,1696072330.6102142
4,29184,1696072330.6297748
4,29312,1696072330.6476243
4,29440,1696072330.6709983
4,29568,1696072330.6876345
4,29696,1696072330.7092395
4,29824,1696072330.7307305
4,29952,1696072330.750389
4,30080,1696072330.7706947
4,30208,1696072330.7964866
4,30336,1696072330.8142674
4,30464,1696072330.836589
4,30592,1696072330.858913
4,30720,1696072330.874874
4,30848,1696072330.8976202
4,30976,1696072330.9214945
4,31104,1696072330.9463124
4,31232,1696072330.9695587
4,31360,1696072330.9944615
4,31488,1696072331.0169601
4,31616,1696072331.0421946
4,31744,1696072331.0623195
4,31872,1696072331.0849738
4,32000,1696072331.103367
4,32128,1696072331.122947
4,32256,1696072331.1429691
4,32384,1696072331.163152
4,32512,1696072331.182772
4,32640,1696072331.2029104
4,32768,1696072331.222991
4,32896,1696072331.2429426
4,33024,1696072331.2628238
4,33152,1696072331.2826297
4,33280,1696072331.3032465
4,33408,1696072331.3230155
4,33536,1696072331.342543
4,33664,1696072331.3624058
4,33792,1696072331.3830302
4,33920,1696072331.4031713
4,34048,1696072331.422718
4,34176,1696072331.442604
4,34304,1696072331.46251
4,34432,1696072331.4830873
4,34560,1696072331.5028462
4,34688,1696072331.5228817
4,34816,1696072331.5430954
4,34944,1696072331.562889
4,35072,1696072331.5829873
4,35200,1696072331.603071
4,35328,1696072331.622884
4,35456,1696072331.6428213
4,35584,1696072331.6631367
4,35712,1696072331.6827705
4,35840,1696072331.7029321
4,35968,1696072331.722951
4,36096,1696072331.7427738
4,36224,1696072331.7628644
4,36352,1696072331.7832935
4,36480,1696072331.8030934
4,36608,1696072331.822742
4,36736,1696072331.8427455
4,36864,1696072331.8631046
4,36992,1696072331.8829446
4,37120,1696072331.9026682
4,37248,1696072331.9227693
4,37376,1696072331.9431794
4,37504,1696072331.962982
4,37632,1696072331.9817696
4,37760,1696072332.007015
4,37888,1696072332.0232573
4,38016,1696072332.044984
4,38144,1696072332.0667136
4,38272,1696072332.0872118
4,38400,1696072332.1110194
4,38528,1696072332.132523
4,38656,1696072332.1526525
4,38784,1696072332.1728785
4,38912,1696072332.1951108
4,39040,1696072332.2152643
4,39168,1696072332.234304
4,39296,1696072332.2611353
4,39424,1696072332.278021
4,39552,1696072332.302286
4,39680,1696072332.324644
4,39808,1696072332.346853
4,39936,1696072332.3669999
4,40064,1696072332.3920348
4,40192,1696072332.416515
4,40320,1696072332.439003
4,40448,1696072332.459371
4,40576,1696072332.483135
4,40704,1696072332.5043693
4,40832,1696072332.5269492
4,40960,1696072332.5426097
4,41088,1696072332.5640903
4,41216,1696072332.5861168
4,41344,1696072332.6069765
4,41472,1696072332.6308975
4,41600,1696072332.650751
4,41728,1696072332.673351
4,41856,1696072332.6977265
4,41984,1696072332.7190971
4,42112,1696072332.7393475
4,42240,1696072332.764167
4,42368,1696072332.7884724
4,42496,1696072332.8109465
4,42624,1696072332.831973
4,42752,1696072332.8534813
4,42880,1696072332.872613
4,43008,1696072332.8910763
4,43136,1696072332.9111006
4,43264,1696072332.9309826
4,43392,1696072332.9500127
4,43520,1696072332.975035
4,43648,1696072332.9991138
4,43776,1696072333.0221026
4,43904,1696072333.0377908
4,44032,1696072333.0602167
4,44160,1696072333.0828943
4,44288,1696072333.104042
4,44416,1696072333.1271002
4,44544,1696072333.1472962
4,44672,1696072333.172284
4,44800,1696072333.1936886
4,44928,1696072333.214644
4,45056,1696072333.2354727
4,45184,1696072333.2632937
4,45312,1696072333.2859354
4,45440,1696072333.301861
4,45568,1696072333.3266187
4,45696,1696072333.3474844
4,45824,1696072333.3750205
4,45952,1696072333.3979158
4,46080,1696072333.4188585
4,46208,1696072333.4396896
4,46336,1696072333.467233
4,46464,1696072333.4897046
4,46592,1696072333.5106359
4,46720,1696072333.5315516
4,46848,1696072333.5525064
4,46976,1696072333.5731108
4,47104,1696072333.594973
4,47232,1696072333.6158423
4,47360,1696072333.638699
4,47488,1696072333.6624358
4,47616,1696072333.678423
4,47744,1696072333.7001088
4,47872,1696072333.7231781
4,48000,1696072333.74436
4,48128,1696072333.7673323
4,48256,1696072333.7875917
4,48384,1696072333.810854
4,48512,1696072333.831105
4,48640,1696072333.8574793
4,48768,1696072333.880514
4,48896,1696072333.8984392
4,49024,1696072333.9172244
4,49152,1696072333.9352005
4,49280,1696072333.9547675
4,49408,1696072333.9735906
4,49536,1696072333.9916039
4,49664,1696072334.0108092
4,49792,1696072334.0350945
4,49920,1696072334.0548582
4,50000,1696072334.0747743
5,128,1696072334.5031466
5,256,1696072334.520389
5,384,1696072334.5377364
5,512,1696072334.5553443
5,640,1696072334.575532
5,768,1696072334.5989532
5,896,1696072334.6193478
5,1024,1696072334.6451702
5,1152,1696072334.6643434
5,1280,1696072334.682894
5,1408,1696072334.706351
5,1536,1696072334.725687
5,1664,1696072334.7474954
5,1792,1696072334.7705238
5,1920,1696072334.792255
5,2048,1696072334.8138514
5,2176,1696072334.8297882
5,2304,1696072334.8502293
5,2432,1696072334.8683484
5,2560,1696072334.8886135
5,2688,1696072334.9130478
5,2816,1696072334.934862
5,2944,1696072334.9531162
5,3072,1696072334.9720013
5,3200,1696072334.994737
5,3328,1696072335.0144336
5,3456,1696072335.0336199
5,3584,1696072335.0587149
5,3712,1696072335.081886
5,3840,1696072335.1025133
5,3968,1696072335.121755
5,4096,1696072335.1456268
5,4224,1696072335.1663804
5,4352,1696072335.193141
5,4480,1696072335.213976
5,4608,1696072335.2345848
5,4736,1696072335.2546644
5,4864,1696072335.2815385
5,4992,1696072335.3012674
5,5120,1696072335.3257747
5,5248,1696072335.3493228
5,5376,1696072335.3689482
5,5504,1696072335.3871067
5,5632,1696072335.4088192
5,5760,1696072335.4300973
5,5888,1696072335.4536211
5,6016,1696072335.4734988
5,6144,1696072335.4921854
5,6272,1696072335.5109515
5,6400,1696072335.5348613
5,6528,1696072335.5547965
5,6656,1696072335.5746202
5,6784,1696072335.597444
5,6912,1696072335.621152
5,7040,1696072335.6450806
5,7168,1696072335.6666608
5,7296,1696072335.687042
5,7424,1696072335.7132585
5,7552,1696072335.7350295
5,7680,1696072335.7593682
5,7808,1696072335.7803888
5,7936,1696072335.8026888
5,8064,1696072335.8245137
5,8192,1696072335.846944
5,8320,1696072335.8679116
5,8448,1696072335.894653
5,8576,1696072335.91803
5,8704,1696072335.9335186
5,8832,1696072335.9563391
5,8960,1696072335.9749045
5,9088,1696072335.9933484
5,9216,1696072336.0095723
5,9344,1696072336.0286164
5,9472,1696072336.0490334
5,9600,1696072336.0689847
5,9728,1696072336.0841932
5,9856,1696072336.1032202
5,9984,1696072336.1280456
5,10112,1696072336.146708
5,10240,1696072336.1618345
5,10368,1696072336.1848748
5,10496,1696072336.2058282
5,10624,1696072336.2254562
5,10752,1696072336.241141
5,10880,1696072336.264871
5,11008,1696072336.2850535
5,11136,1696072336.3007765
5,11264,1696072336.315609
5,11392,1696072336.3314884
5,11520,1696072336.3473248
5,11648,1696072336.3621557
5,11776,1696072336.378023
5,11904,1696072336.3929863
5,12032,1696072336.4085166
5,12160,1696072336.4275165
5,12288,1696072336.4420419
5,12416,1696072336.4578955
5,12544,1696072336.4727976
5,12672,1696072336.4875512
5,12800,1696072336.5028243
5,12928,1696072336.5176034
5,13056,1696072336.533849
5,13184,1696072336.548051
5,13312,1696072336.5626793
5,13440,1696072336.5778515
5,13568,1696072336.5930748
5,13696,1696072336.609235
5,13824,1696072336.6231577
5,13952,1696072336.6383288
5,14080,1696072336.653537
5,14208,1696072336.6689155
5,14336,1696072336.684392
5,14464,1696072336.6995173
5,14592,1696072336.7153566
5,14720,1696072336.7306547
5,14848,1696072336.7458532
5,14976,1696072336.761091
5,15104,1696072336.7772605
5,15232,1696072336.7913246
5,15360,1696072336.8063407
5,15488,1696072336.8209958
5,15616,1696072336.8355634
5,15744,1696072336.8509755
5,15872,1696072336.8656569
5,16000,1696072336.8815477
5,16128,1696072336.8955696
5,16256,1696072336.9106188
5,16384,1696072336.9256282
5,16512,1696072336.940913
5,16640,1696072336.955864
5,16768,1696072336.9715781
5,16896,1696072336.9873068
5,17024,1696072337.0032349
5,17152,1696072337.0185137
5,17280,1696072337.0334656
5,17408,1696072337.049499
5,17536,1696072337.0635426
5,17664,1696072337.078621
5,17792,1696072337.0976837
5,17920,1696072337.1123567
5,18048,1696072337.1285348
5,18176,1696072337.1481185
5,18304,1696072337.1667905
5,18432,1696072337.1867154
5,18560,1696072337.2072484
5,18688,1696072337.227035
5,18816,1696072337.246677
5,18944,1696072337.2667568
5,19072,1696072337.28701
5,19200,1696072337.3069053
5,19328,1696072337.326863
5,19456,1696072337.346702
5,19584,1696072337.3665907
5,19712,1696072337.3866026
5,19840,1696072337.4068615
5,19968,1696072337.4266565
5,20096,1696072337.4465923
5,20224,1696072337.4665723
5,20352,1696072337.4866495
5,20480,1696072337.5066273
5,20608,1696072337.5267484
5,20736,1696072337.54738
5,20864,1696072337.5667992
5,20992,1696072337.5869198
5,21120,1696072337.6070833
5,21248,1696072337.6268451
5,21376,1696072337.6468143
5,21504,1696072337.6668336
5,21632,1696072337.6866755
5,21760,1696072337.7067676
5,21888,1696072337.726964
5,22016,1696072337.7468529
5,22144,1696072337.7667646
5,22272,1696072337.7870638
5,22400,1696072337.8067644
5,22528,1696072337.8265872
5,22656,1696072337.8470116
5,22784,1696072337.8670604
5,22912,1696072337.886739
5,23040,1696072337.9066348
5,23168,1696072337.9265342
5,23296,1696072337.9465954
5,23424,1696072337.9670167
5,23552,1696072337.986615
5,23680,1696072338.0066078
5,23808,1696072338.0268195
5,23936,1696072338.0469522
5,24064,1696072338.066784
5,24192,1696072338.0868268
5,24320,1696072338.1067858
5,24448,1696072338.126725
5,24576,1696072338.1466475
5,24704,1696072338.170922
5,24832,1696072338.1922143
5,24960,1696072338.2147655
5,25088,1696072338.235395
5,25216,1696072338.2568426
5,25344,1696072338.2806253
5,25472,1696072338.3034167
5,25600,1696072338.3251877
5,25728,1696072338.3486514
5,25856,1696072338.3725946
5,25984,1696072338.39361
5,26112,1696072338.4178357
5,26240,1696072338.440893
5,26368,1696072338.461601
5,26496,1696072338.4850228
5,26624,1696072338.50905
5,26752,1696072338.5334232
5,26880,1696072338.5560305
5,27008,1696072338.5765455
5,27136,1696072338.6024365
5,27264,1696072338.6245105
5,27392,1696072338.6490564
5,27520,1696072338.6699197
5,27648,1696072338.6939592
5,27776,1696072338.7170038
5,27904,1696072338.7373543
5,28032,1696072338.7562184
5,28160,1696072338.7760994
5,28288,1696072338.7963881
5,28416,1696072338.81564
5,28544,1696072338.834666
5,28672,1696072338.854466
5,28800,1696072338.875265
5,28928,1696072338.8949714
5,29056,1696072338.9148612
5,29184,1696072338.934743
5,29312,1696072338.9553978
5,29440,1696072338.9752796
5,29568,1696072338.9948003
5,29696,1696072339.0148516
5,29824,1696072339.0349302
5,29952,1696072339.055586
5,30080,1696072339.0752673
5,30208,1696072339.0949726
5,30336,1696072339.11475
5,30464,1696072339.1348796
5,30592,1696072339.1548219
5,30720,1696072339.17474
5,30848,1696072339.1945126
5,30976,1696072339.2146432
5,31104,1696072339.2345195
5,31232,1696072339.2527258
5,31360,1696072339.272308
5,31488,1696072339.2914371
5,31616,1696072339.3109376
5,31744,1696072339.330627
5,31872,1696072339.3504956
5,32000,1696072339.370881
5,32128,1696072339.3909817
5,32256,1696072339.4106166
5,32384,1696072339.4318604
5,32512,1696072339.4513485
5,32640,1696072339.4707942
5,32768,1696072339.4905958
5,32896,1696072339.5106394
5,33024,1696072339.530943
5,33152,1696072339.5508244
5,33280,1696072339.5706408
5,33408,1696072339.5904899
5,33536,1696072339.6110508
5,33664,1696072339.631412
5,33792,1696072339.6510806
5,33920,1696072339.6712942
5,34048,1696072339.6908917
5,34176,1696072339.7107272
5,34304,1696072339.7308877
5,34432,1696072339.7511482
5,34560,1696072339.770961
5,34688,1696072339.7924638
5,34816,1696072339.811081
5,34944,1696072339.8279328
5,35072,1696072339.8455594
5,35200,1696072339.8631241
5,35328,1696072339.8825855
5,35456,1696072339.9008057
5,35584,1696072339.918912
5,35712,1696072339.9386978
5,35840,1696072339.9586298
5,35968,1696072339.9765828
5,36096,1696072339.995176
5,36224,1696072340.0147765
5,36352,1696072340.0347888
5,36480,1696072340.054803
5,36608,1696072340.0747747
5,36736,1696072340.0948377
5,36864,1696072340.1149242
5,36992,1696072340.135218
5,37120,1696072340.1550782
5,37248,1696072340.1747334
5,37376,1696072340.1948044
5,37504,1696072340.2150402
5,37632,1696072340.2352293
5,37760,1696072340.2548788
5,37888,1696072340.275757
5,38016,1696072340.2951899
5,38144,1696072340.3137321
5,38272,1696072340.3396056
5,38400,1696072340.3611596
5,38528,1696072340.3865392
5,38656,1696072340.4092948
5,38784,1696072340.4323502
5,38912,1696072340.4530132
5,39040,1696072340.4762928
5,39168,1696072340.4949815
5,39296,1696072340.5147192
5,39424,1696072340.5351784
5,39552,1696072340.5548642
5,39680,1696072340.574707
5,39808,1696072340.5947187
5,39936,1696072340.6145153
5,40064,1696072340.632667
5,40192,1696072340.6509473
5,40320,1696072340.6707659
5,40448,1696072340.6905334
5,40576,1696072340.7108648
5,40704,1696072340.7313116
5,40832,1696072340.751074
5,40960,1696072340.770883
5,41088,1696072340.7913153
5,41216,1696072340.8149147
5,41344,1696072340.83593
5,41472,1696072340.857285
5,41600,1696072340.8735962
5,41728,1696072340.8987865
5,41856,1696072340.9206831
5,41984,1696072340.9416392
5,42112,1696072340.9670553
5,42240,1696072340.9864542
5,42368,1696072341.0042343
5,42496,1696072341.02232
5,42624,1696072341.0430765
5,42752,1696072341.0628307
5,42880,1696072341.0828044
5,43008,1696072341.1033566
5,43136,1696072341.1201048
5,43264,1696072341.1377861
5,43392,1696072341.1556792
5,43520,1696072341.1748476
5,43648,1696072341.1963506
5,43776,1696072341.2172537
5,43904,1696072341.2390697
5,44032,1696072341.2597442
5,44160,1696072341.2812924
5,44288,1696072341.3061578
5,44416,1696072341.3291557
5,44544,1696072341.3498194
5,44672,1696072341.3732862
5,44800,1696072341.3972352
5,44928,1696072341.4217725
5,45056,1696072341.4438949
5,45184,1696072341.4653225
5,45312,1696072341.4913056
5,45440,1696072341.512181
5,45568,1696072341.5387769
5,45696,1696072341.561246
5,45824,1696072341.5845606
5,45952,1696072341.6057298
5,46080,1696072341.6310747
5,46208,1696072341.6561182
5,46336,1696072341.680404
5,46464,1696072341.7030199
5,46592,1696072341.723254
5,46720,1696072341.7446222
5,46848,1696072341.7670417
5,46976,1696072341.790584
5,47104,1696072341.8129861
5,47232,1696072341.8349345
5,47360,1696072341.8585527
5,47488,1696072341.8750472
5,47616,1696072341.8970335
5,47744,1696072341.918862
5,47872,1696072341.9389415
5,48000,1696072341.9654818
5,48128,1696072341.985095
5,48256,1696072342.0101254
5,48384,1696072342.0328743
5,48512,1696072342.054858
5,48640,1696072342.0706408
5,48768,1696072342.09289
5,48896,1696072342.114947
5,49024,1696072342.1341944
5,49152,1696072342.1594114
5,49280,1696072342.181405
5,49408,1696072342.2034833
5,49536,1696072342.2295477
5,49664,1696072342.2479765
5,49792,1696072342.2752328
5,49920,1696072342.297193
5,50000,1696072342.320906
6,128,1696072342.6874914
6,256,1696072342.7081003
6,384,1696072342.7304993
6,512,1696072342.7499259
6,640,1696072342.7750583
6,768,1696072342.7988954
6,896,1696072342.821328
6,1024,1696072342.8420668
6,1152,1696072342.8633275
6,1280,1696072342.8845072
6,1408,1696072342.9059935
6,1536,1696072342.9292505
6,1664,1696072342.9574754
6,1792,1696072342.9779696
6,1920,1696072342.9981709
6,2048,1696072343.0160923
6,2176,1696072343.0386746
6,2304,1696072343.062346
6,2432,1696072343.086901
6,2560,1696072343.113578
6,2688,1696072343.1320446
6,2816,1696072343.157481
6,2944,1696072343.1792245
6,3072,1696072343.1978474
6,3200,1696072343.22583
6,3328,1696072343.2439296
6,3456,1696072343.2684171
6,3584,1696072343.291215
6,3712,1696072343.3161407
6,3840,1696072343.3355756
6,3968,1696072343.3557775
6,4096,1696072343.376383
6,4224,1696072343.3986626
6,4352,1696072343.42182
6,4480,1696072343.4469864
6,4608,1696072343.4686406
6,4736,1696072343.4938097
6,4864,1696072343.5147388
6,4992,1696072343.5414357
6,5120,1696072343.5635564
6,5248,1696072343.5828345
6,5376,1696072343.6008396
6,5504,1696072343.6244905
6,5632,1696072343.6443408
6,5760,1696072343.664287
6,5888,1696072343.685003
6,6016,1696072343.706608
6,6144,1696072343.7325232
6,6272,1696072343.7554405
6,6400,1696072343.7787578
6,6528,1696072343.8033054
6,6656,1696072343.8258984
6,6784,1696072343.849554
6,6912,1696072343.8696804
6,7040,1696072343.894266
6,7168,1696072343.9208107
6,7296,1696072343.9465194
6,7424,1696072343.9713597
6,7552,1696072343.9940922
6,7680,1696072344.0197992
6,7808,1696072344.0418172
6,7936,1696072344.0626795
6,8064,1696072344.0893593
6,8192,1696072344.1102173
6,8320,1696072344.1353765
6,8448,1696072344.1608522
6,8576,1696072344.1857615
6,8704,1696072344.2124252
6,8832,1696072344.232297
6,8960,1696072344.2527215
6,9088,1696072344.2750409
6,9216,1696072344.2990377
6,9344,1696072344.3210652
6,9472,1696072344.345387
6,9600,1696072344.3683016
6,9728,1696072344.3920782
6,9856,1696072344.4115443
6,9984,1696072344.4350855
6,10112,1696072344.4586096
6,10240,1696072344.4836223
6,10368,1696072344.5036952
6,10496,1696072344.53054
6,10624,1696072344.5547707
6,10752,1696072344.5769525
6,10880,1696072344.6046524
6,11008,1696072344.6244042
6,11136,1696072344.6449547
6,11264,1696072344.6669817
6,11392,1696072344.6909847
6,11520,1696072344.7119162
6,11648,1696072344.7387276
6,11776,1696072344.7624452
6,11904,1696072344.7875283
6,12032,1696072344.8097322
